0 0.45625 0.0921875 0.74765625 0.0203125
0 0.10390625 0.11875 0.046875 0.0109375
0 0.2296875 0.11875 0.15859375 0.0125
0 0.37734375 0.11875 0.1015625 0.0125
0 0.4890625 0.1203125 0.0984375 0.0109375
0 0.6046875 0.1203125 0.10859375 0.0109375
0 0.75859375 0.1203125 0.10859375 0.0125
0 0.68125 0.12109375 0.02109375 0.0109375
0 0.13046875 0.13359375 0.103125 0.0109375
0 0.23984375 0.13359375 0.0984375 0.01171875
0 0.34453125 0.13359375 0.0890625 0.01171875
0 0.56171875 0.1515625 0.26328125 0.0109375
0 0.2890625 0.1515625 0.19375 0.01328125
0 0.1265625 0.1515625 0.1015625 0.01171875
0 0.1078125 0.16953125 0.06015625 0.0125
0 0.38671875 0.16953125 0.08203125 0.0125
0 0.2421875 0.16953125 0.184375 0.0125
0 0.40078125 0.18671875 0.2453125 0.0125
0 0.1109375 0.18671875 0.06328125 0.0109375
0 0.1734375 0.18671875 0.0375 0.01171875
0 0.2328125 0.18671875 0.0546875 0.01171875
0 0.71328125 0.1953125 0.0859375 0.01484375
0 0.86796875 0.1953125 0.1828125 0.01484375
0 0.11484375 0.20625 0.096875 0.0109375
0 0.190625 0.20625 0.03515625 0.0125
0 0.1140625 0.22109375 0.0984375 0.01171875
0 0.33125 0.22109375 0.06171875 0.0109375
0 0.40078125 0.22109375 0.06171875 0.0109375
0 0.23359375 0.221875 0.11484375 0.01015625
0 0.525 0.221875 0.16171875 0.0125
0 0.23984375 0.25625 0.11796875 0.0125
0 0.39765625 0.25703125 0.17421875 0.01171875
0 0.1203125 0.25703125 0.1015625 0.01171875
0 0.0984375 0.29609375 0.01640625 0.0109375
0 0.22265625 0.29609375 0.17421875 0.0109375
0 0.525 0.29609375 0.16171875 0.01171875
0 0.6578125 0.29609375 0.0421875 0.0125
0 0.76875 0.29609375 0.15859375 0.0125
0 0.89765625 0.29609375 0.07890625 0.0125
0 0.49921875 0.31328125 0.11015625 0.01484375
0 0.771875 0.3140625 0.35546875 0.0140625
0 0.56171875 0.33125 0.228125 0.0140625
0 0.23671875 0.34921875 0.1953125 0.0109375
0 0.80859375 0.35078125 0.0953125 0.0109375
0 0.9234375 0.35078125 0.040625 0.0109375
0 0.21953125 0.36796875 0.17421875 0.0125
0 0.5546875 0.36796875 0.21484375 0.0125
0 0.09765625 0.36875 0.02109375 0.01171875
0 0.84375 0.3703125 0.0859375 0.0109375
0 0.7328125 0.3703125 0.11171875 0.0109375
0 0.9296875 0.37109375 0.06328125 0.01171875
0 0.503125 0.3859375 0.11796875 0.0125
0 0.81796875 0.40625 0.07265625 0.0125
0 0.9234375 0.40625 0.040625 0.0125
0 0.21953125 0.4078125 0.17734375 0.01484375
0 0.1875 0.4296875 0.08046875 0.01171875
0 0.30859375 0.4296875 0.1421875 0.01171875
0 0.42109375 0.4296875 0.06328125 0.01171875
0 0.09140625 0.4296875 0.08203125 0.01171875
0 0.509375 0.43046875 0.0890625 0.0125
0 0.80859375 0.43203125 0.0921875 0.01171875
0 0.46640625 0.45 0.140625 0.0125
0 0.81484375 0.4515625 0.07578125 0.0125
0 0.43671875 0.47578125 0.0890625 0.01171875
0 0.80859375 0.478125 0.0984375 0.0125
0 0.446875 0.4953125 0.1046875 0.01328125
0 0.53515625 0.49765625 0.05625 0.01484375
0 0.81796875 0.4984375 0.06953125 0.01171875
0 0.43203125 0.521875 0.07578125 0.0125
0 0.52109375 0.521875 0.08203125 0.01171875
0 0.80859375 0.52421875 0.0953125 0.01484375
0 0.43984375 0.55625 0.0921875 0.0125
0 0.80859375 0.559375 0.0953125 0.01171875
0 0.4625 0.5765625 0.1375 0.0125
0 0.81796875 0.57890625 0.07265625 0.0125
0 0.08515625 0.603125 0.06640625 0.01171875
0 0.20703125 0.60546875 0.1484375 0.01484375
0 0.846875 0.60625 0.1390625 0.0140625
0 0.521875 0.60703125 0.20390625 0.01484375
0 0.071875 0.6234375 0.040625 0.01171875
0 0.18046875 0.62421875 0.053125 0.01328125
0 0.12421875 0.625 0.02890625 0.0125
0 0.57734375 0.625 0.0921875 0.01171875
0 0.88125 0.62578125 0.06953125 0.01171875
0 0.08125 0.675 0.05625 0.01171875
0 0.73984375 0.675 0.190625 0.0125
0 0.15390625 0.67578125 0.06015625 0.01171875
0 0.340625 0.67578125 0.25546875 0.01171875
0 0.55859375 0.67578125 0.07421875 0.01171875
0 0.1734375 0.7640625 0.11796875 0.0125
0 0.27578125 0.765625 0.07578125 0.01171875
0 0.6875 0.765625 0.02734375 0.01171875
0 0.42109375 0.765625 0.06015625 0.0109375
0 0.5625 0.765625 0.20390625 0.0125
0 0.81796875 0.765625 0.20859375 0.0125
0 0.3515625 0.765625 0.05625 0.01015625
0 0.45703125 0.796875 0.07109375 0.01171875
0 0.37109375 0.796875 0.07890625 0.01171875
0 0.25234375 0.79765625 0.1328125 0.01171875
0 0.73359375 0.7984375 0.22578125 0.01171875
0 0.5546875 0.7984375 0.1046875 0.01171875
0 0.3875 0.81796875 0.1328125 0.01171875
0 0.51953125 0.81796875 0.11484375 0.01171875
0 0.64765625 0.81796875 0.12265625 0.01171875
0 0.53515625 0.85078125 0.07578125 0.01171875
0 0.265625 0.8515625 0.146875 0.0109375
0 0.40390625 0.8515625 0.11015625 0.01171875
0 0.6640625 0.8515625 0.16171875 0.01171875
0 0.7984375 0.85234375 0.084375 0.01328125
0 0.23359375 0.88359375 0.13046875 0.01171875
0 0.3546875 0.88359375 0.0859375 0.01171875
0 0.44375 0.88359375 0.08203125 0.0125
0 0.56875 0.884375 0.1515625 0.01171875
0 0.6890625 0.88359375 0.07265625 0.01171875
0 0.79921875 0.8859375 0.12421875 0.01171875
0 0.89453125 0.8859375 0.046875 0.0109375
0 0.34140625 0.903125 0.0984375 0.01171875
0 0.1875 0.90390625 0.19375 0.01171875
0 0.43671875 0.90390625 0.06953125 0.0109375
0 0.5125 0.90390625 0.0421875 0.0109375
0 0.634375 0.90390625 0.1796875 0.0109375
0 0.83828125 0.90546875 0.21640625 0.0109375
0 0.4875 0.9234375 0.17109375 0.0125
0 0.21015625 0.95546875 0.11953125 0.01171875
0 0.34375 0.95625 0.03203125 0.01171875
0 0.29921875 0.95625 0.0421875 0.01015625
0 0.45703125 0.95625 0.17421875 0.0140625
0 0.73046875 0.95859375 0.31328125 0.01484375