0 0.45390625 0.10625 0.7578125 0.02109375
0 0.68125 0.13203125 0.02265625 0.0140625
0 0.48828125 0.1328125 0.09921875 0.01328125
0 0.10546875 0.13359375 0.06171875 0.0125
0 0.37578125 0.13359375 0.10078125 0.01328125
0 0.60078125 0.13359375 0.10546875 0.01328125
0 0.22265625 0.13359375 0.159375 0.01328125
0 0.76171875 0.134375 0.1125 0.01484375
0 0.3453125 0.1484375 0.09296875 0.0140625
0 0.121875 0.14921875 0.10703125 0.0125
0 0.2375 0.14921875 0.09765625 0.0125
0 0.5578125 0.16875 0.2765625 0.0125
0 0.284375 0.16875 0.1984375 0.01640625
0 0.121875 0.16875 0.10390625 0.01328125
0 0.38359375 0.1890625 0.084375 0.0125
0 0.1 0.1890625 0.06640625 0.01328125
0 0.2375 0.18984375 0.18515625 0.0125
0 0.3984375 0.2078125 0.240625 0.0125
0 0.22578125 0.2078125 0.05546875 0.0125
0 0.1046875 0.20859375 0.06953125 0.0125
0 0.16953125 0.20859375 0.0375 0.0125
0 0.71328125 0.21640625 0.09609375 0.01640625
0 0.86875 0.2171875 0.18671875 0.0140625
0 0.1046875 0.228125 0.10234375 0.01171875
0 0.18359375 0.22890625 0.0359375 0.01328125
0 0.1078125 0.2453125 0.09921875 0.01171875
0 0.2265625 0.2453125 0.115625 0.01171875
0 0.39921875 0.2453125 0.06328125 0.01171875
0 0.3234375 0.2453125 0.06484375 0.01171875
0 0.52265625 0.24609375 0.1640625 0.01328125
0 0.39609375 0.28203125 0.17734375 0.0125
0 0.23671875 0.28203125 0.121875 0.0125
0 0.1140625 0.28203125 0.10390625 0.0125
0 0.88046875 0.3234375 0.04375 0.01015625
0 0.54375 0.3234375 0.20625 0.01328125
0 0.74296875 0.3234375 0.165625 0.0125
0 0.09609375 0.3234375 0.01640625 0.0125
0 0.215625 0.32421875 0.17734375 0.0125
0 0.48125 0.34140625 0.075 0.0125
0 0.8171875 0.3640625 0.0734375 0.0125
0 0.19375 0.3640625 0.01953125 0.0125
0 0.275 0.3640625 0.1140625 0.0125
0 0.15234375 0.3640625 0.040625 0.0125
0 0.9203125 0.3640625 0.0390625 0.0125
0 0.41953125 0.3875 0.06484375 0.0125
0 0.0890625 0.38828125 0.084375 0.0125
0 0.3078125 0.38828125 0.13828125 0.0125
0 0.1828125 0.38828125 0.0828125 0.0125
0 0.5078125 0.38828125 0.0890625 0.01328125
0 0.81875 0.3890625 0.0734375 0.0125
0 0.46484375 0.40859375 0.13671875 0.01171875
0 0.8171875 0.409375 0.0765625 0.01328125
0 0.43125 0.43671875 0.084375 0.0109375
0 0.821875 0.4390625 0.0734375 0.0125
0 0.44453125 0.45703125 0.10546875 0.0140625
0 0.53515625 0.45859375 0.05234375 0.01484375
0 0.8203125 0.459375 0.0765625 0.01171875
0 0.5203125 0.48671875 0.084375 0.01328125
0 0.43046875 0.48671875 0.0796875 0.01328125
0 0.82109375 0.48828125 0.075 0.0125
0 0.43828125 0.52578125 0.09296875 0.0125
0 0.82421875 0.5265625 0.075 0.0125
0 0.46484375 0.54609375 0.13671875 0.0125
0 0.82265625 0.546875 0.075 0.0125
0 0.084375 0.575 0.06796875 0.01171875
0 0.521875 0.5765625 0.2078125 0.0140625
0 0.85234375 0.5765625 0.13984375 0.0140625
0 0.2046875 0.5765625 0.14609375 0.0140625
0 0.0734375 0.59609375 0.0390625 0.0109375
0 0.17890625 0.596875 0.05859375 0.0125
0 0.5890625 0.596875 0.0828125 0.0125
0 0.88515625 0.596875 0.0765625 0.0125
0 0.12109375 0.59765625 0.03125 0.0125
0 0.15546875 0.64921875 0.05703125 0.01328125
0 0.08203125 0.64921875 0.06328125 0.0125
0 0.5625 0.65 0.075 0.0125
0 0.34140625 0.65 0.25390625 0.01328125
0 0.75234375 0.65078125 0.18359375 0.015625
0 0.690625 0.74765625 0.02109375 0.01171875
0 0.27890625 0.7484375 0.0734375 0.0125
0 0.56796875 0.7484375 0.203125 0.0125
0 0.821875 0.7484375 0.21328125 0.0125
0 0.1734375 0.7484375 0.115625 0.0125
0 0.42265625 0.7484375 0.06484375 0.01171875
0 0.3546875 0.74921875 0.05859375 0.009375
0 0.56015625 0.78203125 0.10546875 0.0109375
0 0.4609375 0.78203125 0.0734375 0.0109375
0 0.3734375 0.7828125 0.0796875 0.01171875
0 0.73515625 0.7828125 0.234375 0.01171875
0 0.25859375 0.78359375 0.13046875 0.0125
0 0.52421875 0.80390625 0.1125 0.0125
0 0.65546875 0.80390625 0.13046875 0.0125
0 0.3921875 0.80390625 0.13046875 0.0125
0 0.2734375 0.83984375 0.14609375 0.01171875
0 0.6734375 0.83984375 0.159375 0.01171875
0 0.803125 0.83984375 0.0875 0.0125
0 0.53828125 0.840625 0.08125 0.0125
0 0.4078125 0.840625 0.1109375 0.0125
0 0.578125 0.87578125 0.14453125 0.01171875
0 0.453125 0.87578125 0.0828125 0.0125
0 0.90703125 0.87578125 0.0453125 0.0109375
0 0.359375 0.87578125 0.0875 0.0109375
0 0.69765625 0.87578125 0.075 0.0109375
0 0.80859375 0.8765625 0.125 0.01171875
0 0.2328125 0.8765625 0.13671875 0.0125
0 0.640625 0.896875 0.18203125 0.0125
0 0.51875 0.89765625 0.0421875 0.01171875
0 0.85234375 0.89765625 0.21484375 0.0125
0 0.44375 0.89765625 0.075 0.0125
0 0.3515625 0.89765625 0.09765625 0.0125
0 0.19140625 0.89765625 0.196875 0.0125
0 0.4953125 0.91953125 0.17734375 0.0125
0 0.21328125 0.95234375 0.1234375 0.01328125
0 0.3515625 0.953125 0.0328125 0.0125
0 0.46640625 0.953125 0.17578125 0.0125
0 0.30625 0.9546875 0.0375 0.009375
0 0.7390625 0.9546875 0.3140625 0.01484375