0 0.65859375 0.121875 0.33203125 0.01328125
0 0.3625 0.121875 0.1671875 0.01328125
0 0.16875 0.121875 0.12265625 0.01328125
0 0.321875 0.1359375 0.41875 0.01171875
0 0.70703125 0.13671875 0.23828125 0.01484375
0 0.68125 0.1484375 0.12265625 0.0109375
0 0.51171875 0.1484375 0.12109375 0.01328125
0 0.29296875 0.15078125 0.20078125 0.01484375
0 0.46640625 0.16171875 0.1671875 0.01328125
0 0.70546875 0.1765625 0.10546875 0.01171875
0 0.2109375 0.1765625 0.0546875 0.01171875
0 0.5765625 0.1765625 0.10390625 0.01328125
0 0.446875 0.1765625 0.10390625 0.01328125
0 0.3140625 0.1765625 0.08671875 0.01171875
0 0.378125 0.19140625 0.10546875 0.01171875
0 0.64375 0.19140625 0.08515625 0.01171875
0 0.52265625 0.19140625 0.10546875 0.01328125
0 0.26953125 0.1921875 0.0578125 0.01484375
0 0.61015625 0.20546875 0.08203125 0.01328125
0 0.490625 0.20546875 0.10546875 0.01328125
0 0.7171875 0.20546875 0.08515625 0.01328125
0 0.23671875 0.2046875 0.15 0.01328125
0 0.37421875 0.20546875 0.0796875 0.0140625
0 0.77734375 0.21875 0.16875 0.01328125
0 0.6078125 0.21875 0.040625 0.01328125
0 0.3859375 0.21953125 0.1484375 0.0125
0 0.2171875 0.2203125 0.06640625 0.01328125
0 0.5203125 0.2203125 0.0796875 0.01328125
0 0.11640625 0.2203125 0.08359375 0.01328125
0 0.55625 0.234375 0.25390625 0.01328125
0 0.290625 0.234375 0.06328125 0.01328125
0 0.37421875 0.234375 0.059375 0.01328125
0 0.63203125 0.26796875 0.15 0.0234375
0 0.50390625 0.26796875 0.06484375 0.0234375
0 0.34140625 0.26796875 0.21328125 0.0234375
0 0.08828125 0.31796875 0.08828125 0.01328125
0 0.3828125 0.3453125 0.21328125 0.01328125
0 0.5640625 0.3453125 0.0984375 0.01328125
0 0.7453125 0.3453125 0.21328125 0.01328125
0 0.23359375 0.34609375 0.0375 0.0125
0 0.1203125 0.34609375 0.1484375 0.01328125
0 0.56015625 0.359375 0.10234375 0.0125
0 0.72578125 0.359375 0.1703125 0.0125
0 0.3953125 0.36015625 0.10546875 0.01171875
0 0.1609375 0.36015625 0.23359375 0.01328125
0 0.78984375 0.38671875 0.13125 0.0125
0 0.46015625 0.3875 0.06484375 0.01328125
0 0.62890625 0.3875 0.06484375 0.01328125
0 0.08828125 0.38828125 0.078125 0.01328125
0 0.809375 0.403125 0.075 0.01328125
0 0.615625 0.403125 0.0765625 0.015625
0 0.88671875 0.415625 0.021875 0.01328125
0 0.80234375 0.415625 0.109375 0.01328125
0 0.43828125 0.4171875 0.01875 0.01171875
0 0.609375 0.4171875 0.10390625 0.01171875
0 0.1859375 0.4171875 0.27265625 0.0109375
0 0.609375 0.43046875 0.06640625 0.0125
0 0.46015625 0.43046875 0.1875 0.01328125
0 0.31171875 0.43203125 0.0578125 0.01171875
0 0.21484375 0.43203125 0.08203125 0.01171875
0 0.0953125 0.43203125 0.10546875 0.01171875
0 0.58828125 0.45859375 0.015625 0.0125
0 0.2578125 0.459375 0.16875 0.01328125
0 0.1 0.46015625 0.10390625 0.01328125
0 0.85078125 0.5 0.10390625 0.01171875
0 0.46796875 0.5 0.1890625 0.01171875
0 0.6359375 0.5015625 0.09375 0.015625
0 0.86171875 0.5140625 0.08203125 0.0125
0 0.54140625 0.5140625 0.078125 0.0125
0 0.8625 0.528125 0.08359375 0.0125
0 0.58359375 0.52890625 0.16875 0.01328125
0 0.8 0.5421875 0.20625 0.01171875
0 0.20390625 0.54375 0.20625 0.01328125
0 0.80234375 0.55625 0.2078125 0.01328125
0 0.1859375 0.55703125 0.16328125 0.0140625
0 0.80234375 0.5703125 0.2046875 0.0140625
0 0.22890625 0.57109375 0.25078125 0.01328125
0 0.7140625 0.5984375 0.10546875 0.01328125
0 0.615625 0.5984375 0.04296875 0.0125
0 0.49140625 0.59921875 0.165625 0.01171875
0 0.2328125 0.59921875 0.08359375 0.01328125
0 0.36171875 0.59921875 0.0390625 0.01328125
0 0.31015625 0.59921875 0.02421875 0.01171875
0 0.51953125 0.62734375 0.14296875 0.01328125
0 0.396875 0.62734375 0.06171875 0.01328125
0 0.64921875 0.6546875 0.0203125 0.01171875
0 0.81875 0.6546875 0.1484375 0.01328125
0 0.47109375 0.6546875 0.12109375 0.01171875
0 0.1078125 0.65546875 0.08671875 0.01171875
0 0.8546875 0.68203125 0.08359375 0.01171875
0 0.4796875 0.68203125 0.10390625 0.01328125
0 0.6484375 0.68203125 0.01875 0.01328125
0 0.090625 0.68359375 0.040625 0.01328125
0 0.8546875 0.72421875 0.08359375 0.01171875
0 0.50390625 0.72421875 0.06171875 0.01328125
0 0.61640625 0.72421875 0.12265625 0.01328125
0 0.51953125 0.78359375 0.0578125 0.0109375
0 0.3421875 0.784375 0.08828125 0.01171875
0 0.434375 0.784375 0.06171875 0.01171875
0 0.68515625 0.784375 0.225 0.01328125
0 0.225 0.78515625 0.10546875 0.01015625
0 0.72890625 0.7984375 0.05078125 0.01015625
0 0.46015625 0.7984375 0.06484375 0.0109375
0 0.37421875 0.7984375 0.06640625 0.0109375
0 0.5953125 0.7984375 0.17578125 0.0109375
0 0.2671875 0.79921875 0.10546875 0.0109375
0 0.6921875 0.8125 0.06640625 0.0109375
0 0.80390625 0.8125 0.10234375 0.00859375
0 0.5953125 0.8125 0.08359375 0.009375
0 0.45078125 0.8125 0.165625 0.009375
0 0.14453125 0.81328125 0.06796875 0.01015625
0 0.2703125 0.81328125 0.1484375 0.009375
0 0.78125 0.8234375 0.23671875 0.0109375
0 0.4234375 0.82421875 0.015625 0.01015625
0 0.325 0.82421875 0.1328125 0.01015625
0 0.6 0.82421875 0.08828125 0.01015625
0 0.49609375 0.82421875 0.08515625 0.01015625
0 0.15390625 0.825 0.16171875 0.009375
0 0.8578125 0.8375 0.0390625 0.0109375
0 0.79375 0.8375 0.04765625 0.0109375
0 0.53125 0.83828125 0.15703125 0.0109375
0 0.69765625 0.83828125 0.10390625 0.0109375
0 0.34765625 0.83828125 0.040625 0.0109375
0 0.4140625 0.83828125 0.040625 0.0109375
0 0.2640625 0.83828125 0.08515625 0.0109375
0 0.14921875 0.8390625 0.1109375 0.01015625
0 0.61484375 0.8515625 0.1703125 0.0109375
0 0.4828125 0.8515625 0.059375 0.0109375
0 0.34375 0.85234375 0.1734375 0.009375