0 0.52421875 0.1015625 0.0640625 0.0125
0 0.15078125 0.10234375 0.11640625 0.0140625
0 0.44375 0.10234375 0.059375 0.0125
0 0.30859375 0.103125 0.15625 0.0140625
0 0.17109375 0.11875 0.1546875 0.015625
0 0.453125 0.1359375 0.24921875 0.015625
0 0.16015625 0.1359375 0.13515625 0.015625
0 0.27578125 0.13828125 0.05390625 0.01328125
0 0.884375 0.1484375 0.03828125 0.01328125
0 0.78515625 0.14921875 0.12265625 0.0140625
0 0.6796875 0.15078125 0.04296875 0.01328125
0 0.5671875 0.1515625 0.14375 0.0140625
0 0.10859375 0.1515625 0.0359375 0.01328125
0 0.41484375 0.1515625 0.08671875 0.01640625
0 0.309375 0.15390625 0.08359375 0.0140625
0 0.1984375 0.1546875 0.0984375 0.0140625
0 0.65 0.1671875 0.225 0.01484375
0 0.46796875 0.16875 0.0765625 0.0125
0 0.1234375 0.16953125 0.07109375 0.0140625
0 0.3 0.1703125 0.225 0.01484375
0 0.371875 0.1875 0.24609375 0.0140625
0 0.11796875 0.1875 0.05703125 0.0125
0 0.1921875 0.1875 0.05703125 0.01328125
0 0.11796875 0.2203125 0.05703125 0.01171875
0 0.23671875 0.22109375 0.140625 0.0125
0 0.11484375 0.253125 0.05703125 0.0140625
0 0.3625 0.25390625 0.01953125 0.01171875
0 0.228125 0.253125 0.1234375 0.01171875
0 0.76171875 0.28203125 0.20078125 0.015625
0 0.58203125 0.284375 0.09921875 0.0125
0 0.4109375 0.28515625 0.2078125 0.0140625
0 0.2640625 0.28671875 0.0328125 0.01171875
0 0.15703125 0.28671875 0.14375 0.01171875
0 0.80390625 0.315625 0.12265625 0.0140625
0 0.646875 0.3171875 0.10546875 0.0125
0 0.54609375 0.31796875 0.0625 0.0140625
0 0.1296875 0.31796875 0.0765625 0.01328125
0 0.38046875 0.31796875 0.0609375 0.0140625
0 0.8984375 0.346875 0.02109375 0.0125
0 0.82421875 0.34765625 0.08359375 0.01171875
0 0.6796875 0.34921875 0.0828125 0.01171875
0 0.55859375 0.35 0.08125 0.0125
0 0.38125 0.3515625 0.01171875 0.01171875
0 0.21875 0.3515625 0.25859375 0.0125
0 0.1390625 0.36875 0.0984375 0.0140625
0 0.14765625 0.38359375 0.12265625 0.01171875
0 0.89609375 0.39609375 0.02265625 0.01328125
0 0.82421875 0.39765625 0.08359375 0.01328125
0 0.68046875 0.39765625 0.08359375 0.01328125
0 0.55859375 0.3984375 0.08125 0.0140625
0 0.38359375 0.4 0.0125 0.01328125
0 0.21953125 0.40078125 0.26015625 0.0125
0 0.1390625 0.415625 0.0984375 0.01328125
0 0.14765625 0.43203125 0.12265625 0.01328125
0 0.60859375 0.4640625 0.01953125 0.01171875
0 0.1390625 0.465625 0.0921875 0.0125
0 0.2890625 0.465625 0.16484375 0.01484375
0 0.3421875 0.49609375 0.08671875 0.01484375
0 0.54921875 0.49609375 0.09921875 0.0125
0 0.178125 0.4984375 0.1765625 0.01171875
0 0.434375 0.51328125 0.08125 0.01171875
0 0.1296875 0.5140625 0.0828125 0.0140625
0 0.434375 0.5296875 0.08359375 0.01328125
0 0.1203125 0.5296875 0.05859375 0.01171875
0 0.39296875 0.5453125 0.08125 0.01328125
0 0.1984375 0.5453125 0.0640625 0.01328125
0 0.1203125 0.546875 0.05859375 0.01171875
0 0.4234375 0.5609375 0.0984375 0.01171875
0 0.17109375 0.5625 0.16640625 0.01328125
0 0.42578125 0.578125 0.10078125 0.01328125
0 0.1359375 0.578125 0.0984375 0.0125
0 0.42578125 0.59375 0.10390625 0.01328125
0 0.13046875 0.59453125 0.08125 0.01171875
0 0.42578125 0.6109375 0.10390625 0.01328125
0 0.14765625 0.6109375 0.11640625 0.01328125
0 0.240625 0.66015625 0.13671875 0.01171875
0 0.1203125 0.66015625 0.05546875 0.01171875
0 0.8125 0.69140625 0.1453125 0.01328125
0 0.64765625 0.69140625 0.02109375 0.0125
0 0.4765625 0.6921875 0.12265625 0.01328125
0 0.1265625 0.69375 0.0765625 0.01171875
0 0.84296875 0.72421875 0.08125 0.0125
0 0.65078125 0.725 0.02109375 0.01171875
0 0.4859375 0.72421875 0.10078125 0.0109375
0 0.10859375 0.7265625 0.0359375 0.0109375
0 0.8453125 0.7734375 0.08125 0.01171875
0 0.61484375 0.7734375 0.11640625 0.01171875
0 0.50625 0.7734375 0.059375 0.01171875
0 0.66875 0.85390625 0.1078125 0.0125
0 0.528125 0.8546875 0.14375 0.01171875
0 0.2703125 0.85546875 0.16484375 0.01328125
0 0.10859375 0.85625 0.0359375 0.01171875
0 0.3984375 0.85546875 0.0453125 0.0140625
0 0.24296875 0.87109375 0.06796875 0.01171875
0 0.1390625 0.87109375 0.10078125 0.01171875
0 0.375 0.88671875 0.24609375 0.0125
0 0.1203125 0.8875 0.05546875 0.0125
0 0.19453125 0.8875 0.05390625 0.01328125
0 0.140625 0.9515625 0.09921875 0.01328125
0 0.2703125 0.9515625 0.125 0.01328125
0 0.4046875 0.9515625 0.02109375 0.01328125
0 0.11796875 0.96796875 0.05703125 0.01484375
0 0.228125 0.96953125 0.1265625 0.01171875
0 0.36328125 0.96953125 0.02109375 0.01171875