0 0.59375 0.121875 0.0984375 0.0171875
0 0.4921875 0.121875 0.05703125 0.01953125
0 0.38125 0.1234375 0.11953125 0.0171875
0 0.471875 0.15 0.2546875 0.021875
0 0.659375 0.1765625 0.02421875 0.02109375
0 0.4328125 0.17734375 0.10234375 0.0203125
0 0.56328125 0.17734375 0.11953125 0.0203125
0 0.33359375 0.178125 0.01875 0.01796875
0 0.28203125 0.178125 0.0359375 0.0171875
0 0.33828125 0.2046875 0.11640625 0.01953125
0 0.49140625 0.2046875 0.140625 0.02421875
0 0.62578125 0.20546875 0.0796875 0.021875
0 0.6234375 0.23125 0.1578125 0.021875
0 0.290625 0.23125 0.0953125 0.01875
0 0.4328125 0.23359375 0.1421875 0.021875
0 0.53125 0.259375 0.2203125 0.0203125
0 0.35703125 0.259375 0.07109375 0.01796875
0 0.53125 0.2859375 0.2203125 0.0171875
0 0.36015625 0.2859375 0.06796875 0.0171875
0 0.22578125 0.3125 0.13515625 0.01953125
0 0.5640625 0.31484375 0.48515625 0.021875
0 0.2375 0.340625 0.15390625 0.0171875
0 0.5640625 0.34140625 0.4421875 0.02421875
0 0.5453125 0.39609375 0.0359375 0.01953125
0 0.4734375 0.39609375 0.05390625 0.01953125
0 0.1078125 0.39609375 0.05703125 0.015625
0 0.72578125 0.39609375 0.19609375 0.01953125
0 0.228125 0.39609375 0.0609375 0.01953125
0 0.1890625 0.42265625 0.225 0.01875
0 0.4015625 0.42265625 0.1609375 0.01875
0 0.525 0.42265625 0.03671875 0.01875
0 0.47421875 0.47734375 0.140625 0.021875
0 0.2015625 0.53203125 0.2375 0.021875
0 0.828125 0.53203125 0.1140625 0.0171875
0 0.39296875 0.53203125 0.05703125 0.02109375
0 0.534375 0.53203125 0.0984375 0.01953125
0 0.6546875 0.53203125 0.10234375 0.01953125
0 0.1984375 0.5859375 0.11796875 0.0171875
0 0.08828125 0.5859375 0.00546875 0.0171875
0 0.309375 0.5859375 0.0609375 0.0171875
0 0.1296875 0.61328125 0.09921875 0.0171875
0 0.8390625 0.61328125 0.096875 0.021875
0 0.41171875 0.61328125 0.01875 0.01875
0 0.665625 0.61328125 0.0796875 0.01875
0 0.54296875 0.61328125 0.08125 0.01953125
0 0.0875 0.64140625 0.01875 0.01796875
0 0.31171875 0.64140625 0.0625 0.0171875
0 0.40234375 0.64140625 0.0828125 0.0171875
0 0.1984375 0.64140625 0.11796875 0.0171875
0 0.665625 0.66796875 0.0765625 0.0171875
0 0.1265625 0.66796875 0.09375 0.0171875
0 0.4109375 0.66796875 0.00859375 0.0171875
0 0.8484375 0.66796875 0.078125 0.0171875
0 0.54296875 0.66796875 0.08125 0.01875
0 0.1265625 0.74921875 0.09375 0.01953125
0 0.3296875 0.74921875 0.01953125 0.0203125
0 0.5515625 0.75078125 0.1734375 0.0203125
0 0.83671875 0.75078125 0.09921875 0.0171875
0 0.22890625 0.7515625 0.05703125 0.01953125
0 0.5609375 0.77734375 0.16328125 0.01953125
0 0.8484375 0.77734375 0.078125 0.01953125
0 0.4921875 0.80390625 0.05703125 0.01953125
0 0.59296875 0.80546875 0.096875 0.021875
0 0.83671875 0.80625 0.09921875 0.01953125
0 0.8390625 0.83203125 0.096875 0.01953125
0 0.4203125 0.8328125 0.078125 0.0171875
0 0.56640625 0.8328125 0.1625 0.01875
0 0.58203125 0.8609375 0.12265625 0.021875
0 0.83671875 0.8609375 0.09921875 0.0171875
0 0.23671875 0.91328125 0.08125 0.0171875
0 0.3296875 0.91328125 0.05703125 0.0171875
0 0.1265625 0.9140625 0.10234375 0.01953125
0 0.4109375 0.9140625 0.05703125 0.01953125
0 0.675 0.915625 0.425 0.021875