0 0.4953125 0.140625 0.534375 0.03046875
0 0.40703125 0.1640625 0.1828125 0.0109375
0 0.596875 0.16484375 0.165625 0.01015625
0 0.2359375 0.1890625 0.14375 0.01171875
0 0.44765625 0.1890625 0.23125 0.0125
0 0.671875 0.18984375 0.16640625 0.0140625
0 0.2984375 0.20390625 0.06171875 0.01171875
0 0.38359375 0.20390625 0.06171875 0.01171875
0 0.32109375 0.21953125 0.14375 0.0125
0 0.5 0.21953125 0.08359375 0.0125
0 0.42578125 0.21953125 0.0125 0.0125
0 0.61640625 0.2203125 0.10703125 0.01328125
0 0.30859375 0.23515625 0.084375 0.01171875
0 0.19921875 0.2359375 0.078125 0.01171875
0 0.596875 0.2359375 0.10234375 0.0125
0 0.4578125 0.2359375 0.12734375 0.01171875
0 0.734375 0.23671875 0.07734375 0.01171875
0 0.2765625 0.2515625 0.06328125 0.0125
0 0.38359375 0.2515625 0.1046875 0.01171875
0 0.521875 0.2515625 0.0796875 0.0125
0 0.63984375 0.25234375 0.10234375 0.0125
0 0.32109375 0.2671875 0.10390625 0.0125
0 0.44765625 0.2671875 0.10234375 0.01328125
0 0.58671875 0.26875 0.12265625 0.0140625
0 0.11484375 0.28203125 0.07578125 0.0125
0 0.3109375 0.2828125 0.24765625 0.0109375
0 0.4984375 0.28359375 0.07734375 0.0109375
0 0.64921875 0.28359375 0.171875 0.01171875
0 0.80078125 0.28359375 0.08046875 0.01171875
0 0.3609375 0.29921875 0.06328125 0.01171875
0 0.49140625 0.29921875 0.1453125 0.01171875
0 0.2765625 0.3140625 0.06328125 0.01171875
0 0.49140625 0.3140625 0.3140625 0.0125
0 0.0421875 0.32890625 0.01875 0.0109375
0 0.15 0.32890625 0.14296875 0.01171875
0 0.671875 0.33046875 0.0375 0.01171875
0 0.778125 0.33046875 0.12734375 0.0125
0 0.875 0.33125 0.01796875 0.0109375
0 0.0625 0.359375 0.06171875 0.0125
0 0.159375 0.36015625 0.08203125 0.01171875
0 0.8203125 0.36171875 0.125 0.0109375
0 0.28671875 0.37578125 0.0375 0.0109375
0 0.56640625 0.37578125 0.1625 0.01171875
0 0.4390625 0.37578125 0.03515625 0.01171875
0 0.3609375 0.37578125 0.06328125 0.01171875
0 0.0421875 0.40546875 0.01171875 0.0109375
0 0.19921875 0.40546875 0.16640625 0.01171875
0 0.340625 0.40546875 0.0609375 0.01171875
0 0.83046875 0.40703125 0.01796875 0.01171875
0 0.75859375 0.40703125 0.08203125 0.01171875
0 0.0421875 0.4203125 0.01875 0.01171875
0 0.30859375 0.42109375 0.2109375 0.0125
0 0.5015625 0.42109375 0.125 0.01171875
0 0.14921875 0.421875 0.0578125 0.0125
0 0.7453125 0.421875 0.1046875 0.0125
0 0.8328125 0.42265625 0.01875 0.0109375
0 0.0421875 0.4359375 0.01875 0.01171875
0 0.19375 0.43671875 0.1 0.01328125
0 0.8328125 0.43828125 0.01875 0.0109375
0 0.23046875 0.4515625 0.1859375 0.01328125
0 0.0421875 0.45234375 0.01875 0.0109375
0 0.4484375 0.453125 0.1890625 0.01328125
0 0.83046875 0.453125 0.01796875 0.0109375
0 0.26484375 0.46796875 0.21328125 0.01328125
0 0.26484375 0.4828125 0.21328125 0.0140625
0 0.26640625 0.4984375 0.2125 0.0140625
0 0.26640625 0.51484375 0.2125 0.01328125
0 0.30859375 0.52890625 0.2109375 0.0125
0 0.0421875 0.5296875 0.01875 0.01171875
0 0.1515625 0.5296875 0.0578125 0.0140625
0 0.5015625 0.5296875 0.125 0.0125
0 0.7453125 0.53046875 0.1046875 0.0109375
0 0.83046875 0.53046875 0.01796875 0.0109375
0 0.0421875 0.5453125 0.01875 0.01171875
0 0.19375 0.5453125 0.1 0.01328125
0 0.83046875 0.5453125 0.01796875 0.01171875
0 0.040625 0.56015625 0.01796875 0.0109375
0 0.2859375 0.5609375 0.296875 0.0140625
0 0.83046875 0.5609375 0.01796875 0.0109375
0 0.12734375 0.590625 0.0609375 0.0125
0 0.23203125 0.590625 0.0984375 0.01328125
0 0.73828125 0.5921875 0.1203125 0.01171875
0 0.15546875 0.6125 0.11875 0.021875
0 0.32890625 0.6125 0.12265625 0.021875
0 0.65078125 0.61328125 0.24375 0.02109375
0 0.12734375 0.63046875 0.0609375 0.0109375
0 0.2125 0.63125 0.06328125 0.0125
0 0.75859375 0.6328125 0.08203125 0.0109375
0 0.51171875 0.6625 0.059375 0.0109375
0 0.4375 0.6625 0.03671875 0.0109375
0 0.2765625 0.6625 0.06328125 0.0109375
0 0.609375 0.66328125 0.08203125 0.0125
0 0.3609375 0.66328125 0.06328125 0.009375
0 0.20234375 0.67734375 0.08359375 0.0109375
0 0.35078125 0.67734375 0.16640625 0.0125
0 0.48203125 0.678125 0.03671875 0.0109375
0 0.61953125 0.678125 0.1828125 0.01328125
0 0.35 0.69296875 0.125 0.0140625
0 0.52265625 0.69375 0.16953125 0.0140625
0 0.24375 0.69453125 0.040625 0.009375
0 0.66171875 0.69453125 0.06328125 0.009375
0 0.48984375 0.709375 0.4015625 0.01328125
0 0.2421875 0.71015625 0.078125 0.009375
0 0.16953125 0.7234375 0.01796875 0.0125
0 0.340625 0.72421875 0.06328125 0.0125
0 0.2421875 0.72421875 0.078125 0.0125
0 0.48984375 0.725 0.01796875 0.0109375
0 0.54453125 0.725 0.03671875 0.01171875
0 0.66171875 0.725 0.14609375 0.0125
0 0.42578125 0.7265625 0.06328125 0.0109375
0 0.4484375 0.73984375 0.0609375 0.0125
0 0.3109375 0.73984375 0.03515625 0.01171875
0 0.5546875 0.740625 0.10703125 0.01328125
0 0.3734375 0.7421875 0.0390625 0.01015625
0 0.534375 0.7703125 0.23203125 0.01171875
0 0.33046875 0.77109375 0.1234375 0.01328125
0 0.38359375 0.78515625 0.059375 0.0109375
0 0.5 0.7859375 0.11875 0.01328125
0 0.28828125 0.81484375 0.08203125 0.01171875
0 0.1921875 0.81484375 0.0578125 0.01171875
0 0.49140625 0.81484375 0.06171875 0.01171875
0 0.62890625 0.815625 0.16953125 0.0125
0 0.3953125 0.815625 0.08359375 0.0125
0 0.11640625 0.8296875 0.08203125 0.01171875
0 0.28671875 0.8296875 0.08359375 0.01171875
0 0.20390625 0.8296875 0.03671875 0.01171875
0 0.43828125 0.8296875 0.16953125 0.0125
0 0.609375 0.83046875 0.125 0.0125
0 0.790625 0.83046875 0.10390625 0.0125
0 0.70390625 0.83125 0.01875 0.0109375
0 0.20234375 0.8765625 0.2125 0.01328125
0 0.4578125 0.8765625 0.20546875 0.01328125
0 0.68125 0.8765625 0.14296875 0.0125
0 0.14921875 0.890625 0.10390625 0.0109375
0 0.2640625 0.890625 0.07578125 0.0109375
0 0.4171875 0.890625 0.12265625 0.0109375
0 0.6515625 0.890625 0.08359375 0.0109375
0 0.14921875 0.90546875 0.10390625 0.0109375
0 0.26484375 0.90546875 0.07734375 0.01171875
0 0.3953125 0.90546875 0.08359375 0.0109375
0 0.6515625 0.90546875 0.08359375 0.01171875