0 0.71640625 0.04140625 0.04609375 0.02421875
0 0.725 0.13828125 0.1671875 0.01796875
0 0.5703125 0.1390625 0.11015625 0.01796875
0 0.2484375 0.13984375 0.14296875 0.01796875
0 0.41796875 0.13984375 0.1578125 0.01796875
0 0.49296875 0.159375 0.2625 0.0171875
0 0.3109375 0.18203125 0.06640625 0.0140625
0 0.38671875 0.1828125 0.059375 0.0140625
0 0.48359375 0.1828125 0.109375 0.0140625
0 0.63125 0.1828125 0.1578125 0.0140625
0 0.2984375 0.20390625 0.09765625 0.01328125
0 0.4390625 0.20390625 0.15546875 0.01484375
0 0.64140625 0.2046875 0.20703125 0.01328125
0 0.1890625 0.2390625 0.06328125 0.01328125
0 0.35859375 0.2390625 0.21328125 0.01328125
0 0.55234375 0.23984375 0.065625 0.01328125
0 0.721875 0.240625 0.215625 0.01484375
0 0.39921875 0.26328125 0.03203125 0.01328125
0 0.3328125 0.26328125 0.06953125 0.01484375
0 0.56796875 0.2640625 0.2421875 0.01484375
0 0.40546875 0.29140625 0.07265625 0.0140625
0 0.5375 0.29140625 0.15859375 0.01484375
0 0.06875 0.31015625 0.040625 0.0140625
0 0.12265625 0.3109375 0.040625 0.0140625
0 0.08984375 0.33515625 0.08359375 0.01328125
0 0.19375 0.33515625 0.1015625 0.01328125
0 0.30546875 0.33515625 0.09765625 0.01328125
0 0.48046875 0.3359375 0.22734375 0.01484375
0 0.07578125 0.35546875 0.05234375 0.0140625
0 0.12265625 0.35625 0.0109375 0.01328125
0 0.1984375 0.35625 0.109375 0.0140625
0 0.3890625 0.35625 0.01796875 0.01328125
0 0.315625 0.35625 0.10078125 0.0140625
0 0.11015625 0.3765625 0.12109375 0.0140625
0 0.23359375 0.3765625 0.09453125 0.01328125
0 0.3421875 0.3765625 0.10078125 0.0140625
0 0.1265625 0.3984375 0.1546875 0.01484375
0 0.31640625 0.4 0.19921875 0.0140625
0 0.15625 0.42109375 0.215625 0.01328125
0 0.0796875 0.44140625 0.06328125 0.0140625
0 0.1515625 0.4421875 0.04921875 0.0140625
0 0.4125 0.4421875 0.209375 0.01484375
0 0.6875 0.44296875 0.0828125 0.0140625
0 0.8453125 0.44375 0.18046875 0.01328125
0 0.11015625 0.46484375 0.12578125 0.01484375
0 0.3578125 0.465625 0.0953125 0.01328125
0 0.684375 0.46640625 0.084375 0.01328125
0 0.82578125 0.4671875 0.140625 0.01328125
0 0.69140625 0.490625 0.06953125 0.01484375
0 0.146875 0.490625 0.19765625 0.0171875
0 0.60859375 0.5234375 0.08671875 0.01484375
0 0.79453125 0.52421875 0.08671875 0.01484375
0 0.0765625 0.53828125 0.0609375 0.0125
0 0.61015625 0.53828125 0.1015625 0.01328125
0 0.46640625 0.5390625 0.10390625 0.0125
0 0.78125 0.5390625 0.11171875 0.0125
0 0.91640625 0.5390625 0.05546875 0.01328125
0 0.33203125 0.540625 0.05078125 0.01484375
0 0.0984375 0.5578125 0.096875 0.0125
0 0.33203125 0.55859375 0.0140625 0.01171875
0 0.4671875 0.55859375 0.0765625 0.0125
0 0.60859375 0.55859375 0.0765625 0.0125
0 0.79296875 0.559375 0.0921875 0.0125
0 0.92265625 0.559375 0.03828125 0.0125
0 0.08203125 0.5796875 0.065625 0.0125
0 0.17578125 0.5796875 0.0296875 0.0125
0 0.13671875 0.5796875 0.0203125 0.0125
0 0.2359375 0.58125 0.06875 0.0140625
0 0.12890625 0.60234375 0.0765625 0.0140625
0 0.33125 0.60390625 0.01640625 0.0125
0 0.790625 0.6046875 0.10546875 0.0140625
0 0.20703125 0.6046875 0.0640625 0.01796875
0 0.3078125 0.63984375 0.08828125 0.01328125
0 0.21484375 0.63984375 0.0765625 0.0125
0 0.44375 0.6421875 0.16015625 0.01796875
0 0.8 0.6421875 0.0890625 0.01328125
0 0.57890625 0.6421875 0.084375 0.01484375
0 0.553125 0.66796875 0.13828125 0.0140625
0 0.809375 0.66875 0.06953125 0.01328125
0 0.50234375 0.69609375 0.07734375 0.01328125
0 0.58515625 0.69609375 0.06953125 0.01328125
0 0.809375 0.69609375 0.06953125 0.01328125
0 0.80859375 0.72265625 0.06953125 0.01328125
0 0.54765625 0.7234375 0.146875 0.0171875
0 0.25234375 0.74921875 0.0953125 0.01328125
0 0.1515625 0.74921875 0.08984375 0.01328125
0 0.509375 0.74921875 0.034375 0.01484375
0 0.78984375 0.75078125 0.10703125 0.01328125
0 0.3984375 0.7515625 0.16953125 0.015625
0 0.58125 0.7515625 0.084375 0.0171875
0 0.57109375 0.77734375 0.10078125 0.0140625
0 0.78984375 0.778125 0.10703125 0.0140625
0 0.79765625 0.7984375 0.09140625 0.0140625
0 0.55546875 0.79921875 0.134375 0.0171875
0 0.146875 0.84453125 0.07265625 0.0140625
0 0.28828125 0.84453125 0.184375 0.01484375
0 0.14609375 0.86953125 0.06015625 0.01328125
0 0.2328125 0.8703125 0.08984375 0.0125
0 0.53984375 0.87109375 0.06875 0.0140625
0 0.628125 0.871875 0.0828125 0.01484375
0 0.7796875 0.871875 0.06015625 0.01328125
0 0.396875 0.87265625 0.028125 0.0171875
0 0.8625 0.87265625 0.0796875 0.01484375
0 0.14140625 0.890625 0.04375 0.01328125
0 0.39453125 0.8921875 0.01953125 0.01328125
0 0.62265625 0.8921875 0.08828125 0.01484375
0 0.86796875 0.89296875 0.06640625 0.01484375
0 0.36484375 0.91484375 0.08828125 0.01484375
0 0.61875 0.915625 0.08984375 0.01328125
0 0.86796875 0.91640625 0.06640625 0.01328125
0 0.16328125 0.9546875 0.11484375 0.01328125
0 0.2734375 0.9546875 0.0828125 0.0125
0 0.42890625 0.95546875 0.0640625 0.0125
0 0.35546875 0.95546875 0.0609375 0.01171875
0 0.74375 0.95625 0.1 0.01171875
0 0.83828125 0.95625 0.06640625 0.01171875
0 0.578125 0.95625 0.209375 0.01328125