0 0.2203125 0.13515625 0.05546875 0.0125
0 0.640625 0.1359375 0.05859375 0.0125
0 0.72890625 0.1359375 0.059375 0.0125
0 0.43125 0.1359375 0.29921875 0.01484375
0 0.290625 0.15234375 0.05859375 0.0140625
0 0.3765625 0.15234375 0.06171875 0.0140625
0 0.57265625 0.15234375 0.190625 0.0140625
0 0.13515625 0.1671875 0.059375 0.0125
0 0.2578125 0.16796875 0.12421875 0.01328125
0 0.35625 0.16796875 0.0171875 0.01171875
0 0.61953125 0.16875 0.103125 0.01328125
0 0.72890625 0.16875 0.059375 0.01328125
0 0.79453125 0.16875 0.01953125 0.01171875
0 0.4640625 0.16875 0.140625 0.0140625
0 0.20078125 0.184375 0.14921875 0.0125
0 0.44375 0.184375 0.28046875 0.0140625
0 0.69609375 0.18515625 0.17421875 0.01328125
0 0.20078125 0.20078125 0.10625 0.01328125
0 0.32109375 0.20078125 0.08046875 0.01328125
0 0.4890625 0.2015625 0.19453125 0.0140625
0 0.7171875 0.2015625 0.17265625 0.01328125
0 0.2359375 0.21640625 0.07734375 0.01328125
0 0.32421875 0.2171875 0.03515625 0.01328125
0 0.3890625 0.2171875 0.03828125 0.01328125
0 0.5875 0.21796875 0.2921875 0.01484375
0 0.2375 0.23359375 0.1234375 0.0125
0 0.4203125 0.23359375 0.19375 0.01171875
0 0.65078125 0.234375 0.2109375 0.01328125
0 0.3765625 0.25 0.059375 0.01328125
0 0.509375 0.25 0.14453125 0.01328125
0 0.2328125 0.2828125 0.12578125 0.0125
0 0.0921875 0.2828125 0.10234375 0.01328125
0 0.39921875 0.2828125 0.01484375 0.0125
0 0.34609375 0.28359375 0.0359375 0.0140625
0 0.4875 0.28359375 0.1 0.0140625
0 0.89453125 0.28359375 0.0375 0.0125
0 0.08125 0.2984375 0.08203125 0.01328125
0 0.2578125 0.29921875 0.1203125 0.01484375
0 0.18046875 0.315625 0.27734375 0.01328125
0 0.675 0.315625 0.08203125 0.01328125
0 0.575 0.315625 0.01796875 0.0140625
0 0.8265625 0.31640625 0.0828125 0.01328125
0 0.5328125 0.31640625 0.009375 0.0140625
0 0.0828125 0.33125 0.08203125 0.01328125
0 0.18125 0.33125 0.05625 0.01328125
0 0.278125 0.33125 0.08203125 0.01328125
0 0.89375 0.33203125 0.03828125 0.0125
0 0.08203125 0.34765625 0.08046875 0.0125
0 0.26953125 0.3484375 0.14453125 0.0140625
0 0.1140625 0.36328125 0.14921875 0.01328125
0 0.57578125 0.3640625 0.01796875 0.01328125
0 0.675 0.3640625 0.08203125 0.0125
0 0.5328125 0.36484375 0.0109375 0.01328125
0 0.8265625 0.365625 0.08515625 0.01328125
0 0.32265625 0.38046875 0.084375 0.01171875
0 0.0921875 0.38046875 0.10234375 0.0125
0 0.2140625 0.38046875 0.08046875 0.01171875
0 0.42109375 0.38046875 0.059375 0.0125
0 0.89453125 0.38125 0.0375 0.0125
0 0.13359375 0.396875 0.18828125 0.01484375
0 0.36953125 0.396875 0.12265625 0.01484375
0 0.1140625 0.4125 0.14921875 0.0140625
0 0.53203125 0.41328125 0.00859375 0.0125
0 0.57578125 0.4140625 0.015625 0.0125
0 0.675 0.4140625 0.08203125 0.01328125
0 0.8265625 0.4140625 0.0828125 0.0125
0 0.08203125 0.4296875 0.08046875 0.01328125
0 0.22109375 0.4296875 0.14453125 0.01328125
0 0.89453125 0.43046875 0.0375 0.0125
0 0.10234375 0.44609375 0.1265625 0.01484375
0 0.3015625 0.446875 0.1265625 0.01484375
0 0.18125 0.4625 0.2796875 0.01328125
0 0.57578125 0.4625 0.0171875 0.0125
0 0.5328125 0.4625 0.009375 0.0125
0 0.675 0.4625 0.08203125 0.0125
0 0.8265625 0.46328125 0.0828125 0.0125
0 0.08203125 0.478125 0.08046875 0.01328125
0 0.2015625 0.47890625 0.10546875 0.01328125
0 0.33515625 0.47890625 0.10234375 0.01328125
0 0.89453125 0.4796875 0.0375 0.0125
0 0.0828125 0.49453125 0.08046875 0.0125
0 0.2578125 0.4953125 0.12421875 0.0140625
0 0.1140625 0.5109375 0.14921875 0.01328125
0 0.5328125 0.51171875 0.015625 0.01328125
0 0.57578125 0.51171875 0.01796875 0.0125
0 0.675 0.51171875 0.08203125 0.0125
0 0.81953125 0.51171875 0.1 0.01328125
0 0.09140625 0.52734375 0.10234375 0.01328125
0 0.3125 0.52734375 0.10390625 0.01328125
0 0.4140625 0.52734375 0.0375 0.01328125
0 0.20234375 0.52734375 0.059375 0.01328125
0 0.54453125 0.52734375 0.12421875 0.01328125
0 0.89453125 0.528125 0.0375 0.01328125
0 0.08203125 0.54375 0.08046875 0.01171875
0 0.2140625 0.54375 0.0390625 0.0125
0 0.11484375 0.56015625 0.14921875 0.01328125
0 0.57578125 0.5609375 0.01953125 0.0140625
0 0.675 0.5609375 0.08203125 0.01328125
0 0.8265625 0.5609375 0.0828125 0.01328125
0 0.5328125 0.5609375 0.0109375 0.0140625
0 0.07109375 0.57578125 0.0625 0.01171875
0 0.19140625 0.5765625 0.12734375 0.0125
0 0.45625 0.5765625 0.08046875 0.01171875
0 0.34609375 0.57734375 0.12109375 0.0140625
0 0.89453125 0.578125 0.03828125 0.0125
0 0.0828125 0.5921875 0.08046875 0.0125
0 0.259375 0.59296875 0.12109375 0.0140625
0 0.1140625 0.60859375 0.146875 0.0125
0 0.57578125 0.609375 0.01796875 0.01328125
0 0.6765625 0.609375 0.07890625 0.01171875
0 0.82734375 0.609375 0.08046875 0.01171875
0 0.5328125 0.609375 0.0109375 0.01328125
0 0.325 0.625 0.0796875 0.0125
0 0.0828125 0.625 0.08203125 0.0125
0 0.203125 0.625 0.10234375 0.0125
0 0.45390625 0.62578125 0.12734375 0.01328125
0 0.89453125 0.62578125 0.0375 0.0125
0 0.0828125 0.64140625 0.0828125 0.01328125
0 0.24765625 0.6421875 0.10234375 0.0140625
0 0.1140625 0.6578125 0.14765625 0.0125
0 0.57578125 0.65859375 0.01796875 0.01328125
0 0.5328125 0.65859375 0.01796875 0.01328125
0 0.6734375 0.65859375 0.08515625 0.0125
0 0.8265625 0.659375 0.0828125 0.01171875
0 0.26953125 0.690625 0.015625 0.0125
0 0.11484375 0.69140625 0.1421875 0.01328125
0 0.89453125 0.69140625 0.02890625 0.01171875
0 0.7390625 0.6921875 0.12421875 0.01328125
0 0.2140625 0.72265625 0.07890625 0.01328125
0 0.09609375 0.7234375 0.10234375 0.01328125
0 0.36875 0.7234375 0.1265625 0.0125
0 0.7625 0.7234375 0.03828125 0.0125
0 0.86171875 0.72421875 0.10234375 0.0125
0 0.07265625 0.7390625 0.05859375 0.0125
0 0.7625 0.73984375 0.03828125 0.01328125
0 0.86171875 0.73984375 0.10234375 0.01328125
0 0.2140625 0.75546875 0.34609375 0.0125
0 0.50078125 0.75625 0.1625 0.0140625
0 0.20234375 0.77109375 0.059375 0.01171875
0 0.09453125 0.77109375 0.10390625 0.01171875
0 0.3015625 0.77265625 0.08203125 0.01484375
0 0.07109375 0.803125 0.0609375 0.0125
0 0.20234375 0.8046875 0.14765625 0.0140625
0 0.50859375 0.8046875 0.14453125 0.0140625
0 0.72890625 0.8046875 0.146875 0.0140625
0 0.07109375 0.8203125 0.0609375 0.01328125
0 0.17109375 0.8203125 0.08203125 0.01328125
0 0.5765625 0.82109375 0.10234375 0.01328125
0 0.8078125 0.82109375 0.08203125 0.01328125
0 0.12890625 0.86875 0.16484375 0.01328125
0 0.29375 0.86875 0.1 0.01328125
0 0.40859375 0.86875 0.07890625 0.01328125
0 0.52109375 0.86875 0.084375 0.0125
0 0.65390625 0.86953125 0.034375 0.01328125
0 0.80390625 0.86953125 0.20859375 0.01328125
0 0.1265625 0.88515625 0.1703125 0.0125
0 0.43359375 0.88515625 0.08203125 0.01171875
0 0.28203125 0.88515625 0.07890625 0.01328125
0 0.55546875 0.88515625 0.10234375 0.0125
0 0.7078125 0.8859375 0.14765625 0.0125
0 0.2578125 0.9171875 0.16796875 0.01328125
0 0.4015625 0.9171875 0.0609375 0.0125
0 0.5328125 0.91796875 0.14921875 0.0125
0 0.69765625 0.91796875 0.12890625 0.0125
0 0.27109375 0.9328125 0.015625 0.01328125
0 0.6078125 0.93359375 0.165625 0.01328125
0 0.4578125 0.93359375 0.0828125 0.01328125
0 0.34609375 0.93359375 0.084375 0.01328125
0 0.303125 0.94921875 0.1703125 0.0140625
0 0.43359375 0.94921875 0.0390625 0.0140625
0 0.52109375 0.95 0.0828125 0.01328125
0 0.6625 0.95 0.14375 0.01328125