0 0.19765625 0.0890625 0.1796875 0.0328125
0 0.66328125 0.07734375 0.1015625 0.034375
0 0.5640625 0.12734375 0.10546875 0.03984375
0 0.26484375 0.16640625 0.28125 0.01484375
0 0.5828125 0.159375 0.2875 0.01796875
0 0.79765625 0.15234375 0.05625 0.02109375
0 0.19453125 0.19140625 0.07265625 0.0203125
0 0.2515625 0.18984375 0.0203125 0.021875
0 0.28125 0.1890625 0.0203125 0.021875
0 0.325 0.1875 0.0203125 0.021875
0 0.36015625 0.18671875 0.02578125 0.021875
0 0.51015625 0.1828125 0.20078125 0.0171875
0 0.6421875 0.17890625 0.021875 0.021875
0 0.7484375 0.1765625 0.17890625 0.0171875
0 0.140625 0.21484375 0.0234375 0.01875
0 0.66796875 0.2 0.35859375 0.025
0 0.325 0.23203125 0.0953125 0.015625
0 0.390625 0.23046875 0.0109375 0.01796875
0 0.46640625 0.228125 0.109375 0.015625
0 0.590625 0.225 0.06953125 0.01640625
0 0.69921875 0.221875 0.06953125 0.0171875
0 0.2375 0.26171875 0.3453125 0.02265625
0 0.64921875 0.2515625 0.10859375 0.01953125
0 0.77421875 0.24765625 0.07890625 0.0203125
0 0.825 0.246875 0.01328125 0.02265625
0 0.884375 0.2453125 0.04921875 0.02109375
0 0.1421875 0.2875 0.13984375 0.01640625
0 0.21875 0.2859375 0.0171875 0.01875
0 0.3671875 0.2828125 0.16796875 0.01640625
0 0.1296875 0.31640625 0.096875 0.01640625
0 0.5125 0.30703125 0.10078125 0.02421875
0 0.7953125 0.29921875 0.24296875 0.0203125
0 0.8046875 0.33515625 0.184375 0.03046875
0 0.1453125 0.3953125 0.0984375 0.0296875
0 0.80234375 0.378125 0.24453125 0.0328125
0 0.1171875 0.4328125 0.04765625 0.015625
0 0.80546875 0.41796875 0.23515625 0.01796875
0 0.209375 0.45390625 0.1953125 0.01640625
0 0.37109375 0.45234375 0.0609375 0.015625
0 0.41796875 0.4515625 0.01640625 0.0171875
0 0.6546875 0.446875 0.4265625 0.02578125
0 0.22421875 0.51953125 0.1328125 0.01640625
0 0.66328125 0.5078125 0.02421875 0.01640625
0 0.346875 0.5296875 0.0734375 0.01171875
0 0.6953125 0.52109375 0.14296875 0.01328125
0 0.7953125 0.51953125 0.021875 0.01328125
0 0.875 0.51796875 0.1046875 0.01328125
0 0.86953125 0.52890625 0.11796875 0.009375
0 0.6953125 0.54140625 0.06875 0.0125
0 0.79375 0.53984375 0.07421875 0.01328125
0 0.834375 0.5390625 0.01484375 0.0140625
0 0.2609375 0.56640625 0.1078125 0.0140625
0 0.76875 0.55390625 0.10078125 0.01484375
0 0.534375 0.57578125 0.07421875 0.01484375
0 0.65703125 0.57265625 0.1015625 0.0140625
0 0.74609375 0.60078125 0.20546875 0.0171875
0 0.44296875 0.6265625 0.12421875 0.01484375
0 0.59296875 0.6234375 0.12421875 0.015625
0 0.24375 0.646875 0.053125 0.01953125
0 0.39765625 0.64375 0.2 0.01640625
0 0.5484375 0.640625 0.0328125 0.0140625
0 0.6546875 0.63828125 0.13671875 0.01796875
0 0.7734375 0.63671875 0.0515625 0.0140625
0 0.24921875 0.66328125 0.125 0.01640625
0 0.496875 0.65859375 0.27265625 0.0140625
0 0.6546875 0.65625 0.00703125 0.01796875
0 0.7875 0.65625 0.215625 0.01796875
0 0.31484375 0.68203125 0.071875 0.01796875
0 0.40859375 0.68125 0.0609375 0.01796875
0 0.44921875 0.68046875 0.0203125 0.01875
0 0.62265625 0.678125 0.31640625 0.01484375
0 0.44921875 0.69453125 0.14140625 0.0140625
0 0.34140625 0.70625 0.153125 0.0109375
0 0.5703125 0.70546875 0.06875 0.01171875
0 0.71796875 0.703125 0.18125 0.0109375
0 0.2984375 0.71953125 0.08671875 0.0125
0 0.54453125 0.7171875 0.1671875 0.0125
0 0.71796875 0.71484375 0.14453125 0.0125
0 0.39609375 0.73203125 0.10546875 0.01171875
0 0.528125 0.7296875 0.11953125 0.0140625
0 0.315625 0.7546875 0.12421875 0.01484375
0 0.54765625 0.7640625 0.03359375 0.01328125
0 0.75390625 0.7625 0.05078125 0.01328125
0 0.26171875 0.79140625 0.03515625 0.0140625
0 0.43125 0.78828125 0.26953125 0.009375
0 0.25 0.80234375 0.0875 0.01328125
0 0.69609375 0.79921875 0.25546875 0.009375
0 0.42734375 0.88359375 0.2984375 0.03359375
0 0.7484375 0.88203125 0.30546875 0.03671875
0 0.30234375 0.975 0.0234375 0.02421875
0 0.621875 0.97890625 0.0375 0.025
0 0.72578125 0.9796875 0.06875 0.025
0 0.7890625 0.9796875 0.01796875 0.02421875
0 0.91484375 0.98046875 0.1453125 0.025
0 0.38203125 0.084375 0.11796875 0.034375
0 0.52421875 0.08125 0.121875 0.03515625
0 0.81328125 0.0734375 0.1046875 0.0359375
0 0.421875 0.1296875 0.13671875 0.03046875
0 0.41328125 0.2078125 0.078125 0.01640625
0 0.26484375 0.21171875 0.14609375 0.0140625
0 0.26015625 0.3140625 0.10234375 0.01953125
0 0.246875 0.4296875 0.171875 0.015625
0 0.12734375 0.35234375 0.10859375 0.028125
0 0.16171875 0.47890625 0.1265625 0.01484375
0 0.18828125 0.53359375 0.17421875 0.00859375
0 0.20234375 0.54296875 0.19765625 0.0109375
0 0.19921875 0.55390625 0.1890625 0.00703125
0 0.34375 0.55078125 0.0734375 0.009375
0 0.36640625 0.5390625 0.1109375 0.009375
0 0.81015625 0.5046875 0.2234375 0.0140625
0 0.6875 0.53125 0.05859375 0.00859375
0 0.7703125 0.53125 0.07578125 0.00859375
0 0.890625 0.53984375 0.09375 0.01015625
0 0.921875 0.596875 0.06328125 0.01796875
0 0.165625 0.5984375 0.1328125 0.0109375
0 0.2953125 0.59453125 0.1015625 0.009375
0 0.42109375 0.59296875 0.11015625 0.009375
0 0.39375 0.57734375 0.16875 0.01328125
0 0.59453125 0.6921875 0.13359375 0.01015625
0 0.67890625 0.72734375 0.1609375 0.01015625
0 0.4828125 0.70625 0.0765625 0.009375
0 0.40234375 0.71796875 0.096875 0.0109375
0 0.33828125 0.7671875 0.32109375 0.0109375
0 0.5140625 0.75234375 0.18125 0.01015625
0 0.72421875 0.75 0.14609375 0.0109375
0 0.65625 0.7640625 0.11484375 0.01015625
0 0.64921875 0.78828125 0.13984375 0.01171875
0 0.7703125 0.78671875 0.0796875 0.0109375
0 0.36328125 0.80234375 0.10859375 0.01171875
0 0.49140625 0.8015625 0.11015625 0.0109375
0 0.26484375 0.828125 0.06640625 0.0125
0 0.325 0.828125 0.034375 0.01171875
0 0.378125 0.82734375 0.03671875 0.0125
0 0.47109375 0.82734375 0.059375 0.01171875
0 0.553125 0.8265625 0.06875 0.01015625
0 0.64609375 0.825 0.084375 0.0109375
0 0.746875 0.825 0.08515625 0.0125
0 0.5 0.8390625 0.4171875 0.009375
0 0.3453125 0.853125 0.07109375 0.01171875
0 0.47265625 0.85078125 0.1484375 0.01171875
0 0.62265625 0.85078125 0.115625 0.0140625
0 0.20859375 0.9734375 0.07890625 0.02265625
0 0.08515625 0.97265625 0.10625 0.02265625