0 0.17734375 0.1015625 0.19453125 0.0203125
0 0.4765625 0.10234375 0.36953125 0.01953125
0 0.74765625 0.10390625 0.15390625 0.02421875
0 0.10546875 0.12890625 0.05625 0.0109375
0 0.6 0.13046875 0.10625 0.0140625
0 0.3765625 0.13125 0.09765625 0.01328125
0 0.48828125 0.13125 0.09296875 0.01328125
0 0.228125 0.13125 0.15390625 0.01328125
0 0.67734375 0.13125 0.01953125 0.009375
0 0.75390625 0.1328125 0.1109375 0.0140625
0 0.12890625 0.146875 0.10078125 0.0125
0 0.240625 0.146875 0.09609375 0.0125
0 0.34453125 0.146875 0.09453125 0.01328125
0 0.13046875 0.16484375 0.10078125 0.0125
0 0.65078125 0.165625 0.08203125 0.01328125
0 0.2875 0.165625 0.1890625 0.0171875
0 0.509375 0.16640625 0.178125 0.01328125
0 0.10703125 0.1859375 0.05625 0.0125
0 0.2421875 0.1859375 0.1828125 0.0125
0 0.384375 0.18671875 0.08203125 0.01171875
0 0.1109375 0.20390625 0.0640625 0.0125
0 0.17109375 0.20390625 0.04296875 0.01328125
0 0.23125 0.20390625 0.0484375 0.01171875
0 0.39296875 0.2046875 0.2375 0.0125
0 0.859375 0.2140625 0.178125 0.01484375
0 0.71015625 0.21484375 0.08203125 0.01640625
0 0.1109375 0.2234375 0.09609375 0.0125
0 0.1859375 0.22578125 0.03515625 0.01328125
0 0.1125 0.240625 0.09921875 0.01171875
0 0.40078125 0.23984375 0.059375 0.0109375
0 0.328125 0.23984375 0.059375 0.0109375
0 0.228125 0.23984375 0.115625 0.0109375
0 0.5234375 0.240625 0.16015625 0.01328125
0 0.11953125 0.27734375 0.09765625 0.01640625
0 0.240625 0.27734375 0.115625 0.015625
0 0.39375 0.27890625 0.171875 0.01328125
0 0.09765625 0.32109375 0.0125 0.0125
0 0.22265625 0.32109375 0.178125 0.0125
0 0.55 0.321875 0.21328125 0.0125
0 0.725 0.321875 0.1109375 0.0125
0 0.8359375 0.321875 0.08359375 0.0125
0 0.92265625 0.321875 0.0640625 0.01171875
0 0.49921875 0.33828125 0.115625 0.0125
0 0.22109375 0.36015625 0.175 0.0125
0 0.915625 0.3609375 0.04296875 0.0125
0 0.81171875 0.3609375 0.071875 0.01328125
0 0.09140625 0.3828125 0.08359375 0.0125
0 0.30625 0.38359375 0.14453125 0.0125
0 0.18359375 0.38359375 0.08203125 0.01328125
0 0.41796875 0.38359375 0.0625 0.0125
0 0.5046875 0.38515625 0.08515625 0.0140625
0 0.81171875 0.3859375 0.07578125 0.0125
0 0.4625 0.4046875 0.14140625 0.01328125
0 0.8109375 0.4078125 0.07421875 0.01328125
0 0.43203125 0.4328125 0.08046875 0.01328125
0 0.8125 0.43515625 0.07421875 0.01328125
0 0.4421875 0.4546875 0.1046875 0.01328125
0 0.5296875 0.45625 0.0546875 0.015625
0 0.8125 0.4578125 0.0703125 0.01328125
0 0.5140625 0.4828125 0.08203125 0.01328125
0 0.42890625 0.484375 0.07421875 0.0125
0 0.81484375 0.48671875 0.071875 0.01328125
0 0.43671875 0.52265625 0.08671875 0.01171875
0 0.80703125 0.52421875 0.08984375 0.01328125
0 0.46015625 0.54296875 0.13359375 0.01171875
0 0.815625 0.54453125 0.0671875 0.01328125
0 0.0859375 0.56796875 0.059375 0.01640625
0 0.20234375 0.57265625 0.15078125 0.01796875
0 0.52109375 0.57265625 0.20078125 0.01484375
0 0.84140625 0.5734375 0.13828125 0.01484375
0 0.15859375 0.59140625 0.01953125 0.01640625
0 0.07578125 0.59140625 0.0453125 0.01640625
0 0.5796875 0.59296875 0.0703125 0.01484375
0 0.8765625 0.59375 0.07421875 0.0125
0 0.08203125 0.64609375 0.0609375 0.0125
0 0.34140625 0.646875 0.25234375 0.01328125
0 0.14921875 0.64609375 0.0484375 0.01328125
0 0.55390625 0.646875 0.07734375 0.01328125
0 0.7390625 0.64765625 0.1875 0.01484375
0 0.27578125 0.74453125 0.0703125 0.01328125
0 0.171875 0.74453125 0.1125 0.01328125
0 0.684375 0.74453125 0.02421875 0.01328125
0 0.559375 0.7453125 0.20078125 0.0125
0 0.81328125 0.7453125 0.20703125 0.0125
0 0.3484375 0.7453125 0.0578125 0.0125
0 0.41796875 0.7453125 0.059375 0.01171875
0 0.36953125 0.77890625 0.07421875 0.01171875
0 0.728125 0.77890625 0.2234375 0.0109375
0 0.5515625 0.77890625 0.1046875 0.0109375
0 0.253125 0.77890625 0.1265625 0.0109375
0 0.45390625 0.77890625 0.0671875 0.0109375
0 0.51796875 0.8 0.1109375 0.0125
0 0.64765625 0.8 0.1265625 0.0125
0 0.38671875 0.80078125 0.128125 0.01328125
0 0.53125 0.83671875 0.07734375 0.01171875
0 0.265625 0.8359375 0.14921875 0.0125
0 0.40625 0.8359375 0.10625 0.0125
0 0.659375 0.8359375 0.15703125 0.0125
0 0.79453125 0.83671875 0.08359375 0.01328125
0 0.57109375 0.871875 0.14453125 0.0125
0 0.35234375 0.871875 0.08515625 0.0125
0 0.446875 0.871875 0.07890625 0.01328125
0 0.23125 0.871875 0.13125 0.01328125
0 0.7984375 0.871875 0.1203125 0.0125
0 0.6890625 0.871875 0.06875 0.0125
0 0.89453125 0.871875 0.046875 0.0125
0 0.18671875 0.89296875 0.190625 0.01171875
0 0.34375 0.89296875 0.09609375 0.0109375
0 0.43984375 0.89296875 0.0671875 0.0109375
0 0.51328125 0.89296875 0.03828125 0.0109375
0 0.840625 0.89375 0.21015625 0.01171875
0 0.63359375 0.89375 0.178125 0.01171875
0 0.48828125 0.91484375 0.1671875 0.0109375
0 0.2125 0.94921875 0.1171875 0.01328125
0 0.46015625 0.95 0.171875 0.01328125
0 0.3453125 0.95 0.03203125 0.01328125
0 0.3015625 0.95078125 0.03515625 0.009375
0 0.728125 0.95078125 0.30625 0.01640625