0 0.51953125 0.20390625 0.1125 0.01796875
0 0.4015625 0.20390625 0.08125 0.021875
0 0.6359375 0.20390625 0.08125 0.0203125
0 0.74453125 0.20546875 0.0796875 0.0203125
0 0.303125 0.20703125 0.0640625 0.0234375
0 0.53515625 0.2359375 0.175 0.01875
0 0.44140625 0.2734375 0.065625 0.01875
0 0.5734375 0.27265625 0.14609375 0.0203125
0 0.34765625 0.3046875 0.0625 0.01875
0 0.42890625 0.30546875 0.05390625 0.01796875
0 0.61640625 0.30546875 0.25546875 0.0203125
0 0.21015625 0.32890625 0.02265625 0.02109375
0 0.2515625 0.3296875 0.02578125 0.0171875
0 0.30703125 0.33046875 0.03984375 0.01875
0 0.42265625 0.3296875 0.10390625 0.021875
0 0.59453125 0.33125 0.19765625 0.0203125
0 0.83203125 0.33125 0.01875 0.0171875
0 0.75390625 0.3328125 0.08203125 0.0234375
0 0.43203125 0.3546875 0.125 0.01875
0 0.59453125 0.3546875 0.14921875 0.02109375
0 0.35703125 0.38046875 0.10390625 0.0171875
0 0.66875 0.38203125 0.16796875 0.0203125
0 0.48515625 0.3828125 0.10625 0.02265625
0 0.11328125 0.4390625 0.03671875 0.01796875
0 0.17890625 0.44140625 0.03671875 0.01640625
0 0.8546875 0.44296875 0.14609375 0.01875
0 0.3921875 0.44296875 0.25 0.02265625
0 0.6515625 0.44453125 0.20859375 0.0234375
0 0.1359375 0.46953125 0.08125 0.01875
0 0.2203125 0.4703125 0.03671875 0.0171875
0 0.32890625 0.471875 0.08125 0.01875
0 0.21015625 0.50703125 0.2328125 0.025
0 0.81953125 0.50703125 0.20703125 0.02265625
0 0.30703125 0.5390625 0.434375 0.025
0 0.5765625 0.540625 0.0625 0.01875
0 0.15390625 0.571875 0.04140625 0.01875
0 0.31640625 0.571875 0.015625 0.0203125
0 0.36015625 0.571875 0.015625 0.0203125
0 0.5109375 0.57421875 0.10625 0.01875
0 0.87578125 0.5734375 0.10390625 0.01796875
0 0.34765625 0.60625 0.171875 0.01875
0 0.50078125 0.60625 0.08125 0.01875
0 0.68203125 0.60703125 0.10546875 0.01875
0 0.58203125 0.60703125 0.03671875 0.01875
0 0.14453125 0.63828125 0.09921875 0.0203125
0 0.3390625 0.63984375 0.015625 0.01796875
0 0.2609375 0.640625 0.078125 0.02265625
0 0.27265625 0.67109375 0.10546875 0.01875
0 0.40390625 0.67109375 0.10625 0.021875
0 0.72578125 0.67265625 0.065625 0.0171875
0 0.57578125 0.67265625 0.19453125 0.01875
0 0.87578125 0.67421875 0.109375 0.01796875
0 0.715625 0.70546875 0.08203125 0.0203125
0 0.87265625 0.70703125 0.10625 0.0171875
0 0.8859375 0.740625 0.08125 0.01796875
0 0.68203125 0.740625 0.14453125 0.0203125
0 0.8859375 0.7734375 0.08359375 0.0171875
0 0.69140625 0.77578125 0.125 0.0234375
0 0.88828125 0.8078125 0.08671875 0.01875
0 0.69453125 0.81015625 0.128125 0.02421875
0 0.1265625 0.8640625 0.0625 0.01875
0 0.25390625 0.86484375 0.14609375 0.02421875
0 0.56328125 0.865625 0.20859375 0.02265625
0 0.85078125 0.86640625 0.15078125 0.01875
0 0.11328125 0.88828125 0.03515625 0.0203125
0 0.25390625 0.88984375 0.10546875 0.02109375
0 0.16875 0.890625 0.02265625 0.0203125
0 0.6171875 0.89140625 0.10625 0.02265625
0 0.8859375 0.8921875 0.08359375 0.021875
0 0.17578125 0.94375 0.16171875 0.01875
0 0.35078125 0.94296875 0.128125 0.01640625
0 0.37890625 0.9875 0.0625 0.01875
0 0.51953125 0.9875 0.128125 0.01875
0 0.271875 0.9875 0.109375 0.02109375
0 0.65078125 0.98984375 0.08515625 0.01875
0 0.76953125 0.9890625 0.109375 0.01796875