0 0.234375 0.11796875 0.23984375 0.01796875
0 0.52734375 0.11796875 0.3125 0.01796875
0 0.740625 0.11796875 0.08125 0.01796875
0 0.84921875 0.11796875 0.09453125 0.01796875
0 0.50625 0.1453125 0.1609375 0.0171875
0 0.3 0.16796875 0.05 0.015625
0 0.36875 0.16796875 0.06640625 0.01484375
0 0.565625 0.16796875 0.05625 0.01484375
0 0.4703125 0.16796875 0.10859375 0.0140625
0 0.67265625 0.16875 0.1234375 0.01640625
0 0.5046875 0.1921875 0.1671875 0.015625
0 0.47890625 0.21640625 0.11484375 0.01484375
0 0.628125 0.21640625 0.1546875 0.01484375
0 0.3546875 0.21640625 0.10546875 0.015625
0 0.38046875 0.23828125 0.0578125 0.01484375
0 0.55234375 0.23828125 0.215625 0.01484375
0 0.34453125 0.26953125 0.06953125 0.01484375
0 0.41015625 0.26953125 0.03203125 0.01484375
0 0.5765625 0.26953125 0.24296875 0.01484375
0 0.37421875 0.2953125 0.2171875 0.01484375
0 0.53203125 0.2953125 0.075 0.01484375
0 0.66328125 0.2953125 0.15859375 0.01484375
0 0.109375 0.33125 0.1015625 0.01484375
0 0.1609375 0.35859375 0.04296875 0.01484375
0 0.09453125 0.35859375 0.06171875 0.01484375
0 0.43203125 0.35859375 0.2078125 0.01484375
0 0.65234375 0.359375 0.07890625 0.01484375
0 0.8125 0.359375 0.17734375 0.01484375
0 0.65 0.38359375 0.08515625 0.01484375
0 0.79296875 0.384375 0.13203125 0.01484375
0 0.37734375 0.38515625 0.09609375 0.0140625
0 0.125 0.38515625 0.125 0.01484375
0 0.63828125 0.409375 0.0640625 0.01484375
0 0.1609375 0.4109375 0.19609375 0.01875
0 0.5734375 0.4546875 0.11953125 0.0140625
0 0.09296875 0.4546875 0.07109375 0.01484375
0 0.75078125 0.4546875 0.13828125 0.01640625
0 0.89609375 0.4546875 0.05859375 0.01484375
0 0.4078125 0.45625 0.05625 0.0171875
0 0.40703125 0.47734375 0.0171875 0.0140625
0 0.57109375 0.478125 0.06796875 0.0140625
0 0.103125 0.478125 0.07578125 0.01484375
0 0.7734375 0.478125 0.08828125 0.0140625
0 0.89609375 0.478125 0.04609375 0.01484375
0 0.11328125 0.50234375 0.1015625 0.01484375
0 0.2375 0.50234375 0.11796875 0.0140625
0 0.35703125 0.503125 0.0984375 0.01640625
0 0.1 0.5296875 0.0796875 0.0140625
0 0.40703125 0.5296875 0.0171875 0.01484375
0 0.7734375 0.5296875 0.08828125 0.01484375
0 0.5734375 0.53046875 0.08515625 0.01484375
0 0.89609375 0.53046875 0.04375 0.0140625
0 0.125 0.5546875 0.12578125 0.01484375
0 0.27734375 0.55625 0.121875 0.01640625
0 0.4015625 0.57890625 0.01953125 0.01484375
0 0.7765625 0.578125 0.08828125 0.015625
0 0.19375 0.57890625 0.0765625 0.01484375
0 0.27265625 0.58046875 0.06171875 0.01875
0 0.28515625 0.61484375 0.08671875 0.01328125
0 0.19375 0.61484375 0.0765625 0.0140625
0 0.771875 0.615625 0.0875 0.0140625
0 0.55546875 0.6171875 0.08515625 0.015625
0 0.42265625 0.6171875 0.1609375 0.01875
0 0.5296875 0.64140625 0.13828125 0.01484375
0 0.7828125 0.6421875 0.06796875 0.01484375
0 0.56328125 0.66875 0.075 0.01328125
0 0.78203125 0.66875 0.0671875 0.0140625
0 0.4765625 0.66953125 0.0765625 0.01484375
0 0.7828125 0.696875 0.06796875 0.01484375
0 0.52265625 0.69921875 0.14609375 0.01875
0 0.128125 0.728125 0.08515625 0.015625
0 0.22890625 0.728125 0.09375 0.015625
0 0.48671875 0.728125 0.0328125 0.015625
0 0.77109375 0.72890625 0.08828125 0.01484375
0 0.37421875 0.7296875 0.16875 0.01796875
0 0.55625 0.7296875 0.08671875 0.01953125
0 0.77109375 0.75703125 0.08828125 0.01484375
0 0.5453125 0.7578125 0.1015625 0.01484375
0 0.78203125 0.78359375 0.0671875 0.01484375
0 0.53203125 0.78515625 0.13203125 0.01796875
0 0.16015625 0.83046875 0.07578125 0.01640625
0 0.3125 0.83125 0.1984375 0.015625
0 0.24765625 0.8640625 0.08828125 0.01484375
0 0.5328125 0.8640625 0.06796875 0.01484375
0 0.16171875 0.86328125 0.05859375 0.01484375
0 0.75703125 0.8640625 0.06171875 0.01484375
0 0.6203125 0.86484375 0.0796875 0.01640625
0 0.39765625 0.86484375 0.02578125 0.0171875
0 0.8375 0.86484375 0.078125 0.015625
0 0.15859375 0.884375 0.04921875 0.01484375
0 0.39921875 0.884375 0.01796875 0.01484375
0 0.8421875 0.88515625 0.075 0.015625
0 0.609375 0.88515625 0.096875 0.01484375
0 0.609375 0.915625 0.096875 0.0140625
0 0.36953125 0.915625 0.08828125 0.01484375
0 0.83984375 0.91640625 0.07578125 0.01484375
0 0.171875 0.9640625 0.11328125 0.0140625
0 0.2828125 0.9640625 0.0796875 0.0140625
0 0.365625 0.96484375 0.059375 0.01328125
0 0.4390625 0.96484375 0.06171875 0.01328125
0 0.75078125 0.96484375 0.0984375 0.01328125
0 0.84609375 0.96484375 0.06328125 0.0125
0 0.58515625 0.965625 0.20703125 0.01484375