0 0.30625 0.15703125 0.109375 0.01796875
0 0.44765625 0.15703125 0.15625 0.0203125
0 0.61796875 0.15703125 0.16484375 0.0203125
0 0.74765625 0.15703125 0.07578125 0.0203125
0 0.840625 0.15703125 0.07734375 0.0203125
0 0.43359375 0.1859375 0.096875 0.021875
0 0.57109375 0.1859375 0.1453125 0.021875
0 0.73125 0.1859375 0.07265625 0.021875
0 0.3421875 0.1859375 0.0421875 0.021875
0 0.7890625 0.1859375 0.01953125 0.021875
0 0.665625 0.18671875 0.01484375 0.02265625
0 0.65859375 0.2140625 0.13046875 0.021875
0 0.38671875 0.2140625 0.13203125 0.021875
0 0.52265625 0.2140625 0.11328125 0.021875
0 0.77109375 0.2140625 0.07421875 0.021875
0 0.74296875 0.24453125 0.17890625 0.021875
0 0.34765625 0.24453125 0.1015625 0.021875
0 0.4796875 0.24453125 0.13046875 0.021875
0 0.590625 0.24453125 0.07421875 0.02421875
0 0.74140625 0.2734375 0.13359375 0.021875
0 0.38359375 0.2734375 0.13203125 0.021875
0 0.5 0.2734375 0.08046875 0.021875
0 0.25859375 0.2734375 0.05 0.02421875
0 0.86015625 0.2734375 0.08203125 0.021875
0 0.6140625 0.27578125 0.053125 0.021875
0 0.41640625 0.30390625 0.06484375 0.01953125
0 0.47265625 0.30390625 0.02890625 0.01953125
0 0.62109375 0.30390625 0.21328125 0.01953125
0 0.47265625 0.3328125 0.08046875 0.025
0 0.59609375 0.33359375 0.146875 0.028125
0 0.85625 0.35390625 0.17734375 0.01953125
0 0.71953125 0.3546875 0.0421875 0.01796875
0 0.85078125 0.38515625 0.059375 0.02265625
0 0.92265625 0.38515625 0.0609375 0.02265625
0 0.74921875 0.38828125 0.059375 0.028125
0 0.60625 0.41640625 0.1421875 0.021875
0 0.8515625 0.41640625 0.06796875 0.021875
0 0.24765625 0.4171875 0.2109375 0.02265625
0 0.9265625 0.4171875 0.03359375 0.015625
0 0.49609375 0.4171875 0.059375 0.02265625
0 0.7515625 0.4171875 0.01953125 0.025
0 0.409375 0.4171875 0.090625 0.02265625
0 0.3765625 0.44453125 0.15 0.021875
0 0.55625 0.44453125 0.103125 0.021875
0 0.21796875 0.44765625 0.1515625 0.02265625
0 0.475 0.44921875 0.03359375 0.025
0 0.60859375 0.4859375 0.053125 0.021875
0 0.3390625 0.4859375 0.0609375 0.021875
0 0.490625 0.4859375 0.07734375 0.021875
0 0.41015625 0.4859375 0.06328125 0.021875
0 0.25625 0.48671875 0.08359375 0.025
0 0.75 0.48828125 0.06796875 0.021875
0 0.55625 0.48828125 0.03515625 0.025
0 0.3640625 0.51328125 0.153125 0.02578125
0 0.54296875 0.51328125 0.18203125 0.02734375
0 0.740625 0.51328125 0.07421875 0.0203125
0 0.46796875 0.5359375 0.06484375 0.021875
0 0.38515625 0.53828125 0.08359375 0.021875
0 0.57265625 0.5390625 0.13515625 0.028125
0 0.74765625 0.5390625 0.07265625 0.021875
0 0.5765625 0.5609375 0.12734375 0.021875
0 0.46953125 0.5609375 0.07421875 0.021875
0 0.740625 0.56328125 0.090625 0.01953125
0 0.7515625 0.58203125 0.07109375 0.021875
0 0.5765625 0.5859375 0.12734375 0.02578125
0 0.40625 0.6046875 0.08359375 0.025
0 0.5796875 0.60703125 0.12109375 0.02265625
0 0.7515625 0.60703125 0.06484375 0.021875
0 0.48359375 0.6078125 0.0515625 0.025
0 0.88515625 0.6390625 0.0609375 0.021875
0 0.25625 0.64140625 0.06484375 0.021875
0 0.62265625 0.6421875 0.12265625 0.02265625
0 0.375 0.64453125 0.15 0.02734375
0 0.87265625 0.67265625 0.07734375 0.02734375
0 0.64609375 0.67421875 0.07578125 0.025
0 0.8796875 0.70703125 0.06953125 0.0203125
0 0.64765625 0.70703125 0.07265625 0.0203125
0 0.33125 0.70703125 0.02421875 0.021875
0 0.24765625 0.70703125 0.04375 0.021875
0 0.29140625 0.71015625 0.03359375 0.025
0 0.878125 0.7421875 0.06953125 0.02265625
0 0.64765625 0.7421875 0.07265625 0.02265625
0 0.2640625 0.7421875 0.07890625 0.02265625
0 0.69609375 0.7765625 0.07890625 0.021875
0 0.58125 0.7796875 0.12734375 0.025
0 0.478125 0.8046875 0.053125 0.02265625
0 0.6015625 0.8046875 0.16484375 0.02265625
0 0.25625 0.8046875 0.096875 0.02265625
0 0.34765625 0.8046875 0.059375 0.02265625
0 0.86171875 0.80703125 0.2078125 0.02734375
0 0.72265625 0.80703125 0.0484375 0.01796875
0 0.41640625 0.80703125 0.0515625 0.01796875
0 0.74765625 0.83515625 0.0921875 0.02265625
0 0.34765625 0.8359375 0.046875 0.021875
0 0.83125 0.8359375 0.04375 0.01484375
0 0.5140625 0.83828125 0.12421875 0.028125
0 0.64296875 0.83828125 0.0984375 0.028125
0 0.41171875 0.8390625 0.05625 0.021875
0 0.5890625 0.8671875 0.3578125 0.02734375
0 0.65625 0.89453125 0.12578125 0.021875
0 0.75625 0.89453125 0.0453125 0.021875
0 0.490625 0.8984375 0.190625 0.02578125