0 0.19609375 0.21484375 0.03984375 0.01953125
0 0.2875 0.21484375 0.0953125 0.02109375
0 0.39609375 0.21640625 0.0765625 0.02109375
0 0.48671875 0.21640625 0.05625 0.0203125
0 0.6359375 0.21640625 0.18984375 0.0203125
0 0.2265625 0.2453125 0.05859375 0.0203125
0 0.31328125 0.24609375 0.0703125 0.0203125
0 0.54609375 0.24609375 0.09609375 0.0203125
0 0.41484375 0.246875 0.07578125 0.02109375
0 0.665625 0.246875 0.0984375 0.02109375
0 0.36484375 0.27578125 0.10078125 0.0203125
0 0.5171875 0.2765625 0.15625 0.01953125
0 0.30390625 0.30625 0.0984375 0.02109375
0 0.425 0.30703125 0.0984375 0.01953125
0 0.5953125 0.3078125 0.15859375 0.0203125
0 0.31796875 0.33671875 0.1609375 0.0203125
0 0.46640625 0.33671875 0.0953125 0.0203125
0 0.6046875 0.3375 0.1390625 0.0203125
0 0.3234375 0.36796875 0.04765625 0.01953125
0 0.39453125 0.36796875 0.03828125 0.01953125
0 0.24453125 0.36796875 0.06015625 0.01953125
0 0.59375 0.36953125 0.23984375 0.02109375
0 0.2671875 0.39921875 0.13359375 0.0203125
0 0.37421875 0.39921875 0.03828125 0.0203125
0 0.60703125 0.40078125 0.3 0.02109375
0 0.14609375 0.4625 0.13828125 0.0203125
0 0.47421875 0.4625 0.12109375 0.02109375
0 0.79375 0.46171875 0.15859375 0.01953125
0 0.1046875 0.521875 0.06015625 0.01953125
0 0.39453125 0.521875 0.07890625 0.02109375
0 0.24453125 0.521875 0.17734375 0.01953125
0 0.60390625 0.521875 0.01796875 0.01953125
0 0.77265625 0.52265625 0.11796875 0.0203125
0 0.51328125 0.52265625 0.12109375 0.01875
0 0.8625 0.52578125 0.01953125 0.0140625
0 0.134375 0.55234375 0.03828125 0.02109375
0 0.234375 0.55234375 0.03984375 0.02109375
0 0.3140625 0.55234375 0.08046875 0.02109375
0 0.18515625 0.55234375 0.01796875 0.0203125
0 0.225 0.58203125 0.09765625 0.0203125
0 0.365625 0.58203125 0.13828125 0.0203125
0 0.1140625 0.58203125 0.07890625 0.0203125
0 0.5953125 0.58203125 0.0359375 0.0203125
0 0.76328125 0.5828125 0.13828125 0.0203125
0 0.503125 0.5828125 0.0984375 0.0203125
0 0.86328125 0.58515625 0.015625 0.015625
0 0.6546875 0.64453125 0.03828125 0.01953125
0 0.44296875 0.64375 0.09375 0.0203125
0 0.56484375 0.64375 0.09765625 0.0203125
0 0.78359375 0.64375 0.0984375 0.0203125
0 0.575 0.67421875 0.0765625 0.0203125
0 0.65390625 0.67421875 0.0359375 0.0203125
0 0.78359375 0.67578125 0.10078125 0.01875
0 0.5546875 0.7046875 0.11796875 0.02109375
0 0.6546875 0.7046875 0.03828125 0.01953125
0 0.79609375 0.70546875 0.07578125 0.01953125
0 0.10390625 0.76484375 0.05859375 0.02109375
0 0.49453125 0.765625 0.19375 0.01875
0 0.7828125 0.765625 0.13359375 0.01875
0 0.22421875 0.76796875 0.1390625 0.02421875
0 0.1734375 0.796875 0.03984375 0.01875
0 0.8265625 0.79609375 0.053125 0.01953125
0 0.54375 0.79609375 0.09765625 0.01953125
0 0.08671875 0.79765625 0.021875 0.015625
0 0.45625 0.88828125 0.115625 0.02109375
0 0.33359375 0.8890625 0.0703125 0.01875
0 0.2265625 0.8890625 0.09765625 0.01875
0 0.68671875 0.890625 0.09765625 0.02421875
0 0.57421875 0.89140625 0.08046875 0.0140625
0 0.446875 0.91953125 0.0546875 0.01796875
0 0.20703125 0.91875 0.0546875 0.01875
0 0.3265625 0.91875 0.13671875 0.0203125
0 0.7859375 0.9203125 0.134375 0.0171875
0 0.11484375 0.9203125 0.078125 0.02421875
0 0.59453125 0.9203125 0.19765625 0.02421875