0 0.24296875 0.2046875 0.05703125 0.01953125
0 0.36875 0.20546875 0.13203125 0.01953125
0 0.596875 0.20546875 0.0671875 0.01953125
0 0.50390625 0.20625 0.05703125 0.02265625
0 0.6921875 0.20625 0.0640625 0.01953125
0 0.3421875 0.23125 0.1546875 0.021875
0 0.56328125 0.23203125 0.221875 0.021875
0 0.10546875 0.25546875 0.0625 0.01875
0 0.2375 0.25625 0.13125 0.0203125
0 0.81171875 0.25703125 0.02109375 0.01875
0 0.3390625 0.25703125 0.015625 0.0171875
0 0.44765625 0.25703125 0.13203125 0.01875
0 0.6203125 0.2578125 0.1140625 0.01875
0 0.73984375 0.2578125 0.065625 0.01875
0 0.17734375 0.28125 0.1578125 0.01953125
0 0.434375 0.28203125 0.3 0.01953125
0 0.70390625 0.28203125 0.18515625 0.01953125
0 0.17734375 0.30625 0.1125 0.0203125
0 0.30390625 0.30703125 0.08671875 0.0203125
0 0.48046875 0.3078125 0.20625 0.01875
0 0.72578125 0.3078125 0.18515625 0.01875
0 0.375 0.33203125 0.03828125 0.01953125
0 0.30546875 0.33203125 0.03671875 0.01953125
0 0.2140625 0.33203125 0.08359375 0.02265625
0 0.58828125 0.3328125 0.3140625 0.02421875
0 0.35078125 0.3578125 0.08671875 0.021875
0 0.5125 0.3578125 0.18046875 0.0234375
0 0.3625 0.3828125 0.06796875 0.01875
0 0.50390625 0.384375 0.1578125 0.0203125
0 0.14140625 0.4328125 0.271875 0.0203125
0 0.3625 0.43359375 0.1140625 0.0203125
0 0.49453125 0.43359375 0.08671875 0.0203125
0 0.9140625 0.434375 0.04140625 0.01875
0 0.6203125 0.43515625 0.1140625 0.021875
0 0.18671875 0.4578125 0.04296875 0.01953125
0 0.04921875 0.4578125 0.08984375 0.01953125
0 0.15390625 0.4828125 0.29609375 0.0203125
0 0.57578125 0.48359375 0.02109375 0.0203125
0 0.68046875 0.484375 0.08984375 0.01875
0 0.528125 0.484375 0.01953125 0.01875
0 0.83359375 0.484375 0.1109375 0.0203125
0 0.04921875 0.50859375 0.08671875 0.01875
0 0.165625 0.50859375 0.08671875 0.01875
0 0.31796875 0.50859375 0.1546875 0.01875
0 0.9140625 0.51015625 0.04140625 0.01953125
0 0.1203125 0.534375 0.22890625 0.01953125
0 0.378125 0.53515625 0.13125 0.02109375
0 0.084375 0.559375 0.1578125 0.01875
0 0.57578125 0.559375 0.02109375 0.0203125
0 0.53046875 0.56015625 0.01171875 0.01875
0 0.68359375 0.56015625 0.08359375 0.0203125
0 0.8453125 0.56015625 0.08671875 0.0203125
0 0.25 0.609375 0.015625 0.01875
0 0.92578125 0.61015625 0.0171875 0.01875
0 0.084375 0.61015625 0.15234375 0.021875
0 0.7734375 0.6109375 0.13203125 0.0234375
0 0.0609375 0.659375 0.1078125 0.01953125
0 0.18984375 0.66015625 0.08359375 0.02109375
0 0.35390625 0.66015625 0.13359375 0.01796875
0 0.88125 0.6609375 0.10703125 0.01796875
0 0.7734375 0.6609375 0.04375 0.01796875
0 0.0515625 0.68515625 0.08671875 0.0203125
0 0.88046875 0.6875 0.1109375 0.01875
0 0.77578125 0.6875 0.04140625 0.01875
0 0.07265625 0.71015625 0.13359375 0.01953125
0 0.79765625 0.71171875 0.04140625 0.01953125
0 0.89296875 0.71171875 0.08671875 0.01953125
0 0.2890625 0.76015625 0.1765625 0.01953125
0 0.528125 0.76015625 0.109375 0.02109375
0 0.03984375 0.76015625 0.0625 0.01953125
0 0.13203125 0.76015625 0.065625 0.01953125
0 0.728125 0.7609375 0.03984375 0.01953125
0 0.42578125 0.7609375 0.03828125 0.01953125
0 0.82109375 0.7609375 0.08671875 0.01953125
0 0.09921875 0.8109375 0.18203125 0.0203125
0 0.82109375 0.8125 0.22734375 0.01875
0 0.27578125 0.8125 0.1109375 0.01875
0 0.51875 0.8125 0.08671875 0.01875
0 0.65625 0.8125 0.04140625 0.01875
0 0.39921875 0.8125 0.08359375 0.01875
0 0.4828125 0.83671875 0.1578125 0.01953125
0 0.09921875 0.83671875 0.18203125 0.01953125
0 0.29765625 0.83671875 0.159375 0.01953125
0 0.38984375 0.8859375 0.065625 0.01953125
0 0.53046875 0.88671875 0.159375 0.01953125
0 0.240625 0.88671875 0.17890625 0.01953125
0 0.7046875 0.88671875 0.13515625 0.01953125
0 0.32109375 0.91171875 0.0625 0.01796875
0 0.57578125 0.91171875 0.1546875 0.01796875
0 0.42578125 0.9125 0.08671875 0.01953125
0 0.25 0.9125 0.01875 0.01953125
0 0.42578125 0.9375 0.03828125 0.01875
0 0.51875 0.9375 0.08984375 0.01875
0 0.28515625 0.9375 0.18046875 0.01875
0 0.65703125 0.9375 0.13359375 0.01875