0 0.15078125 0.0640625 0.09375 0.0203125
0 0.25859375 0.0640625 0.084375 0.0203125
0 0.27421875 0.1265625 0.334375 0.02265625
0 0.57109375 0.1265625 0.23671875 0.02265625
0 0.16015625 0.1578125 0.103125 0.02265625
0 0.2796875 0.1578125 0.1046875 0.02265625
0 0.17890625 0.1890625 0.13671875 0.0171875
0 0.50625 0.21484375 0.0984375 0.0171875
0 0.153125 0.21640625 0.09140625 0.0171875
0 0.31328125 0.2171875 0.03671875 0.0171875
0 0.275 0.21796875 0.0203125 0.0171875
0 0.39765625 0.21796875 0.09375 0.0171875
0 0.2359375 0.21796875 0.03203125 0.0171875
0 0.2984375 0.24296875 0.1828125 0.0171875
0 0.15078125 0.24296875 0.084375 0.0171875
0 0.3578125 0.27109375 0.18046875 0.01796875
0 0.18203125 0.27109375 0.15234375 0.0171875
0 0.171875 0.3 0.12265625 0.0171875
0 0.140625 0.3265625 0.0609375 0.0171875
0 0.328125 0.32890625 0.2921875 0.02265625
0 0.2953125 0.365625 0.04609375 0.0171875
0 0.475 0.365625 0.22265625 0.0203125
0 0.18671875 0.365625 0.15 0.0171875
0 0.70546875 0.39375 0.0390625 0.0171875
0 0.60703125 0.39453125 0.12734375 0.0171875
0 0.446875 0.39609375 0.16328125 0.0203125
0 0.14296875 0.396875 0.06640625 0.0171875
0 0.66640625 0.43671875 0.134375 0.01953125
0 0.76796875 0.4390625 0.0546875 0.015625
0 0.54453125 0.4390625 0.059375 0.0171875
0 0.41328125 0.4390625 0.08671875 0.0171875
0 0.1515625 0.4390625 0.07734375 0.0171875
0 0.7671875 0.4671875 0.07734375 0.01484375
0 0.69296875 0.46796875 0.040625 0.0171875
0 0.42421875 0.46796875 0.040625 0.0171875
0 0.14375 0.4703125 0.059375 0.02265625
0 0.6984375 0.5078125 0.1109375 0.0171875
0 0.56875 0.51015625 0.134375 0.0171875
0 0.40546875 0.51015625 0.178125 0.0171875
0 0.26171875 0.51015625 0.08359375 0.0171875
0 0.1625 0.51015625 0.0984375 0.0171875
0 0.15625 0.53359375 0.09140625 0.0171875
0 0.775 0.56171875 0.03828125 0.0171875
0 0.6921875 0.56171875 0.07578125 0.0171875
0 0.5421875 0.56171875 0.06171875 0.0171875
0 0.41640625 0.56171875 0.07578125 0.0171875
0 0.2484375 0.5640625 0.11640625 0.0171875
0 0.1515625 0.60703125 0.07265625 0.0203125
0 0.30859375 0.60703125 0.015625 0.0171875
0 0.2328125 0.609375 0.05703125 0.02265625
0 0.7546875 0.64921875 0.07578125 0.0171875
0 0.5015625 0.65234375 0.05 0.01875
0 0.4375 0.65234375 0.06171875 0.0171875
0 0.32890625 0.65234375 0.13203125 0.0171875
0 0.2171875 0.65234375 0.07265625 0.01953125
0 0.76015625 0.68046875 0.0609375 0.0171875
0 0.45390625 0.68359375 0.18671875 0.0234375
0 0.28125 0.68359375 0.1390625 0.0234375
0 0.7390625 0.71796875 0.1109375 0.02265625
0 0.37265625 0.7203125 0.10078125 0.02265625
0 0.22265625 0.7234375 0.175 0.02265625
0 0.49296875 0.7234375 0.1109375 0.025
0 0.75078125 0.76328125 0.075 0.01953125
0 0.18828125 0.76640625 0.0703125 0.01953125
0 0.75390625 0.83984375 0.1234375 0.02265625
0 0.509375 0.83984375 0.18671875 0.02265625
0 0.175 0.84296875 0.0609375 0.0171875
0 0.284375 0.84296875 0.14296875 0.01953125
0 0.7796875 0.8765625 0.065625 0.0171875
0 0.5484375 0.87734375 0.08203125 0.01953125
0 0.2578125 0.8796875 0.05234375 0.01796875
0 0.16328125 0.88203125 0.040625 0.01796875
0 0.20859375 0.88203125 0.02734375 0.0203125
0 0.44609375 0.921875 0.11640625 0.0171875
0 0.5421875 0.921875 0.06171875 0.0171875