0 0.50625 0.078125 0.390625 0.0328125
0 0.6953125 0.13125 0.0625 0.01796875
0 0.784375 0.13125 0.0625 0.01796875
0 0.3328125 0.13203125 0.08203125 0.01953125
0 0.51953125 0.13125 0.2359375 0.0171875
0 0.190625 0.13359375 0.15 0.0203125
0 0.4515625 0.15703125 0.1875 0.01953125
0 0.59609375 0.178125 0.2140625 0.01953125
0 0.44296875 0.1796875 0.0359375 0.0171875
0 0.31171875 0.18046875 0.17109375 0.0171875
0 0.46875 0.20234375 0.04453125 0.01640625
0 0.63046875 0.20390625 0.19609375 0.015625
0 0.828125 0.20390625 0.15 0.01875
0 0.1 0.2046875 0.10078125 0.01875
0 0.19140625 0.2046875 0.0265625 0.015625
0 0.33359375 0.20625 0.16953125 0.01953125
0 0.7078125 0.2265625 0.16953125 0.01953125
0 0.8609375 0.2265625 0.084375 0.01953125
0 0.4546875 0.228125 0.28359375 0.01875
0 0.23359375 0.22734375 0.10859375 0.01796875
0 0.09453125 0.22890625 0.0875 0.015625
0 0.4671875 0.2515625 0.17265625 0.01953125
0 0.6078125 0.27265625 0.2765625 0.01953125
0 0.41015625 0.27421875 0.05625 0.015625
0 0.3359375 0.27421875 0.03984375 0.015625
0 0.24765625 0.27421875 0.07734375 0.01875
0 0.59765625 0.296875 0.26015625 0.02109375
0 0.3359375 0.296875 0.2171875 0.01796875
0 0.57578125 0.3203125 0.26171875 0.01796875
0 0.359375 0.3203125 0.04296875 0.015625
0 0.28203125 0.3203125 0.059375 0.01875
0 0.5234375 0.34375 0.146875 0.01796875
0 0.3921875 0.34453125 0.059375 0.0171875
0 0.5140625 0.3921875 0.0859375 0.01640625
0 0.59140625 0.3921875 0.01328125 0.01640625
0 0.41328125 0.3921875 0.065625 0.01796875
0 0.325 0.440625 0.32421875 0.01953125
0 0.09765625 0.44140625 0.08046875 0.0171875
0 0.77890625 0.4625 0.16796875 0.01640625
0 0.38046875 0.4640625 0.08203125 0.015625
0 0.55546875 0.4640625 0.2140625 0.01875
0 0.2734375 0.4640625 0.08203125 0.0171875
0 0.17109375 0.46484375 0.0625 0.01640625
0 0.0859375 0.465625 0.0625 0.01640625
0 0.85234375 0.484375 0.10390625 0.0171875
0 0.18515625 0.48828125 0.08046875 0.015625
0 0.0859375 0.48828125 0.0625 0.0171875
0 0.85546875 0.5078125 0.10390625 0.01640625
0 0.35 0.509375 0.10390625 0.0171875
0 0.228125 0.51015625 0.07734375 0.0171875
0 0.4890625 0.5109375 0.128125 0.01953125
0 0.109375 0.5109375 0.02109375 0.01640625
0 0.1515625 0.51171875 0.0234375 0.0171875
0 0.19609375 0.53359375 0.0234375 0.01875
0 0.15234375 0.53359375 0.01796875 0.015625
0 0.28515625 0.53359375 0.10546875 0.0171875
0 0.30859375 0.55625 0.14296875 0.01796875
0 0.19609375 0.55703125 0.0265625 0.01796875
0 0.15390625 0.55859375 0.01796875 0.015625
0 0.85703125 0.57890625 0.10546875 0.0171875
0 0.21875 0.58046875 0.0625 0.0171875
0 0.33828125 0.58046875 0.1265625 0.0171875
0 0.109375 0.58125 0.01796875 0.01640625
0 0.15390625 0.58125 0.01796875 0.01640625
0 0.196875 0.60390625 0.01796875 0.01875
0 0.2734375 0.60390625 0.0859375 0.01875
0 0.15390625 0.6046875 0.01796875 0.0171875
0 0.2875 0.62890625 0.10390625 0.0171875
0 0.15390625 0.6296875 0.01796875 0.01796875
0 0.196875 0.6296875 0.02109375 0.01796875
0 0.8671875 0.65078125 0.084375 0.0171875
0 0.109375 0.65234375 0.01484375 0.0171875
0 0.1734375 0.65234375 0.0640625 0.01796875
0 0.29765625 0.653125 0.1265625 0.0203125
0 0.8484375 0.69609375 0.121875 0.01875
0 0.49375 0.69921875 0.08046875 0.01875
0 0.240625 0.69921875 0.10234375 0.01875
0 0.375 0.69921875 0.096875 0.0203125
0 0.109375 0.7 0.10703125 0.0171875
0 0.85 0.71953125 0.121875 0.0171875
0 0.2640625 0.721875 0.15 0.01796875
0 0.109375 0.721875 0.10390625 0.01640625
0 0.8484375 0.74375 0.125 0.015625
0 0.2546875 0.7453125 0.17265625 0.0171875
0 0.10078125 0.74609375 0.0859375 0.01953125
0 0.859375 0.76640625 0.10703125 0.01640625
0 0.1203125 0.76953125 0.128125 0.0171875
0 0.8671875 0.81171875 0.084375 0.0171875
0 0.48359375 0.81328125 0.0640625 0.01640625
0 0.275 0.8140625 0.17109375 0.0171875
0 0.409375 0.8140625 0.04140625 0.0171875
0 0.1140625 0.81484375 0.10234375 0.015625
0 0.496875 0.8828125 0.13046875 0.01640625
0 0.62734375 0.8828125 0.08203125 0.01640625
0 0.37734375 0.8828125 0.0625 0.01796875
0 0.74921875 0.8828125 0.10859375 0.01796875
0 0.28828125 0.884375 0.0625 0.0171875
0 0.178125 0.88359375 0.10546875 0.01796875
0 0.7640625 0.9046875 0.25703125 0.0171875
0 0.49765625 0.90625 0.125 0.015625
0 0.3078125 0.90625 0.19765625 0.0171875
0 0.13359375 0.90703125 0.10546875 0.0171875