0 0.17265625 0.06875 0.209375 0.0171875
0 0.39609375 0.06875 0.2015625 0.0171875
0 0.63671875 0.0703125 0.07734375 0.0171875
0 0.728125 0.06953125 0.08203125 0.01640625
0 0.54765625 0.07109375 0.07578125 0.0171875
0 0.8421875 0.07109375 0.12578125 0.0171875
0 0.93671875 0.07109375 0.0390625 0.0171875
0 0.57109375 0.08828125 0.12578125 0.01640625
0 0.37109375 0.08984375 0.01953125 0.01484375
0 0.6796875 0.08984375 0.06640625 0.0140625
0 0.32109375 0.08984375 0.0546875 0.0140625
0 0.44765625 0.08984375 0.0921875 0.01484375
0 0.315625 0.1078125 0.0921875 0.01484375
0 0.41796875 0.1078125 0.08359375 0.01484375
0 0.515625 0.1078125 0.0921875 0.01484375
0 0.6640625 0.11015625 0.15625 0.0203125
0 0.2390625 0.128125 0.0609375 0.01640625
0 0.3046875 0.128125 0.0453125 0.0140625
0 0.42265625 0.128125 0.1515625 0.01640625
0 0.5890625 0.128125 0.12265625 0.01640625
0 0.74140625 0.128125 0.15 0.01640625
0 0.43671875 0.146875 0.0515625 0.01640625
0 0.3578125 0.146875 0.07734375 0.01640625
0 0.5890625 0.14765625 0.22578125 0.01484375
0 0.26171875 0.1875 0.053125 0.02734375
0 0.47265625 0.1875 0.01640625 0.025
0 0.74609375 0.18828125 0.07265625 0.0265625
0 0.3765625 0.18828125 0.13046875 0.0265625
0 0.59609375 0.18828125 0.1921875 0.0265625
0 0.44765625 0.2375 0.07578125 0.02734375
0 0.53359375 0.2375 0.0515625 0.025
0 0.7515625 0.2375 0.1515625 0.02734375
0 0.61640625 0.2390625 0.06796875 0.025
0 0.11953125 0.2640625 0.12890625 0.01484375
0 0.57265625 0.26640625 0.090625 0.01328125
0 0.73671875 0.26640625 0.190625 0.01328125
0 0.128125 0.2953125 0.153125 0.025
0 0.27265625 0.2953125 0.090625 0.025
0 0.5015625 0.2953125 0.0546875 0.025
0 0.57421875 0.2953125 0.0578125 0.025
0 0.39609375 0.2953125 0.1109375 0.025
0 0.1078125 0.32421875 0.109375 0.0140625
0 0.4046875 0.32421875 0.01640625 0.0125
0 0.44296875 0.32421875 0.01796875 0.0140625
0 0.2328125 0.32421875 0.0953125 0.0140625
0 0.48125 0.32421875 0.02109375 0.0140625
0 0.34296875 0.32578125 0.046875 0.0140625
0 0.18515625 0.34453125 0.03515625 0.0140625
0 0.103125 0.34453125 0.08671875 0.0140625
0 0.27109375 0.34453125 0.09375 0.0140625
0 0.09921875 0.36328125 0.0921875 0.0140625
0 0.22265625 0.36328125 0.109375 0.0140625
0 0.490625 0.36328125 0.1453125 0.0140625
0 0.3390625 0.3640625 0.07421875 0.01328125
0 0.1046875 0.38203125 0.1 0.01640625
0 0.2390625 0.38203125 0.1390625 0.01640625
0 0.38125 0.38359375 0.11796875 0.01875
0 0.7546875 0.40234375 0.08046875 0.0171875
0 0.54453125 0.40234375 0.25 0.0171875
0 0.6171875 0.42578125 0.07578125 0.01640625
0 0.32109375 0.42578125 0.0546875 0.0140625
0 0.39765625 0.42578125 0.046875 0.0140625
0 0.47265625 0.42578125 0.0546875 0.0140625
0 0.55 0.42578125 0.01953125 0.0140625
0 0.75859375 0.4265625 0.13046875 0.01875
0 0.14921875 0.428125 0.2109375 0.01796875
0 0.0796875 0.45625 0.06953125 0.01484375
0 0.31015625 0.45703125 0.07578125 0.01640625
0 0.78671875 0.45703125 0.07421875 0.0125
0 0.55 0.45703125 0.01953125 0.0125
0 0.64453125 0.45703125 0.01484375 0.0140625
0 0.41640625 0.45703125 0.01640625 0.0125
0 0.18671875 0.45703125 0.090625 0.0125
0 0.49453125 0.45703125 0.01484375 0.0125
0 0.41640625 0.47578125 0.01640625 0.0140625
0 0.55 0.47734375 0.01953125 0.01328125
0 0.128125 0.47734375 0.16953125 0.0125
0 0.31171875 0.47734375 0.07265625 0.0140625
0 0.4921875 0.47734375 0.01953125 0.0140625
0 0.778125 0.47734375 0.0921875 0.0140625
0 0.64453125 0.47734375 0.01484375 0.0140625
0 0.16953125 0.49609375 0.09375 0.01484375
0 0.07265625 0.49609375 0.0578125 0.01484375
0 0.64453125 0.49609375 0.01484375 0.0140625
0 0.31171875 0.49609375 0.07578125 0.0140625
0 0.49296875 0.49609375 0.01796875 0.0140625
0 0.55 0.49609375 0.01953125 0.0140625
0 0.41640625 0.49609375 0.01640625 0.0140625
0 0.778125 0.49765625 0.0890625 0.01484375
0 0.35625 0.52890625 0.090625 0.02734375
0 0.44609375 0.5296875 0.040625 0.0265625
0 0.778125 0.5296875 0.0921875 0.028125
0 0.565625 0.5328125 0.159375 0.03359375
0 0.1296875 0.565625 0.16953125 0.0140625
0 0.3078125 0.565625 0.07421875 0.0140625
0 0.41640625 0.5671875 0.01640625 0.0125
0 0.49296875 0.5671875 0.01484375 0.0140625
0 0.778125 0.5671875 0.0921875 0.0140625
0 0.55 0.5671875 0.01953125 0.0140625
0 0.64453125 0.5671875 0.01484375 0.0140625
0 0.128125 0.5984375 0.0921875 0.028125
0 0.215625 0.6 0.040625 0.025
0 0.7796875 0.6 0.0921875 0.02734375
0 0.603125 0.60234375 0.08359375 0.03359375
0 0.3296875 0.60234375 0.15 0.03359375
0 0.4796875 0.60234375 0.1046875 0.03359375
0 0.61171875 0.6390625 0.06953125 0.025
0 0.778125 0.6390625 0.0921875 0.02734375
0 0.14765625 0.68046875 0.0921875 0.02890625
0 0.23515625 0.68203125 0.0390625 0.0265625
0 0.778125 0.68203125 0.0921875 0.0265625
0 0.35 0.68359375 0.1484375 0.03515625
0 0.4890625 0.68515625 0.090625 0.03359375
0 0.603125 0.68515625 0.08359375 0.03359375
0 0.35625 0.7203125 0.090625 0.02890625
0 0.44453125 0.721875 0.040625 0.0265625
0 0.7765625 0.721875 0.0953125 0.02734375
0 0.5640625 0.72265625 0.159375 0.03515625
0 0.43125 0.76328125 0.0921875 0.028125
0 0.77265625 0.7640625 0.096875 0.02734375
0 0.57421875 0.76640625 0.1421875 0.03515625
0 0.115625 0.809375 0.12421875 0.0140625
0 0.1265625 0.8296875 0.15 0.0140625
0 0.64765625 0.83125 0.0921875 0.01328125
0 0.26953125 0.83125 0.09375 0.01328125
0 0.38125 0.83125 0.0921875 0.01875
0 0.80859375 0.83125 0.18203125 0.01328125
0 0.47109375 0.83203125 0.03203125 0.0109375
0 0.54609375 0.8328125 0.07265625 0.0171875
0 0.078125 0.85 0.05625 0.01484375
0 0.33515625 0.85 0.0390625 0.01484375
0 0.46796875 0.85078125 0.18671875 0.0140625
0 0.21171875 0.85078125 0.16640625 0.0125
0 0.77421875 0.85234375 0.02578125 0.0109375
0 0.65859375 0.85234375 0.146875 0.01796875
0 0.3140625 0.86953125 0.07578125 0.01640625
0 0.24140625 0.87109375 0.03359375 0.0140625
0 0.81171875 0.871875 0.03359375 0.0125
0 0.6671875 0.87265625 0.2078125 0.0171875
0 0.878125 0.87265625 0.05 0.01328125
0 0.125 0.8734375 0.153125 0.0140625
0 0.46015625 0.8734375 0.16953125 0.0140625
0 0.29609375 0.8890625 0.1078125 0.01484375
0 0.57265625 0.890625 0.090625 0.01640625
0 0.66015625 0.890625 0.03671875 0.01640625
0 0.72421875 0.890625 0.0578125 0.01640625
0 0.19296875 0.890625 0.05 0.0125
0 0.478125 0.89140625 0.05625 0.01328125
0 0.41171875 0.8921875 0.03671875 0.0109375
0 0.09765625 0.8921875 0.0890625 0.01640625
0 0.31953125 0.9109375 0.08046875 0.0125
0 0.48671875 0.9109375 0.07109375 0.0140625
0 0.1515625 0.91015625 0.20625 0.0171875
0 0.78125 0.9109375 0.01796875 0.0140625
0 0.575 0.9109375 0.046875 0.0140625
0 0.68671875 0.9109375 0.12578125 0.0140625
0 0.4140625 0.9125 0.02734375 0.01171875
0 0.29609375 0.93046875 0.07265625 0.01484375
0 0.1421875 0.93046875 0.190625 0.0171875
0 0.44609375 0.9515625 0.259375 0.0171875
0 0.6390625 0.9515625 0.10625 0.0171875