0 0.69140625 0.1578125 0.228125 0.0171875
0 0.54609375 0.15859375 0.02578125 0.015625
0 0.38515625 0.159375 0.27109375 0.01953125
0 0.2078125 0.16015625 0.05546875 0.01953125
0 0.446875 0.18671875 0.11640625 0.01484375
0 0.58515625 0.18671875 0.1375 0.01484375
0 0.34609375 0.18671875 0.0421875 0.01484375
0 0.59765625 0.2140625 0.109375 0.01328125
0 0.47265625 0.215625 0.11640625 0.0140625
0 0.365625 0.215625 0.07109375 0.0140625
0 0.465625 0.24140625 0.11953125 0.015625
0 0.6203125 0.24140625 0.16015625 0.015625
0 0.33671875 0.2421875 0.10625 0.01484375
0 0.4953125 0.26640625 0.1875 0.01484375
0 0.5328125 0.2984375 0.05546875 0.01484375
0 0.65625 0.2984375 0.165625 0.01484375
0 0.33046875 0.30078125 0.16171875 0.01796875
0 0.459375 0.30078125 0.06796875 0.01796875
0 0.6171875 0.32578125 0.2578125 0.015625
0 0.440625 0.3265625 0.0578125 0.0140625
0 0.28125 0.3265625 0.078125 0.01484375
0 0.365625 0.32890625 0.07109375 0.01796875
0 0.41171875 0.36171875 0.07109375 0.015625
0 0.53671875 0.36171875 0.1515625 0.015625
0 0.37890625 0.3953125 0.05078125 0.0140625
0 0.471875 0.3953125 0.10390625 0.0140625
0 0.23671875 0.3953125 0.065625 0.01484375
0 0.13046875 0.396875 0.11640625 0.01328125
0 0.6015625 0.4234375 0.090625 0.01484375
0 0.446875 0.425 0.1875 0.01328125
0 0.1109375 0.425 0.0765625 0.01328125
0 0.37265625 0.4515625 0.03515625 0.01484375
0 0.15546875 0.453125 0.16875 0.01328125
0 0.7109375 0.48203125 0.065625 0.015625
0 0.86875 0.48203125 0.10625 0.015625
0 0.44296875 0.51015625 0.10625 0.0140625
0 0.1265625 0.51015625 0.10625 0.01484375
0 0.28515625 0.51015625 0.1875 0.01484375
0 0.89453125 0.53515625 0.05546875 0.01484375
0 0.68828125 0.53515625 0.109375 0.01484375
0 0.2078125 0.53515625 0.18046875 0.01484375
0 0.48828125 0.53515625 0.090625 0.01484375
0 0.37421875 0.53671875 0.0171875 0.01171875
0 0.33046875 0.56484375 0.1359375 0.01484375
0 0.68828125 0.56484375 0.11328125 0.01484375
0 0.31953125 0.596875 0.03515625 0.0140625
0 0.384375 0.596875 0.0796875 0.0140625
0 0.69765625 0.596875 0.09609375 0.015625
0 0.15625 0.59765625 0.08515625 0.01484375
0 0.25 0.59765625 0.0765625 0.01484375
0 0.16796875 0.6265625 0.08046875 0.01328125
0 0.25234375 0.6265625 0.06796875 0.01328125
0 0.31953125 0.6265625 0.03515625 0.01328125
0 0.38515625 0.6265625 0.075 0.01328125
0 0.68828125 0.6265625 0.11328125 0.01328125
0 0.2203125 0.65703125 0.06640625 0.01484375
0 0.3453125 0.65703125 0.1546875 0.01484375
0 0.69140625 0.65703125 0.11171875 0.01484375
0 0.13671875 0.65703125 0.08046875 0.01484375
0 0.68828125 0.6828125 0.11328125 0.01328125
0 0.32421875 0.68515625 0.1515625 0.01796875
0 0.365625 0.7078125 0.0640625 0.0125
0 0.7078125 0.7078125 0.0734375 0.0125
0 0.253125 0.709375 0.12890625 0.01796875
0 0.11953125 0.7375 0.08359375 0.0125
0 0.33671875 0.7375 0.015625 0.0125
0 0.23359375 0.73984375 0.11171875 0.015625
0 0.1203125 0.76796875 0.0796875 0.01328125
0 0.7859375 0.76796875 0.15625 0.01640625
0 0.50390625 0.76875 0.22265625 0.01796875
0 0.25234375 0.76953125 0.16484375 0.01796875
0 0.30390625 0.79765625 0.05390625 0.01328125
0 0.56796875 0.79765625 0.0890625 0.0125
0 0.8265625 0.79765625 0.0734375 0.0140625
0 0.1140625 0.79765625 0.05546875 0.0140625
0 0.2453125 0.79921875 0.03671875 0.015625
0 0.4421875 0.903125 0.12734375 0.0140625
0 0.55859375 0.903125 0.0765625 0.0140625
0 0.3625 0.925 0.14609375 0.01328125
0 0.50390625 0.92578125 0.10625 0.0140625
0 0.6296875 0.92578125 0.11953125 0.01328125