0 0.225 0.11171875 0.2390625 0.01875
0 0.51875 0.11171875 0.31171875 0.01796875
0 0.7328125 0.11171875 0.08046875 0.01796875
0 0.8390625 0.11171875 0.09375 0.01796875
0 0.49609375 0.1390625 0.16171875 0.0171875
0 0.2890625 0.15859375 0.05078125 0.01484375
0 0.65859375 0.15859375 0.11953125 0.01328125
0 0.4625 0.159375 0.10859375 0.01484375
0 0.55703125 0.159375 0.05859375 0.01484375
0 0.36015625 0.159375 0.06484375 0.015625
0 0.49375 0.18125 0.1640625 0.0140625
0 0.34140625 0.20390625 0.1 0.01328125
0 0.61875 0.2046875 0.15625 0.015625
0 0.47109375 0.2046875 0.115625 0.01484375
0 0.37109375 0.2265625 0.0640625 0.0140625
0 0.5421875 0.2265625 0.215625 0.015625
0 0.33515625 0.25546875 0.07265625 0.01328125
0 0.40078125 0.25546875 0.03203125 0.01328125
0 0.56953125 0.25625 0.2421875 0.01328125
0 0.3640625 0.2796875 0.21796875 0.0140625
0 0.5234375 0.2796875 0.07265625 0.0140625
0 0.65390625 0.28046875 0.15859375 0.01328125
0 0.1015625 0.31328125 0.09921875 0.01328125
0 0.0828125 0.33984375 0.065625 0.01484375
0 0.42265625 0.33984375 0.20859375 0.0140625
0 0.1515625 0.33984375 0.04140625 0.0140625
0 0.80234375 0.340625 0.1765625 0.0140625
0 0.6421875 0.340625 0.07890625 0.01328125
0 0.63984375 0.36328125 0.084375 0.0140625
0 0.7828125 0.36328125 0.134375 0.0140625
0 0.36640625 0.36484375 0.096875 0.0140625
0 0.1140625 0.36484375 0.12578125 0.01328125
0 0.62890625 0.38828125 0.065625 0.0140625
0 0.1515625 0.38984375 0.196875 0.01796875
0 0.0859375 0.4296875 0.07109375 0.0140625
0 0.5640625 0.43125 0.11953125 0.0140625
0 0.7421875 0.43125 0.13515625 0.0140625
0 0.8828125 0.43125 0.0609375 0.0140625
0 0.39609375 0.43203125 0.05625 0.0171875
0 0.09453125 0.453125 0.07578125 0.0140625
0 0.5609375 0.453125 0.0671875 0.0140625
0 0.39609375 0.45390625 0.0140625 0.01328125
0 0.77578125 0.45390625 0.06796875 0.01328125
0 0.884375 0.45390625 0.04765625 0.0140625
0 0.2484375 0.4765625 0.1671875 0.01328125
0 0.3609375 0.4765625 0.02890625 0.01328125
0 0.10078125 0.47734375 0.09921875 0.0140625
0 0.09140625 0.5015625 0.07890625 0.0140625
0 0.3953125 0.50234375 0.01796875 0.01328125
0 0.56328125 0.50234375 0.08828125 0.01328125
0 0.75703125 0.50234375 0.10546875 0.0140625
0 0.884375 0.50234375 0.04765625 0.0140625
0 0.428125 0.52578125 0.09453125 0.0140625
0 0.1015625 0.52578125 0.10078125 0.0140625
0 0.2671875 0.52578125 0.20234375 0.0140625
0 0.39765625 0.55234375 0.015625 0.01328125
0 0.5640625 0.5515625 0.084375 0.0140625
0 0.09375 0.5515625 0.07421875 0.0140625
0 0.76484375 0.55234375 0.08515625 0.01328125
0 0.88359375 0.55234375 0.04765625 0.0140625
0 0.0671875 0.575 0.02890625 0.01328125
0 0.17890625 0.57578125 0.17109375 0.01328125
0 0.3765625 0.5765625 0.2 0.01640625
0 0.18359375 0.5984375 0.07734375 0.0140625
0 0.39375 0.59921875 0.0171875 0.01328125
0 0.7578125 0.59921875 0.10390625 0.01328125
0 0.2625 0.6 0.05859375 0.01796875
0 0.1859375 0.63203125 0.0734375 0.01328125
0 0.27734375 0.63203125 0.0875 0.01328125
0 0.75625 0.6328125 0.10390625 0.0140625
0 0.4140625 0.63359375 0.15859375 0.01796875
0 0.5453125 0.63359375 0.0859375 0.0171875
0 0.5203125 0.65859375 0.1359375 0.0140625
0 0.77109375 0.65859375 0.06796875 0.0140625
0 0.5515625 0.6828125 0.07109375 0.01328125
0 0.4671875 0.6828125 0.07265625 0.01328125
0 0.77109375 0.6828125 0.06796875 0.01328125
0 0.771875 0.7109375 0.06953125 0.01328125
0 0.5140625 0.7125 0.14609375 0.01796875
0 0.1203125 0.73984375 0.08515625 0.01328125
0 0.22109375 0.73984375 0.09375 0.01328125
0 0.47578125 0.73984375 0.03515625 0.01328125
0 0.75390625 0.740625 0.109375 0.01328125
0 0.3640625 0.74140625 0.1671875 0.01796875
0 0.54765625 0.7421875 0.084375 0.01796875
0 0.75390625 0.76796875 0.109375 0.01484375
0 0.5375 0.76875 0.1 0.01328125
0 0.771875 0.7921875 0.06953125 0.0140625
0 0.52265625 0.79453125 0.13515625 0.01796875
0 0.1515625 0.8375 0.0796875 0.015625
0 0.30390625 0.8375 0.196875 0.015625
0 0.2390625 0.86796875 0.0890625 0.01328125
0 0.1515625 0.86796875 0.0609375 0.0140625
0 0.74609375 0.86875 0.06171875 0.0140625
0 0.60859375 0.86875 0.08046875 0.0140625
0 0.525 0.86875 0.0671875 0.0140625
0 0.82890625 0.86953125 0.07734375 0.015625
0 0.3890625 0.86953125 0.02734375 0.0171875
0 0.3890625 0.8890625 0.01953125 0.0140625
0 0.1515625 0.8890625 0.05 0.0140625
0 0.59140625 0.8890625 0.11484375 0.0140625
0 0.8328125 0.8890625 0.07421875 0.0140625
0 0.3640625 0.91796875 0.0875 0.0140625
0 0.58984375 0.91875 0.11796875 0.01328125
0 0.8328125 0.91875 0.07421875 0.01328125
0 0.1640625 0.96328125 0.115625 0.01171875
0 0.3578125 0.96328125 0.059375 0.01171875
0 0.27578125 0.9640625 0.08046875 0.01171875
0 0.43203125 0.9640625 0.06171875 0.01171875
0 0.8375 0.9640625 0.0640625 0.01171875
0 0.7421875 0.9640625 0.096875 0.01171875
0 0.5765625 0.9640625 0.20625 0.01328125