0 0.80703125 0.03203125 0.0453125 0.0234375
0 0.24453125 0.13046875 0.146875 0.01640625
0 0.41640625 0.13125 0.1625 0.0171875
0 0.5671875 0.1328125 0.1109375 0.0171875
0 0.725 0.1328125 0.17265625 0.0171875
0 0.4921875 0.15078125 0.26640625 0.0171875
0 0.30625 0.1734375 0.06796875 0.0140625
0 0.38359375 0.1734375 0.0578125 0.0140625
0 0.48125 0.1734375 0.10859375 0.0140625
0 0.6296875 0.17421875 0.15859375 0.01484375
0 0.29375 0.1953125 0.1 0.0140625
0 0.43984375 0.196875 0.1625 0.015625
0 0.640625 0.196875 0.2078125 0.01484375
0 0.18515625 0.23046875 0.06328125 0.0140625
0 0.35625 0.23203125 0.21640625 0.01484375
0 0.54765625 0.23203125 0.065625 0.0140625
0 0.71875 0.23359375 0.215625 0.0140625
0 0.33046875 0.25546875 0.071875 0.01484375
0 0.3953125 0.25546875 0.03203125 0.01484375
0 0.56484375 0.25546875 0.24453125 0.01484375
0 0.4 0.2828125 0.0765625 0.0140625
0 0.53359375 0.28359375 0.1640625 0.01484375
0 0.06484375 0.303125 0.040625 0.0140625
0 0.11796875 0.303125 0.03984375 0.0140625
0 0.0859375 0.32734375 0.0828125 0.01484375
0 0.18984375 0.32734375 0.1046875 0.01484375
0 0.303125 0.328125 0.096875 0.01484375
0 0.478125 0.328125 0.228125 0.015625
0 0.1171875 0.3484375 0.01328125 0.0140625
0 0.0703125 0.3484375 0.0515625 0.0140625
0 0.1921875 0.3484375 0.1109375 0.0140625
0 0.3125 0.3484375 0.1015625 0.0140625
0 0.3859375 0.34921875 0.01640625 0.0140625
0 0.10625 0.36796875 0.12421875 0.0140625
0 0.228125 0.36875 0.096875 0.01484375
0 0.33828125 0.36875 0.103125 0.01484375
0 0.1234375 0.39140625 0.15390625 0.01484375
0 0.31484375 0.3921875 0.20078125 0.01484375
0 0.153125 0.4140625 0.215625 0.01484375
0 0.075 0.434375 0.065625 0.01484375
0 0.14296875 0.434375 0.0453125 0.01484375
0 0.41171875 0.4359375 0.215625 0.0140625
0 0.6875 0.4375 0.084375 0.015625
0 0.84609375 0.4375 0.1796875 0.01484375
0 0.10703125 0.45859375 0.1296875 0.0140625
0 0.35625 0.46015625 0.09609375 0.0140625
0 0.68125 0.4609375 0.08515625 0.0140625
0 0.8265625 0.46171875 0.1359375 0.0140625
0 0.14453125 0.4828125 0.19609375 0.0171875
0 0.68984375 0.484375 0.0734375 0.01484375
0 0.60625 0.51875 0.0875 0.01484375
0 0.79296875 0.51953125 0.0859375 0.01484375
0 0.07265625 0.53203125 0.06328125 0.01328125
0 0.60859375 0.53359375 0.103125 0.0125
0 0.4625 0.53359375 0.1046875 0.0140625
0 0.33046875 0.534375 0.0515625 0.01484375
0 0.7796875 0.534375 0.11328125 0.01328125
0 0.91640625 0.53515625 0.053125 0.0125
0 0.09609375 0.55078125 0.09921875 0.0125
0 0.33046875 0.55234375 0.01328125 0.0125
0 0.46328125 0.553125 0.07734375 0.0125
0 0.60703125 0.553125 0.07734375 0.0125
0 0.7921875 0.55390625 0.0890625 0.0125
0 0.92109375 0.55546875 0.0390625 0.0125
0 0.0859375 0.5734375 0.07890625 0.0125
0 0.1625 0.5734375 0.053125 0.0125
0 0.25625 0.57421875 0.10234375 0.0140625
0 0.12578125 0.596875 0.07890625 0.01484375
0 0.328125 0.59765625 0.0203125 0.0140625
0 0.20546875 0.59921875 0.0625 0.0171875
0 0.7890625 0.59921875 0.1078125 0.01484375
0 0.21171875 0.634375 0.0765625 0.01484375
0 0.30625 0.63515625 0.0859375 0.01328125
0 0.790625 0.6375 0.1046875 0.0140625
0 0.44296875 0.6375 0.16171875 0.0171875
0 0.578125 0.6375 0.0875 0.01640625
0 0.55234375 0.6640625 0.1390625 0.0140625
0 0.8078125 0.66484375 0.06875 0.0140625
0 0.49921875 0.69140625 0.08046875 0.01484375
0 0.5859375 0.69140625 0.07421875 0.0140625
0 0.8078125 0.69140625 0.06875 0.01328125
0 0.8078125 0.71875 0.0703125 0.0140625
0 0.546875 0.71953125 0.14765625 0.0171875
0 0.14609375 0.74453125 0.0875 0.0140625
0 0.25 0.74453125 0.09453125 0.0140625
0 0.50859375 0.74609375 0.03203125 0.01484375
0 0.78828125 0.746875 0.10859375 0.0140625
0 0.3953125 0.746875 0.1703125 0.0171875
0 0.57890625 0.74765625 0.0859375 0.0171875
0 0.5671875 0.7734375 0.1 0.01484375
0 0.78828125 0.775 0.10859375 0.01328125
0 0.79765625 0.7953125 0.0875 0.01328125
0 0.553125 0.79609375 0.1359375 0.0171875
0 0.14296875 0.8421875 0.0734375 0.01484375
0 0.284375 0.8421875 0.18515625 0.01484375
0 0.23125 0.86875 0.0890625 0.0140625
0 0.14296875 0.86875 0.0625 0.01484375
0 0.5390625 0.8703125 0.06875 0.01484375
0 0.77890625 0.87109375 0.06328125 0.01328125
0 0.62578125 0.87109375 0.07890625 0.01484375
0 0.39296875 0.87109375 0.02890625 0.01640625
0 0.86171875 0.87109375 0.08203125 0.0140625
0 0.13828125 0.8890625 0.04921875 0.0140625
0 0.39296875 0.890625 0.01796875 0.0140625
0 0.61171875 0.89140625 0.1078125 0.0140625
0 0.8671875 0.89140625 0.06796875 0.01328125
0 0.36171875 0.91328125 0.0859375 0.01484375
0 0.6078125 0.9140625 0.1078125 0.0140625
0 0.8671875 0.9140625 0.06796875 0.0140625
0 0.15625 0.95234375 0.11640625 0.0125
0 0.26796875 0.953125 0.0828125 0.0125
0 0.3515625 0.953125 0.06015625 0.0125
0 0.42734375 0.953125 0.06328125 0.01171875
0 0.57578125 0.9546875 0.209375 0.01328125
0 0.7421875 0.95546875 0.1 0.0125
0 0.84140625 0.95546875 0.071875 0.0125