0 0.121875 0.1203125 0.03984375 0.01484375
0 0.35703125 0.1203125 0.12421875 0.01484375
0 0.19609375 0.1203125 0.0609375 0.01640625
0 0.26171875 0.1203125 0.015625 0.01484375
0 0.6203125 0.121875 0.05703125 0.01484375
0 0.7484375 0.121875 0.1453125 0.01484375
0 0.5453125 0.121875 0.03828125 0.01640625
0 0.47265625 0.12265625 0.0625 0.0109375
0 0.28203125 0.14140625 0.0609375 0.01484375
0 0.409375 0.1421875 0.10390625 0.015625
0 0.55625 0.1421875 0.146875 0.01640625
0 0.3890625 0.1625 0.18828125 0.015625
0 0.56171875 0.16484375 0.11484375 0.01796875
0 0.30390625 0.184375 0.10390625 0.01484375
0 0.4609375 0.184375 0.16875 0.01796875
0 0.61015625 0.1859375 0.084375 0.01484375
0 0.39765625 0.20703125 0.03984375 0.01484375
0 0.2109375 0.2078125 0.075 0.01640625
0 0.30859375 0.20859375 0.06875 0.0171875
0 0.6171875 0.2078125 0.26171875 0.01796875
0 0.2703125 0.24921875 0.11953125 0.015625
0 0.528125 0.25 0.28359375 0.0171875
0 0.14375 0.30078125 0.20703125 0.0296875
0 0.3125 0.30078125 0.03828125 0.0296875
0 0.07109375 0.35234375 0.059375 0.01484375
0 0.2921875 0.3515625 0.12421875 0.015625
0 0.14921875 0.3515625 0.05234375 0.015625
0 0.6453125 0.3515625 0.11953125 0.0171875
0 0.76796875 0.35234375 0.02109375 0.01640625
0 0.54609375 0.3734375 0.1671875 0.0171875
0 0.0796875 0.3734375 0.0828125 0.0171875
0 0.3359375 0.3734375 0.20546875 0.0171875
0 0.271875 0.39453125 0.08125 0.01484375
0 0.11875 0.39453125 0.1609375 0.01484375
0 0.15234375 0.4375 0.234375 0.0171875
0 0.3875 0.4390625 0.0609375 0.01640625
0 0.74453125 0.4390625 0.0953125 0.01484375
0 0.85546875 0.43828125 0.059375 0.015625
0 0.57578125 0.43828125 0.146875 0.015625
0 0.12265625 0.4796875 0.16875 0.0171875
0 0.33046875 0.4796875 0.0703125 0.01640625
0 0.2546875 0.48046875 0.03046875 0.0171875
0 0.55859375 0.50078125 0.10234375 0.01484375
0 0.34453125 0.50078125 0.01875 0.01484375
0 0.73828125 0.50078125 0.12421875 0.015625
0 0.8640625 0.50078125 0.03828125 0.015625
0 0.3875 0.503125 0.015625 0.00859375
0 0.08828125 0.54296875 0.09765625 0.015625
0 0.275 0.54296875 0.20234375 0.01796875
0 0.43515625 0.54296875 0.0734375 0.0171875
0 0.06953125 0.5640625 0.059375 0.015625
0 0.8328125 0.565625 0.10546875 0.015625
0 0.20390625 0.565625 0.159375 0.015625
0 0.08671875 0.5859375 0.09375 0.01484375
0 0.8234375 0.5859375 0.12265625 0.015625
0 0.51171875 0.5859375 0.0953125 0.0171875
0 0.275 0.5859375 0.19921875 0.0171875
0 0.41796875 0.5859375 0.03828125 0.015625
0 0.1578125 0.6375 0.2328125 0.0296875
0 0.759375 0.6375 0.2484375 0.0296875
0 0.10859375 0.68828125 0.140625 0.01796875
0 0.22890625 0.6890625 0.03671875 0.01640625
0 0.54921875 0.68828125 0.20546875 0.015625
0 0.7984375 0.68828125 0.17421875 0.0140625
0 0.10859375 0.709375 0.140625 0.01484375
0 0.25078125 0.71015625 0.0828125 0.0171875
0 0.08125 0.7515625 0.0828125 0.015625
0 0.82109375 0.753125 0.12734375 0.01484375
0 0.1015625 0.7734375 0.12578125 0.0171875
0 0.8359375 0.77421875 0.09921875 0.015625
0 0.06953125 0.8359375 0.0625 0.01484375
0 0.56171875 0.8359375 0.20703125 0.01640625
0 0.80703125 0.83671875 0.1375 0.0171875
0 0.196875 0.8359375 0.1453125 0.01484375
0 0.06015625 0.85703125 0.03671875 0.015625
0 0.34140625 0.85859375 0.05078125 0.01640625
0 0.27578125 0.8578125 0.03203125 0.015625
0 0.4109375 0.96171875 0.09765625 0.0140625
0 0.515625 0.96171875 0.059375 0.015625
0 0.35546875 0.9796875 0.12421875 0.009375
0 0.59921875 0.9796875 0.10078125 0.009375
0 0.48203125 0.9796875 0.0828125 0.01015625