0 0.2296875 0.171875 0.05625 0.01640625
0 0.34609375 0.17265625 0.11875 0.01640625
0 0.65390625 0.1734375 0.05859375 0.01640625
0 0.5171875 0.175 0.1578125 0.0203125
0 0.7390625 0.175 0.06171875 0.01640625
0 0.4859375 0.1984375 0.3171875 0.01640625
0 0.16640625 0.22265625 0.06171875 0.01640625
0 0.2859375 0.2234375 0.11875 0.0171875
0 0.37890625 0.2234375 0.01796875 0.01484375
0 0.4734375 0.2234375 0.11875 0.0171875
0 0.63203125 0.225 0.10234375 0.0171875
0 0.73671875 0.22578125 0.06171875 0.01640625
0 0.79921875 0.2265625 0.01796875 0.015625
0 0.23125 0.2484375 0.14609375 0.01640625
0 0.459375 0.25 0.2734375 0.01640625
0 0.71328125 0.253125 0.1859375 0.0203125
0 0.22890625 0.27421875 0.103125 0.01640625
0 0.3453125 0.275 0.078125 0.01640625
0 0.50390625 0.27578125 0.1875 0.0171875
0 0.725 0.2765625 0.165625 0.01640625
0 0.34609375 0.29921875 0.03828125 0.01640625
0 0.4078125 0.30078125 0.04140625 0.01484375
0 0.26171875 0.30078125 0.075 0.02109375
0 0.5984375 0.30234375 0.284375 0.02109375
0 0.48984375 0.32734375 0.159375 0.02109375
0 0.3953125 0.35 0.06171875 0.01640625
0 0.5234375 0.3515625 0.14140625 0.01640625
0 0.1 0.40078125 0.05859375 0.015625
0 0.2171875 0.40078125 0.11875 0.01640625
0 0.38515625 0.40234375 0.1578125 0.02109375
0 0.8890625 0.40390625 0.040625 0.015625
0 0.13046875 0.42578125 0.121875 0.015625
0 0.3234375 0.42734375 0.1203125 0.01640625
0 0.1421875 0.4515625 0.14375 0.0171875
0 0.540625 0.453125 0.0171875 0.01640625
0 0.5828125 0.453125 0.0203125 0.0171875
0 0.67734375 0.4546875 0.0796875 0.015625
0 0.82578125 0.4546875 0.08203125 0.01640625
0 0.0984375 0.47734375 0.06015625 0.01640625
0 0.2140625 0.47734375 0.1234375 0.01640625
0 0.35234375 0.478125 0.10234375 0.0171875
0 0.8890625 0.48046875 0.040625 0.01640625
0 0.13046875 0.50390625 0.121875 0.01640625
0 0.3234375 0.50390625 0.121875 0.0171875
0 0.13984375 0.52890625 0.14609375 0.01640625
0 0.58203125 0.53046875 0.01796875 0.0171875
0 0.540625 0.53046875 0.01796875 0.01640625
0 0.67734375 0.53046875 0.08203125 0.01640625
0 0.8140625 0.53125 0.103125 0.01640625
0 0.28671875 0.5796875 0.01796875 0.01640625
0 0.13671875 0.58125 0.14140625 0.01953125
0 0.89765625 0.58203125 0.01875 0.01640625
0 0.7578125 0.58359375 0.11875 0.0203125
0 0.1171875 0.6296875 0.1 0.01484375
0 0.24296875 0.63046875 0.09453125 0.01640625
0 0.38203125 0.63046875 0.1203125 0.01640625
0 0.8546875 0.63203125 0.10234375 0.01640625
0 0.759375 0.63203125 0.0390625 0.01640625
0 0.10625 0.6546875 0.0828125 0.01640625
0 0.75859375 0.65625 0.040625 0.01484375
0 0.85390625 0.65625 0.10234375 0.01640625
0 0.1265625 0.6796875 0.1234375 0.01640625
0 0.78046875 0.68046875 0.03671875 0.015625
0 0.86484375 0.68125 0.07734375 0.01640625
0 0.0953125 0.73046875 0.05859375 0.01640625
0 0.1796875 0.73046875 0.05703125 0.01640625
0 0.31640625 0.73046875 0.165625 0.01640625
0 0.53671875 0.73125 0.10078125 0.015625
0 0.44375 0.73125 0.0390625 0.015625
0 0.80234375 0.73203125 0.078125 0.01484375
0 0.71640625 0.73203125 0.040625 0.01484375
0 0.3078125 0.78125 0.10234375 0.01640625
0 0.7984375 0.78125 0.20703125 0.01640625
0 0.1484375 0.78125 0.16484375 0.01640625
0 0.5265625 0.78125 0.084375 0.01640625
0 0.65234375 0.78125 0.03359375 0.01640625
0 0.421875 0.78125 0.0765625 0.01640625
0 0.328125 0.80703125 0.14453125 0.01640625
0 0.14765625 0.80703125 0.1671875 0.01640625
0 0.275 0.8578125 0.165625 0.01640625
0 0.69609375 0.8578125 0.1234375 0.01484375
0 0.41171875 0.8578125 0.05703125 0.01484375
0 0.53671875 0.8578125 0.14765625 0.01484375
0 0.58828125 0.88203125 0.16015625 0.01640625
0 0.44375 0.8828125 0.08203125 0.01640625
0 0.3484375 0.8828125 0.06015625 0.01640625
0 0.2828125 0.8828125 0.01875 0.015625
0 0.44375 0.90703125 0.0390625 0.01640625
0 0.66171875 0.90703125 0.1421875 0.01640625
0 0.31640625 0.90859375 0.165625 0.01640625
0 0.525 0.90859375 0.084375 0.01640625