0 0.10625 0.03515625 0.18359375 0.0203125
0 0.50703125 0.15625 0.1984375 0.01640625
0 0.28046875 0.15703125 0.06640625 0.01484375
0 0.3609375 0.15703125 0.071875 0.01640625
0 0.6546875 0.15703125 0.06328125 0.01640625
0 0.72421875 0.15703125 0.06640625 0.01640625
0 0.50234375 0.18359375 0.159375 0.01953125
0 0.5203125 0.20546875 0.0421875 0.0171875
0 0.575 0.20546875 0.0375 0.0171875
0 0.259375 0.20546875 0.0859375 0.01796875
0 0.684375 0.20546875 0.14296875 0.01796875
0 0.77421875 0.20625 0.01640625 0.0171875
0 0.43984375 0.20625 0.09609375 0.0125
0 0.36015625 0.20625 0.03125 0.0125
0 0.32109375 0.20625 0.01796875 0.0125
0 0.371875 0.23125 0.10859375 0.01484375
0 0.51171875 0.23125 0.1546875 0.0171875
0 0.6421875 0.23125 0.09140625 0.0171875
0 0.353125 0.253125 0.06796875 0.0171875
0 0.49765625 0.253125 0.1984375 0.0171875
0 0.2640625 0.25390625 0.0859375 0.01640625
0 0.70078125 0.25390625 0.17265625 0.01796875
0 0.44453125 0.2796875 0.10546875 0.01640625
0 0.5625 0.2796875 0.10703125 0.01640625
0 0.58046875 0.30703125 0.24375 0.01796875
0 0.3390625 0.30703125 0.0734375 0.01796875
0 0.40625 0.30703125 0.02890625 0.01796875
0 0.4375 0.34140625 0.06171875 0.01953125
0 0.5375 0.3421875 0.11875 0.01796875
0 0.25859375 0.36953125 0.153125 0.0171875
0 0.7390625 0.371875 0.13828125 0.01640625
0 0.615625 0.371875 0.0375 0.01640625
0 0.7015625 0.421875 0.05390625 0.0171875
0 0.82109375 0.421875 0.05234375 0.01953125
0 0.63515625 0.4234375 0.046875 0.01953125
0 0.3234375 0.44375 0.075 0.01953125
0 0.63984375 0.44453125 0.05078125 0.01796875
0 0.225 0.44453125 0.10546875 0.0171875
0 0.70703125 0.44453125 0.0390625 0.01953125
0 0.80703125 0.44453125 0.0796875 0.01953125
0 0.465625 0.44765625 0.190625 0.0203125
0 0.50078125 0.46953125 0.09453125 0.0171875
0 0.2125 0.46953125 0.0765625 0.0171875
0 0.38359375 0.4703125 0.0390625 0.01953125
0 0.30703125 0.47109375 0.0875 0.0203125
0 0.428125 0.471875 0.03125 0.01953125
0 0.63984375 0.50625 0.01484375 0.01640625
0 0.35859375 0.50703125 0.0796875 0.0171875
0 0.20078125 0.50703125 0.046875 0.0171875
0 0.271875 0.50703125 0.071875 0.0171875
0 0.7078125 0.50703125 0.040625 0.0171875
0 0.80625 0.5078125 0.078125 0.01796875
0 0.5328125 0.50859375 0.05078125 0.0203125
0 0.453125 0.50859375 0.0859375 0.0203125
0 0.37265625 0.5296875 0.10703125 0.0171875
0 0.228125 0.5296875 0.06953125 0.0171875
0 0.290625 0.53203125 0.02421875 0.0203125
0 0.45390625 0.58125 0.06796875 0.01640625
0 0.37734375 0.58203125 0.05859375 0.0171875
0 0.2390625 0.58203125 0.078125 0.0171875
0 0.77109375 0.58203125 0.075 0.0171875
0 0.55859375 0.58203125 0.04375 0.0171875
0 0.3140625 0.58203125 0.05859375 0.0171875
0 0.50859375 0.58359375 0.02890625 0.01953125
0 0.35390625 0.61953125 0.13203125 0.0203125
0 0.50546875 0.61953125 0.15625 0.01953125
0 0.76640625 0.65078125 0.0796875 0.0171875
0 0.43046875 0.65234375 0.05703125 0.01484375
0 0.35859375 0.65234375 0.0734375 0.01484375
0 0.52265625 0.6546875 0.11875 0.01796875
0 0.43515625 0.68671875 0.06328125 0.0171875
0 0.52734375 0.68671875 0.10859375 0.01796875
0 0.7609375 0.68671875 0.09140625 0.01796875
0 0.77109375 0.72421875 0.075 0.0171875
0 0.52421875 0.72421875 0.1125 0.0203125
0 0.78125 0.76015625 0.04375 0.0171875
0 0.52890625 0.7609375 0.10234375 0.01640625
0 0.378125 0.7609375 0.06953125 0.01640625
0 0.4453125 0.7625 0.05234375 0.01953125
0 0.22890625 0.81171875 0.06796875 0.0171875
0 0.51796875 0.8125 0.10859375 0.01796875
0 0.7390625 0.8125 0.05390625 0.01796875
0 0.33359375 0.81640625 0.13046875 0.02109375
0 0.5375 0.8375 0.06640625 0.01953125
0 0.73125 0.83828125 0.06640625 0.0203125
0 0.5484375 0.86953125 0.06953125 0.01796875
0 0.2171875 0.871875 0.0375 0.0171875
0 0.73359375 0.871875 0.06171875 0.01484375
0 0.26484375 0.8734375 0.02890625 0.01953125
0 0.3 0.8734375 0.02109375 0.0171875
0 0.22890625 0.896875 0.06796875 0.0171875
0 0.73359375 0.89765625 0.06171875 0.01796875
0 0.54921875 0.89765625 0.075 0.01640625
0 0.43828125 0.940625 0.10859375 0.0171875
0 0.53828125 0.9421875 0.06796875 0.01953125
0 0.2765625 0.96640625 0.0421875 0.0125
0 0.5265625 0.96796875 0.09140625 0.0125
0 0.41484375 0.96875 0.10390625 0.00859375
0 0.63359375 0.96953125 0.10234375 0.009375
0 0.70859375 0.96953125 0.02890625 0.0078125
0 0.3328125 0.96953125 0.046875 0.0078125