0 0.225 0.1125 0.05390625 0.01875
0 0.3609375 0.1140625 0.16171875 0.0203125
0 0.5609375 0.1171875 0.1828125 0.02109375
0 0.71640625 0.11953125 0.0703125 0.01875
0 0.11953125 0.13125 0.09765625 0.02265625
0 0.2859375 0.1328125 0.18046875 0.02421875
0 0.5421875 0.1359375 0.0609375 0.021875
0 0.584375 0.13671875 0.01328125 0.021875
0 0.61328125 0.13671875 0.03671875 0.021875
0 0.6453125 0.1375 0.00078125 0.02109375
0 0.6796875 0.1375 0.0328125 0.021875
0 0.71171875 0.13828125 0.00625 0.02109375
0 0.47578125 0.15234375 0.10078125 0.01796875
0 0.20390625 0.16953125 0.09375 0.02109375
0 0.390625 0.17109375 0.22421875 0.02265625
0 0.56171875 0.17265625 0.05546875 0.02109375
0 0.721875 0.17421875 0.2015625 0.021875
0 0.140625 0.20625 0.1 0.021875
0 0.37734375 0.2078125 0.19921875 0.02265625
0 0.12890625 0.22578125 0.078125 0.021875
0 0.32890625 0.22734375 0.09453125 0.021875
0 0.11953125 0.2453125 0.05859375 0.021875
0 0.19296875 0.2453125 0.03671875 0.021875
0 0.31640625 0.24765625 0.07734375 0.02265625
0 0.15859375 0.2828125 0.18359375 0.0203125
0 0.3484375 0.28359375 0.14140625 0.0203125
0 0.45234375 0.284375 0.0140625 0.01875
0 0.484375 0.28515625 0.03515625 0.01875
0 0.15 0.3015625 0.16484375 0.02109375
0 0.4078125 0.303125 0.00703125 0.01953125
0 0.45234375 0.303125 0.0140625 0.01953125
0 0.48359375 0.30390625 0.0375 0.01953125
0 0.12578125 0.32109375 0.11953125 0.01953125
0 0.30546875 0.321875 0.17734375 0.0203125
0 0.45234375 0.32265625 0.0140625 0.01875
0 0.4828125 0.3234375 0.0359375 0.01875
0 0.0953125 0.33984375 0.0578125 0.0203125
0 0.1578125 0.340625 0.0078125 0.01953125
0 0.29375 0.3421875 0.07421875 0.0203125
0 0.45078125 0.3421875 0.015625 0.01484375
0 0.48203125 0.3421875 0.03671875 0.015625
0 0.1265625 0.359375 0.1203125 0.0203125
0 0.2421875 0.36015625 0.05859375 0.0203125
0 0.32265625 0.3609375 0.05390625 0.0203125
0 0.39921875 0.36171875 0.03671875 0.01953125
0 0.4515625 0.3625 0.015625 0.01953125
0 0.48203125 0.3625 0.0375 0.01953125
0 0.14453125 0.3765625 0.16015625 0.0203125
0 0.3046875 0.37890625 0.0984375 0.01953125
0 0.4 0.3796875 0.0328125 0.01875
0 0.45078125 0.38046875 0.01484375 0.01875
0 0.48125 0.38046875 0.03671875 0.01875
0 0.74765625 0.2875 0.1453125 0.01640625
0 0.77109375 0.30859375 0.09765625 0.0171875
0 0.76875 0.32734375 0.1 0.01640625
0 0.76796875 0.34609375 0.10234375 0.015625
0 0.76875 0.3828125 0.10078125 0.01875
0 0.165625 0.43359375 0.11953125 0.0203125
0 0.165625 0.453125 0.12109375 0.01796875
0 0.7015625 0.44140625 0.0078125 0.01640625
0 0.76796875 0.44140625 0.096875 0.0171875
0 0.68046875 0.4609375 0.0109375 0.01875
0 0.75859375 0.4609375 0.11953125 0.01875
0 0.67734375 0.5171875 0.00859375 0.01796875
0 0.7578125 0.51796875 0.11640625 0.01875
0 0.153125 0.509375 0.0984375 0.0203125
0 0.27890625 0.5109375 0.09921875 0.0203125
0 0.11015625 0.528125 0.1 0.01875
0 0.234375 0.5296875 0.09375 0.01953125
0 0.3625 0.53125 0.10546875 0.01875
0 0.46328125 0.5328125 0.00703125 0.01796875
0 0.4875 0.53359375 0.00625 0.0171875
0 0.51328125 0.53359375 0.00859375 0.01796875
0 0.1484375 0.5484375 0.1953125 0.0203125
0 0.2890625 0.55 0.03515625 0.01875
0 0.3421875 0.55078125 0.00234375 0.01796875
0 0.4375 0.5515625 0.12109375 0.01953125
0 0.09921875 0.5796875 0.053125 0.0140625
0 0.21015625 0.58125 0.11484375 0.015625
0 0.284375 0.5828125 0.003125 0.01328125
0 0.35625 0.584375 0.07734375 0.01484375
0 0.49921875 0.58671875 0.15625 0.01640625
0 0.59375 0.58828125 0.0046875 0.01328125
0 0.14296875 0.59296875 0.134375 0.0140625
0 0.22890625 0.6078125 0.046875 0.01328125
0 0.275 0.6078125 0.00546875 0.0125
0 0.321875 0.60859375 0.06328125 0.0140625
0 0.375 0.60859375 0.00546875 0.01328125
0 0.53515625 0.6109375 0.29296875 0.01640625
0 0.77734375 0.6140625 0.0578125 0.01328125
0 0.27578125 0.62109375 0.0953125 0.0140625
0 0.43359375 0.62265625 0.17265625 0.01484375
0 0.60390625 0.625 0.10625 0.0140625
0 0.7203125 0.62578125 0.0671875 0.01328125
0 0.41640625 0.63828125 0.13359375 0.0140625
0 0.52734375 0.6390625 0.03515625 0.01328125
0 0.55625 0.6390625 0.003125 0.01328125
0 0.58671875 0.6390625 0.03359375 0.01328125
0 0.61484375 0.6390625 0.01484375 0.01328125
0 0.63515625 0.6390625 0.01640625 0.01328125
0 0.496875 0.65625 0.0953125 0.01484375
0 0.4484375 0.69140625 0.115625 0.0171875
0 0.54921875 0.69140625 0.03515625 0.0171875
0 0.13984375 0.7296875 0.1140625 0.01640625
0 0.2453125 0.72890625 0.03828125 0.0171875
0 0.4671875 0.72734375 0.19375 0.01640625
0 0.1609375 0.74765625 0.15859375 0.01953125
0 0.2859375 0.74765625 0.03828125 0.01953125
0 0.490625 0.746875 0.1578125 0.01953125
0 0.33671875 0.7671875 0.1390625 0.0203125
0 0.5015625 0.7671875 0.1359375 0.0203125
0 0.60625 0.7671875 0.01796875 0.01015625
0 0.684375 0.76640625 0.09453125 0.0203125
0 0.32265625 0.7859375 0.1984375 0.01875
0 0.5359375 0.7859375 0.15546875 0.01796875
0 0.6671875 0.78515625 0.0109375 0.01875
0 0.71796875 0.78515625 0.0328125 0.01875
0 0.778125 0.78515625 0.03671875 0.01875
0 0.47421875 0.8046875 0.078125 0.0171875
0 0.13203125 0.84609375 0.1 0.01875
0 0.41484375 0.84296875 0.1625 0.01875
0 0.2578125 0.884375 0.1 0.021875
0 0.415625 0.8828125 0.1625 0.0203125
0 0.6640625 0.88046875 0.28125 0.01875
0 0.3609375 0.903125 0.18515625 0.0171875
0 0.51015625 0.9015625 0.0578125 0.01875
0 0.6046875 0.9 0.08203125 0.01796875
0 0.7171875 0.8984375 0.0984375 0.01796875
0 0.41640625 0.9203125 0.29375 0.01640625
0 0.409375 0.93984375 0.1 0.015625
0 0.471875 0.9390625 0.00390625 0.01640625
0 0.5515625 0.9375 0.0953125 0.015625
0 0.30703125 0.959375 0.1 0.015625
0 0.5203125 0.95703125 0.28828125 0.01328125
0 0.72734375 0.953125 0.07421875 0.01640625
0 0.4109375 0.97578125 0.1046875 0.01484375
0 0.54765625 0.97421875 0.10078125 0.01484375
0 0.62734375 0.97265625 0.03359375 0.015625
0 0.79375 0.13984375 0.14453125 0.01875
0 0.77109375 0.3640625 0.11015625 0.01640625
0 0.3140625 0.30234375 0.12578125 0.01796875
0 0.67578125 0.91796875 0.18359375 0.015625
0 0.62734375 0.93671875 0.03359375 0.0140625