0 0.53984375 0.121875 0.06015625 0.01328125
0 0.46484375 0.12265625 0.059375 0.0125
0 0.35859375 0.1234375 0.11875 0.01328125
0 0.53984375 0.13984375 0.115625 0.0125
0 0.43515625 0.140625 0.059375 0.01328125
0 0.32265625 0.14140625 0.13203125 0.0140625
0 0.60390625 0.1578125 0.11875 0.0125
0 0.46640625 0.1578125 0.11875 0.01328125
0 0.32265625 0.159375 0.10625 0.0140625
0 0.2234375 0.1609375 0.05546875 0.01328125
0 0.49453125 0.17578125 0.0578125 0.01328125
0 0.428125 0.1765625 0.04296875 0.01328125
0 0.35234375 0.178125 0.07421875 0.01328125
0 0.534375 0.19453125 0.10546875 0.01328125
0 0.403125 0.1953125 0.1125 0.01328125
0 0.2921875 0.1953125 0.075 0.0125
0 0.3609375 0.2140625 0.18125 0.0140625
0 0.2109375 0.215625 0.025 0.0125
0 0.15234375 0.215625 0.040625 0.0125
0 0.3703125 0.26796875 0.04296875 0.0125
0 0.46171875 0.26796875 0.1015625 0.01328125
0 0.43046875 0.2859375 0.04296875 0.01328125
0 0.19609375 0.28828125 0.11875 0.01328125
0 0.46328125 0.303125 0.10625 0.0125
0 0.24609375 0.30546875 0.03515625 0.0125
0 0.175 0.30546875 0.07265625 0.01328125
0 0.63671875 0.32109375 0.11875 0.01328125
0 0.48515625 0.32265625 0.15 0.01328125
0 0.2578125 0.32421875 0.0578125 0.0125
0 0.1734375 0.325 0.075 0.01328125
0 0.5234375 0.33984375 0.07421875 0.0125
0 0.44140625 0.340625 0.05703125 0.0125
0 0.19140625 0.3421875 0.1015625 0.0125
0 0.44140625 0.37578125 0.059375 0.01328125
0 0.184375 0.378125 0.08671875 0.01328125
0 0.41875 0.3953125 0.01640625 0.015625
0 0.275 0.3953125 0.0890625 0.01328125
0 0.17734375 0.39609375 0.07109375 0.0140625
0 0.615625 0.4296875 0.0421875 0.01328125
0 0.69921875 0.4296875 0.0515625 0.01484375
0 0.5109375 0.43046875 0.07265625 0.0125
0 0.403125 0.43046875 0.103125 0.01328125
0 0.28984375 0.43203125 0.08984375 0.0125
0 0.18515625 0.4328125 0.0890625 0.01328125
0 0.69296875 0.44765625 0.07421875 0.01328125
0 0.55546875 0.4484375 0.07421875 0.01328125
0 0.46640625 0.4484375 0.009375 0.0125
0 0.21640625 0.45 0.153125 0.01328125
0 0.65703125 0.46484375 0.08828125 0.0140625
0 0.26171875 0.46796875 0.0921875 0.0125
0 0.1703125 0.46953125 0.0578125 0.0109375
0 0.61796875 0.48359375 0.04296875 0.01328125
0 0.70078125 0.484375 0.0515625 0.0140625
0 0.3 0.4859375 0.0421875 0.01328125
0 0.20078125 0.48671875 0.11796875 0.0140625
0 0.7015625 0.5015625 0.0578125 0.0140625
0 0.55 0.50234375 0.06328125 0.01328125
0 0.4671875 0.503125 0.0140625 0.0171875
0 0.18125 0.50546875 0.07734375 0.01328125
0 0.725 0.5375 0.0140625 0.0140625
0 0.25546875 0.540625 0.075 0.01328125
0 0.1734375 0.540625 0.0609375 0.0125
0 0.69609375 0.55546875 0.071875 0.0125
0 0.43671875 0.55703125 0.046875 0.01328125
0 0.36015625 0.5578125 0.06328125 0.0125
0 0.271875 0.55859375 0.071875 0.01328125
0 0.17890625 0.559375 0.07109375 0.0125
0 0.70390625 0.5734375 0.0625 0.01328125
0 0.35546875 0.57734375 0.14921875 0.015625
0 0.203125 0.578125 0.12265625 0.01328125
0 0.696875 0.5921875 0.07421875 0.0140625
0 0.3859375 0.5953125 0.11875 0.0140625
0 0.27109375 0.5953125 0.071875 0.0125
0 0.18046875 0.59609375 0.06875 0.01328125
0 0.696875 0.628125 0.0765625 0.01328125
0 0.17265625 0.6328125 0.0640625 0.01484375
0 0.70703125 0.646875 0.06015625 0.0140625
0 0.50859375 0.6484375 0.028125 0.01328125
0 0.23359375 0.65078125 0.0296875 0.0125
0 0.1734375 0.6515625 0.0578125 0.0125
0 0.63046875 0.665625 0.21328125 0.01484375
0 0.2484375 0.66953125 0.0609375 0.0125
0 0.16953125 0.67109375 0.0515625 0.01328125
0 0.3578125 0.6859375 0.05703125 0.01328125
0 0.159375 0.6875 0.0265625 0.0125
0 0.68359375 0.75625 0.10546875 0.0140625
0 0.44921875 0.759375 0.1484375 0.0140625
0 0.16796875 0.76015625 0.04609375 0.0125
0 0.2609375 0.76328125 0.10546875 0.01171875
0 0.709375 0.79375 0.0625 0.01484375
0 0.4890625 0.7953125 0.07734375 0.01328125
0 0.2375 0.796875 0.03203125 0.01328125
0 0.16171875 0.79765625 0.02890625 0.01328125
0 0.71015625 0.8125 0.0640625 0.01484375
0 0.49765625 0.81328125 0.065625 0.01328125
0 0.23828125 0.815625 0.03203125 0.01328125
0 0.16171875 0.8171875 0.03359375 0.01328125
0 0.70390625 0.84765625 0.075 0.01484375
0 0.46796875 0.8515625 0.0890625 0.01328125
0 0.31875 0.853125 0.1609375 0.01640625
0 0.18359375 0.853125 0.07265625 0.01328125
0 0.56015625 0.86796875 0.1203125 0.01328125
0 0.40546875 0.86953125 0.15234375 0.01328125
0 0.21953125 0.87109375 0.06796875 0.0125
0 0.28984375 0.87109375 0.040625 0.01171875
0 0.15703125 0.871875 0.0203125 0.01171875
0 0.5078125 0.92265625 0.0453125 0.0125
0 0.43046875 0.9234375 0.075 0.01328125
0 0.53828125 0.93984375 0.075 0.01484375
0 0.4546875 0.940625 0.06015625 0.0125
0 0.3640625 0.940625 0.08984375 0.01171875