0 0.3484375 0.1484375 0.0109375 0.01484375
0 0.375 0.1484375 0.009375 0.01484375
0 0.43359375 0.1484375 0.09375 0.015625
0 0.56640625 0.14921875 0.115625 0.015625
0 0.25 0.16640625 0.13671875 0.01640625
0 0.390625 0.1671875 0.09765625 0.01640625
0 0.54375 0.1671875 0.15703125 0.01640625
0 0.11484375 0.18203125 0.075 0.01796875
0 0.2703125 0.18203125 0.17265625 0.01796875
0 0.42265625 0.1828125 0.0765625 0.0171875
0 0.51328125 0.18359375 0.0515625 0.0171875
0 0.5546875 0.18359375 0.00625 0.0171875
0 0.6171875 0.18359375 0.053125 0.0171875
0 0.72109375 0.18515625 0.0515625 0.015625
0 0.8265625 0.18515625 0.0734375 0.0171875
0 0.1390625 0.2015625 0.1578125 0.0171875
0 0.27265625 0.20234375 0.0546875 0.01640625
0 0.31328125 0.20234375 0.003125 0.015625
0 0.39375 0.20234375 0.090625 0.0171875
0 0.54375 0.203125 0.15859375 0.0171875
0 0.6875 0.20390625 0.07265625 0.0171875
0 0.73828125 0.20390625 0.00625 0.01640625
0 0.7921875 0.20390625 0.03671875 0.01640625
0 0.821875 0.2046875 0.003125 0.015625
0 0.85546875 0.2046875 0.0359375 0.01640625
0 0.88515625 0.2046875 0.01171875 0.015625
0 0.90390625 0.2046875 0.0171875 0.015625
0 0.40390625 0.21875 0.11640625 0.0171875
0 0.49453125 0.21875 0.009375 0.0171875
0 0.57421875 0.21875 0.1 0.0171875
0 0.30234375 0.2359375 0.2375 0.0203125
0 0.47421875 0.2359375 0.05703125 0.01875
0 0.53359375 0.23671875 0.0078125 0.01796875
0 0.66875 0.2375 0.2 0.01953125
0 0.1375 0.25078125 0.1203125 0.0171875
0 0.2125 0.2515625 0.003125 0.015625
0 0.4125 0.253125 0.05703125 0.01640625
0 0.6375 0.2546875 0.05703125 0.01640625
0 0.67890625 0.2546875 0.00234375 0.015625
0 0.73046875 0.2546875 0.03828125 0.015625
0 0.7625 0.2546875 0.003125 0.015625
0 0.8234375 0.25546875 0.09453125 0.01640625
0 0.240625 0.26953125 0.1578125 0.01875
0 0.33046875 0.2703125 0.009375 0.01796875
0 0.46328125 0.2703125 0.19921875 0.01875
0 0.59765625 0.27109375 0.00703125 0.01796875
0 0.71015625 0.271875 0.15546875 0.01875
0 0.2390625 0.28671875 0.36796875 0.0203125
0 0.4546875 0.28828125 0.00625 0.0171875
0 0.68828125 0.290625 0.40234375 0.0203125
0 0.08671875 0.33515625 0.09140625 0.01640625
0 0.3109375 0.3390625 0.00625 0.01328125
0 0.44296875 0.33984375 0.19765625 0.0140625
0 0.65078125 0.340625 0.15703125 0.0140625
0 0.10078125 0.353125 0.11640625 0.01484375
0 0.20078125 0.3546875 0.03828125 0.01328125
0 0.31328125 0.35625 0.00625 0.0125
0 0.50546875 0.35703125 0.3203125 0.0140625
0 0.08046875 0.37109375 0.07265625 0.01640625
0 0.434375 0.3734375 0.17734375 0.0171875
0 0.540625 0.37421875 0.00859375 0.01640625
0 0.58828125 0.37421875 0.0703125 0.0171875
0 0.64140625 0.375 0.00859375 0.015625
0 0.775 0.375 0.24609375 0.0171875
0 0.10859375 0.3890625 0.1359375 0.01953125
0 0.31328125 0.3921875 0.00390625 0.01328125
0 0.39375 0.3921875 0.09609375 0.0140625
0 0.5453125 0.3921875 0.15390625 0.0140625
0 0.10859375 0.40703125 0.134375 0.01953125
0 0.24140625 0.4078125 0.07734375 0.01875
0 0.45625 0.409375 0.21640625 0.0203125
0 0.7875 0.5 0.00859375 0.0140625
0 0.85 0.5 0.09921875 0.01484375
0 0.05 0.45859375 0.0171875 0.01328125
0 0.13203125 0.45859375 0.1328125 0.01484375
0 0.090625 0.47578125 0.09453125 0.01796875
0 0.1828125 0.4765625 0.03515625 0.0171875
0 0.3140625 0.478125 0.09609375 0.01796875
0 0.403125 0.478125 0.034375 0.01796875
0 0.43359375 0.478125 0.01015625 0.0171875
0 0.46640625 0.478125 0.0359375 0.0171875
0 0.09296875 0.49296875 0.0953125 0.0171875
0 0.55703125 0.496875 0.01640625 0.0125
0 0.58828125 0.496875 0.03671875 0.0125
0 0.13515625 0.51015625 0.1359375 0.01171875
0 0.184375 0.528125 0.034375 0.01640625
0 0.31328125 0.5296875 0.09296875 0.0171875
0 0.403125 0.53046875 0.03515625 0.015625
0 0.43359375 0.53125 0.01015625 0.015625
0 0.4640625 0.53125 0.0359375 0.015625
0 0.09453125 0.54453125 0.096875 0.01953125
0 0.225 0.54609375 0.11875 0.01953125
0 0.3640625 0.546875 0.11484375 0.01953125
0 0.55703125 0.54921875 0.01796875 0.01328125
0 0.58828125 0.54921875 0.03671875 0.01328125
0 0.0484375 0.56015625 0.00625 0.0125
0 0.134375 0.5609375 0.13359375 0.01328125
0 0.09453125 0.57890625 0.09765625 0.01796875
0 0.184375 0.58046875 0.0328125 0.0171875
0 0.23359375 0.58046875 0.01328125 0.01640625
0 0.31328125 0.58203125 0.09296875 0.01796875
0 0.40234375 0.5828125 0.03359375 0.0171875
0 0.4296875 0.58359375 0.009375 0.015625
0 0.4640625 0.584375 0.03359375 0.0171875
0 0.09296875 0.59609375 0.0984375 0.0171875
0 0.2234375 0.59765625 0.115625 0.01796875
0 0.36328125 0.59921875 0.11328125 0.01796875
0 0.55703125 0.60234375 0.0171875 0.01328125
0 0.58828125 0.60234375 0.03828125 0.01328125
0 0.04921875 0.6109375 0.00859375 0.01328125
0 0.19375 0.6125 0.25390625 0.0171875
0 0.0828125 0.62890625 0.071875 0.0171875
0 0.2 0.63125 0.11171875 0.01796875
0 0.55625 0.6375 0.01640625 0.0125
0 0.5890625 0.6375 0.034375 0.01328125
0 0.4328125 0.65234375 0.05546875 0.01328125
0 0.546875 0.65390625 0.11875 0.0140625
0 0.78984375 0.55390625 0.009375 0.0140625
0 0.85390625 0.55390625 0.09921875 0.0140625
0 0.7875 0.60546875 0.01015625 0.015625
0 0.84765625 0.60625 0.10234375 0.0171875
0 0.8046875 0.64140625 0.0109375 0.0140625
0 0.8578125 0.6421875 0.08046875 0.01484375
0 0.7640625 0.659375 0.01015625 0.01484375
0 0.8421875 0.659375 0.11328125 0.0140625
0 0.10859375 0.684375 0.125 0.01484375
0 0.109375 0.70390625 0.12578125 0.01484375
0 0.78515625 0.696875 0.0140625 0.0140625
0 0.84375 0.696875 0.08671875 0.0140625
0 0.7375 0.715625 0.0140625 0.01484375
0 0.81953125 0.71640625 0.13203125 0.0171875
0 0.07265625 0.7765625 0.05625 0.01171875
0 0.05390625 0.7953125 0.0234375 0.01171875
0 0.0828125 0.79375 0.03671875 0.0109375
0 0.04921875 0.8140625 0.0140625 0.01171875
0 0.0828125 0.8125 0.040625 0.0109375
0 0.42734375 0.74921875 0.09453125 0.0125
0 0.5515625 0.74921875 0.0953125 0.0125
0 0.75703125 0.75 0.01015625 0.015625
0 0.83046875 0.7515625 0.11484375 0.0171875
0 0.10234375 0.76015625 0.1078125 0.01875
0 0.16875 0.7609375 0.009375 0.0171875
0 0.234375 0.76171875 0.1125 0.01953125
0 0.33515625 0.76328125 0.0328125 0.01796875
0 0.43671875 0.76484375 0.1125 0.01953125
0 0.5703125 0.76640625 0.00390625 0.0171875
0 0.428125 0.78046875 0.0546875 0.01796875
0 0.5390625 0.78125 0.115625 0.01953125
0 0.68359375 0.78359375 0.11796875 0.01953125
0 0.83125 0.7859375 0.1234375 0.01953125
0 0.85234375 0.80625 0.08125 0.0171875
0 0.5625 0.8171875 0.07734375 0.015625
0 0.8328125 0.825 0.11796875 0.0171875
0 0.1140625 0.84765625 0.1375 0.01875
0 0.30546875 0.85078125 0.1359375 0.021875
0 0.41484375 0.85078125 0.01328125 0.01953125
0 0.05703125 0.86875 0.02421875 0.01171875
0 0.10625 0.865625 0.046875 0.0109375
0 0.09765625 0.88359375 0.096875 0.0171875
0 0.18359375 0.8828125 0.03203125 0.01796875
0 0.27890625 0.88125 0.0734375 0.01796875
0 0.303125 0.94140625 0.12890625 0.02265625
0 0.453125 0.94296875 0.11015625 0.02265625
0 0.15078125 0.978125 0.08203125 0.02578125
0 0.41015625 0.98671875 0.215625 0.01953125
0 0.6375 0.98671875 0.2015625 0.0203125
0 0.84453125 0.990625 0.1390625 0.015625
0 0.06484375 0.98515625 0.0375 0.01328125
0 0.7078125 0.16796875 0.13125 0.01484375
0 0.3015625 0.25234375 0.115625 0.0140625
0 0.53359375 0.253125 0.1046875 0.01328125
0 0.23828125 0.3734375 0.16328125 0.01328125
0 0.3140625 0.409375 0.0125 0.01015625
0 0.23359375 0.478125 0.01953125 0.01171875
0 0.19609375 0.49375 0.06640625 0.0140625
0 0.234375 0.52890625 0.021875 0.01171875
0 0.090625 0.52734375 0.10078125 0.01328125
0 0.12734375 0.94140625 0.16875 0.015625
0 0.2515625 0.9796875 0.071875 0.021875
0 0.55703125 0.79921875 0.09140625 0.01328125