0 0.246875 0.13125 0.146875 0.01640625
0 0.41484375 0.13125 0.15703125 0.01875
0 0.56796875 0.13203125 0.11015625 0.01796875
0 0.72265625 0.13203125 0.1671875 0.01796875
0 0.48984375 0.15078125 0.26640625 0.01640625
0 0.30703125 0.17265625 0.0671875 0.01484375
0 0.38203125 0.17265625 0.059375 0.01484375
0 0.478125 0.1734375 0.11015625 0.01328125
0 0.62734375 0.1734375 0.15859375 0.01484375
0 0.29453125 0.1953125 0.1015625 0.01328125
0 0.43515625 0.19609375 0.15625 0.01484375
0 0.63515625 0.19609375 0.2015625 0.01484375
0 0.353125 0.23203125 0.21796875 0.01484375
0 0.18203125 0.23203125 0.06484375 0.0140625
0 0.54609375 0.23203125 0.0671875 0.01328125
0 0.71796875 0.23203125 0.21640625 0.01484375
0 0.328125 0.25546875 0.071875 0.01328125
0 0.39296875 0.25546875 0.03359375 0.01328125
0 0.56328125 0.25546875 0.24375 0.01484375
0 0.4 0.28359375 0.0765625 0.01484375
0 0.53359375 0.28359375 0.15859375 0.01484375
0 0.11640625 0.30234375 0.040625 0.01484375
0 0.06484375 0.30234375 0.03984375 0.01484375
0 0.0859375 0.3265625 0.0828125 0.01484375
0 0.18984375 0.32734375 0.103125 0.01484375
0 0.47578125 0.328125 0.2296875 0.01484375
0 0.30234375 0.328125 0.0984375 0.01328125
0 0.06953125 0.3484375 0.053125 0.01328125
0 0.1171875 0.34921875 0.01328125 0.0140625
0 0.1921875 0.34921875 0.1109375 0.01328125
0 0.3125 0.34921875 0.1015625 0.01484375
0 0.384375 0.34921875 0.01953125 0.01484375
0 0.10390625 0.36875 0.12421875 0.01484375
0 0.228125 0.36875 0.09453125 0.01484375
0 0.3375 0.3703125 0.1 0.0125
0 0.121875 0.3921875 0.15546875 0.01484375
0 0.3125 0.3921875 0.20078125 0.01484375
0 0.15 0.41484375 0.21640625 0.01328125
0 0.07578125 0.4359375 0.06484375 0.01328125
0 0.1453125 0.4359375 0.0515625 0.01484375
0 0.4109375 0.43671875 0.21328125 0.0140625
0 0.68515625 0.43671875 0.0828125 0.0140625
0 0.846875 0.43671875 0.18984375 0.0140625
0 0.10703125 0.459375 0.125 0.01484375
0 0.353125 0.46015625 0.096875 0.01328125
0 0.68125 0.4609375 0.08515625 0.01328125
0 0.8234375 0.4609375 0.1390625 0.01484375
0 0.14296875 0.48515625 0.1984375 0.01796875
0 0.68984375 0.48515625 0.071875 0.0140625
0 0.60625 0.51796875 0.0875 0.01640625
0 0.79453125 0.51875 0.0859375 0.01484375
0 0.07421875 0.5328125 0.06484375 0.01171875
0 0.60625 0.53359375 0.1046875 0.01328125
0 0.46328125 0.53359375 0.103125 0.0125
0 0.7796875 0.534375 0.11328125 0.01328125
0 0.33046875 0.534375 0.053125 0.01484375
0 0.91640625 0.53515625 0.05078125 0.01171875
0 0.09609375 0.55234375 0.1 0.01171875
0 0.46328125 0.553125 0.07734375 0.01328125
0 0.60703125 0.553125 0.07578125 0.0125
0 0.79921875 0.55390625 0.07734375 0.01328125
0 0.92109375 0.55390625 0.0390625 0.01328125
0 0.08828125 0.575 0.090625 0.01328125
0 0.19453125 0.575 0.0984375 0.01328125
0 0.27578125 0.5765625 0.04296875 0.0140625
0 0.12734375 0.59765625 0.07890625 0.0140625
0 0.33046875 0.5984375 0.01640625 0.0125
0 0.20703125 0.59921875 0.06015625 0.0171875
0 0.79921875 0.6 0.09140625 0.0140625
0 0.2125 0.6359375 0.08046875 0.01328125
0 0.30703125 0.63671875 0.08828125 0.0140625
0 0.79921875 0.63671875 0.0890625 0.01328125
0 0.4453125 0.6375 0.16171875 0.01640625
0 0.57734375 0.6375 0.084375 0.01640625
0 0.55234375 0.6640625 0.1390625 0.01328125
0 0.8078125 0.66484375 0.06875 0.01328125
0 0.50078125 0.69140625 0.07890625 0.01484375
0 0.58671875 0.69140625 0.07421875 0.01484375
0 0.81015625 0.6921875 0.06796875 0.01328125
0 0.809375 0.71875 0.06875 0.01328125
0 0.546875 0.7203125 0.14765625 0.01796875
0 0.1484375 0.74609375 0.0875 0.01484375
0 0.2515625 0.746875 0.09375 0.01328125
0 0.79921875 0.74765625 0.0890625 0.01484375
0 0.509375 0.7484375 0.034375 0.015625
0 0.39609375 0.7484375 0.16953125 0.01640625
0 0.57890625 0.7484375 0.0859375 0.01796875
0 0.56796875 0.775 0.1015625 0.01328125
0 0.79609375 0.77578125 0.090625 0.01328125
0 0.80625 0.79609375 0.0703125 0.01484375
0 0.55390625 0.79765625 0.1359375 0.0171875
0 0.2859375 0.84296875 0.190625 0.0140625
0 0.1453125 0.84375 0.07578125 0.01484375
0 0.23125 0.86875 0.09140625 0.0140625
0 0.146875 0.8703125 0.0578125 0.01484375
0 0.54140625 0.8703125 0.06796875 0.01328125
0 0.62734375 0.87109375 0.0828125 0.01484375
0 0.78046875 0.87109375 0.06171875 0.0125
0 0.86484375 0.871875 0.08046875 0.0140625
0 0.140625 0.88984375 0.0484375 0.01484375
0 0.3953125 0.89140625 0.01796875 0.01328125
0 0.62265625 0.89140625 0.0890625 0.01328125
0 0.86953125 0.8921875 0.06875 0.01484375
0 0.365625 0.91484375 0.0859375 0.01484375
0 0.61953125 0.91484375 0.090625 0.01328125
0 0.86953125 0.91484375 0.06875 0.0140625
0 0.15859375 0.95546875 0.1171875 0.01171875
0 0.2703125 0.95546875 0.084375 0.01171875
0 0.35390625 0.95546875 0.06328125 0.0125
0 0.4296875 0.95546875 0.06328125 0.0125
0 0.74375 0.95546875 0.1 0.01328125
0 0.578125 0.95546875 0.2078125 0.0140625
0 0.83828125 0.95546875 0.0671875 0.0125