0 0.25625 0.14375 0.1375 0.0234375
0 0.43671875 0.14765625 0.17578125 0.02421875
0 0.578125 0.15078125 0.05546875 0.021875
0 0.61875 0.1515625 0.00234375 0.0203125
0 0.6765625 0.153125 0.05546875 0.021875
0 0.35703125 0.16875 0.21484375 0.02578125
0 0.57421875 0.1734375 0.17265625 0.02578125
0 0.20703125 0.18671875 0.075 0.02265625
0 0.2890625 0.1890625 0.0375 0.02265625
0 0.378125 0.190625 0.09296875 0.0234375
0 0.4765625 0.1921875 0.05546875 0.02265625
0 0.56640625 0.19375 0.0375 0.021875
0 0.68359375 0.196875 0.06796875 0.0234375
0 0.36875 0.2125 0.11484375 0.02421875
0 0.45625 0.2140625 0.0125 0.02265625
0 0.53671875 0.215625 0.0921875 0.02421875
0 0.1515625 0.2296875 0.11796875 0.025
0 0.32890625 0.2328125 0.11484375 0.025
0 0.45625 0.23515625 0.0546875 0.02421875
0 0.584375 0.23671875 0.07265625 0.02421875
0 0.671875 0.23828125 0.05390625 0.02421875
0 0.74140625 0.2390625 0.03203125 0.0234375
0 0.79765625 0.23984375 0.03046875 0.0234375
0 0.2015625 0.2515625 0.134375 0.02421875
0 0.36875 0.253125 0.15234375 0.025
0 0.5015625 0.25546875 0.06640625 0.0234375
0 0.66171875 0.2578125 0.18984375 0.025
0 0.12578125 0.3140625 0.13671875 0.02109375
0 0.24375 0.31484375 0.0625 0.02109375
0 0.3671875 0.31484375 0.1546875 0.02578125
0 0.49921875 0.31796875 0.05 0.0234375
0 0.53984375 0.31875 0.01015625 0.0234375
0 0.56640625 0.31875 0.03984375 0.0234375
0 0.59609375 0.31875 0.01015625 0.0234375
0 0.628125 0.31953125 0.03046875 0.0234375
0 0.7109375 0.32109375 0.09140625 0.02421875
0 0.171875 0.334375 0.2328125 0.021875
0 0.32109375 0.334375 0.01640625 0.02109375
0 0.42890625 0.33515625 0.15234375 0.021875
0 0.23125 0.35390625 0.3515625 0.021875
0 0.1328125 0.37421875 0.15390625 0.021875
0 0.22578125 0.375 0.0078125 0.0203125
0 0.41875 0.37578125 0.37265625 0.02265625
0 0.2421875 0.41640625 0.0171875 0.02265625
0 0.26328125 0.41640625 0.0125 0.02265625
0 0.321875 0.4171875 0.0953125 0.0234375
0 0.4390625 0.4171875 0.09453125 0.0234375
0 0.578125 0.41875 0.1328125 0.02421875
0 0.10390625 0.4359375 0.09453125 0.02265625
0 0.1640625 0.4359375 0.00390625 0.021875
0 0.29140625 0.4375 0.1921875 0.02421875
0 0.09296875 0.45625 0.07265625 0.02109375
0 0.16328125 0.45703125 0.003125 0.0203125
0 0.24296875 0.45703125 0.09296875 0.0203125
0 0.10390625 0.478125 0.09453125 0.0234375
0 0.3109375 0.4796875 0.0375 0.02265625
0 0.3828125 0.48046875 0.0953125 0.02421875
0 0.5296875 0.48046875 0.15390625 0.02421875
0 0.1234375 0.4984375 0.1328125 0.025
0 0.2421875 0.49921875 0.05546875 0.02421875
0 0.28125 0.49921875 0.00390625 0.0234375
0 0.33203125 0.5 0.0703125 0.025
0 0.48125 0.5015625 0.05234375 0.02421875
0 0.18203125 0.540625 0.2546875 0.0203125
0 0.1234375 0.56171875 0.1359375 0.021875
0 0.33203125 0.56328125 0.15625 0.021875
0 0.18359375 0.58359375 0.25625 0.02265625
0 0.121875 0.60390625 0.1375 0.02421875
0 0.29375 0.6046875 0.07734375 0.0234375
0 0.36328125 0.60546875 0.01328125 0.02265625
0 0.38359375 0.60546875 0.0125 0.02265625
0 0.41953125 0.60625 0.04921875 0.0234375
0 0.58203125 0.565625 0.015625 0.0171875
0 0.71953125 0.56875 0.0125 0.0203125
0 0.79140625 0.56875 0.11328125 0.0203125
0 0.58359375 0.6078125 0.01640625 0.0140625
0 0.60234375 0.6078125 0.015625 0.0140625
0 0.74140625 0.61015625 0.015625 0.01953125
0 0.8015625 0.61015625 0.0953125 0.01953125
0 0.17265625 0.646875 0.23359375 0.0234375
0 0.1734375 0.66796875 0.234375 0.02109375
0 0.59609375 0.653125 0.03515625 0.015625
0 0.73671875 0.6515625 0.2171875 0.025
0 0.63359375 0.6734375 0.028125 0.02109375
0 0.75703125 0.6734375 0.18828125 0.021875
0 0.121875 0.71015625 0.1375 0.021875
0 0.27421875 0.7109375 0.04375 0.021875
0 0.30859375 0.7109375 0.01015625 0.02109375
0 0.396875 0.71171875 0.15859375 0.021875
0 0.48828125 0.7125 0.01015625 0.0203125
0 0.09140625 0.73203125 0.07421875 0.021875
0 0.1734375 0.7328125 0.0375 0.02265625
0 0.20390625 0.7328125 0.0046875 0.021875
0 0.25390625 0.73359375 0.07734375 0.021875
0 0.49609375 0.7359375 0.07734375 0.02265625
0 0.14140625 0.75546875 0.178125 0.0234375
0 0.28359375 0.75625 0.0578125 0.02265625
0 0.72734375 0.7609375 0.01484375 0.021875
0 0.8015625 0.7609375 0.1171875 0.021875
0 0.11875 0.7984375 0.13046875 0.025
0 0.3140625 0.8 0.1953125 0.025
0 0.42421875 0.8015625 0.01015625 0.0234375
0 0.56875 0.80234375 0.20859375 0.02578125
0 0.75859375 0.80390625 0.11171875 0.025
0 0.0609375 0.8203125 0.01484375 0.02265625
0 0.1234375 0.8203125 0.0578125 0.02421875
0 0.2765625 0.821875 0.19453125 0.025
0 0.3859375 0.82265625 0.00390625 0.02265625
0 0.265625 0.84375 0.42109375 0.02890625
0 0.6015625 0.846875 0.19375 0.0265625
0 0.1140625 0.865625 0.11953125 0.01953125
0 0.23671875 0.8671875 0.08203125 0.01953125
0 0.31640625 0.86875 0.03828125 0.01796875
0 0.446875 0.8671875 0.17890625 0.02578125
0 0.60078125 0.86875 0.078125 0.025
0 0.759375 0.8703125 0.196875 0.02578125
0 0.06796875 0.88515625 0.03125 0.025
0 0.18359375 0.8859375 0.13828125 0.02578125
0 0.48828125 0.8890625 0.42265625 0.02890625
0 0.7140625 0.890625 0.00234375 0.02421875
0 0.11171875 0.90625 0.11953125 0.025
0 0.23203125 0.9078125 0.08203125 0.025
0 0.52109375 0.909375 0.31953125 0.02734375
0 0.1421875 0.92890625 0.1828125 0.02265625
0 0.29375 0.9296875 0.07734375 0.021875
0 0.3515625 0.9296875 0.01171875 0.021875
0 0.11171875 0.975 0.11015625 0.0203125
0 0.1859375 0.975 0.01015625 0.0203125
0 0.2390625 0.97578125 0.07734375 0.02109375
0 0.315625 0.97578125 0.07578125 0.0203125
0 0.3890625 0.97578125 0.05234375 0.0203125
0 0.47109375 0.9765625 0.0578125 0.0203125
0 0.51171875 0.9765625 0.00234375 0.0203125
0 0.2140625 0.47734375 0.08203125 0.01953125
0 0.22421875 0.71171875 0.02265625 0.02109375
0 0.40078125 0.93203125 0.08515625 0.01953125