0 0.6078125 0.15078125 0.10390625 0.01875
0 0.3640625 0.15078125 0.1671875 0.0203125
0 0.50234375 0.15078125 0.06015625 0.0203125
0 0.45703125 0.178125 0.23203125 0.01875
0 0.35234375 0.20390625 0.10390625 0.0203125
0 0.21796875 0.2046875 0.09296875 0.02109375
0 0.53359375 0.2046875 0.21015625 0.021875
0 0.7046875 0.20546875 0.08125 0.021875
0 0.42578125 0.23046875 0.12265625 0.0203125
0 0.5859375 0.23046875 0.14609375 0.0203125
0 0.203125 0.23046875 0.14609375 0.0203125
0 0.30859375 0.23046875 0.01796875 0.01953125
0 0.7453125 0.23125 0.12578125 0.01875
0 0.28671875 0.25625 0.10703125 0.01953125
0 0.42578125 0.25625 0.12421875 0.01953125
0 0.6171875 0.25703125 0.165625 0.0203125
0 0.4125 0.28203125 0.0546875 0.01875
0 0.5953125 0.28203125 0.253125 0.0203125
0 0.24375 0.28203125 0.0609375 0.01875
0 0.3296875 0.28203125 0.0609375 0.01875
0 0.2765625 0.334375 0.12109375 0.0203125
0 0.53671875 0.334375 0.28359375 0.0203125
0 0.07578125 0.3859375 0.05703125 0.0203125
0 0.14921875 0.3859375 0.04296875 0.0203125
0 0.31015625 0.3859375 0.14375 0.0203125
0 0.69140625 0.3859375 0.14296875 0.0203125
0 0.49921875 0.38671875 0.146875 0.01796875
0 0.55390625 0.4125 0.1640625 0.0203125
0 0.08359375 0.4125 0.08359375 0.0203125
0 0.3421875 0.4125 0.2078125 0.0203125
0 0.86328125 0.46484375 0.06328125 0.0203125
0 0.159375 0.46484375 0.2375 0.021875
0 0.58515625 0.46484375 0.14921875 0.0203125
0 0.3921875 0.46484375 0.06328125 0.02109375
0 0.75234375 0.465625 0.1015625 0.0203125
0 0.08359375 0.5171875 0.08359375 0.01875
0 0.18046875 0.51796875 0.046875 0.021875
0 0.57421875 0.5421875 0.08359375 0.01953125
0 0.35390625 0.5421875 0.0203125 0.0203125
0 0.8734375 0.5421875 0.040625 0.01953125
0 0.76875 0.54296875 0.084375 0.01953125
0 0.39375 0.54453125 0.0234375 0.01640625
0 0.08359375 0.56875 0.08125 0.01796875
0 0.190625 0.5703125 0.0828125 0.01953125
0 0.35234375 0.59375 0.02265625 0.01953125
0 0.575 0.59453125 0.08359375 0.0203125
0 0.76875 0.59453125 0.084375 0.01953125
0 0.8734375 0.59453125 0.040625 0.01953125
0 0.39375 0.59765625 0.02109375 0.01484375
0 0.28671875 0.6453125 0.01953125 0.01875
0 0.2078125 0.64609375 0.075 0.01953125
0 0.09140625 0.64609375 0.096875 0.01953125
0 0.85390625 0.67109375 0.0828125 0.0203125
0 0.09140625 0.67109375 0.096875 0.01953125
0 0.44375 0.671875 0.07421875 0.021875
0 0.278125 0.67265625 0.2046875 0.0203125
0 0.0734375 0.69765625 0.059375 0.0203125
0 0.85390625 0.69765625 0.0828125 0.01875
0 0.33984375 0.6984375 0.06875 0.0203125
0 0.2015625 0.6984375 0.1484375 0.0203125
0 0.85390625 0.7234375 0.084375 0.01875
0 0.09140625 0.7234375 0.096875 0.0203125
0 0.42578125 0.7234375 0.03671875 0.0203125
0 0.278125 0.7234375 0.2046875 0.02109375
0 0.50859375 0.7234375 0.07265625 0.021875
0 0.1484375 0.74765625 0.20625 0.0234375
0 0.8125 0.74921875 0.165625 0.01796875
0 0.084375 0.8015625 0.08671875 0.01875
0 0.85546875 0.8015625 0.08671875 0.0203125
0 0.0734375 0.87890625 0.0609375 0.01875
0 0.2015625 0.87890625 0.14609375 0.0203125
0 0.81875 0.8796875 0.1375 0.0203125
0 0.56953125 0.8796875 0.20625 0.0203125
0 0.0640625 0.9046875 0.040625 0.01953125
0 0.64140625 0.90546875 0.084375 0.01875
0 0.2796875 0.90546875 0.03515625 0.021875
0 0.85546875 0.90546875 0.0828125 0.01875
0 0.3484375 0.90546875 0.0546875 0.0203125