0 0.14921875 0.08203125 0.09921875 0.01875
0 0.2875 0.0828125 0.12109375 0.02265625
0 0.40234375 0.08359375 0.05234375 0.02109375
0 0.53046875 0.08515625 0.10078125 0.021875
0 0.615625 0.0859375 0.01328125 0.0203125
0 0.66796875 0.08671875 0.04296875 0.02109375
0 0.73125 0.08671875 0.07890625 0.02109375
0 0.7875 0.0875 0.0125 0.02109375
0 0.83515625 0.08828125 0.0765625 0.02109375
0 0.1359375 0.0984375 0.075 0.01953125
0 0.24296875 0.09921875 0.075 0.0203125
0 0.42421875 0.10234375 0.23125 0.01953125
0 0.60625 0.103125 0.0796875 0.0203125
0 0.159375 0.11796875 0.12265625 0.0203125
0 0.27578125 0.11875 0.0625 0.01953125
0 0.32109375 0.11953125 0.0109375 0.01953125
0 0.3953125 0.11953125 0.07734375 0.0203125
0 0.48828125 0.1203125 0.05703125 0.0203125
0 0.115625 0.1375 0.03515625 0.01875
0 0.14921875 0.1375 0.00859375 0.01875
0 0.19453125 0.1375 0.0546875 0.01875
0 0.17109375 0.1578125 0.14375 0.02109375
0 0.4265625 0.159375 0.31484375 0.02265625
0 0.1734375 0.19609375 0.09921875 0.01953125
0 0.27734375 0.196875 0.003125 0.01875
0 0.41328125 0.19765625 0.1984375 0.0203125
0 0.16015625 0.215625 0.07890625 0.0203125
0 0.27734375 0.21640625 0.003125 0.01953125
0 0.3609375 0.21640625 0.09140625 0.0203125
0 0.22578125 0.23515625 0.03828125 0.02109375
0 0.27890625 0.23515625 0.003125 0.02109375
0 0.3515625 0.23515625 0.07890625 0.02109375
0 0.19765625 0.275 0.18203125 0.021875
0 0.371875 0.275 0.11953125 0.021875
0 0.48828125 0.275 0.0171875 0.021875
0 0.521875 0.275 0.034375 0.021875
0 0.1671875 0.29453125 0.1171875 0.01953125
0 0.3 0.29453125 0.1 0.01953125
0 0.415625 0.29453125 0.07890625 0.01953125
0 0.4890625 0.29453125 0.015625 0.01953125
0 0.51953125 0.29453125 0.0375 0.01953125
0 0.1703125 0.31328125 0.11640625 0.01875
0 0.30078125 0.31328125 0.0984375 0.01875
0 0.41640625 0.31328125 0.07890625 0.01875
0 0.17109375 0.3328125 0.11640625 0.0171875
0 0.30390625 0.3328125 0.09609375 0.0171875
0 0.41640625 0.3328125 0.07890625 0.0171875
0 0.23125 0.3515625 0.2390625 0.0171875
0 0.38515625 0.35234375 0.0546875 0.01640625
0 0.48828125 0.35234375 0.0171875 0.01640625
0 0.52265625 0.35234375 0.0328125 0.01640625
0 0.1640625 0.3703125 0.0953125 0.01875
0 0.2734375 0.37109375 0.075 0.01875
0 0.3859375 0.37109375 0.09609375 0.01875
0 0.4890625 0.37109375 0.015625 0.01875
0 0.5203125 0.37109375 0.0390625 0.01796875
0 0.16640625 0.38828125 0.0953125 0.0171875
0 0.2765625 0.3890625 0.07578125 0.0171875
0 0.36796875 0.38984375 0.05625 0.01640625
0 0.48984375 0.390625 0.01640625 0.01640625
0 0.521875 0.390625 0.0390625 0.0171875
0 0.13984375 0.40859375 0.03359375 0.01640625
0 0.3109375 0.409375 0.2984375 0.0171875
0 0.49140625 0.409375 0.015625 0.01640625
0 0.521875 0.409375 0.0375 0.01640625
0 0.28984375 0.42734375 0.3359375 0.01875
0 0.5125 0.428125 0.05703125 0.01875
0 0.18125 0.44453125 0.115625 0.01796875
0 0.26875 0.4453125 0.00703125 0.0171875
0 0.31015625 0.4453125 0.0171875 0.0171875
0 0.38984375 0.44609375 0.0953125 0.01796875
0 0.19140625 0.4625 0.1359375 0.01953125
0 0.32109375 0.46328125 0.07578125 0.01875
0 0.42109375 0.46484375 0.07734375 0.01796875
0 0.19375 0.48125 0.1375 0.01875
0 0.3234375 0.48203125 0.07734375 0.01875
0 0.42265625 0.48359375 0.078125 0.01875
0 0.7625 0.27734375 0.01640625 0.0171875
0 0.8140625 0.27734375 0.08203125 0.0171875
0 0.73984375 0.29609375 0.015625 0.0171875
0 0.80625 0.29609375 0.09921875 0.01640625
0 0.73984375 0.31484375 0.015625 0.01796875
0 0.80546875 0.3140625 0.09921875 0.0171875
0 0.73984375 0.33359375 0.015625 0.01796875
0 0.80546875 0.33359375 0.09921875 0.01796875
0 0.73828125 0.353125 0.01328125 0.0171875
0 0.80546875 0.353125 0.09921875 0.01640625
0 0.759375 0.37265625 0.0140625 0.0171875
0 0.81328125 0.371875 0.08203125 0.0171875
0 0.73828125 0.3921875 0.01328125 0.0171875
0 0.80390625 0.3921875 0.09921875 0.0171875
0 0.76015625 0.4109375 0.01640625 0.01796875
0 0.8140625 0.4109375 0.08125 0.01796875
0 0.76015625 0.43046875 0.01640625 0.0171875
0 0.8140625 0.43046875 0.07890625 0.01796875
0 0.76015625 0.44921875 0.01640625 0.0171875
0 0.8125 0.44921875 0.08046875 0.0171875
0 0.75859375 0.46796875 0.0125 0.01796875
0 0.8109375 0.46875 0.07890625 0.01875
0 0.759375 0.48671875 0.01328125 0.01796875
0 0.8109375 0.48671875 0.07890625 0.01796875
0 0.22421875 0.53515625 0.11328125 0.0171875
0 0.225 0.55390625 0.115625 0.01953125
0 0.75625 0.5390625 0.01484375 0.01875
0 0.8078125 0.53984375 0.0765625 0.0203125
0 0.7359375 0.55703125 0.0140625 0.0171875
0 0.79765625 0.55703125 0.0984375 0.01796875
0 0.7359375 0.6125 0.0140625 0.01875
0 0.796875 0.6125 0.09921875 0.01953125
0 0.2125 0.6078125 0.0921875 0.01953125
0 0.334375 0.6078125 0.0953125 0.01953125
0 0.21171875 0.62578125 0.175 0.01875
0 0.37578125 0.6265625 0.09609375 0.01953125
0 0.4515625 0.6265625 0.009375 0.01875
0 0.47421875 0.6265625 0.00703125 0.01875
0 0.49921875 0.6265625 0.009375 0.01875
0 0.2125 0.64609375 0.18125 0.01875
0 0.3453125 0.64609375 0.03515625 0.01875
0 0.39609375 0.64609375 0.00390625 0.01875
0 0.48515625 0.64609375 0.115625 0.01875
0 0.19140625 0.68125 0.05703125 0.01953125
0 0.29296875 0.68125 0.09375 0.01953125
0 0.41640625 0.68203125 0.05546875 0.01953125
0 0.51484375 0.68203125 0.09140625 0.01953125
0 0.6359375 0.6828125 0.09296875 0.01953125
0 0.17109375 0.7 0.015625 0.01484375
0 0.19140625 0.7 0.01796875 0.01484375
0 0.434375 0.7 0.01640625 0.01875
0 0.49609375 0.7 0.09609375 0.01953125
0 0.1703125 0.71796875 0.01640625 0.01796875
0 0.20390625 0.71796875 0.0328125 0.01796875
0 0.434375 0.71875 0.01640625 0.01796875
0 0.496875 0.71875 0.09453125 0.01796875
0 0.8171875 0.6859375 0.0578125 0.015625
0 0.75625 0.70390625 0.01484375 0.0171875
0 0.80859375 0.70390625 0.078125 0.01796875
0 0.75703125 0.721875 0.01328125 0.01875
0 0.8078125 0.72265625 0.0765625 0.01875
0 0.1703125 0.7546875 0.0984375 0.0203125
0 0.2625 0.75625 0.03515625 0.01796875
0 0.52734375 0.7546875 0.40078125 0.01875
0 0.1796875 0.7734375 0.1171875 0.0203125
0 0.2828125 0.7734375 0.03515625 0.0203125
0 0.50625 0.775 0.31875 0.01796875
0 0.35390625 0.82890625 0.17890625 0.01953125
0 0.45546875 0.82890625 0.0140625 0.01953125
0 0.50234375 0.82890625 0.07109375 0.01953125
0 0.62578125 0.82890625 0.1140625 0.01953125
0 0.7359375 0.82890625 0.0578125 0.01953125
0 0.3015625 0.84765625 0.11796875 0.01953125
0 0.4140625 0.84765625 0.06015625 0.01953125
0 0.52734375 0.84765625 0.075 0.01953125
0 0.61796875 0.84765625 0.0515625 0.01953125
0 0.7078125 0.84765625 0.03828125 0.01953125
0 0.7796875 0.84765625 0.0546875 0.01953125
0 0.515625 0.8671875 0.096875 0.01875
0 0.4640625 0.8859375 0.11953125 0.01875
0 0.5671875 0.88515625 0.040625 0.01953125
0 0.18203125 0.925 0.12578125 0.01796875
0 0.28046875 0.92421875 0.0390625 0.01875
0 0.6890625 0.92265625 0.1984375 0.01875
0 0.19609375 0.94375 0.1609375 0.0171875
0 0.31953125 0.94296875 0.034375 0.01875
0 0.7078125 0.9421875 0.16015625 0.015625
0 0.3515625 0.96171875 0.140625 0.01796875
0 0.515625 0.9609375 0.140625 0.01796875
0 0.6203125 0.96015625 0.01953125 0.00859375
0 0.6984375 0.96015625 0.09921875 0.01875
0 0.21484375 0.98203125 0.1984375 0.015625
0 0.52734375 0.9796875 0.1546875 0.01640625
0 0.76015625 0.97890625 0.0171875 0.01875
0 0.8109375 0.97890625 0.0375 0.01875
0 0.871875 0.97890625 0.03828125 0.01875
0 0.1484375 0.234375 0.06875 0.01640625
0 0.51328125 0.44765625 0.0640625 0.01484375
0 0.5125 0.46640625 0.0609375 0.01484375
0 0.51328125 0.484375 0.05859375 0.0125
0 0.5125 0.3328125 0.059375 0.0140625
0 0.509375 0.31328125 0.065625 0.01328125
0 0.6078125 0.99453125 0.078125 0.00859375