0 0.1859375 0.0484375 0.0609375 0.01484375
0 0.32578125 0.0484375 0.1671875 0.0140625
0 0.53046875 0.046875 0.18984375 0.0140625
0 0.68984375 0.04609375 0.07578125 0.01484375
0 0.10703125 0.0640625 0.125 0.015625
0 0.22734375 0.06328125 0.06015625 0.015625
0 0.40078125 0.0625 0.18984375 0.015625
0 0.59453125 0.06171875 0.14140625 0.015625
0 0.73671875 0.06171875 0.0796875 0.015625
0 0.8234375 0.0609375 0.0390625 0.015625
0 0.19375 0.078125 0.0375 0.01640625
0 0.28125 0.078125 0.03828125 0.01640625
0 0.31484375 0.078125 0.015625 0.01640625
0 0.3359375 0.078125 0.0171875 0.01640625
0 0.35703125 0.078125 0.0140625 0.015625
0 0.38046875 0.078125 0.0171875 0.015625
0 0.4765625 0.078125 0.12578125 0.015625
0 0.575 0.07734375 0.01484375 0.01640625
0 0.66171875 0.07734375 0.103125 0.015625
0 0.16171875 0.09296875 0.10234375 0.0171875
0 0.35703125 0.09296875 0.234375 0.01796875
0 0.53125 0.09296875 0.0609375 0.01796875
0 0.6953125 0.0921875 0.209375 0.01796875
0 0.096875 0.128125 0.10390625 0.01953125
0 0.34609375 0.128125 0.20390625 0.01953125
0 0.0859375 0.146875 0.08046875 0.0171875
0 0.29453125 0.146875 0.1015625 0.0171875
0 0.07578125 0.16484375 0.0609375 0.01640625
0 0.1515625 0.16484375 0.03984375 0.01640625
0 0.28359375 0.16484375 0.08203125 0.01640625
0 0.24140625 0.20078125 0.425 0.0171875
0 0.08046875 0.2203125 0.1046875 0.01640625
0 0.19921875 0.2203125 0.0828125 0.01640625
0 0.31796875 0.2203125 0.1046875 0.01640625
0 0.41328125 0.2203125 0.040625 0.01640625
0 0.23125 0.2375 0.40390625 0.01640625
0 0.12578125 0.2546875 0.1890625 0.01640625
0 0.30625 0.2546875 0.1234375 0.01640625
0 0.0421875 0.27421875 0.015625 0.0171875
0 0.084375 0.27421875 0.01640625 0.0171875
0 0.1609375 0.27421875 0.07890625 0.0171875
0 0.0734375 0.290625 0.07890625 0.01796875
0 0.296875 0.290625 0.3109375 0.01796875
0 0.553125 0.2015625 0.01640625 0.0140625
0 0.584375 0.2015625 0.0375 0.0140625
0 0.5515625 0.2203125 0.015625 0.0140625
0 0.5828125 0.2203125 0.03828125 0.0140625
0 0.55234375 0.2375 0.015625 0.0140625
0 0.58359375 0.2375 0.0375 0.01484375
0 0.5515625 0.25390625 0.015625 0.0125
0 0.5828125 0.25390625 0.03515625 0.0125
0 0.809375 0.2015625 0.015625 0.01484375
0 0.87578125 0.2015625 0.1 0.015625
0 0.82890625 0.2203125 0.0140625 0.015625
0 0.8828125 0.2203125 0.0796875 0.01640625
0 0.828125 0.2375 0.01640625 0.01484375
0 0.88046875 0.23671875 0.08125 0.0140625
0 0.82578125 0.25390625 0.015625 0.015625
0 0.88046875 0.25390625 0.08203125 0.015625
0 0.55 0.28984375 0.015625 0.0140625
0 0.5828125 0.28984375 0.03671875 0.0140625
0 0.82421875 0.2890625 0.0171875 0.015625
0 0.878125 0.2890625 0.0828125 0.015625
0 0.1203125 0.32578125 0.1234375 0.015625
0 0.12109375 0.3421875 0.12109375 0.01640625
0 0.8671875 0.32421875 0.01484375 0.01484375
0 0.9171875 0.32421875 0.07578125 0.01484375
0 0.84375 0.340625 0.015625 0.01484375
0 0.90859375 0.340625 0.1015625 0.015625
0 0.79921875 0.37421875 0.0140625 0.0140625
0 0.86171875 0.37421875 0.10234375 0.0140625
0 0.1328125 0.37421875 0.0984375 0.01796875
0 0.2578125 0.37421875 0.0984375 0.01796875
0 0.09140625 0.39296875 0.1 0.01640625
0 0.21484375 0.3921875 0.0921875 0.0171875
0 0.3375 0.3921875 0.09609375 0.0171875
0 0.46796875 0.39296875 0.0625 0.015625
0 0.13515625 0.409375 0.184375 0.01796875
0 0.26796875 0.40859375 0.03984375 0.01875
0 0.4140625 0.4078125 0.1203125 0.01875
0 0.075 0.44375 0.053125 0.01875
0 0.190625 0.44375 0.12578125 0.015625
0 0.33046875 0.44296875 0.07890625 0.01875
0 0.4765625 0.44296875 0.1625 0.01328125
0 0.1859375 0.459375 0.05078125 0.01640625
0 0.275 0.459375 0.06953125 0.01640625
0 0.4140625 0.45859375 0.16640625 0.01640625
0 0.5859375 0.45859375 0.1328125 0.01640625
0 0.7 0.45859375 0.0546875 0.01640625
0 0.25390625 0.47578125 0.11015625 0.01640625
0 0.4140625 0.47578125 0.16484375 0.01640625
0 0.6046875 0.47578125 0.16953125 0.01640625
0 0.3203125 0.49140625 0.12578125 0.015625
0 0.42265625 0.49140625 0.0359375 0.015625
0 0.45546875 0.49140625 0.0078125 0.015625
0 0.48359375 0.49140625 0.0296875 0.015625
0 0.528125 0.49140625 0.01640625 0.015625
0 0.565625 0.49140625 0.015625 0.015625
0 0.6140625 0.49140625 0.03671875 0.015625
0 0.4328125 0.5078125 0.09296875 0.01328125
0 0.38515625 0.54140625 0.109375 0.01171875
0 0.478125 0.540625 0.0359375 0.0125
0 0.1078125 0.5734375 0.1046875 0.01875
0 0.2109375 0.57265625 0.05859375 0.01328125
0 0.40625 0.5734375 0.184375 0.01875
0 0.125 0.5890625 0.14453125 0.0140625
0 0.23671875 0.5890625 0.03203125 0.0140625
0 0.425 0.58984375 0.146875 0.01328125
0 0.28515625 0.60546875 0.1265625 0.01484375
0 0.4328125 0.60546875 0.1265625 0.01484375
0 0.5296875 0.60625 0.01953125 0.01015625
0 0.6046875 0.60546875 0.09140625 0.01484375
0 0.275 0.6203125 0.17578125 0.0171875
0 0.46328125 0.6203125 0.14453125 0.01796875
0 0.584375 0.62109375 0.015625 0.01640625
0 0.63203125 0.62109375 0.03515625 0.0171875
0 0.6890625 0.621875 0.03515625 0.0171875
0 0.4078125 0.6375 0.075 0.0140625
0 0.1015625 0.67109375 0.090625 0.0140625
0 0.36171875 0.6703125 0.128125 0.015625
0 0.2140625 0.70390625 0.08984375 0.015625
0 0.3515625 0.70390625 0.1453125 0.015625
0 0.578125 0.70390625 0.25859375 0.015625
0 0.30390625 0.71875 0.165625 0.0140625
0 0.43203125 0.71953125 0.04921875 0.0140625
0 0.4765625 0.71953125 0.00859375 0.0140625
0 0.5203125 0.71953125 0.0734375 0.0140625
0 0.62265625 0.71953125 0.09296875 0.0140625
0 0.3515625 0.73515625 0.2609375 0.0171875
0 0.5859375 0.7359375 0.16796875 0.01640625
0 0.3515625 0.75078125 0.10546875 0.015625
0 0.4171875 0.7515625 0.00859375 0.0140625
0 0.5109375 0.7515625 0.12578125 0.015625
0 0.259375 0.76640625 0.10859375 0.01328125
0 0.4640625 0.7671875 0.25859375 0.0140625
0 0.6515625 0.76796875 0.07578125 0.01328125
0 0.35078125 0.7828125 0.10234375 0.01484375
0 0.41484375 0.78359375 0.0078125 0.01328125
0 0.5109375 0.784375 0.125 0.0140625
0 0.07578125 0.81484375 0.03671875 0.01171875
0 0.1046875 0.8140625 0.0109375 0.015625
0 0.140625 0.8140625 0.053125 0.01640625
0 0.240625 0.81484375 0.071875 0.01640625
0 0.33828125 0.81640625 0.08046875 0.0140625
0 0.446875 0.815625 0.1078125 0.0171875
0 0.08203125 0.8296875 0.05078125 0.015625
0 0.22421875 0.83046875 0.18359375 0.01640625
0 0.0828125 0.84609375 0.0546875 0.015625
0 0.2609375 0.84765625 0.25625 0.0171875
0 0.08046875 0.8625 0.04921875 0.01640625
0 0.20625 0.86328125 0.14609375 0.0140625
0 0.6515625 0.834375 0.0734375 0.01640625
0 0.72734375 0.83359375 0.03828125 0.01953125
0 0.815625 0.83671875 0.059375 0.0140625
0 0.80546875 0.8515625 0.0765625 0.01875
0 0.2609375 0.89453125 0.0328125 0.01796875
0 0.36171875 0.89609375 0.12421875 0.01875
0 0.5390625 0.89765625 0.18359375 0.0203125
0 0.184375 0.91171875 0.06953125 0.01875
0 0.2875 0.9125 0.0890625 0.01796875
0 0.16640625 0.9453125 0.13984375 0.0140625
0 0.28671875 0.94453125 0.01796875 0.0171875
0 0.40703125 0.9453125 0.01484375 0.0171875
0 0.10625 0.9609375 0.01640625 0.015625
0 0.15546875 0.9609375 0.03828125 0.015625
0 0.2359375 0.9609375 0.0765625 0.015625
0 0.30078125 0.97734375 0.0421875 0.01484375
0 0.37265625 0.97890625 0.0546875 0.01484375
0 0.50546875 0.98046875 0.15703125 0.01640625
0 0.73359375 0.96875 0.05625 0.0171875
0 0.809375 0.9703125 0.03828125 0.0171875
0 0.8421875 0.97109375 0.01171875 0.0171875
0 0.8921875 0.971875 0.07890625 0.01875