0 0.234375 0.07734375 0.07890625 0.0203125
0 0.31875 0.07890625 0.04296875 0.01875
0 0.49765625 0.07890625 0.071875 0.01875
0 0.4078125 0.07890625 0.05 0.021875
0 0.66171875 0.08203125 0.1953125 0.02109375
0 0.18515625 0.103125 0.02265625 0.01875
0 0.2671875 0.1046875 0.10078125 0.01953125
0 0.39609375 0.10390625 0.08046875 0.01875
0 0.51015625 0.1046875 0.09609375 0.01875
0 0.63984375 0.10546875 0.11796875 0.01953125
0 0.74296875 0.1078125 0.04296875 0.01796875
0 0.28515625 0.1296875 0.05625 0.01796875
0 0.3984375 0.13203125 0.121875 0.01953125
0 0.54921875 0.1328125 0.103125 0.02109375
0 0.6796875 0.13359375 0.11640625 0.01796875
0 0.29453125 0.15703125 0.121875 0.01875
0 0.44609375 0.1578125 0.09453125 0.01796875
0 0.56796875 0.15859375 0.09765625 0.01953125
0 0.70078125 0.159375 0.11640625 0.01953125
0 0.24296875 0.18125 0.053125 0.01875
0 0.3140625 0.18359375 0.0375 0.01875
0 0.515625 0.184375 0.2421875 0.01953125
0 0.41640625 0.209375 0.1609375 0.02109375
0 0.5640625 0.21015625 0.10078125 0.01796875
0 0.22109375 0.234375 0.06328125 0.01796875
0 0.3921875 0.23515625 0.15625 0.01796875
0 0.5234375 0.2375 0.06328125 0.01796875
0 0.6578125 0.23828125 0.08203125 0.01796875
0 0.74921875 0.2390625 0.06328125 0.01875
0 0.21875 0.26171875 0.05859375 0.01796875
0 0.3921875 0.2609375 0.15625 0.0203125
0 0.5234375 0.26328125 0.06015625 0.01796875
0 0.65703125 0.26484375 0.08046875 0.01796875
0 0.746875 0.265625 0.06171875 0.01875
0 0.16953125 0.31328125 0.03125 0.0171875
0 0.32890625 0.3140625 0.23828125 0.0203125
0 0.83671875 0.31875 0.11796875 0.01796875
0 0.23671875 0.340625 0.06015625 0.01796875
0 0.3484375 0.34140625 0.11796875 0.01953125
0 0.471875 0.3421875 0.07421875 0.01875
0 0.17265625 0.39296875 0.1796875 0.02109375
0 0.85234375 0.39765625 0.08046875 0.01953125
0 0.13203125 0.4203125 0.09765625 0.01796875
0 0.2546875 0.421875 0.1015625 0.01796875
0 0.36640625 0.421875 0.07578125 0.01875
0 0.45625 0.42265625 0.05703125 0.01640625
0 0.85234375 0.42578125 0.08046875 0.0171875
0 0.13203125 0.4453125 0.09765625 0.02109375
0 0.2546875 0.4453125 0.09921875 0.01875
0 0.44375 0.44765625 0.0703125 0.01796875
0 0.3546875 0.44765625 0.0546875 0.02265625
0 0.5359375 0.4484375 0.05859375 0.0171875
0 0.853125 0.45078125 0.07578125 0.01796875
0 0.12109375 0.47109375 0.084375 0.01875
0 0.840625 0.47578125 0.09765625 0.01875
0 0.12109375 0.49765625 0.07890625 0.02109375
0 0.2296875 0.49765625 0.09765625 0.01875
0 0.3125 0.49921875 0.0140625 0.01875
0 0.50390625 0.5015625 0.11796875 0.02265625
0 0.615625 0.50078125 0.05703125 0.0171875
0 0.840625 0.50234375 0.09765625 0.01796875
0 0.23125 0.52421875 0.13515625 0.01796875
0 0.34453125 0.525 0.0375 0.0171875
0 0.5953125 0.52734375 0.38125 0.02109375
0 0.1078125 0.55 0.05703125 0.01875
0 0.22890625 0.553125 0.1359375 0.02265625
0 0.54375 0.553125 0.11484375 0.02109375
0 0.85859375 0.55625 0.05859375 0.01796875
0 0.0953125 0.57734375 0.0390625 0.01953125
0 0.146875 0.57734375 0.01328125 0.01953125
0 0.19765625 0.578125 0.0390625 0.01875
0 0.5640625 0.58125 0.07734375 0.01953125
0 0.8484375 0.58203125 0.07578125 0.01953125
0 0.12578125 0.60546875 0.09921875 0.01796875
0 0.56328125 0.60859375 0.08203125 0.0171875
0 0.846875 0.61015625 0.08046875 0.01640625
0 0.175 0.63203125 0.19765625 0.02265625
0 0.35078125 0.63203125 0.09296875 0.01796875
0 0.6015625 0.634375 0.07578125 0.01875
0 0.69375 0.63515625 0.05625 0.01875
0 0.8140625 0.63515625 0.1421875 0.01953125
0 0.14296875 0.6578125 0.1390625 0.01953125
0 0.28671875 0.65859375 0.09765625 0.01875
0 0.4078125 0.659375 0.09609375 0.01796875
0 0.5421875 0.66015625 0.1234375 0.01796875
0 0.275 0.71015625 0.07890625 0.01875
0 0.38671875 0.71171875 0.09921875 0.01796875
0 0.53984375 0.71171875 0.1578125 0.01796875
0 0.67890625 0.71171875 0.07734375 0.01953125
0 0.2625 0.7359375 0.06015625 0.01953125
0 0.5078125 0.73828125 0.37578125 0.02265625
0 0.2234375 0.7625 0.09921875 0.02109375
0 0.32421875 0.7640625 0.06015625 0.01796875
0 0.40703125 0.7640625 0.05625 0.01796875
0 0.49765625 0.76484375 0.07421875 0.01796875
0 0.64921875 0.76484375 0.1796875 0.01953125
0 0.334375 0.78984375 0.11796875 0.01875
0 0.56796875 0.790625 0.09765625 0.0203125
0 0.45625 0.790625 0.07734375 0.01875