0 0.3421875 0.1046875 0.3171875 0.02890625
0 0.64921875 0.1046875 0.1765625 0.02890625
0 0.390625 0.14296875 0.1140625 0.034375
0 0.17734375 0.14453125 0.08359375 0.0296875
0 0.57734375 0.1453125 0.125 0.0296875
0 0.77109375 0.1453125 0.13046875 0.0296875
0 0.28828125 0.17421875 0.06328125 0.0171875
0 0.39296875 0.17578125 0.04140625 0.01484375
0 0.5703125 0.17578125 0.2015625 0.0171875
0 0.20546875 0.19921875 0.08203125 0.0140625
0 0.3109375 0.19921875 0.06171875 0.0171875
0 0.39921875 0.2 0.05 0.01328125
0 0.61484375 0.20078125 0.3 0.015625
0 0.08359375 0.22109375 0.04140625 0.01484375
0 0.2625 0.221875 0.1078125 0.0140625
0 0.14375 0.221875 0.01796875 0.015625
0 0.41640625 0.22265625 0.13984375 0.01484375
0 0.68828125 0.22265625 0.06484375 0.01484375
0 0.58359375 0.2234375 0.08203125 0.0140625
0 0.8046875 0.2234375 0.1078125 0.015625
0 0.19140625 0.2453125 0.1125 0.0140625
0 0.33359375 0.24609375 0.11328125 0.01484375
0 0.4875 0.24609375 0.13125 0.015625
0 0.70078125 0.246875 0.18125 0.015625
0 0.3 0.26953125 0.13984375 0.01640625
0 0.453125 0.2703125 0.115625 0.015625
0 0.60859375 0.2703125 0.13984375 0.0171875
0 0.259375 0.31640625 0.06171875 0.015625
0 0.534375 0.3171875 0.3234375 0.01640625
0 0.134375 0.3625 0.18125 0.0171875
0 0.3109375 0.36328125 0.1046875 0.0171875
0 0.59140625 0.36328125 0.05625 0.0171875
0 0.4875 0.3640625 0.09375 0.01484375
0 0.79453125 0.3640625 0.23203125 0.0171875
0 0.08671875 0.3875 0.0875 0.015625
0 0.19140625 0.3875 0.06484375 0.01484375
0 0.296875 0.38828125 0.08515625 0.015625
0 0.571875 0.38828125 0.11640625 0.01796875
0 0.7375 0.38828125 0.11328125 0.015625
0 0.16796875 0.4328125 0.25546875 0.0171875
0 0.77109375 0.43515625 0.1359375 0.015625
0 0.14375 0.4796875 0.06484375 0.01640625
0 0.06328125 0.4796875 0.04140625 0.015625
0 0.37109375 0.48046875 0.08515625 0.015625
0 0.25078125 0.48046875 0.08671875 0.01484375
0 0.8203125 0.48046875 0.08671875 0.01484375
0 0.90390625 0.48125 0.02109375 0.0140625
0 0.075 0.503125 0.06484375 0.0171875
0 0.26328125 0.503125 0.1140625 0.0171875
0 0.15703125 0.503125 0.04453125 0.015625
0 0.9046875 0.50546875 0.02265625 0.015625
0 0.8171875 0.50546875 0.08984375 0.01484375
0 0.203125 0.55 0.04296875 0.01484375
0 0.0953125 0.55 0.1109375 0.01484375
0 0.41640625 0.55078125 0.03984375 0.015625
0 0.50078125 0.55078125 0.0671875 0.015625
0 0.30859375 0.55078125 0.096875 0.015625
0 0.80546875 0.5515625 0.11328125 0.015625
0 0.0859375 0.5734375 0.0890625 0.0171875
0 0.8109375 0.57578125 0.1109375 0.01796875
0 0.0890625 0.62109375 0.08515625 0.01484375
0 0.21484375 0.62109375 0.1109375 0.015625
0 0.85390625 0.62265625 0.0171875 0.01484375
0 0.075 0.64375 0.06640625 0.01484375
0 0.2140625 0.64453125 0.1609375 0.01484375
0 0.415625 0.64453125 0.134375 0.0140625
0 0.55859375 0.64453125 0.08125 0.01796875
0 0.71171875 0.6453125 0.06640625 0.01484375
0 0.81953125 0.64609375 0.07890625 0.0171875
0 0.09765625 0.66640625 0.0203125 0.01015625
0 0.0515625 0.66640625 0.02265625 0.01484375
0 0.1578125 0.6671875 0.03984375 0.0140625
0 0.55 0.66875 0.11015625 0.0140625
0 0.821875 0.66953125 0.08984375 0.01484375
0 0.0953125 0.7140625 0.1109375 0.015625
0 0.26328125 0.71484375 0.16328125 0.01640625
0 0.81953125 0.715625 0.0921875 0.015625
0 0.20546875 0.759375 0.04609375 0.01484375
0 0.38203125 0.7609375 0.165625 0.0171875
0 0.2625 0.7609375 0.0171875 0.01484375
0 0.5375 0.76171875 0.08984375 0.015625
0 0.678125 0.76171875 0.13359375 0.01484375
0 0.19140625 0.78359375 0.06484375 0.015625
0 0.3109375 0.78359375 0.11328125 0.015625
0 0.47578125 0.784375 0.165625 0.015625
0 0.690625 0.784375 0.20859375 0.0171875
0 0.190625 0.80546875 0.11015625 0.01484375
0 0.31640625 0.80625 0.0734375 0.01484375
0 0.4640625 0.80703125 0.1359375 0.015625
0 0.60625 0.80703125 0.090625 0.01484375
0 0.734375 0.80703125 0.11640625 0.01484375
0 0.51015625 0.83125 0.3234375 0.0171875
0 0.28828125 0.83125 0.06484375 0.009375
0 0.35625 0.85234375 0.15703125 0.01484375
0 0.2171875 0.85234375 0.06015625 0.0171875
0 0.52109375 0.85390625 0.1078125 0.0140625
0 0.675 0.85390625 0.13359375 0.0140625
0 0.5125 0.87734375 0.465625 0.01875
0 0.2171875 0.878125 0.06484375 0.0109375