0 0.63203125 0.1125 0.05703125 0.0171875
0 0.5515625 0.11328125 0.05546875 0.0171875
0 0.471875 0.11484375 0.05078125 0.01796875
0 0.35859375 0.11484375 0.11875 0.015625
0 0.2390625 0.11640625 0.0390625 0.01640625
0 0.52421875 0.1359375 0.1875 0.0203125
0 0.33359375 0.13671875 0.134375 0.01953125
0 0.7359375 0.15390625 0.0171875 0.015625
0 0.67421875 0.15625 0.0578125 0.015625
0 0.57578125 0.15625 0.096875 0.015625
0 0.42578125 0.15703125 0.1140625 0.015625
0 0.33125 0.159375 0.01484375 0.01484375
0 0.24453125 0.159375 0.1171875 0.015625
0 0.1296875 0.159375 0.0578125 0.0171875
0 0.6453125 0.17734375 0.15625 0.0171875
0 0.4140625 0.17890625 0.2609375 0.0171875
0 0.2 0.18125 0.14296875 0.01484375
0 0.66640625 0.1984375 0.15625 0.01875
0 0.45546875 0.20078125 0.1796875 0.01875
0 0.30234375 0.20078125 0.07421875 0.01640625
0 0.1921875 0.203125 0.0984375 0.0171875
0 0.54765625 0.221875 0.26875 0.01953125
0 0.36796875 0.22265625 0.0328125 0.01484375
0 0.30703125 0.2234375 0.03359375 0.01640625
0 0.22578125 0.22421875 0.07265625 0.01875
0 0.48125 0.24296875 0.1625 0.0171875
0 0.346875 0.24453125 0.0703125 0.01796875
0 0.478125 0.2640625 0.13203125 0.0171875
0 0.3546875 0.265625 0.0640625 0.01484375
0 0.83125 0.303125 0.0375 0.0171875
0 0.6390625 0.3046875 0.1390625 0.01796875
0 0.3796875 0.3078125 0.05234375 0.01484375
0 0.48984375 0.3078125 0.11640625 0.01875
0 0.29765625 0.30859375 0.059375 0.0140625
0 0.21640625 0.31015625 0.05703125 0.015625
0 0.1078125 0.31015625 0.11875 0.0171875
0 0.20859375 0.33125 0.0390625 0.015625
0 0.0875 0.3328125 0.07890625 0.0171875
0 0.7625 0.346875 0.096875 0.0171875
0 0.62265625 0.3484375 0.0984375 0.01640625
0 0.5421875 0.34921875 0.0171875 0.015625
0 0.5015625 0.34921875 0.01328125 0.0171875
0 0.17890625 0.353125 0.2578125 0.01953125
0 0.83671875 0.36796875 0.03359375 0.015625
0 0.3703125 0.37265625 0.03515625 0.01640625
0 0.109375 0.375 0.1171875 0.01796875
0 0.26015625 0.375 0.13671875 0.01875
0 0.2515625 0.39609375 0.1171875 0.01796875
0 0.08984375 0.39609375 0.07734375 0.01640625
0 0.7765625 0.409375 0.0765625 0.015625
0 0.634375 0.41171875 0.07890625 0.015625
0 0.54609375 0.41328125 0.015625 0.01484375
0 0.50703125 0.41484375 0.0125 0.01640625
0 0.121875 0.4171875 0.13671875 0.0171875
0 0.83828125 0.43046875 0.0375 0.015625
0 0.36640625 0.4359375 0.13828125 0.01640625
0 0.23515625 0.43828125 0.07734375 0.01640625
0 0.1109375 0.4390625 0.11484375 0.01640625
0 0.25625 0.459375 0.1125 0.01796875
0 0.0921875 0.4609375 0.07734375 0.01640625
0 0.78046875 0.47421875 0.0796875 0.015625
0 0.6390625 0.4765625 0.0796875 0.015625
0 0.54765625 0.4765625 0.01796875 0.01484375
0 0.5078125 0.47734375 0.009375 0.015625
0 0.1859375 0.48125 0.2578125 0.01875
0 0.83984375 0.4953125 0.03671875 0.01796875
0 0.3171875 0.50078125 0.15625 0.01796875
0 0.13671875 0.503125 0.15625 0.01875
0 0.35859375 0.5234375 0.11171875 0.01875
0 0.14765625 0.52421875 0.1796875 0.01875
0 0.78203125 0.53828125 0.07734375 0.015625
0 0.640625 0.53984375 0.07890625 0.01640625
0 0.5109375 0.54140625 0.01328125 0.015625
0 0.5515625 0.54140625 0.0171875 0.01484375
0 0.18828125 0.5453125 0.2578125 0.01953125
0 0.84453125 0.559375 0.03515625 0.015625
0 0.26015625 0.565625 0.07890625 0.015625
0 0.128125 0.56796875 0.13828125 0.01875
0 0.78515625 0.58125 0.07890625 0.015625
0 0.64140625 0.58359375 0.0796875 0.01640625
0 0.55546875 0.58359375 0.01484375 0.015625
0 0.5125 0.584375 0.01328125 0.01640625
0 0.109375 0.5890625 0.0984375 0.01875
0 0.85546875 0.62265625 0.0171875 0.0171875
0 0.72578125 0.625 0.11484375 0.01875
0 0.27421875 0.63046875 0.01796875 0.01640625
0 0.13125 0.63203125 0.13125 0.01953125
0 0.81796875 0.665625 0.096875 0.01640625
0 0.728125 0.66640625 0.03984375 0.01875
0 0.365625 0.671875 0.1203125 0.01640625
0 0.22265625 0.6734375 0.07421875 0.01875
0 0.1140625 0.675 0.09453125 0.01796875
0 0.809375 0.6875 0.1140625 0.01796875
0 0.709375 0.6875 0.0390625 0.01484375
0 0.10546875 0.69609375 0.0796875 0.0171875
0 0.81796875 0.70859375 0.09921875 0.015625
0 0.728125 0.71015625 0.04140625 0.01640625
0 0.12578125 0.71796875 0.11875 0.01953125
0 0.771875 0.75078125 0.07265625 0.01640625
0 0.690625 0.753125 0.0390625 0.01796875
0 0.51953125 0.75546875 0.09296875 0.01796875
0 0.43203125 0.75625 0.0328125 0.015625
0 0.3109375 0.75859375 0.15625 0.01875
0 0.17734375 0.76015625 0.059375 0.0171875
0 0.096875 0.7609375 0.0578125 0.01796875
0 0.77421875 0.79453125 0.19765625 0.01953125
0 0.63125 0.796875 0.03515625 0.015625
0 0.51171875 0.796875 0.0796875 0.015625
0 0.41015625 0.8 0.07421875 0.01640625
0 0.3015625 0.8 0.0921875 0.01640625
0 0.15078125 0.80234375 0.15390625 0.01875
0 0.48203125 0.81953125 0.13671875 0.01875
0 0.321875 0.82109375 0.134375 0.0171875
0 0.15 0.825 0.15859375 0.01953125
0 0.67734375 0.859375 0.1171875 0.01796875
0 0.525 0.86171875 0.13828125 0.01796875
0 0.4046875 0.8625 0.05546875 0.01796875
0 0.275 0.86484375 0.1578125 0.01875
0 0.56640625 0.88203125 0.13671875 0.01875
0 0.43671875 0.88359375 0.07890625 0.01796875
0 0.34453125 0.8859375 0.05703125 0.01640625
0 0.28515625 0.8859375 0.0171875 0.01640625
0 0.63828125 0.90234375 0.1203125 0.01640625
0 0.5171875 0.90390625 0.0796875 0.015625
0 0.43671875 0.90546875 0.0375 0.0171875
0 0.31640625 0.9078125 0.1578125 0.01875