0 0.10546875 0.14296875 0.08359375 0.02265625
0 0.24296875 0.14296875 0.13984375 0.02265625
0 0.37890625 0.14296875 0.07421875 0.02265625
0 0.115625 0.165625 0.1078125 0.02265625
0 0.24453125 0.16484375 0.1 0.021875
0 0.40078125 0.1640625 0.16171875 0.021875
0 0.14921875 0.1875 0.16796875 0.0203125
0 0.32734375 0.18515625 0.1421875 0.0203125
0 0.44453125 0.184375 0.040625 0.021875
0 0.496875 0.18359375 0.00859375 0.021875
0 0.578125 0.1828125 0.10078125 0.02109375
0 0.09453125 0.21015625 0.05546875 0.021875
0 0.1609375 0.20859375 0.0234375 0.02109375
0 0.2265625 0.209375 0.09375 0.0203125
0 0.34765625 0.20703125 0.1390625 0.021875
0 0.23125 0.22890625 0.07578125 0.02265625
0 0.4 0.22734375 0.20234375 0.02109375
0 0.2890625 0.2515625 0.44921875 0.0171875
0 0.1296875 0.27421875 0.1265625 0.0203125
0 0.27734375 0.27265625 0.125 0.0203125
0 0.3484375 0.2703125 0.0125 0.021875
0 0.575 0.26796875 0.17734375 0.0203125
0 0.71953125 0.265625 0.059375 0.021875
0 0.08671875 0.2984375 0.0421875 0.0234375
0 0.11953125 0.29765625 0.00625 0.02421875
0 0.1515625 0.296875 0.040625 0.0234375
0 0.24453125 0.29609375 0.1015625 0.02265625
0 0.33125 0.2921875 0.01953125 0.02109375
0 0.1296875 0.31875 0.1265625 0.02109375
0 0.2359375 0.3171875 0.04140625 0.021875
0 0.2671875 0.31640625 0.00625 0.021875
0 0.4640625 0.3125 0.32734375 0.0171875
0 0.121875 0.359375 0.1015625 0.02265625
0 0.340625 0.35546875 0.20625 0.02109375
0 0.62734375 0.35078125 0.075 0.01953125
0 0.67890625 0.34921875 0.00625 0.02109375
0 0.76015625 0.34765625 0.0953125 0.01875
0 0.09765625 0.38359375 0.06328125 0.021875
0 0.17265625 0.38203125 0.0421875 0.02265625
0 0.20390625 0.38125 0.00546875 0.0234375
0 0.25625 0.38046875 0.03984375 0.02265625
0 0.26640625 0.42109375 0.2703125 0.01953125
0 0.4125 0.41796875 0.01953125 0.02265625
0 0.1078125 0.44609375 0.08359375 0.0203125
0 0.24609375 0.44296875 0.146875 0.01875
0 0.36953125 0.440625 0.05859375 0.0203125
0 0.45234375 0.43828125 0.059375 0.02109375
0 0.61796875 0.434375 0.01796875 0.015625
0 0.6375 0.43359375 0.01875 0.01484375
0 0.79765625 0.43046875 0.0140625 0.01875
0 0.8484375 0.4296875 0.07890625 0.0171875
0 0.26640625 0.46484375 0.26953125 0.01796875
0 0.4125 0.4609375 0.01796875 0.0203125
0 0.121875 0.4875 0.10234375 0.01875
0 0.25625 0.48515625 0.12421875 0.01796875
0 0.4125 0.48125 0.14375 0.0171875
0 0.615625 0.47578125 0.01953125 0.01484375
0 0.63671875 0.475 0.01875 0.01484375
0 0.77734375 0.471875 0.0171875 0.021875
0 0.8390625 0.4703125 0.0953125 0.01953125
0 0.19375 0.5296875 0.24453125 0.01484375
0 0.70546875 0.5171875 0.03125 0.021875
0 0.8109375 0.51328125 0.15078125 0.01875
0 0.19453125 0.55234375 0.24765625 0.0171875
0 0.66640625 0.5375 0.028125 0.02109375
0 0.78984375 0.53515625 0.190625 0.01875
0 0.12734375 0.5953125 0.1234375 0.02265625
0 0.36015625 0.58828125 0.08359375 0.02421875
0 0.51484375 0.58359375 0.1015625 0.0234375
0 0.61640625 0.58046875 0.06171875 0.0234375
0 0.7578125 0.57578125 0.01796875 0.025
0 0.81953125 0.57421875 0.09609375 0.02265625
0 0.0953125 0.63984375 0.0609375 0.01953125
0 0.34765625 0.63046875 0.0640625 0.02421875
0 0.4640625 0.62734375 0.11953125 0.021875
0 0.68515625 0.61875 0.1203125 0.021875
0 0.82890625 0.615625 0.11953125 0.02265625
0 0.07109375 0.6625 0.01953125 0.01796875
0 0.09453125 0.66171875 0.02109375 0.01796875
0 0.43125 0.6515625 0.01796875 0.021875
0 0.484375 0.64921875 0.08125 0.01875
0 0.77578125 0.6375 0.01484375 0.0203125
0 0.8390625 0.63671875 0.0953125 0.01875
0 0.13359375 0.70390625 0.15546875 0.02109375
0 0.409375 0.69296875 0.09765625 0.02265625
0 0.54375 0.68671875 0.12421875 0.021875
0 0.1015625 0.7234375 0.08828125 0.025
0 0.28984375 0.7171875 0.25234375 0.01953125
0 0.4515625 0.71484375 0.01875 0.0203125
0 0.5640625 0.7078125 0.16328125 0.02265625
0 0.71640625 0.70234375 0.1 0.02421875
0 0.80625 0.703125 0.04296875 0.01875
0 0.86796875 0.69921875 0.03828125 0.02265625
0 0.39921875 0.734375 0.16328125 0.01796875
0 0.56171875 0.72890625 0.12421875 0.01875
0 0.4734375 0.81328125 0.3578125 0.021875
0 0.6828125 0.85859375 0.01796875 0.0234375
0 0.734375 0.85859375 0.03828125 0.0234375
0 0.76640625 0.85859375 0.00390625 0.0234375
0 0.828125 0.85859375 0.059375 0.0234375
0 0.0875 0.8703125 0.06640625 0.02421875
0 0.159375 0.86796875 0.03828125 0.025
0 0.19296875 0.8671875 0.0125 0.02578125
0 0.23671875 0.865625 0.021875 0.02421875
0 0.45703125 0.90546875 0.09375 0.02421875
0 0.415625 0.2921875 0.09921875 0.01953125
0 0.421875 0.2703125 0.07734375 0.01953125