0 0.10390625 0.075 0.09921875 0.025
0 0.359375 0.07578125 0.31953125 0.025
0 0.6140625 0.0765625 0.0953125 0.025
0 0.68828125 0.0765625 0.0109375 0.025
0 0.80859375 0.07734375 0.13203125 0.025
0 0.23203125 0.10078125 0.1 0.0234375
0 0.3828125 0.10234375 0.1328125 0.0234375
0 0.6125 0.103125 0.26328125 0.02421875
0 0.13515625 0.12578125 0.12578125 0.0234375
0 0.2609375 0.12578125 0.0609375 0.02265625
0 0.30546875 0.1265625 0.01875 0.02265625
0 0.4125 0.1265625 0.1828125 0.0234375
0 0.68125 0.1265625 0.2953125 0.0234375
0 0.3703125 0.1484375 0.1546875 0.01953125
0 0.546875 0.1484375 0.1328125 0.01953125
0 0.45078125 0.171875 0.2671875 0.0203125
0 0.27734375 0.1953125 0.18515625 0.01953125
0 0.50390625 0.19609375 0.2109375 0.01953125
0 0.6921875 0.19609375 0.09375 0.01875
0 0.0796875 0.2296875 0.146875 0.01953125
0 0.5046875 0.2296875 0.2640625 0.01875
0 0.075 0.253125 0.09765625 0.0203125
0 0.48125 0.253125 0.209375 0.01875
0 0.1546875 0.275 0.0484375 0.0265625
0 0.415625 0.275 0.12265625 0.0265625
0 0.2234375 0.31328125 0.40390625 0.01875
0 0.571875 0.3140625 0.065625 0.021875
0 0.803125 0.315625 0.1 0.021875
0 0.12890625 0.36484375 0.2078125 0.01875
0 0.12890625 0.38984375 0.21328125 0.0203125
0 0.68828125 0.3671875 0.02421875 0.0203125
0 0.78203125 0.36640625 0.1328125 0.01875
0 0.65234375 0.3921875 0.025 0.0234375
0 0.7625 0.3921875 0.165625 0.02421875
0 0.07578125 0.4390625 0.1421875 0.0234375
0 0.70859375 0.4421875 0.0203125 0.02109375
0 0.7921875 0.4421875 0.12890625 0.0203125
0 0.0890625 0.46328125 0.07265625 0.01953125
0 0.428125 0.4859375 0.1046875 0.01875
0 0.1125 0.51875 0.1921875 0.02265625
0 0.51015625 0.5203125 0.10234375 0.0234375
0 0.10078125 0.5421875 0.16171875 0.0234375
0 0.48203125 0.54375 0.42578125 0.02265625
0 0.3171875 0.56640625 0.534375 0.0203125
0 0.1578125 0.6 0.04765625 0.021875
0 0.196875 0.6 0.003125 0.021875
0 0.26328125 0.60078125 0.1 0.02265625
0 0.6578125 0.6 0.01953125 0.01953125
0 0.72578125 0.6 0.0484375 0.0203125
0 0.83359375 0.60078125 0.10546875 0.0203125
0 0.31171875 0.659375 0.0625 0.02265625
0 0.70703125 0.6609375 0.34609375 0.0234375
0 0.1609375 0.67890625 0.26953125 0.0203125
0 0.384375 0.67890625 0.0625 0.01953125
0 0.428125 0.67890625 0.00625 0.01953125
0 0.72109375 0.68125 0.246875 0.01875
0 0.8703125 0.68125 0.0125 0.0171875
0 0.3171875 0.6984375 0.11875 0.01953125
0 0.4609375 0.69921875 0.12265625 0.01953125
0 0.6265625 0.69921875 0.0859375 0.01875
0 0.10859375 0.71484375 0.18203125 0.0125
0 0.4921875 0.71640625 0.13671875 0.01953125
0 0.79375 0.71796875 0.07578125 0.01875
0 0.8703125 0.71875 0.03125 0.01875
0 0.740625 0.7359375 0.1328125 0.01875
0 0.38828125 0.7515625 0.0859375 0.01640625
0 0.515625 0.753125 0.11796875 0.01640625
0 0.109375 0.775 0.1703125 0.01640625
0 0.72578125 0.78046875 0.17265625 0.02109375
0 0.85390625 0.78125 0.0546875 0.0203125
0 0.3171875 0.79453125 0.15625 0.02109375
0 0.4390625 0.79609375 0.0453125 0.01953125
0 0.52421875 0.796875 0.06796875 0.0203125
0 0.6234375 0.79765625 0.08828125 0.0203125
0 0.25390625 0.81796875 0.034375 0.01875
0 0.540625 0.8203125 0.2109375 0.02109375
0 0.659375 0.821875 0.00859375 0.01875
0 0.103125 0.834375 0.15859375 0.01484375
0 0.54375 0.8625 0.065625 0.0203125
0 0.575 0.86328125 0.0140625 0.01953125
0 0.62578125 0.86328125 0.090625 0.0203125
0 0.07890625 0.875 0.09921875 0.01171875
0 0.2734375 0.8953125 0.09765625 0.0234375
0 0.46953125 0.89765625 0.24609375 0.02578125
0 0.075 0.91015625 0.1 0.0125
0 0.06171875 0.92890625 0.07421875 0.01953125
0 0.2 0.92890625 0.13203125 0.02890625
0 0.38125 0.93125 0.15078125 0.02265625
0 0.5609375 0.934375 0.13671875 0.02578125
0 0.7765625 0.94453125 0.2 0.02265625
0 0.040625 0.94765625 0.04765625 0.0171875
0 0.18046875 0.94921875 0.1703125 0.01796875
0 0.06953125 0.965625 0.10234375 0.0234375
0 0.41015625 0.97265625 0.4890625 0.03125
0 0.040625 0.98515625 0.040625 0.01875
0 0.175 0.98828125 0.16171875 0.02265625
0 0.27890625 0.98984375 0.00390625 0.01875
0 0.48984375 0.990625 0.36015625 0.01796875
0 0.82265625 0.88828125 0.12421875 0.02421875
0 0.8140625 0.9265625 0.109375 0.01875
0 0.7203125 0.9625 0.06328125 0.0234375
0 0.79375 0.96640625 0.028125 0.02109375
0 0.85390625 0.96953125 0.0546875 0.02265625
0 0.06328125 0.27734375 0.07734375 0.02109375
0 0.12890625 0.66015625 0.215625 0.01640625
0 0.8296875 0.84375 0.11328125 0.0203125
0 0.65 0.9 0.0765625 0.0203125
0 0.359375 0.859375 0.253125 0.02109375
0 0.35546875 0.81875 0.12890625 0.01875