0 0.11015625 0.09921875 0.1015625 0.0296875
0 0.3671875 0.1 0.32421875 0.03046875
0 0.63046875 0.10078125 0.096875 0.02890625
0 0.2390625 0.134375 0.1015625 0.0296875
0 0.390625 0.13515625 0.13515625 0.03046875
0 0.14296875 0.1671875 0.1296875 0.03046875
0 0.27109375 0.1671875 0.05 0.03046875
0 0.3171875 0.1671875 0.01953125 0.03046875
0 0.4203125 0.1671875 0.178125 0.03046875
0 0.69375 0.1671875 0.2953125 0.03046875
0 0.37890625 0.19921875 0.15625 0.028125
0 0.55703125 0.19921875 0.1328125 0.028125
0 0.46015625 0.22890625 0.2703125 0.02578125
0 0.28203125 0.2609375 0.18984375 0.02734375
0 0.515625 0.2609375 0.21171875 0.02734375
0 0.70390625 0.2609375 0.0953125 0.02734375
0 0.0921875 0.30703125 0.13203125 0.02578125
0 0.515625 0.3078125 0.26015625 0.02734375
0 0.07734375 0.33984375 0.10078125 0.02421875
0 0.490625 0.3390625 0.21015625 0.02734375
0 0.0640625 0.3734375 0.07578125 0.02734375
0 0.15625 0.37265625 0.0484375 0.02734375
0 0.43203125 0.37109375 0.103125 0.025
0 0.1484375 0.4203125 0.2453125 0.02578125
0 0.165625 0.4546875 0.275 0.03359375
0 0.57890625 0.41953125 0.0671875 0.0265625
0 0.765625 0.4203125 0.01640625 0.0265625
0 0.821875 0.4203125 0.08671875 0.0265625
0 0.7640625 0.45546875 0.0140625 0.02578125
0 0.82265625 0.4546875 0.084375 0.02578125
0 0.13359375 0.521875 0.21015625 0.0234375
0 0.13359375 0.55703125 0.2140625 0.0234375
0 0.696875 0.52265625 0.028125 0.02734375
0 0.78671875 0.5234375 0.13515625 0.02890625
0 0.66015625 0.55703125 0.02578125 0.0265625
0 0.771875 0.55703125 0.1734375 0.0265625
0 0.0921875 0.62421875 0.13359375 0.02578125
0 0.6921875 0.62421875 0.01640625 0.0265625
0 0.78828125 0.625 0.15703125 0.02734375
0 0.071875 0.659375 0.1171875 0.028125
0 0.2140625 0.6578125 0.10703125 0.03046875
0 0.7171875 0.6578125 0.0171875 0.02890625
0 0.80078125 0.6578125 0.12890625 0.02890625
0 0.06171875 0.70703125 0.0734375 0.02890625
0 0.17109375 0.70625 0.0796875 0.02890625
0 0.3234375 0.70625 0.15703125 0.02890625
0 0.0125 0.73828125 0.003125 0.025
0 0.06328125 0.73984375 0.0734375 0.0265625
0 0.43203125 0.73828125 0.10625 0.02421875
0 0.8140625 0.7359375 0.1046875 0.028125
0 0.0390625 0.76953125 0.02578125 0.021875
0 0.07890625 0.7703125 0.04765625 0.021875
0 0.43203125 0.76953125 0.10625 0.02734375
0 0.81484375 0.76640625 0.1046875 0.03046875
0 0.1125 0.815625 0.18359375 0.02421875
0 0.3375 0.815625 0.1296875 0.02734375
0 0.4984375 0.81484375 0.1296875 0.02734375
0 0.1109375 0.84453125 0.16015625 0.03046875
0 0.4890625 0.846875 0.44375 0.034375
0 0.32265625 0.878125 0.53671875 0.02890625
0 0.6640625 0.92421875 0.02265625 0.02734375
0 0.73203125 0.92421875 0.0515625 0.02734375
0 0.77265625 0.9234375 0.00625 0.02734375
0 0.8421875 0.92265625 0.10703125 0.02734375
0 0.06875 0.92265625 0.071875 0.03203125
0 0.16015625 0.92421875 0.046875 0.03125
0 0.26875 0.9265625 0.1 0.0328125
0 0.54921875 0.978125 0.215625 0.0296875
0 0.8234375 0.103125 0.13203125 0.03046875
0 0.57890625 0.45546875 0.071875 0.021875
0 0.38671875 0.98125 0.046875 0.02421875
0 0.3 0.97734375 0.065625 0.0265625