0 0.35078125 0.046875 0.09609375 0.02421875
0 0.5859375 0.046875 0.28125 0.025
0 0.40234375 0.07421875 0.1453125 0.02265625
0 0.61171875 0.075 0.184375 0.02265625
0 0.3359375 0.09921875 0.2921875 0.02734375
0 0.55234375 0.10078125 0.0796875 0.025
0 0.74609375 0.10234375 0.17890625 0.02578125
0 0.22890625 0.12578125 0.0796875 0.0234375
0 0.28203125 0.1265625 0.003125 0.02265625
0 0.39296875 0.1265625 0.0015625 0.02265625
0 0.43671875 0.1265625 0.0453125 0.02265625
0 0.4734375 0.1265625 0.0140625 0.02265625
0 0.4984375 0.1265625 0.0234375 0.02265625
0 0.7171875 0.12734375 0.1328125 0.0234375
0 0.3109375 0.1515625 0.065625 0.02421875
0 0.43515625 0.15234375 0.1046875 0.025
0 0.5578125 0.153125 0.07421875 0.02421875
0 0.6515625 0.15390625 0.046875 0.02421875
0 0.734375 0.15390625 0.04765625 0.02421875
0 0.29765625 0.1796875 0.15546875 0.025
0 0.4328125 0.1796875 0.05078125 0.02421875
0 0.66640625 0.1796875 0.28671875 0.025
0 0.146875 0.2140625 0.1234375 0.02265625
0 0.56953125 0.21484375 0.25859375 0.02265625
0 0.13515625 0.23828125 0.1 0.01953125
0 0.54375 0.24140625 0.2078125 0.02109375
0 0.12109375 0.26640625 0.0765625 0.021875
0 0.21484375 0.26484375 0.053125 0.02265625
0 0.48671875 0.26640625 0.10703125 0.021875
0 0.1375 0.30546875 0.1078125 0.0234375
0 0.18828125 0.359375 0.2078125 0.02265625
0 0.19140625 0.38515625 0.2046875 0.02421875
0 0.74765625 0.3609375 0.02734375 0.02265625
0 0.8375 0.3609375 0.1359375 0.02265625
0 0.71171875 0.3875 0.0234375 0.02265625
0 0.821875 0.3875 0.1703125 0.0234375
0 0.76796875 0.44140625 0.0140625 0.021875
0 0.853125 0.44140625 0.128125 0.021875
0 0.14921875 0.43828125 0.128125 0.02578125
0 0.2 0.465625 0.17578125 0.02421875
0 0.41640625 0.465625 0.178125 0.0234375
0 0.48671875 0.4890625 0.1046875 0.02109375
0 0.103125 0.525 0.0359375 0.021875
0 0.20859375 0.525 0.13203125 0.021875
0 0.32265625 0.525 0.046875 0.021875
0 0.3625 0.525 0.0109375 0.021875
0 0.47578125 0.525 0.12578125 0.021875
0 0.21796875 0.58515625 0.04609375 0.01875
0 0.2625 0.58515625 0.0125 0.01875
0 0.325 0.5859375 0.10078125 0.0203125
0 0.71484375 0.5859375 0.021875 0.0203125
0 0.7796875 0.5859375 0.0453125 0.0203125
0 0.8203125 0.5859375 0.0109375 0.0203125
0 0.890625 0.5859375 0.10234375 0.0203125
0 0.165625 0.64765625 0.15390625 0.01875
0 0.2796875 0.64765625 0.0140625 0.01875
0 0.38828125 0.64765625 0.16015625 0.01875
0 0.59453125 0.64765625 0.01484375 0.01875
0 0.68671875 0.64765625 0.11640625 0.01875
0 0.7765625 0.6484375 0.01484375 0.01875
0 0.86796875 0.6484375 0.11640625 0.01953125
0 0.184375 0.66484375 0.19375 0.0171875
0 0.87890625 0.66796875 0.09375 0.01953125
0 0.11171875 0.6828125 0.06171875 0.01953125
0 0.5546875 0.684375 0.05546875 0.01953125
0 0.64609375 0.684375 0.1046875 0.0203125
0 0.828125 0.684375 0.2015625 0.01953125
0 0.1125 0.70234375 0.05625 0.01796875
0 0.5015625 0.7015625 0.075 0.01875
0 0.56328125 0.70234375 0.028125 0.01875
0 0.76328125 0.703125 0.11796875 0.01875
0 0.12109375 0.72109375 0.0765625 0.01796875
0 0.85625 0.72265625 0.13359375 0.01875
0 0.72578125 0.73984375 0.13125 0.01953125
0 0.384375 0.76015625 0.16796875 0.02109375
0 0.63828125 0.7609375 0.2421875 0.0203125
0 0.21171875 0.7875 0.09921875 0.01875
0 0.7453125 0.80625 0.159375 0.01953125
0 0.90234375 0.80625 0.0546875 0.01953125
0 0.13984375 0.82734375 0.07578125 0.02109375
0 0.28203125 0.82734375 0.15859375 0.02109375
0 0.43671875 0.82734375 0.12890625 0.02109375
0 0.6234375 0.82734375 0.04296875 0.02109375
0 0.78046875 0.82734375 0.25 0.02109375
0 0.55546875 0.86796875 0.253125 0.0265625
0 0.55 0.9 0.1359375 0.01875
0 0.2375 0.92109375 0.0421875 0.01953125
0 0.54140625 0.91796875 0.07890625 0.01875
0 0.646875 0.9171875 0.08515625 0.01953125
0 0.1234375 0.9390625 0.09375 0.02109375
0 0.2765625 0.93828125 0.15546875 0.0203125
0 0.4671875 0.9375 0.1703125 0.0203125
0 0.73203125 0.9359375 0.09921875 0.02109375
0 0.84140625 0.9359375 0.06015625 0.02109375
0 0.09609375 0.959375 0.04609375 0.02109375
0 0.171875 0.959375 0.03125 0.01640625
0 0.29765625 0.9578125 0.159375 0.02109375
0 0.48125 0.95625 0.11640625 0.02109375
0 0.80546875 0.95390625 0.1515625 0.02109375
0 0.540625 0.97265625 0.28125 0.01640625
0 0.640625 0.99375 0.121875 0.01171875
0 0.6296875 0.30625 0.07421875 0.0171875
0 0.85078125 0.30625 0.13125 0.01875
0 0.2421875 0.70234375 0.16953125 0.015625
0 0.303125 0.684375 0.29140625 0.015625
0 0.22265625 0.7203125 0.08203125 0.0171875
0 0.328125 0.72109375 0.08515625 0.015625
0 0.88828125 0.70390625 0.084375 0.01484375
0 0.55234375 0.82734375 0.06171875 0.0171875
0 0.1125 0.7890625 0.065625 0.015625
0 0.3453125 0.78671875 0.1171875 0.015625
0 0.3875 0.89921875 0.1421875 0.01640625
0 0.67265625 0.89921875 0.06796875 0.0140625
0 0.2921875 0.8984375 0.02265625 0.01015625
0 0.33671875 0.91796875 0.08828125 0.0125
0 0.44140625 0.91796875 0.08515625 0.01484375
0 0.134375 0.92109375 0.128125 0.0140625
0 0.61171875 0.93671875 0.06796875 0.01484375
0 0.62265625 0.95390625 0.12734375 0.01640625
0 0.3546875 0.97578125 0.0703125 0.01640625
0 0.34140625 0.9953125 0.07890625 0.00859375
0 0.48359375 0.99453125 0.15625 0.01015625