0 0.375 0.1046875 0.20703125 0.04609375
0 0.37578125 0.15859375 0.2703125 0.0171875
0 0.64765625 0.1546875 0.19375 0.0265625
0 0.16484375 0.196875 0.146875 0.01953125
0 0.2625 0.19375 0.02265625 0.0234375
0 0.32890625 0.19140625 0.109375 0.021875
0 0.740625 0.178125 0.2265625 0.0171875
0 0.12734375 0.22890625 0.140625 0.02265625
0 0.2234375 0.22578125 0.0234375 0.0265625
0 0.3234375 0.22265625 0.1484375 0.02265625
0 0.69375 0.2109375 0.025 0.02578125
0 0.2078125 0.2578125 0.221875 0.021875
0 0.396875 0.25234375 0.071875 0.0265625
0 0.4484375 0.25 0.01953125 0.02734375
0 0.68984375 0.24296875 0.43046875 0.0328125
0 0.1609375 0.290625 0.0953125 0.02421875
0 0.33828125 0.2859375 0.17421875 0.021875
0 0.5140625 0.28125 0.06640625 0.025
0 0.5765625 0.2796875 0.02421875 0.02578125
0 0.74921875 0.27578125 0.303125 0.03046875
0 0.3078125 0.3328125 0.09765625 0.04375
0 0.49453125 0.32734375 0.11171875 0.04296875
0 0.67109375 0.32265625 0.15703125 0.0421875
0 0.21796875 0.39140625 0.3609375 0.021875
0 0.68984375 0.3796875 0.11171875 0.02265625
0 0.82109375 0.3765625 0.0625 0.02421875
0 0.8875 0.375 0.0171875 0.02578125
0 0.93671875 0.3734375 0.0171875 0.025
0 0.11015625 0.4234375 0.14296875 0.02265625
0 0.19765625 0.42109375 0.015625 0.025
0 0.35234375 0.41796875 0.16484375 0.021875
0 0.11015625 0.4609375 0.140625 0.02421875
0 0.278125 0.4578125 0.1125 0.02421875
0 0.48515625 0.45390625 0.06875 0.025
0 0.83046875 0.44765625 0.225 0.02109375
0 0.096875 0.51171875 0.109375 0.03984375
0 0.10234375 0.57109375 0.10546875 0.04140625
0 0.0828125 0.62421875 0.06796875 0.0234375
0 0.21328125 0.621875 0.18203125 0.021875
0 0.6953125 0.6171875 0.0140625 0.02421875
0 0.83671875 0.61484375 0.2125 0.021875
0 0.18828125 0.68359375 0.1625 0.02109375
0 0.8015625 0.67734375 0.2234375 0.021875
0 0.1390625 0.7046875 0.178125 0.015625
0 0.2984375 0.7015625 0.08515625 0.01796875
0 0.61015625 0.6984375 0.0171875 0.01875
0 0.6953125 0.6984375 0.11171875 0.01796875
0 0.84609375 0.69765625 0.15078125 0.0171875
0 0.25078125 0.71796875 0.25625 0.0125
0 0.684375 0.7140625 0.05703125 0.015625
0 0.82890625 0.71328125 0.1875 0.0140625
0 0.0765625 0.7359375 0.0546875 0.0171875
0 0.8875 0.72734375 0.07109375 0.01640625
0 0.746875 0.74765625 0.1125 0.0203125
0 0.36796875 0.7734375 0.12890625 0.02109375
0 0.56171875 0.771875 0.184375 0.0203125
0 0.29375 0.79296875 0.10546875 0.0171875
0 0.71953125 0.809375 0.2046875 0.0234375
0 0.19921875 0.8453125 0.14296875 0.02109375
0 0.46328125 0.84296875 0.29921875 0.01953125
0 0.62890625 0.8421875 0.01640625 0.021875
0 0.75234375 0.840625 0.21015625 0.0203125
0 0.25859375 0.871875 0.078125 0.021875
0 0.35859375 0.87109375 0.05546875 0.021875
0 0.58671875 0.8703125 0.3296875 0.0203125
0 0.284375 0.9171875 0.01328125 0.015625
0 0.33046875 0.9171875 0.06796875 0.015625
0 0.43125 0.94765625 0.32109375 0.03671875
0 0.72421875 0.94765625 0.26328125 0.03671875
0 0.60625 0.09921875 0.20859375 0.0484375
0 0.5046875 0.18671875 0.14453125 0.02265625
0 0.54765625 0.21484375 0.23046875 0.0265625
0 0.81328125 0.20625 0.20078125 0.02734375
0 0.8640625 0.5 0.20078125 0.0421875
0 0.73125 0.49921875 0.04140625 0.021875
0 0.68984375 0.45078125 0.028125 0.0171875
0 0.8359375 0.56015625 0.225 0.04453125
0 0.69609375 0.56171875 0.03359375 0.02265625
0 0.69609375 0.728125 0.075 0.01328125
0 0.7921875 0.72734375 0.07734375 0.0140625
0 0.06484375 0.6859375 0.03125 0.01953125
0 0.2015625 0.753125 0.09765625 0.02265625
0 0.2328125 0.73359375 0.21875 0.01484375
0 0.17421875 0.79609375 0.096875 0.01796875
0 0.0828125 0.79609375 0.05859375 0.01484375
0 0.9078125 0.8109375 0.07734375 0.02578125
0 0.7234375 0.88671875 0.0796875 0.0140625
0 0.628125 0.88671875 0.08515625 0.01171875
0 0.66484375 0.89921875 0.04140625 0.01328125
0 0.621875 0.91484375 0.13046875 0.0140625
0 0.603125 0.90234375 0.06015625 0.0109375
0 0.53046875 0.88828125 0.075 0.01328125
0 0.44375 0.8875 0.07265625 0.0140625
0 0.3484375 0.8890625 0.046875 0.01171875
0 0.25234375 0.88828125 0.103125 0.01328125
0 0.4171875 0.9015625 0.278125 0.01015625
0 0.46796875 0.91640625 0.140625 0.0140625