0 0.25625 0.05546875 0.0953125 0.02734375
0 0.33515625 0.05546875 0.01328125 0.02734375
0 0.384375 0.05546875 0.07109375 0.02734375
0 0.64296875 0.05546875 0.359375 0.02734375
0 0.17890625 0.08359375 0.184375 0.02890625
0 0.33203125 0.0859375 0.0578125 0.0234375
0 0.771875 0.08125 0.2703125 0.0265625
0 0.296875 0.146875 0.075 0.025
0 0.34765625 0.1453125 0.01953125 0.025
0 0.41953125 0.14609375 0.1125 0.025
0 0.53515625 0.14453125 0.0796875 0.025
0 0.634375 0.14375 0.05078125 0.025
0 0.71875 0.1421875 0.05078125 0.025
0 0.275 0.17421875 0.15859375 0.025
0 0.434375 0.17265625 0.0984375 0.025
0 0.659375 0.171875 0.27265625 0.02421875
0 0.128125 0.2171875 0.1296875 0.025
0 0.3703125 0.2171875 0.0046875 0.025
0 0.5453125 0.21484375 0.26640625 0.021875
0 0.11484375 0.24453125 0.10078125 0.02421875
0 0.5234375 0.24296875 0.2109375 0.021875
0 0.1015625 0.2734375 0.07421875 0.028125
0 0.1953125 0.2734375 0.05 0.028125
0 0.36953125 0.2734375 0.00703125 0.0203125
0 0.465625 0.271875 0.10625 0.01875
0 0.3515625 0.31875 0.25546875 0.0359375
0 0.64921875 0.31796875 0.2078125 0.04140625
0 0.1859375 0.3703125 0.01171875 0.0265625
0 0.328125 0.3703125 0.17109375 0.0265625
0 0.52734375 0.3703125 0.12890625 0.02734375
0 0.80390625 0.371875 0.1765625 0.028125
0 0.10625 0.41640625 0.0859375 0.02734375
0 0.22734375 0.415625 0.10546875 0.02734375
0 0.83359375 0.41953125 0.1328125 0.02734375
0 0.16953125 0.47734375 0.20546875 0.021875
0 0.17109375 0.50703125 0.20546875 0.021875
0 0.72890625 0.48125 0.025 0.028125
0 0.8234375 0.48125 0.1390625 0.02890625
0 0.65390625 0.5109375 0.0265625 0.0265625
0 0.78515625 0.5125 0.2109375 0.03046875
0 0.1578125 0.5671875 0.18046875 0.025
0 0.103125 0.5921875 0.078125 0.0265625
0 0.27734375 0.59375 0.20859375 0.02734375
0 0.53203125 0.59609375 0.07421875 0.0265625
0 0.7078125 0.59765625 0.21328125 0.028125
0 0.1296875 0.621875 0.12421875 0.02265625
0 0.25078125 0.621875 0.05 0.02265625
0 0.5453125 0.62421875 0.09296875 0.02578125
0 0.7078125 0.6265625 0.15703125 0.0265625
0 0.11484375 0.64921875 0.10234375 0.02421875
0 0.22265625 0.65 0.05546875 0.025
0 0.26875 0.65078125 0.01640625 0.0234375
0 0.30703125 0.65078125 0.04375 0.02421875
0 0.4625 0.6515625 0.04609375 0.02421875
0 0.128125 0.67734375 0.1296875 0.02578125
0 0.2734375 0.67890625 0.10078125 0.025
0 0.821875 0.68828125 0.1609375 0.02421875
0 0.13984375 0.70625 0.15703125 0.02421875
0 0.7203125 0.715625 0.0109375 0.025
0 0.81953125 0.715625 0.15859375 0.02578125
0 0.48671875 0.765625 0.21328125 0.025
0 0.13671875 0.834375 0.15546875 0.02890625
0 0.515625 0.8390625 0.42890625 0.0328125
0 0.12265625 0.86171875 0.0765625 0.021875
0 0.45859375 0.90859375 0.15234375 0.03125
0 0.65078125 0.9125 0.1546875 0.03046875
0 0.0953125 0.9453125 0.07421875 0.0265625
0 0.1875 0.94609375 0.0515625 0.02578125
0 0.23046875 0.946875 0.01171875 0.025
0 0.29375 0.94765625 0.10390625 0.0265625
0 0.6890625 0.9546875 0.01796875 0.0234375
0 0.75859375 0.95703125 0.04765625 0.025
0 0.86796875 0.96015625 0.10078125 0.0265625
0 0.328125 0.990625 0.05390625 0.01796875
0 0.496875 0.08203125 0.21796875 0.02109375
0 0.4109375 0.11640625 0.16015625 0.0203125
0 0.59140625 0.1140625 0.134375 0.02265625
0 0.36953125 0.246875 0.01484375 0.01484375
0 0.60703125 0.41796875 0.06796875 0.021875
0 0.75078125 0.4171875 0.021875 0.01328125
0 0.7203125 0.684375 0.0234375 0.01484375
0 0.296875 0.90703125 0.12109375 0.02421875
0 0.4109375 0.99140625 0.06875 0.0140625
0 0.575 0.99296875 0.21640625 0.01328125