0 0.26015625 0.1203125 0.0140625 0.02578125
0 0.28671875 0.11953125 0.01328125 0.025
0 0.4046875 0.1171875 0.21875 0.02109375
0 0.58203125 0.1125 0.1046875 0.0234375
0 0.365625 0.146875 0.1109375 0.02578125
0 0.521875 0.14296875 0.16484375 0.02421875
0 0.32265625 0.175 0.0875 0.025
0 0.4078125 0.1734375 0.04375 0.0265625
0 0.4765625 0.171875 0.06953125 0.0265625
0 0.55078125 0.1703125 0.03515625 0.0265625
0 0.57890625 0.1703125 0.0078125 0.0265625
0 0.60703125 0.16953125 0.03515625 0.0265625
0 0.4578125 0.20078125 0.1109375 0.0203125
0 0.07265625 0.23359375 0.1046875 0.02890625
0 0.1640625 0.23203125 0.03828125 0.03046875
0 0.18828125 0.23203125 0.01328125 0.03046875
0 0.3578125 0.228125 0.2734375 0.0265625
0 0.6328125 0.2234375 0.05625 0.03046875
0 0.703125 0.22265625 0.04375 0.03125
0 0.7265625 0.221875 0.0140625 0.03046875
0 0.8328125 0.2203125 0.1515625 0.028125
0 0.06484375 0.26328125 0.0875 0.0265625
0 0.14609375 0.2625 0.034375 0.02734375
0 0.1734375 0.2625 0.00625 0.028125
0 0.2171875 0.2625 0.06328125 0.02734375
0 0.33125 0.2609375 0.103125 0.02734375
0 0.68125 0.25234375 0.03828125 0.0265625
0 0.7078125 0.25234375 0.01484375 0.02734375
0 0.784375 0.25 0.1328125 0.025
0 0.85859375 0.2484375 0.0078125 0.028125
0 0.88828125 0.24765625 0.0390625 0.0265625
0 0.2546875 0.28828125 0.053125 0.025
0 0.3078125 0.28671875 0.0546875 0.025
0 0.3578125 0.2859375 0.0140625 0.02578125
0 0.409375 0.28515625 0.04609375 0.025
0 0.4484375 0.284375 0.009375 0.02578125
0 0.54296875 0.2828125 0.00625 0.02578125
0 0.43984375 0.31328125 0.1703125 0.0234375
0 0.68046875 0.33515625 0.0671875 0.028125
0 0.73359375 0.33359375 0.0203125 0.02890625
0 0.77734375 0.3328125 0.01953125 0.02890625
0 0.440625 0.3671875 0.16953125 0.021875
0 0.36796875 0.39375 0.16953125 0.02109375
0 0.52890625 0.3921875 0.0546875 0.0234375
0 0.0453125 0.4265625 0.05625 0.02578125
0 0.275 0.4234375 0.29140625 0.021875
0 0.7421875 0.41484375 0.08984375 0.02109375
0 0.85625 0.41328125 0.08984375 0.02109375
0 0.33125 0.4515625 0.0734375 0.021875
0 0.41953125 0.45 0.0734375 0.021875
0 0.5671875 0.446875 0.109375 0.021875
0 0.1578125 0.4796875 0.0875 0.0234375
0 0.3015625 0.47734375 0.16328125 0.02265625
0 0.76171875 0.4703125 0.0921875 0.0234375
0 0.1015625 0.53515625 0.16484375 0.025
0 0.27265625 0.5328125 0.140625 0.025
0 0.146875 0.56171875 0.25390625 0.01953125
0 0.3640625 0.5578125 0.13984375 0.021875
0 0.49296875 0.55546875 0.07109375 0.021875
0 0.53515625 0.55546875 0.0140625 0.0234375
0 0.8109375 0.52578125 0.0734375 0.02109375
0 0.88046875 0.52421875 0.0265625 0.021875
0 0.81015625 0.553125 0.075 0.02109375
0 0.8875 0.5515625 0.02734375 0.02109375
0 0.27578125 0.61171875 0.0359375 0.0234375
0 0.54921875 0.609375 0.1828125 0.021875
0 0.27578125 0.64140625 0.20703125 0.025
0 0.5703125 0.63828125 0.28125 0.025
0 0.2015625 0.69609375 0.221875 0.025
0 0.3859375 0.69375 0.10546875 0.0265625
0 0.5171875 0.6921875 0.15625 0.02578125
0 0.621875 0.690625 0.034375 0.0265625
0 0.7328125 0.68984375 0.15 0.025
0 0.45859375 0.71953125 0.175 0.01953125
0 0.31953125 0.7484375 0.12109375 0.028125
0 0.446875 0.74765625 0.0859375 0.02890625
0 0.53046875 0.746875 0.03828125 0.028125
0 0.559375 0.746875 0.0078125 0.02890625
0 0.621875 0.74609375 0.071875 0.028125
0 0.14765625 0.7796875 0.11015625 0.0296875
0 0.24921875 0.778125 0.0546875 0.0296875
0 0.29296875 0.77734375 0.01953125 0.03046875
0 0.44921875 0.77578125 0.05625 0.0296875
0 0.49296875 0.775 0.01875 0.03046875
0 0.53046875 0.77421875 0.03515625 0.0296875
0 0.5578125 0.77421875 0.0046875 0.03046875
0 0.60390625 0.7734375 0.034375 0.03046875
0 0.65 0.77265625 0.01015625 0.03046875
0 0.68828125 0.77265625 0.0109375 0.03046875
0 0.7703125 0.771875 0.11015625 0.02890625
0 0.39375 0.8 0.0875 0.0203125
0 0.45078125 0.79921875 0.01015625 0.0203125
0 0.50390625 0.79921875 0.0875 0.0203125
0 0.31015625 0.90546875 0.31953125 0.0640625
0 0.6828125 0.90078125 0.3984375 0.06328125
0 0.29140625 0.9671875 0.06796875 0.021875
0 0.56796875 0.9625 0.1828125 0.02109375
0 0.62421875 0.25390625 0.03984375 0.01953125
0 0.484375 0.2828125 0.05234375 0.01953125
0 0.62421875 0.2828125 0.11328125 0.021875
0 0.6296875 0.471875 0.13515625 0.025
0 0.51328125 0.475 0.07265625 0.01875
0 0.428125 0.4765625 0.05625 0.0203125
0 0.37421875 0.61015625 0.12890625 0.01953125
0 0.40078125 0.53125 0.08046875 0.02109375