0 0.18828125 0.04609375 0.27109375 0.03125
0 0.45 0.0421875 0.1921875 0.03984375
0 0.6296875 0.0484375 0.078125 0.034375
0 0.7609375 0.05 0.1140625 0.03828125
0 0.25625 0.07734375 0.18671875 0.040625
0 0.41875 0.0796875 0.05078125 0.03984375
0 0.5328125 0.08125 0.08984375 0.0390625
0 0.7453125 0.0828125 0.209375 0.040625
0 0.12734375 0.1203125 0.15078125 0.03203125
0 0.27265625 0.11640625 0.0859375 0.03203125
0 0.49296875 0.12109375 0.28125 0.0328125
0 0.746875 0.12109375 0.15859375 0.0359375
0 0.840625 0.12109375 0.0140625 0.03515625
0 0.896875 0.1234375 0.08515625 0.034375
0 0.95625 0.12578125 0.01328125 0.03515625
0 0.096875 0.15625 0.05703125 0.0359375
0 0.36640625 0.153125 0.21875 0.03203125
0 0.55703125 0.15390625 0.0875 0.0265625
0 0.68671875 0.153125 0.08828125 0.0359375
0 0.8 0.15390625 0.05625 0.02734375
0 0.88203125 0.15625 0.05 0.0234375
0 0.1609375 0.19140625 0.2421875 0.0296875
0 0.3765625 0.190625 0.10546875 0.03046875
0 0.509375 0.18984375 0.06015625 0.03046875
0 0.553125 0.1890625 0.0078125 0.03046875
0 0.621875 0.18828125 0.09375 0.03046875
0 0.746875 0.18828125 0.0859375 0.03046875
0 0.89140625 0.1875 0.11640625 0.03046875
0 0.15546875 0.228125 0.1875 0.03125
0 0.31640625 0.22734375 0.06015625 0.03203125
0 0.3625 0.22734375 0.00546875 0.03203125
0 0.66171875 0.2265625 0.49296875 0.03046875
0 0.2828125 0.26328125 0.05703125 0.034375
0 0.39375 0.26328125 0.07890625 0.034375
0 0.46640625 0.26328125 0.0171875 0.034375
0 0.6359375 0.26328125 0.3046875 0.034375
0 0.8140625 0.26328125 0.0171875 0.034375
0 0.903125 0.26328125 0.14453125 0.034375
0 0.11015625 0.321875 0.14765625 0.034375
0 0.20859375 0.32109375 0.02109375 0.034375
0 0.38046875 0.3203125 0.315625 0.0328125
0 0.66328125 0.31875 0.11953125 0.034375
0 0.73671875 0.31875 0.00703125 0.034375
0 0.86953125 0.3171875 0.14921875 0.03359375
0 0.0734375 0.36015625 0.09375 0.03359375
0 0.18828125 0.359375 0.0625 0.03359375
0 0.23359375 0.359375 0.0078125 0.03359375
0 0.2703125 0.359375 0.02421875 0.03359375
0 0.3109375 0.42890625 0.09375 0.0265625
0 0.49921875 0.42734375 0.17265625 0.02578125
0 0.6890625 0.42578125 0.11328125 0.0265625
0 0.13046875 0.5015625 0.18125 0.02890625
0 0.2921875 0.5 0.071875 0.03046875
0 0.36484375 0.49921875 0.02734375 0.03046875
0 0.490625 0.49765625 0.15078125 0.02890625
0 0.08125 0.53828125 0.09765625 0.02421875
0 0.22421875 0.534375 0.03984375 0.025
0 0.8953125 0.5296875 0.1390625 0.03203125
0 0.12890625 0.60625 0.18203125 0.0296875
0 0.23359375 0.63828125 0.34765625 0.02890625
0 0.11640625 0.71015625 0.15390625 0.02578125
0 0.89140625 0.703125 0.14453125 0.02734375
0 0.11640625 0.77734375 0.15390625 0.03203125
0 0.25546875 0.775 0.0671875 0.03359375
0 0.165625 0.81171875 0.24296875 0.03203125
0 0.08671875 0.88359375 0.09453125 0.02890625
0 0.19453125 0.88125 0.05859375 0.0296875
0 0.2375 0.88125 0.015625 0.0296875
0 0.3453125 0.87890625 0.11328125 0.02890625
0 0.67265625 0.878125 0.02734375 0.0328125
0 0.75078125 0.878125 0.0625 0.03359375
0 0.90546875 0.87734375 0.11875 0.0328125
0 0.46953125 0.9453125 0.05 0.02578125
0 0.66171875 0.94453125 0.240625 0.025
0 0.12421875 0.265625 0.19921875 0.02734375
0 0.89375 0.5984375 0.14453125 0.02578125
0 0.89296875 0.634375 0.1484375 0.02734375
0 0.3953125 0.77421875 0.1015625 0.028125
0 0.34296875 0.94453125 0.0828125 0.028125