0 0.19140625 0.134375 0.2328125 0.015625
0 0.36171875 0.134375 0.08046875 0.015625
0 0.50078125 0.134375 0.17109375 0.0140625
0 0.11171875 0.15 0.08046875 0.015625
0 0.365625 0.15 0.3328125 0.01484375
0 0.16796875 0.16640625 0.18671875 0.01484375
0 0.36875 0.18359375 0.25078125 0.01484375
0 0.10234375 0.18359375 0.0625 0.015625
0 0.18671875 0.18359375 0.0546875 0.01484375
0 0.12421875 0.19921875 0.10390625 0.0140625
0 0.27265625 0.20078125 0.1015625 0.0140625
0 0.38828125 0.20078125 0.08125 0.015625
0 0.35859375 0.2171875 0.14921875 0.0140625
0 0.23046875 0.2171875 0.06015625 0.0140625
0 0.12265625 0.2171875 0.10078125 0.0140625
0 0.134375 0.23515625 0.12421875 0.0140625
0 0.41953125 0.23515625 0.1015625 0.0140625
0 0.55859375 0.23515625 0.12421875 0.0140625
0 0.28125 0.2359375 0.12109375 0.01875
0 0.38203125 0.24765625 0.0984375 0.02265625
0 0.49296875 0.2515625 0.0765625 0.0140625
0 0.1125 0.25234375 0.078125 0.0140625
0 0.25234375 0.25234375 0.14453125 0.0140625
0 0.63203125 0.25234375 0.14375 0.0140625
0 0.76953125 0.25234375 0.0828125 0.0140625
0 0.1140625 0.2859375 0.08359375 0.0140625
0 0.40859375 0.31953125 0.209375 0.01484375
0 0.76953125 0.31953125 0.209375 0.01484375
0 0.58046875 0.31953125 0.08125 0.01484375
0 0.14453125 0.31953125 0.146875 0.01484375
0 0.18984375 0.33671875 0.2296875 0.0140625
0 0.38828125 0.33671875 0.03984375 0.0140625
0 0.74921875 0.33671875 0.16640625 0.0140625
0 0.57890625 0.33671875 0.08359375 0.015625
0 0.3046875 0.353125 0.03828125 0.01484375
0 0.146875 0.353125 0.14921875 0.01484375
0 0.1140625 0.38671875 0.08125 0.01484375
0 0.48359375 0.38671875 0.06015625 0.01484375
0 0.653125 0.38671875 0.06015625 0.01484375
0 0.81171875 0.38671875 0.1234375 0.01484375
0 0.825 0.4203125 0.10390625 0.015625
0 0.134375 0.42109375 0.12421875 0.0140625
0 0.46171875 0.42109375 0.01796875 0.0140625
0 0.64296875 0.42109375 0.08046875 0.0140625
0 0.9046875 0.42109375 0.0203125 0.015625
0 0.16796875 0.43671875 0.184375 0.015625
0 0.325 0.43671875 0.08125 0.01484375
0 0.56875 0.4375 0.0609375 0.0140625
0 0.4515625 0.4375 0.12421875 0.0140625
0 0.90390625 0.453125 0.025 0.01640625
0 0.82578125 0.45390625 0.10390625 0.015625
0 0.20859375 0.45390625 0.275 0.0171875
0 0.4625 0.45390625 0.015625 0.01484375
0 0.64296875 0.45390625 0.08046875 0.01484375
0 0.44375 0.4703125 0.14609375 0.015625
0 0.321875 0.4703125 0.0421875 0.015625
0 0.1546875 0.471875 0.1640625 0.015625
0 0.46328125 0.4875 0.02578125 0.015625
0 0.134375 0.4875 0.12421875 0.0140625
0 0.6421875 0.4875 0.08046875 0.0140625
0 0.821875 0.4875 0.103125 0.0140625
0 0.90703125 0.4890625 0.02734375 0.01640625
0 0.1328125 0.50390625 0.12109375 0.015625
0 0.2828125 0.50390625 0.1265625 0.0140625
0 0.2828125 0.53828125 0.16484375 0.0140625
0 0.12421875 0.53828125 0.09921875 0.015625
0 0.6015625 0.53828125 0.03515625 0.0140625
0 0.60859375 0.571875 0.18515625 0.015625
0 0.8640625 0.57265625 0.103125 0.0140625
0 0.5578125 0.5890625 0.08125 0.0140625
0 0.87421875 0.5890625 0.07890625 0.0140625
0 0.54609375 0.60546875 0.06015625 0.01484375
0 0.87421875 0.60625 0.07890625 0.0140625
0 0.5984375 0.6234375 0.1671875 0.01484375
0 0.87265625 0.6234375 0.0828125 0.01484375
0 0.2171875 0.63984375 0.20390625 0.015625
0 0.8078125 0.63984375 0.20390625 0.015625
0 0.23671875 0.65625 0.246875 0.01484375
0 0.8078125 0.65625 0.20625 0.01484375
0 0.2375 0.67265625 0.246875 0.01484375
0 0.82890625 0.6734375 0.1609375 0.0140625
0 0.5234375 0.7390625 0.05859375 0.0140625
0 0.22734375 0.7390625 0.1015625 0.01484375
0 0.43984375 0.7390625 0.0578125 0.01484375
0 0.34375 0.7390625 0.08125 0.01484375
0 0.69140625 0.74140625 0.22421875 0.01796875
0 0.43984375 0.75625 0.103125 0.01484375
0 0.54765625 0.75625 0.06328125 0.0140625
0 0.61875 0.771875 0.121875 0.015625
0 0.28125 0.77265625 0.209375 0.0140625
0 0.75625 0.77265625 0.103125 0.0140625
0 0.46328125 0.7734375 0.1078125 0.015625
0 0.09921875 0.83828125 0.05859375 0.0171875
0 0.22890625 0.83828125 0.14609375 0.01640625
0 0.65078125 0.8734375 0.01796875 0.0140625
0 0.8203125 0.8734375 0.14140625 0.0140625
0 0.11171875 0.8734375 0.0828125 0.0140625
0 0.4703125 0.8734375 0.1234375 0.01484375
0 0.48203125 0.90703125 0.09921875 0.0140625
0 0.0890625 0.90703125 0.040625 0.0140625
0 0.85234375 0.90703125 0.08046875 0.0140625
0 0.65078125 0.90703125 0.01796875 0.0140625
0 0.8515625 0.9234375 0.0890625 0.0140625
0 0.09921875 0.92421875 0.065625 0.015625
0 0.65234375 0.92421875 0.01953125 0.0171875
0 0.48046875 0.925 0.1078125 0.01484375
0 0.50234375 0.97421875 0.065625 0.01796875
0 0.85390625 0.975 0.08359375 0.01484375
0 0.60859375 0.975 0.10390625 0.0171875