0 0.22578125 0.13046875 0.053125 0.021875
0 0.359375 0.13125 0.1609375 0.02265625
0 0.56171875 0.13359375 0.18515625 0.02265625
0 0.121875 0.153125 0.096875 0.02265625
0 0.284375 0.15390625 0.175 0.0234375
0 0.53828125 0.15546875 0.05390625 0.021875
0 0.58203125 0.15546875 0.0125 0.021875
0 0.6140625 0.15546875 0.03828125 0.02265625
0 0.6484375 0.15546875 0.01171875 0.021875
0 0.68125 0.15546875 0.0296875 0.02265625
0 0.71328125 0.15546875 0.0109375 0.021875
0 0.73046875 0.15546875 0.01171875 0.021875
0 0.8078125 0.1578125 0.125 0.01953125
0 0.475 0.1734375 0.1015625 0.01875
0 0.20390625 0.1953125 0.096875 0.02265625
0 0.38984375 0.1953125 0.225 0.02265625
0 0.5578125 0.19609375 0.0578125 0.02265625
0 0.72109375 0.19609375 0.20234375 0.0234375
0 0.1421875 0.240625 0.1 0.0234375
0 0.3765625 0.240625 0.19609375 0.0234375
0 0.13046875 0.2609375 0.07890625 0.02421875
0 0.328125 0.2625 0.09453125 0.025
0 0.11953125 0.2828125 0.0578125 0.02421875
0 0.19296875 0.28359375 0.03515625 0.02421875
0 0.315625 0.284375 0.0765625 0.02421875
0 0.15703125 0.32421875 0.18203125 0.02421875
0 0.3453125 0.32578125 0.13984375 0.0234375
0 0.44921875 0.3265625 0.01484375 0.0234375
0 0.48203125 0.3265625 0.03203125 0.0234375
0 0.14765625 0.34609375 0.1625 0.021875
0 0.403125 0.34765625 0.00625 0.02109375
0 0.44765625 0.34765625 0.0140625 0.02109375
0 0.1234375 0.36796875 0.11796875 0.02421875
0 0.30234375 0.36953125 0.17734375 0.02421875
0 0.446875 0.3703125 0.0140625 0.02265625
0 0.478125 0.3703125 0.0359375 0.02265625
0 0.1546875 0.38984375 0.0078125 0.02265625
0 0.290625 0.39140625 0.075 0.0234375
0 0.44453125 0.39140625 0.015625 0.01875
0 0.47734375 0.39140625 0.03671875 0.01875
0 0.121875 0.4109375 0.121875 0.02265625
0 0.23828125 0.41171875 0.05703125 0.02265625
0 0.31796875 0.4125 0.0515625 0.021875
0 0.39375 0.4125 0.0359375 0.02265625
0 0.4453125 0.41328125 0.015625 0.021875
0 0.47734375 0.4140625 0.0359375 0.021875
0 0.14140625 0.43359375 0.159375 0.02421875
0 0.29921875 0.43515625 0.096875 0.02265625
0 0.39453125 0.4359375 0.03359375 0.02265625
0 0.44609375 0.43671875 0.0140625 0.02265625
0 0.47734375 0.4359375 0.0359375 0.02265625
0 0.68359375 0.328125 0.01328125 0.01953125
0 0.76015625 0.328125 0.121875 0.01953125
0 0.7265625 0.3515625 0.0109375 0.01953125
0 0.7796875 0.35078125 0.08125 0.01953125
0 0.725 0.371875 0.01328125 0.01953125
0 0.7796875 0.371875 0.08203125 0.01953125
0 0.725 0.3953125 0.01328125 0.0203125
0 0.7796875 0.3953125 0.08203125 0.0203125
0 0.7234375 0.4171875 0.00703125 0.01796875
0 0.7796875 0.4171875 0.08046875 0.01796875
0 0.72421875 0.4390625 0.01328125 0.02109375
0 0.7796875 0.4390625 0.08203125 0.02109375
0 0.159375 0.4984375 0.121875 0.02109375
0 0.15703125 0.51953125 0.11953125 0.0234375
0 0.76484375 0.50625 0.103125 0.02109375
0 0.678125 0.52734375 0.01171875 0.0203125
0 0.75 0.52734375 0.11015625 0.02109375
0 0.14296875 0.58515625 0.09921875 0.021875
0 0.26875 0.5859375 0.1 0.021875
0 0.1 0.60703125 0.09765625 0.025
0 0.225 0.60859375 0.096875 0.02421875
0 0.35546875 0.6109375 0.1015625 0.02578125
0 0.45703125 0.6125 0.00703125 0.0234375
0 0.4796875 0.6125 0.00546875 0.0234375
0 0.50625 0.61328125 0.0078125 0.0234375
0 0.1375 0.63046875 0.19296875 0.02421875
0 0.2796875 0.63203125 0.03828125 0.021875
0 0.33203125 0.6328125 0.0015625 0.021875
0 0.42890625 0.634375 0.121875 0.02265625
0 0.6765625 0.59453125 0.0125 0.021875
0 0.75390625 0.59453125 0.12265625 0.021875
0 0.1984375 0.665625 0.1078125 0.01640625
0 0.35 0.66875 0.07578125 0.01484375
0 0.490625 0.6734375 0.1796875 0.0203125
0 0.1375 0.67734375 0.1359375 0.01484375
0 0.21953125 0.67890625 0.00390625 0.0125
0 0.23984375 0.67890625 0.0171875 0.0125
0 0.29140625 0.68046875 0.07109375 0.0140625
0 0.3625 0.68125 0.01484375 0.0125
0 0.41484375 0.6828125 0.07421875 0.01484375
0 0.225 0.69140625 0.05390625 0.01328125
0 0.26875 0.69140625 0.00625 0.01328125
0 0.315625 0.69296875 0.06953125 0.01484375
0 0.36875 0.69296875 0.00625 0.01328125
0 0.46171875 0.6953125 0.15390625 0.015625
0 0.61953125 0.69765625 0.1171875 0.01484375
0 0.27109375 0.70625 0.09609375 0.01484375
0 0.428125 0.70859375 0.1703125 0.01640625
0 0.60078125 0.71015625 0.10625 0.01484375
0 0.71640625 0.71171875 0.065625 0.01484375
0 0.4109375 0.7234375 0.13046875 0.0171875
0 0.521875 0.7234375 0.034375 0.0171875
0 0.55078125 0.7234375 0.0015625 0.0171875
0 0.58203125 0.7234375 0.03203125 0.0171875
0 0.6109375 0.7234375 0.01328125 0.0171875
0 0.63125 0.7234375 0.015625 0.0171875
0 0.49296875 0.74296875 0.0953125 0.01875
0 0.44375 0.7875 0.11640625 0.021875
0 0.5453125 0.7875 0.03671875 0.02265625
0 0.24140625 0.8328125 0.03828125 0.0234375
0 0.46328125 0.83046875 0.19296875 0.021875
0 0.16171875 0.85390625 0.15625 0.021875
0 0.284375 0.853125 0.0375 0.021875
0 0.4875 0.8515625 0.15625 0.02109375
0 0.33359375 0.87578125 0.1390625 0.02265625
0 0.596875 0.8734375 0.00859375 0.0234375
0 0.67890625 0.87265625 0.09765625 0.02265625
0 0.321875 0.89765625 0.19453125 0.02109375
0 0.53125 0.89609375 0.15546875 0.021875
0 0.66015625 0.89453125 0.0171875 0.02265625
0 0.7109375 0.89453125 0.03671875 0.02265625
0 0.771875 0.89375 0.03828125 0.02265625
0 0.471875 0.91953125 0.07890625 0.02109375
0 0.13828125 0.9609375 0.09453125 0.0203125
0 0.41328125 0.9609375 0.16015625 0.01953125
0 0.709375 0.13515625 0.0703125 0.01796875
0 0.44296875 0.153125 0.08515625 0.01953125
0 0.20703125 0.390625 0.046875 0.01796875
0 0.69921875 0.50703125 0.02265625 0.0125
0 0.0921875 0.66328125 0.06640625 0.01640625
0 0.77890625 0.7015625 0.0609375 0.01328125
0 0.7140625 0.69921875 0.02109375 0.0109375
0 0.14140625 0.83359375 0.11875 0.01953125