0 0.128125 0.02890625 0.02890625 0.02109375
0 0.2953125 0.02890625 0.11796875 0.02109375
0 0.4078125 0.02890625 0.05625 0.02109375
0 0.53203125 0.02890625 0.09921875 0.02109375
0 0.61484375 0.02890625 0.01484375 0.02109375
0 0.6625 0.02890625 0.03046875 0.02109375
0 0.72890625 0.02890625 0.0796875 0.02109375
0 0.83359375 0.02890625 0.07734375 0.02109375
0 0.14765625 0.0453125 0.06953125 0.01796875
0 0.2515625 0.04609375 0.0734375 0.01796875
0 0.42734375 0.046875 0.2203125 0.01875
0 0.6 0.046875 0.0703125 0.01796875
0 0.1703125 0.065625 0.11640625 0.01953125
0 0.28359375 0.06484375 0.06015625 0.01796875
0 0.39765625 0.065625 0.07421875 0.01953125
0 0.48828125 0.065625 0.05625 0.01953125
0 0.12890625 0.08359375 0.03515625 0.01953125
0 0.2015625 0.08359375 0.053125 0.01953125
0 0.1796875 0.10390625 0.13671875 0.02109375
0 0.4265625 0.1046875 0.30625 0.021875
0 0.18046875 0.14453125 0.09609375 0.01953125
0 0.4140625 0.1453125 0.19140625 0.01953125
0 0.1703125 0.16484375 0.075 0.01953125
0 0.3625 0.165625 0.090625 0.01953125
0 0.23046875 0.18671875 0.0359375 0.0203125
0 0.3546875 0.18671875 0.0765625 0.0203125
0 0.203125 0.22578125 0.17578125 0.021875
0 0.37421875 0.22578125 0.11640625 0.021875
0 0.4875 0.225 0.0140625 0.021875
0 0.51953125 0.225 0.03515625 0.021875
0 0.175 0.24921875 0.11328125 0.02109375
0 0.303125 0.2484375 0.0953125 0.02109375
0 0.41640625 0.24765625 0.07734375 0.02109375
0 0.48828125 0.24765625 0.0140625 0.02109375
0 0.51796875 0.24765625 0.0359375 0.02109375
0 0.1765625 0.26875 0.11328125 0.01953125
0 0.3046875 0.26796875 0.0953125 0.0203125
0 0.41640625 0.2671875 0.078125 0.0203125
0 0.4875 0.2671875 0.015625 0.0203125
0 0.51953125 0.2671875 0.03671875 0.0203125
0 0.17890625 0.2890625 0.1125 0.01953125
0 0.30625 0.2890625 0.09375 0.01953125
0 0.41640625 0.2890625 0.0765625 0.01953125
0 0.48828125 0.2890625 0.01640625 0.01953125
0 0.51953125 0.2890625 0.03515625 0.01953125
0 0.26796875 0.30859375 0.29140625 0.0203125
0 0.4265625 0.30859375 0.00234375 0.0203125
0 0.48828125 0.30859375 0.0140625 0.0203125
0 0.51953125 0.30859375 0.03359375 0.0203125
0 0.1703125 0.32890625 0.09296875 0.02109375
0 0.27734375 0.32890625 0.07265625 0.02109375
0 0.3875 0.32890625 0.0953125 0.02109375
0 0.4875 0.32890625 0.0140625 0.02109375
0 0.51953125 0.32890625 0.03515625 0.02109375
0 0.1734375 0.3484375 0.09296875 0.0203125
0 0.28046875 0.34921875 0.07265625 0.0203125
0 0.36875 0.34921875 0.05546875 0.0203125
0 0.48828125 0.34921875 0.0140625 0.01953125
0 0.51953125 0.34921875 0.0359375 0.01953125
0 0.2921875 0.36875 0.3265625 0.0203125
0 0.48828125 0.36875 0.0140625 0.01875
0 0.51953125 0.36875 0.03515625 0.01875
0 0.2921875 0.38828125 0.3265625 0.021875
0 0.48828125 0.3890625 0.0140625 0.0203125
0 0.51953125 0.3890625 0.03515625 0.0203125
0 0.18671875 0.40703125 0.11171875 0.0203125
0 0.271875 0.4078125 0.00625 0.01953125
0 0.31328125 0.4078125 0.0140625 0.01953125
0 0.39140625 0.4078125 0.09140625 0.0203125
0 0.490625 0.40859375 0.0140625 0.01953125
0 0.51953125 0.40859375 0.03515625 0.01953125
0 0.19765625 0.4265625 0.13203125 0.02109375
0 0.3234375 0.42734375 0.0734375 0.02109375
0 0.421875 0.428125 0.0734375 0.02109375
0 0.490625 0.428125 0.01640625 0.0203125
0 0.51953125 0.42890625 0.03515625 0.02109375
0 0.19921875 0.4453125 0.13046875 0.02109375
0 0.325 0.44609375 0.07265625 0.0203125
0 0.42265625 0.44765625 0.07421875 0.0203125
0 0.49140625 0.4484375 0.0140625 0.01953125
0 0.76015625 0.228125 0.0140625 0.01875
0 0.81328125 0.228125 0.0796875 0.01953125
0 0.73828125 0.2484375 0.01484375 0.01953125
0 0.803125 0.2484375 0.09921875 0.01953125
0 0.73828125 0.26875 0.015625 0.01875
0 0.803125 0.26796875 0.09921875 0.01796875
0 0.73671875 0.28828125 0.0140625 0.01796875
0 0.803125 0.28828125 0.09921875 0.01796875
0 0.73671875 0.30859375 0.0140625 0.0203125
0 0.80234375 0.30859375 0.09765625 0.0203125
0 0.75703125 0.3296875 0.01640625 0.01953125
0 0.81015625 0.32890625 0.08046875 0.01953125
0 0.73671875 0.35078125 0.0140625 0.01796875
0 0.80078125 0.35078125 0.096875 0.01796875
0 0.75703125 0.37109375 0.0140625 0.01796875
0 0.809375 0.37109375 0.08046875 0.01953125
0 0.75546875 0.39140625 0.0140625 0.01796875
0 0.80859375 0.39140625 0.07734375 0.01875
0 0.75546875 0.41171875 0.0140625 0.0171875
0 0.80859375 0.41171875 0.07890625 0.01796875
0 0.7546875 0.43125 0.01328125 0.01796875
0 0.80703125 0.43203125 0.078125 0.01796875
0 0.753125 0.4515625 0.0140625 0.01796875
0 0.80625 0.4515625 0.07734375 0.01875
0 0.22890625 0.50234375 0.11171875 0.01796875
0 0.228125 0.52109375 0.1109375 0.01875
0 0.7515625 0.509375 0.01328125 0.01796875
0 0.80234375 0.509375 0.0765625 0.01875
0 0.73046875 0.52734375 0.01015625 0.01875
0 0.7921875 0.52734375 0.08984375 0.01875
0 0.73125 0.5859375 0.0140625 0.01796875
0 0.790625 0.5859375 0.09609375 0.01875
0 0.215625 0.578125 0.09296875 0.02109375
0 0.334375 0.57890625 0.09140625 0.02109375
0 0.2140625 0.5984375 0.16953125 0.02421875
0 0.37421875 0.6 0.09296875 0.0234375
0 0.4765625 0.6 0.06015625 0.01875
0 0.215625 0.6171875 0.17578125 0.0234375
0 0.34375 0.61875 0.03359375 0.02109375
0 0.39375 0.61875 0.00234375 0.02109375
0 0.4828125 0.6203125 0.11328125 0.021875
0 0.1953125 0.65390625 0.05234375 0.02109375
0 0.2921875 0.65546875 0.090625 0.02265625
0 0.4125 0.65703125 0.053125 0.02109375
0 0.51015625 0.6578125 0.090625 0.021875
0 0.63125 0.6609375 0.09296875 0.0203125
0 0.175 0.67421875 0.0140625 0.01484375
0 0.1953125 0.675 0.0140625 0.01484375
0 0.4328125 0.67734375 0.0125 0.01953125
0 0.49140625 0.67890625 0.09296875 0.02109375
0 0.175 0.69296875 0.0140625 0.01640625
0 0.20546875 0.69296875 0.03125 0.0171875
0 0.43046875 0.696875 0.0125 0.01953125
0 0.4921875 0.6984375 0.09296875 0.02109375
0 0.81328125 0.6640625 0.05625 0.01875
0 0.7515625 0.684375 0.0140625 0.01875
0 0.803125 0.684375 0.07578125 0.01953125
0 0.75078125 0.70390625 0.0125 0.0203125
0 0.803125 0.7046875 0.07421875 0.02109375
0 0.17265625 0.73125 0.09296875 0.0234375
0 0.26171875 0.7328125 0.03515625 0.02265625
0 0.2921875 0.7328125 0.0015625 0.02265625
0 0.5234375 0.7359375 0.396875 0.02265625
0 0.18125 0.7515625 0.1125 0.02265625
0 0.28203125 0.75234375 0.03359375 0.02109375
0 0.3109375 0.753125 0.0015625 0.02109375
0 0.5015625 0.75546875 0.3140625 0.025
0 0.35 0.81171875 0.1734375 0.025
0 0.4515625 0.81328125 0.01171875 0.02265625
0 0.49765625 0.8140625 0.0671875 0.0234375
0 0.62109375 0.81640625 0.1140625 0.025
0 0.73203125 0.81796875 0.053125 0.0234375
0 0.29921875 0.83203125 0.1140625 0.02421875
0 0.41015625 0.83359375 0.053125 0.0234375
0 0.521875 0.8359375 0.07265625 0.02421875
0 0.6109375 0.8375 0.05390625 0.02265625
0 0.703125 0.8390625 0.03515625 0.02265625
0 0.77421875 0.83984375 0.053125 0.02265625
0 0.51171875 0.8546875 0.0953125 0.0203125
0 0.4609375 0.87421875 0.11484375 0.02421875
0 0.5609375 0.875 0.034375 0.0234375
0 0.684375 0.91875 0.1984375 0.025
0 0.1953125 0.93125 0.15625 0.01953125
0 0.31796875 0.93203125 0.03515625 0.01875
0 0.70390625 0.93984375 0.1578125 0.02265625
0 0.34765625 0.9546875 0.13671875 0.02578125
0 0.5109375 0.9578125 0.13671875 0.02578125
0 0.6125 0.959375 0.01484375 0.02265625
0 0.69453125 0.9609375 0.096875 0.02421875
0 0.21328125 0.97265625 0.18984375 0.01875
0 0.5234375 0.97734375 0.1578125 0.01484375
0 0.75546875 0.98125 0.015625 0.01796875
0 0.8078125 0.98203125 0.03671875 0.01796875
0 0.86875 0.9828125 0.03671875 0.01796875
0 0.1796875 0.02890625 0.06015625 0.015625
0 0.1578125 0.1859375 0.07265625 0.02109375
0 0.1765625 0.91015625 0.11953125 0.01953125
0 0.2796875 0.9109375 0.0453125 0.01484375
0 0.6046875 0.99453125 0.0828125 0.009375