0 0.37421875 0.10234375 0.18828125 0.01796875
0 0.575 0.1046875 0.19140625 0.01796875
0 0.5078125 0.1234375 0.053125 0.01640625
0 0.29921875 0.12421875 0.16015625 0.0203125
0 0.42890625 0.125 0.0734375 0.02109375
0 0.65234375 0.125 0.16015625 0.01796875
0 0.209375 0.146875 0.05078125 0.01640625
0 0.38046875 0.14765625 0.08671875 0.0171875
0 0.28515625 0.14921875 0.06796875 0.02109375
0 0.50703125 0.15078125 0.1390625 0.02109375
0 0.6484375 0.15078125 0.115625 0.01640625
0 0.74375 0.153125 0.04375 0.0203125
0 0.30234375 0.17421875 0.1375 0.0203125
0 0.4234375 0.175 0.071875 0.01875
0 0.54453125 0.1765625 0.1390625 0.021875
0 0.671875 0.17734375 0.084375 0.02109375
0 0.3515625 0.19765625 0.103125 0.0171875
0 0.4640625 0.19921875 0.090625 0.01640625
0 0.5875 0.2015625 0.12578125 0.02109375
0 0.47421875 0.2234375 0.221875 0.01796875
0 0.30859375 0.25 0.0671875 0.01640625
0 0.55390625 0.25234375 0.22734375 0.0171875
0 0.384375 0.253125 0.059375 0.01953125
0 0.38046875 0.28046875 0.0796875 0.01875
0 0.5203125 0.2828125 0.16484375 0.01875
0 0.184375 0.3109375 0.0796875 0.01640625
0 0.30546875 0.31171875 0.10703125 0.0171875
0 0.61796875 0.31484375 0.16640625 0.0171875
0 0.76640625 0.315625 0.10859375 0.01640625
0 0.1765625 0.3375 0.06015625 0.01640625
0 0.2984375 0.33828125 0.08984375 0.0171875
0 0.209375 0.3671875 0.12890625 0.01640625
0 0.365625 0.36796875 0.10859375 0.01640625
0 0.178125 0.39453125 0.059375 0.02265625
0 0.32109375 0.3953125 0.16484375 0.0234375
0 0.7890625 0.39765625 0.071875 0.01875
0 0.60703125 0.39765625 0.07421875 0.01640625
0 0.17890625 0.43125 0.06796875 0.01640625
0 0.28359375 0.43125 0.11875 0.01640625
0 0.44609375 0.4328125 0.175 0.01640625
0 0.56171875 0.434375 0.04140625 0.01640625
0 0.6609375 0.434375 0.13359375 0.01640625
0 0.77734375 0.43515625 0.04140625 0.01640625
0 0.2703125 0.45859375 0.0921875 0.01640625
0 0.19453125 0.46015625 0.01640625 0.01484375
0 0.60078125 0.4625 0.0796875 0.01640625
0 0.77890625 0.46484375 0.0796875 0.01484375
0 0.259375 0.490625 0.05390625 0.01484375
0 0.3515625 0.4921875 0.10625 0.0140625
0 0.50078125 0.49296875 0.0703125 0.01640625
0 0.7921875 0.49453125 0.0515625 0.0140625
0 0.20390625 0.5109375 0.11875 0.01640625
0 0.34765625 0.5125 0.1421875 0.01640625
0 0.465625 0.51328125 0.078125 0.01640625
0 0.5703125 0.5140625 0.109375 0.01640625
0 0.77421875 0.51484375 0.040625 0.01796875
0 0.68046875 0.51484375 0.09453125 0.01640625
0 0.26796875 0.5390625 0.0921875 0.01484375
0 0.1921875 0.5390625 0.00859375 0.015625
0 0.5984375 0.54296875 0.08203125 0.01640625
0 0.77578125 0.54296875 0.08359375 0.01640625
0 0.19140625 0.575 0.01640625 0.01640625
0 0.3703125 0.57578125 0.01640625 0.01484375
0 0.26796875 0.57734375 0.0796875 0.01640625
0 0.4875 0.57734375 0.0796875 0.01640625
0 0.77734375 0.57890625 0.0796875 0.01640625
0 0.1859375 0.60390625 0.06171875 0.015625
0 0.26015625 0.6046875 0.06171875 0.01640625
0 0.615625 0.6078125 0.0578125 0.01640625
0 0.7796875 0.60859375 0.071875 0.015625
0 0.328125 0.63359375 0.04765625 0.0203125
0 0.22421875 0.634375 0.1421875 0.02421875
0 0.78515625 0.6375 0.0640625 0.0171875
0 0.1921875 0.66015625 0.08203125 0.0171875
0 0.3140625 0.66171875 0.14140625 0.01640625
0 0.43359375 0.6625 0.07578125 0.01640625
0 0.771875 0.665625 0.08359375 0.01640625
0 0.19453125 0.690625 0.0921875 0.01640625
0 0.771875 0.6953125 0.08359375 0.01640625
0 0.2109375 0.71875 0.12109375 0.0203125
0 0.78125 0.72109375 0.06171875 0.01640625
0 0.1875 0.75078125 0.07421875 0.01640625
0 0.32265625 0.75390625 0.16875 0.02265625
0 0.1875 0.778125 0.0796875 0.01640625
0 0.28984375 0.77890625 0.028125 0.01640625
0 0.40078125 0.7796875 0.053125 0.01484375
0 0.46640625 0.7796875 0.0578125 0.01640625
0 0.62890625 0.78203125 0.0671875 0.01484375
0 0.7796875 0.78671875 0.0765625 0.02890625
0 0.1703125 0.809375 0.04296875 0.01640625
0 0.28046875 0.809375 0.046875 0.015625
0 0.453125 0.81171875 0.08203125 0.01640625
0 0.6296875 0.81328125 0.06171875 0.0140625
0 0.771875 0.8140625 0.08359375 0.01640625
0 0.18125 0.8390625 0.0734375 0.01796875
0 0.453125 0.84140625 0.08203125 0.01640625
0 0.6296875 0.84296875 0.06171875 0.015625
0 0.771875 0.84375 0.0859375 0.01640625
0 0.184375 0.8875 0.125 0.0203125
0 0.36328125 0.88984375 0.028125 0.01796875
0 0.465625 0.88984375 0.13125 0.0203125
0 0.296875 0.89296875 0.0671875 0.01953125
0 0.6046875 0.89296875 0.109375 0.015625
0 0.73046875 0.89375 0.10625 0.02578125
0 0.1921875 0.92265625 0.096875 0.01640625
0 0.28125 0.92265625 0.0578125 0.01640625
0 0.40390625 0.9234375 0.0453125 0.01640625
0 0.5109375 0.925 0.14375 0.01640625
0 0.34609375 0.925 0.046875 0.0125
0 0.6140625 0.925 0.04296875 0.01640625
0 0.69140625 0.9265625 0.0921875 0.01640625
0 0.7640625 0.928125 0.028125 0.01328125
0 0.44296875 0.94921875 0.1421875 0.0203125