0 0.85625 0.146875 0.09765625 0.02421875
0 0.69609375 0.14765625 0.165625 0.021875
0 0.55625 0.15 0.0625 0.01953125
0 0.365625 0.1515625 0.27265625 0.02109375
0 0.14296875 0.153125 0.121875 0.01875
0 0.665625 0.175 0.08359375 0.0203125
0 0.53671875 0.17734375 0.1265625 0.0203125
0 0.39765625 0.178125 0.10390625 0.01953125
0 0.1046875 0.1796875 0.0625 0.01875
0 0.18515625 0.1796875 0.0578125 0.01875
0 0.28125 0.18203125 0.078125 0.0234375
0 0.70546875 0.203125 0.10390625 0.0203125
0 0.5140625 0.20546875 0.234375 0.02109375
0 0.34296875 0.20703125 0.0625 0.01875
0 0.11171875 0.20859375 0.059375 0.01796875
0 0.225 0.2109375 0.11796875 0.021875
0 0.70859375 0.23203125 0.16875 0.02109375
0 0.41015625 0.2359375 0.121875 0.01953125
0 0.125 0.23671875 0.10234375 0.01875
0 0.26328125 0.23671875 0.1234375 0.01875
0 0.546875 0.23671875 0.09765625 0.021875
0 0.50390625 0.26328125 0.08515625 0.01875
0 0.3953125 0.26484375 0.08359375 0.0171875
0 0.26953125 0.26484375 0.03984375 0.01875
0 0.11171875 0.265625 0.059375 0.01875
0 0.1953125 0.265625 0.05546875 0.01875
0 0.4203125 0.29375 0.26796875 0.021875
0 0.2015625 0.29375 0.03984375 0.01796875
0 0.1171875 0.29609375 0.078125 0.021875
0 0.61484375 0.31953125 0.3421875 0.01953125
0 0.3046875 0.321875 0.1359375 0.01796875
0 0.871875 0.3453125 0.10390625 0.01875
0 0.65625 0.34765625 0.2734375 0.01953125
0 0.34765625 0.35 0.246875 0.01953125
0 0.10703125 0.35078125 0.0578125 0.01875
0 0.17890625 0.35078125 0.03984375 0.01875
0 0.64296875 0.37578125 0.0578125 0.01796875
0 0.55703125 0.37578125 0.0609375 0.01875
0 0.153125 0.37890625 0.1421875 0.01796875
0 0.32109375 0.37890625 0.14609375 0.02109375
0 0.834375 0.43203125 0.0609375 0.01875
0 0.63046875 0.4328125 0.05546875 0.021875
0 0.71875 0.4328125 0.05 0.0234375
0 0.51328125 0.43515625 0.06796875 0.02109375
0 0.3359375 0.43515625 0.08828125 0.01796875
0 0.14296875 0.4359375 0.08828125 0.0203125
0 0.84765625 0.4875 0.08359375 0.0171875
0 0.92421875 0.4890625 0.02421875 0.01953125
0 0.70703125 0.48984375 0.0265625 0.0203125
0 0.615625 0.49140625 0.08515625 0.01796875
0 0.49140625 0.49140625 0.02421875 0.01796875
0 0.4296875 0.49140625 0.02265625 0.01875
0 0.29765625 0.4921875 0.11328125 0.01875
0 0.1640625 0.4921875 0.13203125 0.0203125
0 0.84765625 0.54609375 0.08671875 0.0203125
0 0.49453125 0.54609375 0.01875 0.01953125
0 0.3234375 0.5484375 0.065625 0.0234375
0 0.84140625 0.575 0.08828125 0.02109375
0 0.5390625 0.5765625 0.1734375 0.0234375
0 0.6796875 0.57734375 0.0625 0.025
0 0.84140625 0.63125 0.08515625 0.01875
0 0.48515625 0.63203125 0.059375 0.021875
0 0.8359375 0.66015625 0.11484375 0.02109375
0 0.49140625 0.66015625 0.06640625 0.021875
0 0.84140625 0.7171875 0.1078125 0.021875
0 0.5265625 0.71796875 0.1265625 0.021875
0 0.3984375 0.77265625 0.16171875 0.01875
0 0.5375 0.7734375 0.059375 0.0171875
0 0.6015625 0.7734375 0.0171875 0.0171875
0 0.65703125 0.7734375 0.0421875 0.01875
0 0.23046875 0.775 0.11796875 0.021875
0 0.80390625 0.77578125 0.08828125 0.0234375
0 0.1265625 0.79921875 0.10078125 0.01796875
0 0.24296875 0.80078125 0.08046875 0.0171875
0 0.33671875 0.80078125 0.0578125 0.01875
0 0.49609375 0.80234375 0.21171875 0.0171875
0 0.75703125 0.80390625 0.259375 0.01796875
0 0.134375 0.82734375 0.10078125 0.01953125
0 0.24140625 0.82890625 0.059375 0.0171875
0 0.35625 0.82890625 0.121875 0.0171875
0 0.48203125 0.8296875 0.08515625 0.01796875
0 0.61953125 0.8296875 0.1421875 0.01875
0 0.1265625 0.85546875 0.10390625 0.01953125
0 0.2640625 0.85625 0.125 0.01875
0 0.42109375 0.8578125 0.14765625 0.01953125
0 0.61171875 0.85859375 0.1875 0.01875
0 0.1734375 0.884375 0.1109375 0.01875
0 0.3765625 0.8859375 0.1203125 0.01875
0 0.48203125 0.88671875 0.0421875 0.01875
0 0.26953125 0.88828125 0.03984375 0.01328125
0 0.6984375 0.890625 0.3390625 0.02421875