0 0.10859375 0.1421875 0.0828125 0.02265625
0 0.2453125 0.14375 0.13046875 0.0234375
0 0.37734375 0.1453125 0.0703125 0.02265625
0 0.1203125 0.16484375 0.1015625 0.02109375
0 0.246875 0.165625 0.09765625 0.02109375
0 0.3984375 0.16640625 0.1546875 0.02109375
0 0.15234375 0.1875 0.16484375 0.0234375
0 0.32734375 0.1875 0.1359375 0.0234375
0 0.44296875 0.1875 0.0390625 0.0234375
0 0.478125 0.1875 0.00859375 0.0234375
0 0.49375 0.1875 0.00859375 0.0234375
0 0.57578125 0.1875 0.09765625 0.0234375
0 0.09609375 0.21015625 0.05234375 0.021875
0 0.14375 0.21015625 0.009375 0.021875
0 0.22578125 0.2109375 0.08828125 0.01875
0 0.346875 0.2109375 0.1390625 0.02265625
0 0.2328125 0.23203125 0.07265625 0.02421875
0 0.39921875 0.23203125 0.19765625 0.025
0 0.29453125 0.253125 0.45546875 0.021875
0 0.13046875 0.2765625 0.12265625 0.02421875
0 0.2796875 0.275 0.1265625 0.02421875
0 0.34765625 0.275 0.0109375 0.025
0 0.41875 0.27421875 0.0734375 0.025
0 0.5703125 0.2734375 0.175 0.0234375
0 0.71328125 0.27265625 0.05546875 0.025
0 0.08984375 0.2984375 0.040625 0.02265625
0 0.12109375 0.2984375 0.0046875 0.0234375
0 0.15390625 0.29765625 0.0390625 0.02265625
0 0.24453125 0.29765625 0.09765625 0.021875
0 0.32890625 0.29765625 0.0140625 0.0234375
0 0.13125 0.3203125 0.1234375 0.02109375
0 0.23515625 0.31953125 0.03984375 0.021875
0 0.26640625 0.31953125 0.00625 0.021875
0 0.46015625 0.3171875 0.325 0.01953125
0 0.12265625 0.3609375 0.1 0.0234375
0 0.20546875 0.36015625 0.00546875 0.02421875
0 0.33828125 0.359375 0.2015625 0.0234375
0 0.6234375 0.35859375 0.075 0.021875
0 0.675 0.35703125 0.00625 0.0234375
0 0.75625 0.35625 0.096875 0.02109375
0 0.1 0.38515625 0.06015625 0.02109375
0 0.17265625 0.384375 0.0390625 0.021875
0 0.20546875 0.384375 0.00390625 0.021875
0 0.25625 0.3828125 0.0390625 0.02109375
0 0.61328125 0.44375 0.01875 0.01875
0 0.6328125 0.44296875 0.01875 0.01875
0 0.79296875 0.44140625 0.01484375 0.01875
0 0.84453125 0.440625 0.07734375 0.01875
0 0.27578125 0.42421875 0.2875 0.0171875
0 0.11015625 0.4484375 0.08046875 0.01953125
0 0.2453125 0.446875 0.140625 0.01875
0 0.36640625 0.4453125 0.05546875 0.0203125
0 0.4484375 0.44453125 0.05625 0.0203125
0 0.2640625 0.4671875 0.2640625 0.0171875
0 0.409375 0.465625 0.01640625 0.01953125
0 0.12265625 0.48984375 0.09765625 0.01875
0 0.25546875 0.48828125 0.12109375 0.01875
0 0.4078125 0.48671875 0.140625 0.01875
0 0.61171875 0.484375 0.0171875 0.01640625
0 0.63203125 0.484375 0.015625 0.01640625
0 0.7734375 0.4828125 0.01484375 0.0203125
0 0.8359375 0.48203125 0.096875 0.01875
0 0.196875 0.53359375 0.22890625 0.021875
0 0.7015625 0.52734375 0.0296875 0.02109375
0 0.80625 0.525 0.153125 0.01953125
0 0.19296875 0.55546875 0.240625 0.02109375
0 0.6625 0.5484375 0.03125 0.02265625
0 0.7859375 0.54609375 0.19296875 0.0203125
0 0.13046875 0.5984375 0.1265625 0.02578125
0 0.3578125 0.5953125 0.07890625 0.02578125
0 0.509375 0.5921875 0.09921875 0.02578125
0 0.6109375 0.590625 0.0609375 0.02578125
0 0.7515625 0.58828125 0.01171875 0.02734375
0 0.81875 0.58828125 0.08984375 0.02578125
0 0.09453125 0.64296875 0.06171875 0.01875
0 0.34609375 0.63828125 0.06171875 0.02421875
0 0.459375 0.6359375 0.115625 0.02265625
0 0.68046875 0.6328125 0.11796875 0.02265625
0 0.8234375 0.63125 0.1203125 0.02265625
0 0.07265625 0.665625 0.0203125 0.01875
0 0.09375 0.665625 0.0203125 0.01875
0 0.42578125 0.6609375 0.01484375 0.02109375
0 0.47890625 0.659375 0.07734375 0.0203125
0 0.77109375 0.65390625 0.01484375 0.021875
0 0.834375 0.653125 0.09765625 0.02109375
0 0.1328125 0.70703125 0.14765625 0.021875
0 0.40390625 0.70078125 0.09921875 0.0234375
0 0.5375 0.69765625 0.121875 0.02265625
0 0.10859375 0.728125 0.08671875 0.02265625
0 0.290625 0.725 0.24375 0.0203125
0 0.446875 0.721875 0.01484375 0.025
0 0.5578125 0.7203125 0.16015625 0.02109375
0 0.7125 0.7171875 0.09921875 0.0234375
0 0.80390625 0.71640625 0.04140625 0.01953125
0 0.8640625 0.7140625 0.03828125 0.02421875
0 0.38828125 0.74375 0.175 0.021875
0 0.55703125 0.74140625 0.1203125 0.02265625
0 0.46875 0.825 0.3515625 0.01953125
0 0.08984375 0.87421875 0.06015625 0.025
0 0.1625 0.8734375 0.03984375 0.02578125
0 0.1953125 0.87265625 0.00546875 0.025
0 0.23671875 0.87265625 0.015625 0.025
0 0.678125 0.871875 0.015625 0.02578125
0 0.73046875 0.871875 0.0375 0.02578125
0 0.7609375 0.871875 0.0015625 0.02578125
0 0.825 0.87265625 0.05703125 0.0265625
0 0.29453125 0.91640625 0.0515625 0.01875
0 0.3625 0.91640625 0.034375 0.01875
0 0.4546875 0.91640625 0.09296875 0.01875
0 0.1625 0.21015625 0.025 0.015625
0 0.11796875 0.23125 0.10390625 0.01875
0 0.4125 0.29609375 0.103125 0.0171875