0 0.51796875 0.11875 0.3125 0.01796875
0 0.7328125 0.11875 0.08125 0.01796875
0 0.83984375 0.11875 0.0953125 0.01796875
0 0.221875 0.11953125 0.240625 0.01796875
0 0.4953125 0.146875 0.16015625 0.0171875
0 0.2890625 0.16875 0.0515625 0.01484375
0 0.46015625 0.16875 0.11015625 0.01484375
0 0.55703125 0.16875 0.05703125 0.01484375
0 0.66171875 0.16953125 0.12421875 0.01640625
0 0.359375 0.16953125 0.06640625 0.015625
0 0.49375 0.1921875 0.1703125 0.01640625
0 0.61953125 0.21640625 0.15703125 0.015625
0 0.4703125 0.2171875 0.115625 0.01484375
0 0.34296875 0.2171875 0.1078125 0.01484375
0 0.37109375 0.23984375 0.0640625 0.01484375
0 0.54140625 0.23984375 0.21484375 0.01484375
0 0.334375 0.27109375 0.0703125 0.0140625
0 0.4 0.27109375 0.03203125 0.0140625
0 0.56875 0.27109375 0.24453125 0.0140625
0 0.3640625 0.29609375 0.2171875 0.01484375
0 0.52265625 0.29609375 0.075 0.01484375
0 0.65546875 0.29609375 0.15703125 0.01484375
0 0.10078125 0.33359375 0.0953125 0.015625
0 0.42265625 0.359375 0.2125 0.0140625
0 0.80234375 0.359375 0.18046875 0.0140625
0 0.64296875 0.359375 0.08125 0.0140625
0 0.1546875 0.359375 0.05 0.01484375
0 0.08359375 0.359375 0.0609375 0.01484375
0 0.64140625 0.38359375 0.08359375 0.01484375
0 0.78203125 0.38359375 0.13984375 0.01484375
0 0.3671875 0.3859375 0.09609375 0.0140625
0 0.11328125 0.38671875 0.12421875 0.02265625
0 0.6328125 0.409375 0.06640625 0.015625
0 0.15078125 0.4125 0.196875 0.01796875
0 0.88671875 0.4546875 0.06015625 0.01484375
0 0.56328125 0.4546875 0.11953125 0.01484375
0 0.74453125 0.4546875 0.13671875 0.01484375
0 0.0859375 0.45546875 0.0734375 0.015625
0 0.39921875 0.45703125 0.05859375 0.01796875
0 0.39765625 0.47890625 0.009375 0.01328125
0 0.77734375 0.47890625 0.06875 0.01328125
0 0.88828125 0.47890625 0.04609375 0.01328125
0 0.5625 0.47890625 0.06875 0.0140625
0 0.09296875 0.4796875 0.075 0.0140625
0 0.6328125 0.50390625 0.14296875 0.01484375
0 0.27734375 0.50390625 0.125 0.01484375
0 0.44921875 0.50390625 0.196875 0.01484375
0 0.128125 0.50390625 0.15078125 0.0140625
0 0.88828125 0.5296875 0.04609375 0.01484375
0 0.76875 0.5296875 0.084375 0.01484375
0 0.565625 0.53046875 0.0859375 0.01484375
0 0.396875 0.53046875 0.00859375 0.01328125
0 0.09296875 0.53046875 0.075 0.0140625
0 0.26796875 0.5546875 0.2234375 0.01484375
0 0.46875 0.5546875 0.15546875 0.01484375
0 0.1140625 0.55546875 0.05703125 0.01484375
0 0.0609375 0.55546875 0.0171875 0.01484375
0 0.39453125 0.57890625 0.0171875 0.01484375
0 0.771875 0.5796875 0.0890625 0.01796875
0 0.184375 0.58046875 0.084375 0.01796875
0 0.26171875 0.58046875 0.04921875 0.01796875
0 0.7671875 0.61484375 0.0859375 0.0140625
0 0.28359375 0.615625 0.07734375 0.0140625
0 0.18671875 0.615625 0.07578125 0.0140625
0 0.5484375 0.6171875 0.0859375 0.0171875
0 0.415625 0.61796875 0.159375 0.01796875
0 0.52265625 0.64296875 0.13671875 0.0140625
0 0.77578125 0.64296875 0.06953125 0.0140625
0 0.5109375 0.66953125 0.16015625 0.01328125
0 0.7765625 0.66953125 0.06875 0.01328125
0 0.7765625 0.69765625 0.06875 0.0140625
0 0.51796875 0.69921875 0.1453125 0.01796875
0 0.76796875 0.72890625 0.0859375 0.01484375
0 0.48203125 0.72890625 0.0296875 0.01484375
0 0.12265625 0.72890625 0.090625 0.01953125
0 0.22109375 0.7296875 0.08125 0.0140625
0 0.55078125 0.73046875 0.0859375 0.0171875
0 0.36640625 0.73046875 0.1703125 0.01796875
0 0.76640625 0.75703125 0.08671875 0.0140625
0 0.53984375 0.7578125 0.10078125 0.0140625
0 0.77578125 0.7828125 0.06953125 0.01484375
0 0.5265625 0.784375 0.13359375 0.01875
0 0.15 0.83046875 0.08671875 0.01953125
0 0.3078125 0.83203125 0.19921875 0.01640625
0 0.24296875 0.86484375 0.0890625 0.01640625
0 0.15703125 0.86484375 0.0578125 0.01875
0 0.39296875 0.86484375 0.0265625 0.0171875
0 0.57578125 0.865625 0.16015625 0.0171875
0 0.8 0.865625 0.15390625 0.0171875
0 0.83828125 0.884375 0.07578125 0.01484375
0 0.60703125 0.884375 0.0953125 0.015625
0 0.39453125 0.88515625 0.01953125 0.01484375
0 0.153125 0.88515625 0.0515625 0.015625
0 0.36640625 0.915625 0.0890625 0.01484375
0 0.83828125 0.915625 0.07578125 0.01484375
0 0.60625 0.915625 0.09609375 0.01484375
0 0.840625 0.9640625 0.06640625 0.01328125
0 0.58203125 0.96484375 0.2078125 0.01328125
0 0.7484375 0.96484375 0.09921875 0.01328125
0 0.278125 0.96484375 0.08359375 0.0125
0 0.36171875 0.96484375 0.06015625 0.0125
0 0.43515625 0.96484375 0.06171875 0.0125
0 0.1671875 0.96484375 0.115625 0.0125