0 0.16640625 0.05859375 0.28515625 0.0359375
0 0.43203125 0.05859375 0.175 0.0359375
0 0.61953125 0.05859375 0.06953125 0.0359375
0 0.7546875 0.05859375 0.12578125 0.0359375
0 0.2453125 0.09765625 0.17734375 0.0328125
0 0.40078125 0.096875 0.04765625 0.03359375
0 0.5265625 0.0953125 0.08984375 0.03359375
0 0.74140625 0.09453125 0.22890625 0.03203125
0 0.10859375 0.1390625 0.14921875 0.03671875
0 0.48203125 0.13671875 0.28125 0.0359375
0 0.7359375 0.1359375 0.16171875 0.03671875
0 0.89140625 0.13515625 0.09375 0.0375
0 0.090625 0.1765625 0.05625 0.0328125
0 0.14609375 0.17578125 0.025 0.0328125
0 0.353125 0.17421875 0.22265625 0.03125
0 0.55234375 0.171875 0.07734375 0.0328125
0 0.67734375 0.17109375 0.08828125 0.03203125
0 0.78984375 0.16953125 0.04375 0.0328125
0 0.87890625 0.16953125 0.06796875 0.0328125
0 0.3671875 0.2125 0.1 0.0296875
0 0.496875 0.20859375 0.0546875 0.03515625
0 0.609375 0.20859375 0.0921875 0.034375
0 0.73515625 0.20703125 0.0921875 0.034375
0 0.8828125 0.20546875 0.11953125 0.034375
0 0.1546875 0.24765625 0.1875 0.0296875
0 0.30859375 0.24609375 0.05625 0.03125
0 0.65625 0.24296875 0.49609375 0.02734375
0 0.2859375 0.28046875 0.06171875 0.0328125
0 0.3953125 0.28125 0.084375 0.0359375
0 0.52890625 0.28046875 0.09921875 0.03671875
0 0.696875 0.2796875 0.18125 0.0359375
0 0.90703125 0.278125 0.16015625 0.0359375
0 0.1078125 0.3359375 0.1375 0.03515625
0 0.37890625 0.33515625 0.32265625 0.03359375
0 0.6578125 0.33359375 0.11875 0.0359375
0 0.7328125 0.33359375 0.01015625 0.0359375
0 0.8640625 0.3328125 0.15625 0.0359375
0 0.078125 0.371875 0.0890625 0.03203125
0 0.18984375 0.371875 0.06015625 0.03203125
0 0.240625 0.371875 0.0140625 0.03203125
0 0.27265625 0.371875 0.01484375 0.03203125
0 0.31796875 0.4375 0.11015625 0.02890625
0 0.49921875 0.4390625 0.17109375 0.03125
0 0.68984375 0.43828125 0.11171875 0.03125
0 0.13671875 0.509375 0.1765625 0.03125
0 0.2859375 0.50859375 0.05625 0.03203125
0 0.365625 0.50859375 0.025 0.0328125
0 0.48984375 0.5078125 0.1484375 0.03203125
0 0.08828125 0.54375 0.096875 0.03046875
0 0.22890625 0.54296875 0.0578125 0.03125
0 0.87890625 0.540625 0.1765625 0.03203125
0 0.1328125 0.61015625 0.1765625 0.02734375
0 0.23671875 0.64453125 0.340625 0.0328125
0 0.88046875 0.64296875 0.18515625 0.03125
0 0.121875 0.7125 0.146875 0.03125
0 0.88046875 0.7125 0.178125 0.03125
0 0.12578125 0.77890625 0.1421875 0.03125
0 0.2609375 0.778125 0.06640625 0.03125
0 0.309375 0.778125 0.02109375 0.03125
0 0.171875 0.8109375 0.23828125 0.0328125
0 0.09765625 0.87890625 0.09296875 0.03125
0 0.2046875 0.878125 0.07109375 0.03125
0 0.25234375 0.87734375 0.021875 0.03125
0 0.35 0.8765625 0.1078125 0.03125
0 0.67734375 0.87890625 0.02265625 0.03203125
0 0.91015625 0.88125 0.1171875 0.03359375
0 0.66953125 0.94609375 0.23203125 0.0328125
0 0.2625 0.1375 0.10390625 0.02734375
0 0.15234375 0.2109375 0.2546875 0.0265625
0 0.11796875 0.28046875 0.19140625 0.02578125
0 0.17578125 0.54296875 0.03828125 0.0234375
0 0.88828125 0.60703125 0.18984375 0.02421875
0 0.39921875 0.77734375 0.0921875 0.0265625
0 0.75546875 0.8796875 0.06328125 0.02421875
0 0.4765625 0.9453125 0.06171875 0.02734375