0 0.3546875 0.04140625 0.09765625 0.021875
0 0.58828125 0.04296875 0.28125 0.021875
0 0.40546875 0.065625 0.14375 0.01953125
0 0.3375 0.08828125 0.28984375 0.025
0 0.7453125 0.0921875 0.18125 0.0234375
0 0.23203125 0.10859375 0.0765625 0.02109375
0 0.353125 0.109375 0.04609375 0.0203125
0 0.390625 0.11015625 0.00859375 0.0203125
0 0.43828125 0.1109375 0.04140625 0.02109375
0 0.4921875 0.1109375 0.03984375 0.01953125
0 0.7171875 0.11328125 0.12890625 0.021875
0 0.3140625 0.1328125 0.06875 0.01953125
0 0.43359375 0.1328125 0.1 0.02265625
0 0.55703125 0.134375 0.07109375 0.02265625
0 0.65 0.1359375 0.0453125 0.021875
0 0.73359375 0.1359375 0.0453125 0.021875
0 0.30078125 0.15390625 0.15625 0.01953125
0 0.4359375 0.15625 0.05 0.01796875
0 0.6671875 0.1578125 0.2875 0.0203125
0 0.1546875 0.184375 0.1296875 0.01640625
0 0.13671875 0.20625 0.0984375 0.01640625
0 0.1234375 0.22890625 0.075 0.0203125
0 0.2171875 0.22890625 0.0515625 0.0203125
0 0.5703125 0.18828125 0.2578125 0.01796875
0 0.54296875 0.21015625 0.20859375 0.01640625
0 0.48828125 0.23125 0.1015625 0.01796875
0 0.1421875 0.2640625 0.1109375 0.0203125
0 0.63828125 0.26640625 0.0515625 0.0140625
0 0.7921875 0.26796875 0.01484375 0.01875
0 0.8578125 0.26796875 0.11015625 0.01875
0 0.1921875 0.31015625 0.19765625 0.01953125
0 0.19375 0.33359375 0.2 0.01875
0 0.7375 0.3140625 0.01484375 0.01875
0 0.83125 0.31484375 0.15 0.01953125
0 0.7125 0.33828125 0.02265625 0.01953125
0 0.82265625 0.3390625 0.17265625 0.02109375
0 0.76953125 0.3859375 0.0140625 0.01875
0 0.8546875 0.3859375 0.1234375 0.01875
0 0.1453125 0.3796875 0.1234375 0.021875
0 0.2 0.4015625 0.175 0.01953125
0 0.41640625 0.40390625 0.17734375 0.01953125
0 0.48828125 0.425 0.1015625 0.0171875
0 0.1109375 0.45390625 0.04765625 0.01953125
0 0.203125 0.45390625 0.13359375 0.0203125
0 0.3234375 0.4546875 0.05 0.01953125
0 0.4765625 0.45546875 0.125 0.0203125
0 0.2140625 0.5078125 0.04609375 0.015625
0 0.2515625 0.5078125 0.01015625 0.01484375
0 0.321875 0.50859375 0.10390625 0.01640625
0 0.7140625 0.5109375 0.02109375 0.01484375
0 0.7796875 0.5109375 0.04765625 0.01484375
0 0.8203125 0.5109375 0.0109375 0.01484375
0 0.8890625 0.51171875 0.1015625 0.015625
0 0.27109375 0.56171875 0.01015625 0.0140625
0 0.3796875 0.56171875 0.1578125 0.015625
0 0.6640625 0.56484375 0.15625 0.01328125
0 0.8703125 0.56484375 0.11484375 0.0140625
0 0.1796875 0.5765625 0.19140625 0.015625
0 0.878125 0.58203125 0.09140625 0.0125
0 0.1078125 0.59375 0.0578125 0.01796875
0 0.2953125 0.59453125 0.28984375 0.01953125
0 0.64609375 0.596875 0.1046875 0.01796875
0 0.8203125 0.5984375 0.2125 0.01875
0 0.2390625 0.61015625 0.1546875 0.01484375
0 0.5609375 0.61171875 0.03125 0.01484375
0 0.80859375 0.61484375 0.025 0.01640625
0 0.11640625 0.625 0.075 0.01328125
0 0.27734375 0.62734375 0.17734375 0.01484375
0 0.85546875 0.63046875 0.13359375 0.01328125
0 0.7234375 0.64609375 0.13125 0.0171875
0 0.3796875 0.6609375 0.1625 0.0140625
0 0.6359375 0.6625 0.24140625 0.01484375
0 0.3390625 0.6828125 0.1109375 0.01484375
0 0.13515625 0.715625 0.07734375 0.01640625
0 0.2765625 0.71640625 0.1546875 0.01640625
0 0.43359375 0.71796875 0.1296875 0.01640625
0 0.59296875 0.71875 0.0109375 0.01484375
0 0.621875 0.7203125 0.04140625 0.01328125
0 0.78515625 0.7203125 0.2421875 0.01796875
0 0.54296875 0.7546875 0.2390625 0.02578125
0 0.28515625 0.78125 0.01015625 0.015625
0 0.13125 0.79765625 0.11484375 0.015625
0 0.2359375 0.7984375 0.0375 0.015625
0 0.4359375 0.79921875 0.075 0.01640625
0 0.5390625 0.8 0.0765625 0.015625
0 0.6421875 0.8 0.07734375 0.015625
0 0.1171875 0.8140625 0.0875 0.01484375
0 0.3734375 0.815625 0.35859375 0.0171875
0 0.6109375 0.8171875 0.0546875 0.01484375
0 0.73203125 0.81796875 0.09609375 0.01484375
0 0.83671875 0.81875 0.05390625 0.01484375
0 0.09453125 0.83046875 0.04375 0.01875
0 0.16875 0.83046875 0.025 0.01875
0 0.2953125 0.83203125 0.16015625 0.01953125
0 0.47109375 0.83203125 0.11015625 0.01328125
0 0.61953125 0.83359375 0.11640625 0.01953125
0 0.80546875 0.83515625 0.1515625 0.01953125
0 0.34453125 0.8484375 0.05625 0.0171875
0 0.5390625 0.85 0.2796875 0.01953125
0 0.33359375 0.8703125 0.075 0.015625
0 0.4765625 0.8703125 0.1546875 0.01640625
0 0.6328125 0.871875 0.1265625 0.01640625
0 0.2515625 0.9296875 0.0203125 0.0203125
0 0.31171875 0.9296875 0.1015625 0.0203125
0 0.709375 0.93046875 0.01640625 0.015625
0 0.77421875 0.93125 0.04140625 0.01640625
0 0.815625 0.93203125 0.00859375 0.01484375
0 0.88671875 0.9328125 0.1015625 0.01640625
0 0.5953125 0.96328125 0.20859375 0.0203125
0 0.61015625 0.06640625 0.19765625 0.01953125
0 0.56171875 0.0890625 0.0890625 0.015625
0 0.12265625 0.50703125 0.0828125 0.01484375
0 0.1578125 0.5609375 0.16015625 0.01328125
0 0.7765625 0.56640625 0.0265625 0.0140625
0 0.5515625 0.5953125 0.0640625 0.01328125
0 0.4890625 0.61171875 0.0703125 0.0140625
0 0.10703125 0.60859375 0.06640625 0.01484375
0 0.88515625 0.61484375 0.0875 0.0125
0 0.74453125 0.61328125 0.08125 0.0125
0 0.73828125 0.70390625 0.16875 0.0140625
0 0.8984375 0.70703125 0.0734375 0.01640625
0 0.3875 0.78203125 0.14765625 0.0140625
0 0.5453125 0.784375 0.1453125 0.01484375
0 0.675 0.7859375 0.08515625 0.015625
0 0.3328125 0.79921875 0.09375 0.01328125
0 0.53828125 0.89375 0.3359375 0.015625
0 0.3140625 0.89140625 0.0515625 0.0140625
0 0.2046875 0.93046875 0.0578125 0.015625
0 0.10546875 0.9296875 0.0859375 0.0171875
0 0.43515625 0.9640625 0.0578125 0.01875
0 0.34609375 0.9609375 0.06484375 0.01640625
0 0.546875 0.71953125 0.0609375 0.01328125
0 0.20546875 0.68359375 0.10625 0.01484375
0 0.1078125 0.6828125 0.0609375 0.01484375