0 0.33203125 0.05390625 0.14765625 0.01796875
0 0.58828125 0.0484375 0.29140625 0.015625
0 0.271875 0.078125 0.08828125 0.01796875
0 0.61875 0.07109375 0.228125 0.015625
0 0.20078125 0.10078125 0.27890625 0.015625
0 0.39453125 0.09765625 0.0578125 0.01875
0 0.43359375 0.09609375 0.01640625 0.01953125
0 0.7265625 0.09140625 0.1078125 0.01796875
0 0.83984375 0.08984375 0.059375 0.01875
0 0.228125 0.1203125 0.05625 0.0171875
0 0.30859375 0.11875 0.05 0.0171875
0 0.45 0.11640625 0.16015625 0.015625
0 0.57265625 0.11484375 0.0234375 0.0171875
0 0.68203125 0.1125 0.14375 0.015625
0 0.2421875 0.140625 0.07578125 0.015625
0 0.35234375 0.1390625 0.0296875 0.01796875
0 0.4328125 0.1375 0.0796875 0.01640625
0 0.54296875 0.1359375 0.07734375 0.0171875
0 0.640625 0.134375 0.0515625 0.01640625
0 0.725 0.1328125 0.0515625 0.0171875
0 0.2125 0.1625 0.078125 0.015625
0 0.36484375 0.1609375 0.16015625 0.01484375
0 0.62734375 0.15703125 0.3109375 0.02109375
0 0.10625 0.19453125 0.13359375 0.01328125
0 0.09296875 0.21484375 0.1015625 0.0125
0 0.07890625 0.23828125 0.08359375 0.01640625
0 0.1734375 0.2359375 0.059375 0.0171875
0 0.346875 0.19140625 0.009375 0.0140625
0 0.5234375 0.18828125 0.2609375 0.0109375
0 0.503125 0.21015625 0.215625 0.01015625
0 0.34765625 0.23359375 0.0125 0.0140625
0 0.44453125 0.23046875 0.109375 0.0125
0 0.75234375 0.259375 0.015625 0.015625
0 0.8203125 0.2578125 0.11328125 0.015625
0 0.1453125 0.3109375 0.21171875 0.01328125
0 0.146875 0.33203125 0.209375 0.0109375
0 0.70703125 0.30078125 0.03359375 0.0140625
0 0.7984375 0.3015625 0.14609375 0.0171875
0 0.66875 0.3234375 0.03828125 0.01328125
0 0.77734375 0.325 0.18125 0.0171875
0 0.725 0.36875 0.01953125 0.01640625
0 0.80703125 0.36796875 0.13203125 0.015625
0 0.10625 0.375 0.1296875 0.01640625
0 0.10625 0.3953125 0.07578125 0.01171875
0 0.4421875 0.409375 0.09921875 0.01328125
0 0.11875 0.44140625 0.16015625 0.01484375
0 0.2375 0.440625 0.0078125 0.0171875
0 0.49453125 0.4375 0.4265625 0.01171875
0 0.6671875 0.4640625 0.028125 0.0140625
0 0.73671875 0.46328125 0.0515625 0.01328125
0 0.7765625 0.4625 0.0078125 0.0140625
0 0.84765625 0.46171875 0.1015625 0.01328125
0 0.078125 0.47109375 0.07421875 0.015625
0 0.17109375 0.47109375 0.0515625 0.015625
0 0.21015625 0.47109375 0.00546875 0.015625
0 0.2765625 0.46953125 0.1015625 0.015625
0 0.10390625 0.5203125 0.11328125 0.01328125
0 0.19453125 0.51875 0.03984375 0.0125
0 0.3875 0.51640625 0.29765625 0.01015625
0 0.11484375 0.534375 0.153125 0.0109375
0 0.2375 0.5328125 0.03828125 0.01171875
0 0.33671875 0.53203125 0.1171875 0.0109375
0 0.09765625 0.54921875 0.071875 0.0109375
0 0.178125 0.5484375 0.04609375 0.0109375
0 0.209375 0.5484375 0.015625 0.01171875
0 0.259375 0.54765625 0.08203125 0.0109375
0 0.6390625 0.54296875 0.07734375 0.0109375
0 0.7203125 0.5421875 0.0359375 0.01171875
0 0.05546875 0.56484375 0.0375 0.0125
0 0.1140625 0.5640625 0.0359375 0.01171875
0 0.19140625 0.56328125 0.071875 0.01171875
0 0.80703125 0.55625 0.1578125 0.009375
0 0.12421875 0.57890625 0.17421875 0.0109375
0 0.5484375 0.5734375 0.06640625 0.01328125
0 0.59296875 0.57265625 0.01796875 0.0140625
0 0.74609375 0.57109375 0.2890625 0.01171875
0 0.13515625 0.5921875 0.1953125 0.01015625
0 0.4796875 0.60390625 0.16796875 0.01328125
0 0.75 0.6171875 0.1359375 0.01484375
0 0.12421875 0.640625 0.16953125 0.0109375
0 0.69921875 0.63515625 0.17578125 0.01171875
0 0.86171875 0.63515625 0.059375 0.01484375
0 0.24765625 0.65625 0.13359375 0.01171875
0 0.428125 0.6546875 0.13515625 0.0125
0 0.50859375 0.65390625 0.0078125 0.01328125
0 0.6421875 0.653125 0.21015625 0.0109375
0 0.2921875 0.67109375 0.15546875 0.0109375
0 0.4109375 0.66953125 0.03359375 0.01171875
0 0.44140625 0.6703125 0.0125 0.0125
0 0.6 0.66875 0.23515625 0.01015625
0 0.21640625 0.68671875 0.1375 0.01171875
0 0.39765625 0.68515625 0.1234375 0.0125
0 0.475 0.68515625 0.015625 0.01328125
0 0.5375 0.68359375 0.06796875 0.0125
0 0.75390625 0.6828125 0.06015625 0.01328125
0 0.2546875 0.70234375 0.0578125 0.0125
0 0.38984375 0.7015625 0.20703125 0.0125
0 0.1859375 0.71953125 0.0953125 0.01328125
0 0.33984375 0.71796875 0.17734375 0.0125
0 0.4828125 0.71796875 0.05390625 0.01328125
0 0.5953125 0.7171875 0.1203125 0.01328125
0 0.7296875 0.7171875 0.1015625 0.01328125
0 0.31796875 0.73203125 0.06796875 0.01328125
0 0.44140625 0.73203125 0.13828125 0.01328125
0 0.38125 0.7484375 0.13359375 0.01484375
0 0.5421875 0.74765625 0.13515625 0.01484375
0 0.6671875 0.7484375 0.0578125 0.0140625
0 0.28359375 0.76171875 0.13359375 0.01171875
0 0.4234375 0.76171875 0.0921875 0.01171875
0 0.5140625 0.76171875 0.0375 0.01171875
0 0.6609375 0.76171875 0.115625 0.01171875
0 0.25 0.7765625 0.1140625 0.01171875
0 0.35234375 0.7765625 0.034375 0.01171875
0 0.5765625 0.7765625 0.32109375 0.0125
0 0.1015625 0.79296875 0.0515625 0.015625
0 0.21015625 0.79296875 0.1171875 0.015625
0 0.30078125 0.7921875 0.01640625 0.0140625
0 0.34296875 0.7921875 0.015625 0.01328125
0 0.41171875 0.7921875 0.07578125 0.015625
0 0.5234375 0.7921875 0.09609375 0.015625
0 0.728125 0.7921875 0.13984375 0.015625
0 0.84140625 0.7921875 0.0375 0.015625
0 0.13125 0.80703125 0.0375 0.0140625
0 0.23046875 0.80703125 0.0375 0.0140625
0 0.2609375 0.80703125 0.01015625 0.0140625
0 0.28984375 0.80703125 0.0359375 0.0140625
0 0.4109375 0.80625 0.15625 0.0140625
0 0.56328125 0.80625 0.09765625 0.0140625
0 0.71796875 0.80625 0.15546875 0.0140625
0 0.453125 0.82109375 0.27734375 0.0125
0 0.559375 0.8671875 0.26328125 0.02734375
0 0.42265625 0.91875 0.1859375 0.0109375
0 0.58515625 0.91796875 0.1203125 0.01171875
0 0.0734375 0.96171875 0.07734375 0.01484375
0 0.165625 0.96171875 0.0515625 0.015625
0 0.2046875 0.9609375 0.009375 0.015625
0 0.271875 0.96015625 0.1015625 0.01484375
0 0.66640625 0.959375 0.01796875 0.01484375
0 0.7359375 0.96015625 0.0484375 0.01484375
0 0.775 0.96015625 0.00234375 0.0140625
0 0.84921875 0.9609375 0.09921875 0.015625
0 0.5546875 0.9890625 0.215625 0.015625
0 0.42734375 0.07421875 0.10234375 0.0140625
0 0.56328125 0.09296875 0.1640625 0.0171875
0 0.34921875 0.21328125 0.01796875 0.0109375
0 0.109375 0.2671875 0.1421875 0.01640625
0 0.58828125 0.2609375 0.0734375 0.015625
0 0.82421875 0.54140625 0.128125 0.0109375
0 0.63984375 0.68359375 0.0734375 0.01171875
0 0.63046875 0.70078125 0.18203125 0.0140625
0 0.58984375 0.7328125 0.1140625 0.01015625
0 0.25546875 0.7484375 0.084375 0.0109375
0 0.38984375 0.98984375 0.05546875 0.0140625
0 0.3078125 0.9890625 0.065625 0.015625
0 0.6140625 0.7921875 0.05234375 0.01171875