0 0.20703125 0.05 0.0609375 0.01328125
0 0.3375 0.04375 0.1671875 0.01796875
0 0.534375 0.03515625 0.19375 0.01953125
0 0.13671875 0.065625 0.11875 0.0140625
0 0.24375 0.06171875 0.0625 0.015625
0 0.41171875 0.05625 0.19296875 0.0109375
0 0.59609375 0.04921875 0.140625 0.01328125
0 0.73125 0.04453125 0.09921875 0.01484375
0 0.81953125 0.040625 0.040625 0.01640625
0 0.21796875 0.08046875 0.04375 0.01484375
0 0.253125 0.07890625 0.01875 0.015625
0 0.2984375 0.07734375 0.0453125 0.015625
0 0.33046875 0.07578125 0.01640625 0.01640625
0 0.35234375 0.07578125 0.01640625 0.01640625
0 0.37421875 0.07421875 0.01640625 0.01640625
0 0.39296875 0.0734375 0.01640625 0.01640625
0 0.48359375 0.0703125 0.1296875 0.0125
0 0.57890625 0.0671875 0.02578125 0.015625
0 0.66171875 0.06484375 0.10859375 0.01328125
0 0.18984375 0.0921875 0.09609375 0.01796875
0 0.3703125 0.09140625 0.221875 0.015625
0 0.5375 0.08671875 0.05859375 0.015625
0 0.69375 0.07734375 0.21328125 0.01953125
0 0.13359375 0.1203125 0.0890625 0.01796875
0 0.36171875 0.12265625 0.1828125 0.01875
0 0.1203125 0.13515625 0.065625 0.01640625
0 0.309375 0.1390625 0.08984375 0.01640625
0 0.11796875 0.15 0.0578125 0.015625
0 0.1828125 0.15234375 0.03203125 0.01640625
0 0.3 0.1546875 0.071875 0.01796875
0 0.55 0.1953125 0.01953125 0.01328125
0 0.5859375 0.19296875 0.0453125 0.01171875
0 0.553125 0.209375 0.02109375 0.0125
0 0.5875 0.2078125 0.04140625 0.01171875
0 0.0875 0.17890625 0.02734375 0.01640625
0 0.13671875 0.18125 0.01484375 0.015625
0 0.2046875 0.18203125 0.0671875 0.0171875
0 0.08515625 0.196875 0.03359375 0.01640625
0 0.15390625 0.1984375 0.05 0.0171875
0 0.221875 0.2 0.0296875 0.01640625
0 0.15390625 0.21484375 0.16953125 0.0171875
0 0.321875 0.21640625 0.1109375 0.01640625
0 0.09375 0.2296875 0.05234375 0.015625
0 0.18359375 0.23203125 0.071875 0.015625
0 0.290625 0.23359375 0.0921875 0.01640625
0 0.11796875 0.246875 0.08984375 0.015625
0 0.2328125 0.2484375 0.09375 0.01640625
0 0.33125 0.24921875 0.053125 0.015625
0 0.40078125 0.24921875 0.03203125 0.01484375
0 0.16328125 0.2640625 0.190625 0.01796875
0 0.37265625 0.26484375 0.17421875 0.01796875
0 0.09375 0.2796875 0.05234375 0.015625
0 0.17265625 0.28125 0.05 0.015625
0 0.2390625 0.28203125 0.0296875 0.015625
0 0.31875 0.28359375 0.06953125 0.01640625
0 0.12421875 0.29453125 0.11171875 0.015625
0 0.26875 0.296875 0.01015625 0.01484375
0 0.3203125 0.29765625 0.03359375 0.01484375
0 0.3703125 0.2984375 0.01640625 0.01484375
0 0.12421875 0.31171875 0.11171875 0.01640625
0 0.2203125 0.3125 0.03359375 0.015625
0 0.26875 0.31328125 0.0125 0.015625
0 0.3203125 0.3140625 0.03359375 0.015625
0 0.36875 0.31484375 0.0171875 0.015625
0 0.5546875 0.2265625 0.0171875 0.01328125
0 0.5875 0.2265625 0.04140625 0.0125
0 0.5546875 0.2421875 0.0171875 0.0125
0 0.58984375 0.240625 0.03828125 0.0125
0 0.5546875 0.25703125 0.0171875 0.01171875
0 0.5875 0.25625 0.04140625 0.01171875
0 0.55390625 0.2734375 0.0125 0.01328125
0 0.5875 0.27265625 0.04375 0.01171875
0 0.55625 0.2890625 0.0171875 0.01328125
0 0.58984375 0.2875 0.03828125 0.01328125
0 0.5546875 0.3046875 0.0171875 0.01328125
0 0.58984375 0.30390625 0.040625 0.01328125
0 0.89140625 0.17890625 0.08984375 0.0171875
0 0.8265625 0.1984375 0.01875 0.01328125
0 0.89453125 0.196875 0.09609375 0.0171875
0 0.8046875 0.21640625 0.01875 0.01328125
0 0.88359375 0.21328125 0.115625 0.01640625
0 0.8265625 0.23125 0.01875 0.0125
0 0.89140625 0.22734375 0.09453125 0.01875
0 0.8265625 0.24765625 0.02109375 0.0125
0 0.88984375 0.24453125 0.0890625 0.0171875
0 0.8265625 0.26328125 0.01875 0.01171875
0 0.89140625 0.259375 0.09453125 0.0171875
0 0.8265625 0.2796875 0.02109375 0.01328125
0 0.88828125 0.27578125 0.08671875 0.01484375
0 0.8265625 0.29453125 0.01875 0.01171875
0 0.88984375 0.2921875 0.09375 0.0171875
0 0.87734375 0.32421875 0.02578125 0.0140625
0 0.93515625 0.31796875 0.1015625 0.0140625
0 0.853125 0.33984375 0.0234375 0.0140625
0 0.928125 0.33671875 0.11171875 0.0171875
0 0.14453125 0.34296875 0.1109375 0.01328125
0 0.14453125 0.35859375 0.1109375 0.01328125
0 0.8109375 0.371875 0.021875 0.01328125
0 0.88359375 0.36875 0.1109375 0.01875
0 0.15078125 0.38984375 0.0890625 0.01328125
0 0.2671875 0.38984375 0.09375 0.01328125
0 0.11171875 0.40703125 0.09375 0.0171875
0 0.22734375 0.40546875 0.0921875 0.0171875
0 0.35546875 0.403125 0.10859375 0.01640625
0 0.47265625 0.4015625 0.06796875 0.0171875
0 0.15390625 0.42265625 0.16875 0.01328125
0 0.28125 0.42109375 0.03828125 0.01171875
0 0.33125 0.41953125 0.02734375 0.01328125
0 0.42265625 0.41640625 0.1203125 0.015625
0 0.20078125 0.45234375 0.115625 0.0171875
0 0.2703125 0.45390625 0.0140625 0.01328125
0 0.34140625 0.4484375 0.0796875 0.01796875
0 0.4890625 0.4453125 0.17421875 0.01484375
0 0.20078125 0.46875 0.0578125 0.015625
0 0.2390625 0.46796875 0.01875 0.015625
0 0.42578125 0.4625 0.17578125 0.01171875
0 0.5984375 0.45703125 0.13984375 0.0125
0 0.678125 0.4546875 0.0140625 0.01640625
0 0.7171875 0.45390625 0.0578125 0.01484375
0 0.265625 0.48203125 0.11328125 0.01328125
0 0.42421875 0.47734375 0.171875 0.01171875
0 0.61796875 0.471875 0.17578125 0.0125
0 0.33046875 0.4953125 0.13125 0.0109375
0 0.43515625 0.4921875 0.04140625 0.01328125
0 0.46328125 0.490625 0.01484375 0.0140625
0 0.49453125 0.490625 0.03359375 0.01328125
0 0.540625 0.48828125 0.021875 0.01328125
0 0.58125 0.4875 0.021875 0.01328125
0 0.62578125 0.48671875 0.0390625 0.01328125
0 0.44375 0.50703125 0.096875 0.01171875
0 0.39765625 0.53984375 0.1140625 0.0125
0 0.49375 0.53671875 0.040625 0.0140625
0 0.11796875 0.57734375 0.10625 0.0140625
0 0.209375 0.575 0.03671875 0.01484375
0 0.2375 0.57421875 0.00546875 0.015625
0 0.41953125 0.56875 0.19765625 0.00703125
0 0.13515625 0.5921875 0.14296875 0.0125
0 0.2484375 0.5890625 0.04140625 0.015625
0 0.27578125 0.5875 0.0125 0.015625
0 0.43828125 0.5828125 0.15390625 0.01171875
0 0.44765625 0.59921875 0.13515625 0.01328125
0 0.5453125 0.59609375 0.0171875 0.01640625
0 0.62265625 0.59453125 0.09921875 0.0140625
0 0.284375 0.61875 0.18125 0.01171875
0 0.47421875 0.61328125 0.15 0.01328125
0 0.60546875 0.61015625 0.021875 0.015625
0 0.65390625 0.60859375 0.04296875 0.01484375
0 0.71171875 0.60703125 0.04296875 0.01484375
0 0.29375 0.603125 0.1375 0.0125
0 0.41953125 0.6296875 0.07890625 0.01171875
0 0.109375 0.66953125 0.0921875 0.0140625
0 0.37265625 0.66328125 0.1328125 0.01328125
0 0.36171875 0.6953125 0.1453125 0.01171875
0 0.590625 0.690625 0.26875 0.00859375
0 0.3109375 0.7125 0.16484375 0.0125
0 0.44375 0.709375 0.05546875 0.0140625
0 0.4828125 0.70859375 0.01171875 0.01484375
0 0.528125 0.7078125 0.084375 0.0140625
0 0.6359375 0.70625 0.09921875 0.01328125
0 0.36171875 0.72578125 0.25859375 0.0109375
0 0.59921875 0.72109375 0.178125 0.0125
0 0.35703125 0.7421875 0.10625 0.0125
0 0.42265625 0.740625 0.01171875 0.0140625
0 0.521875 0.7390625 0.13359375 0.01171875
0 0.265625 0.75859375 0.1109375 0.0140625
0 0.4765625 0.75390625 0.2734375 0.01015625
0 0.67265625 0.74921875 0.0796875 0.0140625
0 0.36171875 0.771875 0.1109375 0.01328125
0 0.42578125 0.7703125 0.0046875 0.01484375
0 0.52578125 0.76953125 0.13359375 0.0125
0 0.07890625 0.80703125 0.03671875 0.01328125
0 0.10859375 0.80625 0.01171875 0.0140625
0 0.14453125 0.80546875 0.0578125 0.01328125
0 0.2484375 0.80390625 0.07421875 0.01328125
0 0.3421875 0.8015625 0.07265625 0.01328125
0 0.38984375 0.80078125 0.01015625 0.0140625
0 0.4609375 0.8 0.115625 0.0125
0 0.09140625 0.82109375 0.0578125 0.0140625
0 0.13046875 0.8203125 0.01640625 0.01484375
0 0.2328125 0.81875 0.1859375 0.0125
0 0.08984375 0.83515625 0.05390625 0.0125
0 0.1296875 0.83515625 0.0125 0.01328125
0 0.2703125 0.83203125 0.25859375 0.009375
0 0.08984375 0.8515625 0.05390625 0.01484375
0 0.13046875 0.85 0.01171875 0.015625
0 0.21328125 0.84921875 0.1453125 0.01328125
0 0.67578125 0.81015625 0.08203125 0.01171875
0 0.75546875 0.809375 0.0359375 0.01328125
0 0.784375 0.809375 0.01015625 0.01328125
0 0.8484375 0.80859375 0.0578125 0.0125
0 0.83984375 0.8234375 0.07890625 0.01328125
0 0.2703125 0.88046875 0.03671875 0.01328125
0 0.3734375 0.878125 0.13046875 0.0125
0 0.559375 0.8765625 0.19765625 0.0109375
0 0.19140625 0.89765625 0.071875 0.0125
0 0.29375 0.89609375 0.09140625 0.0125
0 0.16953125 0.9296875 0.140625 0.0171875
0 0.3453125 0.92734375 0.07890625 0.01796875
0 0.41875 0.928125 0.0171875 0.01796875
0 0.4703125 0.92734375 0.0765625 0.01796875
0 0.59609375 0.92578125 0.07890625 0.01796875
0 0.10703125 0.94453125 0.0171875 0.0125
0 0.15703125 0.94375 0.03203125 0.01171875
0 0.18515625 0.94375 0.01015625 0.0125
0 0.240625 0.94375 0.08203125 0.01171875
0 0.38046875 0.9578125 0.05625 0.0140625
0 0.5171875 0.95703125 0.159375 0.01328125
0 0.7546875 0.9390625 0.06328125 0.01328125
0 0.82890625 0.93828125 0.040625 0.01328125
0 0.86171875 0.93828125 0.0046875 0.01328125
0 0.91328125 0.9375 0.08046875 0.0125
0 0.68359375 0.03046875 0.0671875 0.01484375
0 0.83046875 0.18359375 0.0234375 0.009375
0 0.08984375 0.453125 0.05859375 0.0140625