0 0.34296875 0.040625 0.096875 0.01875
0 0.56796875 0.0375 0.27109375 0.01640625
0 0.225 0.1125 0.07578125 0.02265625
0 0.27578125 0.11171875 0.01875 0.0234375
0 0.42734375 0.109375 0.04609375 0.0234375
0 0.46328125 0.10859375 0.0171875 0.0234375
0 0.4859375 0.10859375 0.0265625 0.0234375
0 0.6953125 0.10390625 0.1375 0.021875
0 0.3125 0.13359375 0.07578125 0.0234375
0 0.36015625 0.1328125 0.0171875 0.02421875
0 0.42109375 0.13203125 0.103125 0.0234375
0 0.54375 0.1296875 0.07578125 0.0234375
0 0.634375 0.12890625 0.06171875 0.0234375
0 0.709375 0.1265625 0.04921875 0.0234375
0 0.29140625 0.1578125 0.15546875 0.01796875
0 0.55390625 0.18671875 0.25546875 0.0171875
0 0.52734375 0.2078125 0.203125 0.01875
0 0.12265625 0.234375 0.07734375 0.01953125
0 0.21328125 0.23359375 0.05234375 0.0203125
0 0.4734375 0.2296875 0.103125 0.0171875
0 0.153125 0.1890625 0.121875 0.01796875
0 0.61640625 0.2609375 0.06328125 0.01484375
0 0.85 0.25078125 0.10625 0.0203125
0 0.1890625 0.3140625 0.1953125 0.01796875
0 0.190625 0.33671875 0.1953125 0.01484375
0 0.72734375 0.3046875 0.02890625 0.01875
0 0.82421875 0.2984375 0.15859375 0.02734375
0 0.690625 0.3296875 0.03203125 0.0234375
0 0.803125 0.3265625 0.17109375 0.021875
0 0.14765625 0.38515625 0.1265625 0.0203125
0 0.209375 0.40625 0.18359375 0.0203125
0 0.41484375 0.403125 0.196875 0.0203125
0 0.47578125 0.42265625 0.0953125 0.01953125
0 0.1765625 0.4578125 0.17265625 0.021875
0 0.3203125 0.45703125 0.05390625 0.02265625
0 0.3625 0.45625 0.0203125 0.02265625
0 0.46484375 0.45546875 0.11875 0.021875
0 0.69765625 0.503125 0.025 0.01953125
0 0.76171875 0.5015625 0.04921875 0.01875
0 0.80859375 0.5 0.021875 0.01953125
0 0.87265625 0.4984375 0.103125 0.01796875
0 0.21328125 0.51171875 0.04921875 0.0171875
0 0.25625 0.51171875 0.0140625 0.0171875
0 0.32421875 0.51171875 0.103125 0.01640625
0 0.08828125 0.5671875 0.0078125 0.01796875
0 0.1765625 0.5671875 0.115625 0.0171875
0 0.35625 0.56484375 0.18984375 0.0171875
0 0.834375 0.55390625 0.16015625 0.01640625
0 0.18515625 0.5828125 0.196875 0.015625
0 0.85625 0.57109375 0.096875 0.01484375
0 0.6453125 0.58984375 0.0984375 0.01953125
0 0.8125 0.5875 0.1953125 0.01796875
0 0.10859375 0.61484375 0.04921875 0.01640625
0 0.2375 0.61484375 0.15234375 0.01640625
0 0.48203125 0.6109375 0.05703125 0.01796875
0 0.11640625 0.63203125 0.07734375 0.01484375
0 0.215625 0.63046875 0.06953125 0.01484375
0 0.30625 0.63046875 0.05078125 0.015625
0 0.83828125 0.6203125 0.1296875 0.01484375
0 0.7109375 0.6390625 0.134375 0.01640625
0 0.37265625 0.66328125 0.16171875 0.01875
0 0.625 0.66015625 0.2359375 0.01796875
0 0.1046875 0.68828125 0.05703125 0.01796875
0 0.20546875 0.6890625 0.09375 0.01875
0 0.33203125 0.6875 0.109375 0.01796875
0 0.88671875 0.696875 0.05546875 0.01875
0 0.13828125 0.725 0.05859375 0.01796875
0 0.271875 0.72265625 0.15078125 0.01796875
0 0.4375 0.72109375 0.1203125 0.01796875
0 0.57578125 0.71953125 0.11875 0.01796875
0 0.76796875 0.71796875 0.2359375 0.01640625
0 0.534375 0.75625 0.2375 0.0203125
0 0.36484375 0.7875 0.18359375 0.01640625
0 0.5375 0.7859375 0.1328125 0.01796875
0 0.13046875 0.80625 0.121875 0.01796875
0 0.23125 0.80546875 0.04140625 0.01640625
0 0.384375 0.80546875 0.17890625 0.01640625
0 0.5328125 0.80234375 0.08203125 0.01953125
0 0.63046875 0.80234375 0.0859375 0.01875
0 0.11875 0.82265625 0.0890625 0.01875
0 0.36875 0.8203125 0.35 0.01640625
0 0.82421875 0.81640625 0.06328125 0.01796875
0 0.0984375 0.8390625 0.04453125 0.01796875
0 0.28984375 0.8375 0.15234375 0.01796875
0 0.4609375 0.83671875 0.0953125 0.01796875
0 0.60859375 0.834375 0.1171875 0.01796875
0 0.78984375 0.83359375 0.15078125 0.01796875
0 0.48984375 0.85234375 0.3546875 0.0140625
0 0.33046875 0.87578125 0.07421875 0.01953125
0 0.49140625 0.89609375 0.38984375 0.01640625
0 0.11484375 0.9375 0.06484375 0.01796875
0 0.20625 0.9375 0.04453125 0.01796875
0 0.24140625 0.9375 0.0109375 0.01796875
0 0.31171875 0.9375 0.096875 0.01796875
0 0.69765625 0.93359375 0.021875 0.01796875
0 0.76640625 0.93203125 0.05234375 0.01796875
0 0.80390625 0.93203125 0.0046875 0.01796875
0 0.87265625 0.93125 0.103125 0.01640625
0 0.58671875 0.96796875 0.203125 0.01875
0 0.39921875 0.0640625 0.15546875 0.01796875
0 0.596875 0.06171875 0.19140625 0.01796875
0 0.7234375 0.08046875 0.18203125 0.01953125
0 0.5421875 0.08515625 0.0984375 0.0171875
0 0.33046875 0.08671875 0.28671875 0.01484375
0 0.3421875 0.1109375 0.06328125 0.01640625
0 0.653125 0.1515625 0.28515625 0.01875
0 0.4265625 0.15546875 0.06640625 0.01796875
0 0.13828125 0.26875 0.11875 0.021875
0 0.82890625 0.37109375 0.13984375 0.0234375
0 0.74296875 0.371875 0.025 0.009375
0 0.1265625 0.51171875 0.0859375 0.01640625
0 0.67109375 0.56015625 0.125 0.015625
0 0.5421875 0.5921875 0.06015625 0.01640625
0 0.55390625 0.6109375 0.04921875 0.01484375
0 0.7234375 0.60546875 0.084375 0.01484375
0 0.85234375 0.603125 0.1203125 0.0125
0 0.72734375 0.69921875 0.18359375 0.01796875
0 0.47109375 0.87578125 0.16015625 0.01328125
0 0.63046875 0.8734375 0.1171875 0.01328125
0 0.60078125 0.81875 0.06015625 0.01171875
0 0.7171875 0.81640625 0.10625 0.01171875
0 0.66484375 0.78515625 0.07109375 0.01171875
0 0.4328125 0.9703125 0.05390625 0.01796875
0 0.34609375 0.96953125 0.05546875 0.0203125