0 0.67734375 0.159375 0.0625 0.01640625
0 0.60625 0.16171875 0.05546875 0.0140625
0 0.45625 0.1625 0.215625 0.01640625
0 0.2984375 0.165625 0.0828125 0.01484375
0 0.609375 0.18515625 0.134375 0.01328125
0 0.45546875 0.18515625 0.06796875 0.0125
0 0.34375 0.1875 0.11484375 0.0140625
0 0.5609375 0.2078125 0.20625 0.01484375
0 0.32734375 0.2078125 0.05859375 0.0140625
0 0.39296875 0.21015625 0.0484375 0.0171875
0 0.6953125 0.228125 0.0703125 0.01015625
0 0.6296875 0.22890625 0.03359375 0.01328125
0 0.2421875 0.23125 0.06640625 0.0125
0 0.36171875 0.23125 0.13515625 0.015625
0 0.52265625 0.23125 0.153125 0.015625
0 0.8296875 0.25078125 0.29921875 0.0390625
0 0.5734375 0.2515625 0.059375 0.0109375
0 0.32421875 0.2515625 0.03125 0.0140625
0 0.3859375 0.2515625 0.059375 0.0140625
0 0.63203125 0.2515625 0.0203125 0.0171875
0 0.4796875 0.25390625 0.103125 0.01328125
0 0.415625 0.27421875 0.0828125 0.0125
0 0.52890625 0.27421875 0.12578125 0.015625
0 0.80703125 0.31015625 0.1203125 0.01875
0 0.4515625 0.31640625 0.28984375 0.01484375
0 0.115625 0.3171875 0.05859375 0.01640625
0 0.20234375 0.31953125 0.1015625 0.01328125
0 0.80390625 0.33984375 0.12890625 0.0171875
0 0.33828125 0.346875 0.04453125 0.0140625
0 0.14296875 0.34765625 0.109375 0.01640625
0 0.275 0.35 0.0625 0.01484375
0 0.47421875 0.3921875 0.10859375 0.0140625
0 0.5703125 0.3921875 0.0484375 0.0140625
0 0.35078125 0.3921875 0.10546875 0.0140625
0 0.11875 0.39296875 0.0609375 0.0171875
0 0.2203125 0.39296875 0.11796875 0.0140625
0 0.85625 0.41640625 0.01328125 0.0140625
0 0.79375 0.41875 0.059375 0.0140625
0 0.63046875 0.421875 0.09375 0.01328125
0 0.28046875 0.425 0.08671875 0.0109375
0 0.171875 0.425 0.103125 0.0125
0 0.6390625 0.46796875 0.071875 0.01328125
0 0.53203125 0.46796875 0.1203125 0.01328125
0 0.42890625 0.46796875 0.0609375 0.01328125
0 0.16015625 0.46796875 0.12734375 0.01015625
0 0.2984375 0.46875 0.1 0.0140625
0 0.85625 0.49140625 0.01640625 0.01328125
0 0.7859375 0.49375 0.07578125 0.0140625
0 0.628125 0.49765625 0.09609375 0.01640625
0 0.221875 0.49921875 0.22890625 0.01640625
0 0.109375 0.53984375 0.028125 0.00859375
0 0.31875 0.54296875 0.08515625 0.02109375
0 0.48515625 0.54296875 0.07578125 0.0140625
0 0.19375 0.54296875 0.1109375 0.0171875
0 0.403125 0.54296875 0.04765625 0.015625
0 0.85625 0.56640625 0.01328125 0.01328125
0 0.78828125 0.56796875 0.0796875 0.015625
0 0.6296875 0.5703125 0.09375 0.0140625
0 0.15546875 0.5734375 0.1 0.01640625
0 0.46640625 0.625 0.0515625 0.0140625
0 0.3890625 0.625 0.0625 0.01328125
0 0.82421875 0.625 0.07421875 0.0109375
0 0.53046875 0.62578125 0.053125 0.0125
0 0.6390625 0.62578125 0.05859375 0.0171875
0 0.125 0.628125 0.06875 0.01484375
0 0.1859375 0.62890625 0.01640625 0.01640625
0 0.82890625 0.65546875 0.0609375 0.0109375
0 0.18671875 0.65859375 0.021875 0.01484375
0 0.5890625 0.65859375 0.12734375 0.015625
0 0.12109375 0.65859375 0.053125 0.01875
0 0.82734375 0.6875 0.0828125 0.0171875
0 0.6265625 0.68828125 0.05859375 0.01328125
0 0.1265625 0.68828125 0.0609375 0.01015625
0 0.3484375 0.68984375 0.06484375 0.01484375
0 0.221875 0.6921875 0.10703125 0.0171875
0 0.61015625 0.72109375 0.0828125 0.0109375
0 0.82734375 0.7484375 0.07734375 0.0140625
0 0.615625 0.75078125 0.0828125 0.0125
0 0.45 0.7515625 0.0625 0.01484375
0 0.36015625 0.75234375 0.0921875 0.01484375
0 0.52421875 0.75390625 0.05390625 0.01953125
0 0.83125 0.78046875 0.0609375 0.0140625
0 0.60390625 0.78359375 0.1046875 0.01640625
0 0.12265625 0.81640625 0.05859375 0.01484375
0 0.528125 0.81640625 0.06640625 0.0109375
0 0.6296875 0.81640625 0.04453125 0.009375
0 0.40078125 0.81796875 0.1015625 0.01875
0 0.21875 0.81875 0.11796875 0.01484375
0 0.62421875 0.84921875 0.05859375 0.01875
0 0.18125 0.84921875 0.103125 0.01875
0 0.4046875 0.8515625 0.06875 0.0171875
0 0.625 0.88046875 0.06640625 0.01953125
0 0.17578125 0.88203125 0.10859375 0.01796875
0 0.39921875 0.88203125 0.0828125 0.01640625
0 0.15234375 0.93125 0.11484375 0.0171875
0 0.2546875 0.93203125 0.059375 0.0140625
0 0.3890625 0.93203125 0.14375 0.015625
0 0.29296875 0.95078125 0.084375 0.0203125
0 0.22421875 0.95078125 0.04765625 0.0203125
0 0.1390625 0.9515625 0.09609375 0.01953125
0 0.46875 0.97421875 0.05703125 0.01640625
0 0.1359375 0.97421875 0.08515625 0.02109375
0 0.27109375 0.97421875 0.03515625 0.0140625
0 0.5265625 0.97421875 0.028125 0.01015625
0 0.36484375 0.97421875 0.121875 0.0171875
0 0.61875 0.97421875 0.09375 0.015625
0 0.2203125 0.975 0.053125 0.0171875
0 0.71171875 0.97578125 0.07421875 0.01484375
0 0.79375 0.97734375 0.07890625 0.0140625