0 0.3328125 0.1640625 0.4828125 0.02421875
0 0.6671875 0.1625 0.0953125 0.025
0 0.73359375 0.1625 0.0078125 0.025
0 0.1484375 0.1953125 0.10625 0.0234375
0 0.21171875 0.1953125 0.0078125 0.02421875
0 0.3 0.19453125 0.103125 0.025
0 0.36328125 0.19453125 0.00859375 0.025
0 0.3921875 0.2515625 0.0703125 0.0265625
0 0.4515625 0.2515625 0.02265625 0.028125
0 0.5015625 0.25078125 0.0375 0.02734375
0 0.52890625 0.25078125 0.00859375 0.02734375
0 0.31640625 0.30625 0.0671875 0.02578125
0 0.57265625 0.30390625 0.05390625 0.02734375
0 0.75625 0.30390625 0.27734375 0.02734375
0 0.1625 0.340625 0.28515625 0.02265625
0 0.390625 0.3359375 0.0671875 0.028125
0 0.43515625 0.33515625 0.01171875 0.02890625
0 0.7546875 0.33515625 0.278125 0.03203125
0 0.31953125 0.3640625 0.1234375 0.02890625
0 0.63671875 0.36328125 0.0875 0.02890625
0 0.10625 0.39453125 0.1765625 0.0203125
0 0.5015625 0.3875 0.140625 0.025
0 0.82890625 0.38828125 0.03515625 0.0265625
0 0.88359375 0.38828125 0.0328125 0.0265625
0 0.1046875 0.45625 0.17734375 0.0234375
0 0.31875 0.48515625 0.16484375 0.02890625
0 0.4484375 0.484375 0.0515625 0.03125
0 0.63359375 0.48203125 0.0921875 0.0296875
0 0.2484375 0.525 0.0875 0.0265625
0 0.38828125 0.52265625 0.14375 0.02578125
0 0.6078125 0.51953125 0.25234375 0.0234375
0 0.25625 0.56484375 0.03984375 0.028125
0 0.359375 0.56171875 0.11953125 0.02734375
0 0.09609375 0.596875 0.1625 0.02734375
0 0.36796875 0.628125 0.2625 0.0234375
0 0.6 0.6234375 0.1640625 0.02578125
0 0.08046875 0.66171875 0.14453125 0.02265625
0 0.81953125 0.64921875 0.084375 0.021875
0 0.47890625 0.6828125 0.25625 0.0265625
0 0.07734375 0.71875 0.11640625 0.0203125
0 0.04140625 0.75 0.07890625 0.028125
0 0.0984375 0.74921875 0.01484375 0.03046875
0 0.38515625 0.74140625 0.1390625 0.028125
0 0.57421875 0.7375 0.13828125 0.02890625
0 0.65625 0.73671875 0.00625 0.03046875
0 0.78984375 0.7328125 0.20546875 0.0265625
0 0.0390625 0.78359375 0.0546875 0.02578125
0 0.7390625 0.76328125 0.07265625 0.02421875
0 0.81171875 0.76328125 0.03671875 0.025
0 0.05859375 0.815625 0.11640625 0.03125
0 0.13671875 0.8140625 0.0171875 0.03359375
0 0.046875 0.8484375 0.05703125 0.0265625
0 0.18203125 0.84296875 0.184375 0.02265625
0 0.29140625 0.840625 0.0140625 0.0265625
0 0.5 0.83359375 0.36796875 0.01640625
0 0.21796875 0.87265625 0.09921875 0.025
0 0.29140625 0.86953125 0.0140625 0.02578125
0 0.359375 0.86796875 0.08125 0.02578125
0 0.47265625 0.86484375 0.078125 0.0265625
0 0.37890625 0.89609375 0.1265625 0.025
0 0.5578125 0.959375 0.4046875 0.04765625
0 0.27265625 0.1328125 0.3671875 0.03203125
0 0.46953125 0.3609375 0.125 0.02578125
0 0.43671875 0.30625 0.01953125 0.01875
0 0.12421875 0.30859375 0.21875 0.02578125
0 0.78671875 0.38671875 0.02109375 0.0203125
0 0.7546875 0.415625 0.14140625 0.02578125
0 0.72890625 0.45078125 0.17734375 0.0265625
0 0.859375 0.45078125 0.06171875 0.02578125
0 0.53203125 0.4828125 0.08359375 0.02734375
0 0.5515625 0.55859375 0.2234375 0.02421875
0 0.82578125 0.58671875 0.07421875 0.02421875
0 0.88203125 0.5859375 0.034375 0.02890625
0 0.88203125 0.65 0.03828125 0.02578125
0 0.665625 0.6796875 0.08125 0.02421875
0 0.27890625 0.68671875 0.11640625 0.02890625
0 0.2 0.7484375 0.146875 0.028125
0 0.18203125 0.7765625 0.18203125 0.0234375
0 0.46171875 0.80390625 0.5078125 0.0328125
0 0.82109375 0.70546875 0.08984375 0.0203125
0 0.88359375 0.7015625 0.0265625 0.021875
0 0.87578125 0.76171875 0.06015625 0.0265625
0 0.57265625 0.865625 0.07578125 0.02734375
0 0.51796875 0.89140625 0.11484375 0.02890625
0 0.6984375 0.88828125 0.2046875 0.03203125
0 0.58046875 0.91796875 0.184375 0.02578125
0 0.3953125 0.9234375 0.1265625 0.02578125
0 0.2953125 0.9265625 0.04609375 0.0203125
0 0.2546875 0.90078125 0.10078125 0.02109375
0 0.16953125 0.90546875 0.0515625 0.028125
0 0.06953125 0.87890625 0.11953125 0.028125