0 0.3671875 0.08828125 0.37890625 0.0328125
0 0.41328125 0.1171875 0.4765625 0.03984375
0 0.73984375 0.1265625 0.0921875 0.03046875
0 0.378125 0.1375 0.09375 0.028125
0 0.49140625 0.1875 0.109375 0.02421875
0 0.58515625 0.18984375 0.02109375 0.02109375
0 0.21953125 0.225 0.20234375 0.03359375
0 0.409375 0.2296875 0.06875 0.025
0 0.8015625 0.24375 0.33984375 0.03828125
0 0.25234375 0.25234375 0.28515625 0.0234375
0 0.48515625 0.25703125 0.065625 0.01953125
0 0.84140625 0.26953125 0.27734375 0.0265625
0 0.4203125 0.2796875 0.12265625 0.025
0 0.72890625 0.28828125 0.07890625 0.0234375
0 0.209375 0.29921875 0.16875 0.02265625
0 0.59453125 0.3078125 0.1421875 0.025
0 0.91640625 0.31875 0.03515625 0.01953125
0 0.97265625 0.31875 0.034375 0.01953125
0 0.84609375 0.3390625 0.1265625 0.01875
0 0.1953125 0.35703125 0.17734375 0.02734375
0 0.775 0.371875 0.0578125 0.0234375
0 0.9515625 0.375 0.05546875 0.0234375
0 0.4078125 0.38828125 0.165625 0.0234375
0 0.53671875 0.390625 0.03984375 0.02109375
0 0.72578125 0.39453125 0.090625 0.021875
0 0.4765625 0.41953125 0.14453125 0.02421875
0 0.7 0.42421875 0.25 0.02734375
0 0.34375 0.446875 0.259375 0.02890625
0 0.528125 0.4515625 0.04609375 0.02578125
0 0.61875 0.45234375 0.0578125 0.025
0 0.7828125 0.45546875 0.084375 0.02109375
0 0.3453125 0.47890625 0.03828125 0.01953125
0 0.45 0.4796875 0.1234375 0.02109375
0 0.63984375 0.4828125 0.215625 0.02265625
0 0.18203125 0.4984375 0.16484375 0.02109375
0 0.45625 0.53359375 0.2578125 0.02421875
0 0.690625 0.5375 0.165625 0.0234375
0 0.15859375 0.54921875 0.1015625 0.01796875
0 0.88359375 0.56171875 0.0328125 0.01796875
0 0.3828125 0.5859375 0.03125 0.0234375
0 0.4859375 0.58828125 0.125 0.025
0 0.60625 0.58984375 0.0671875 0.0234375
0 0.6953125 0.59140625 0.0671875 0.0234375
0 0.15625 0.60390625 0.10234375 0.02109375
0 0.36328125 0.62734375 0.1078125 0.0234375
0 0.56328125 0.63046875 0.25 0.025
0 0.7453125 0.634375 0.0671875 0.02265625
0 0.16015625 0.6484375 0.109375 0.0234375
0 0.13828125 0.6734375 0.06015625 0.0265625
0 0.1859375 0.67421875 0.009375 0.025
0 0.4703125 0.67734375 0.1328125 0.028125
0 0.12578125 0.69609375 0.0484375 0.02109375
0 0.17109375 0.696875 0.0078125 0.01953125
0 0.26953125 0.6984375 0.1765625 0.02265625
0 0.8734375 0.70703125 0.19765625 0.01953125
0 0.1515625 0.71953125 0.09765625 0.02265625
0 0.22109375 0.72109375 0.00546875 0.02109375
0 0.50546875 0.7265625 0.49765625 0.01953125
0 0.12578125 0.74609375 0.04375 0.01953125
0 0.26484375 0.746875 0.165625 0.02109375
0 0.3671875 0.7484375 0.01015625 0.01875
0 0.46796875 0.74921875 0.13515625 0.02109375
0 0.15234375 0.7703125 0.0984375 0.0203125
0 0.2953125 0.771875 0.08515625 0.01953125
0 0.36875 0.771875 0.0078125 0.01875
0 0.4375 0.77265625 0.07734375 0.01953125
0 0.64453125 0.77421875 0.0578125 0.01953125
0 0.21015625 0.79609375 0.07265625 0.0234375
0 0.2828125 0.796875 0.03125 0.02265625
0 0.40078125 0.7984375 0.159375 0.02421875
0 0.634375 0.8 0.26328125 0.025
0 0.24453125 0.81640625 0.1421875 0.0234375
0 0.35625 0.81875 0.02890625 0.021875
0 0.47109375 0.81953125 0.15546875 0.0234375
0 0.71171875 0.821875 0.16015625 0.0234375
0 0.84765625 0.8234375 0.065625 0.02265625
0 0.22578125 0.83828125 0.10625 0.0234375
0 0.3546875 0.83984375 0.10390625 0.02421875
0 0.45390625 0.840625 0.04765625 0.02265625
0 0.546875 0.84140625 0.08515625 0.02421875
0 0.6453125 0.84296875 0.0671875 0.0234375
0 0.70703125 0.84375 0.01484375 0.02265625
0 0.78984375 0.84375 0.10625 0.025
0 0.24453125 0.86875 0.03125 0.021875
0 0.45234375 0.87109375 0.11875 0.021875
0 0.5890625 0.871875 0.10390625 0.02265625
0 0.76484375 0.87421875 0.19765625 0.0234375
0 0.371875 0.89296875 0.03515625 0.02109375
0 0.46953125 0.89375 0.12109375 0.021875
0 0.6453125 0.89609375 0.18046875 0.0234375
0 0.6578125 0.9296875 0.3734375 0.05234375
0 0.3671875 0.9625 0.015625 0.03125
0 0.44609375 0.96328125 0.1078125 0.0328125
0 0.63984375 0.96640625 0.22890625 0.034375
0 0.23203125 0.134375 0.1171875 0.02421875
0 0.8703125 0.3171875 0.02734375 0.01953125
0 0.57265625 0.28515625 0.1171875 0.0234375
0 0.87734375 0.37421875 0.06328125 0.01953125
0 0.625 0.39375 0.08671875 0.02109375
0 0.33359375 0.41796875 0.0984375 0.0203125
0 0.9140625 0.5109375 0.08515625 0.02109375
0 0.97578125 0.5125 0.03046875 0.01953125
0 0.95078125 0.56484375 0.06171875 0.01796875
0 0.65234375 0.6796875 0.13828125 0.021875
0 0.86328125 0.68203125 0.20546875 0.02109375
0 0.28125 0.675 0.14765625 0.01953125
0 0.33125 0.86953125 0.08984375 0.01640625
0 0.5921875 0.82109375 0.04765625 0.0171875
0 0.54375 0.77421875 0.06484375 0.01953125