0 0.48359375 0.08515625 0.4578125 0.04609375
0 0.1515625 0.125 0.10078125 0.01328125
0 0.25546875 0.1234375 0.06171875 0.01328125
0 0.37109375 0.121875 0.11953125 0.01328125
0 0.13359375 0.13828125 0.065625 0.0125
0 0.30234375 0.13671875 0.22734375 0.0109375
0 0.45625 0.134375 0.0375 0.0125
0 0.584375 0.1328125 0.16484375 0.0125
0 0.14296875 0.15078125 0.08203125 0.01171875
0 0.2890625 0.14921875 0.1625 0.0109375
0 0.42890625 0.14765625 0.0578125 0.0125
0 0.53203125 0.14609375 0.10078125 0.0125
0 0.65859375 0.14453125 0.0984375 0.0125
0 0.76328125 0.14296875 0.06171875 0.0125
0 0.16796875 0.1640625 0.08046875 0.0109375
0 0.25 0.1625 0.0390625 0.0109375
0 0.2828125 0.1625 0.00390625 0.01171875
0 0.30234375 0.1625 0.00859375 0.01171875
0 0.4296875 0.159375 0.10234375 0.0109375
0 0.17890625 0.17578125 0.1515625 0.0109375
0 0.3609375 0.1734375 0.1640625 0.009375
0 0.6109375 0.16875 0.29375 0.01015625
0 0.425 0.209375 0.196875 0.009375
0 0.1734375 0.228125 0.08203125 0.0109375
0 0.375 0.2234375 0.0921875 0.0109375
0 0.1640625 0.24140625 0.06328125 0.01171875
0 0.240625 0.23984375 0.040625 0.0125
0 0.29453125 0.23828125 0.00390625 0.01328125
0 0.36640625 0.23671875 0.08203125 0.01171875
0 0.2515625 0.26484375 0.2734375 0.009375
0 0.15078125 0.2796875 0.06171875 0.01484375
0 0.24375 0.278125 0.084375 0.0140625
0 0.31875 0.2765625 0.02265625 0.01484375
0 0.41640625 0.275 0.12265625 0.01328125
0 0.20078125 0.29140625 0.16640625 0.009375
0 0.51171875 0.28359375 0.01640625 0.01171875
0 0.54140625 0.28359375 0.0390625 0.0109375
0 0.74453125 0.278125 0.01640625 0.01171875
0 0.81875 0.27734375 0.12265625 0.009375
0 0.79296875 0.31171875 0.01484375 0.01015625
0 0.84453125 0.3109375 0.08203125 0.009375
0 0.75 0.32265625 0.01484375 0.0078125
0 0.828125 0.321875 0.11875 0.00625
0 0.225 0.32265625 0.12265625 0.00703125
0 0.22265625 0.33125 0.125 0.00703125
0 0.20390625 0.35234375 0.103125 0.00703125
0 0.33671875 0.35234375 0.10078125 0.00703125
0 0.759375 0.34765625 0.01015625 0.00703125
0 0.8375 0.346875 0.1234375 0.00546875
0 0.16328125 0.3609375 0.109375 0.01328125
0 0.503125 0.35859375 0.078125 0.01328125
0 0.20390625 0.375 0.196875 0.01484375
0 0.3515625 0.3734375 0.04296875 0.01640625
0 0.41171875 0.37265625 0.01171875 0.01640625
0 0.48515625 0.37265625 0.12734375 0.015625
0 0.19140625 0.41015625 0.06328125 0.01484375
0 0.3015625 0.40859375 0.10078125 0.0140625
0 0.43515625 0.4078125 0.06328125 0.01484375
0 0.54296875 0.40625 0.1 0.0140625
0 0.67578125 0.4046875 0.103125 0.01328125
0 0.17578125 0.4265625 0.02109375 0.0125
0 0.19765625 0.4265625 0.0203125 0.0125
0 0.43984375 0.4234375 0.01640625 0.0140625
0 0.51484375 0.4234375 0.12265625 0.0140625
0 0.87265625 0.403125 0.065625 0.0125
0 0.86171875 0.4171875 0.084375 0.015625
0 0.22734375 0.46015625 0.19453125 0.0125
0 0.41171875 0.45703125 0.12734375 0.01328125
0 0.4875 0.45625 0.00625 0.01484375
0 0.2421875 0.47578125 0.2140625 0.015625
0 0.39140625 0.47421875 0.04140625 0.0171875
0 0.47734375 0.47265625 0.08203125 0.01640625
0 0.8078125 0.4640625 0.01640625 0.01328125
0 0.8609375 0.4640625 0.08046875 0.01328125
0 0.215625 0.50625 0.14609375 0.0140625
0 0.33203125 0.50390625 0.04140625 0.01640625
0 0.384375 0.50390625 0.0046875 0.01640625
0 0.4703125 0.5015625 0.10625 0.01484375
0 0.21484375 0.521875 0.14765625 0.0140625
0 0.52421875 0.51640625 0.08203125 0.015625
0 0.67265625 0.51328125 0.1703125 0.01484375
0 0.1640625 0.55078125 0.0375 0.01640625
0 0.1953125 0.55 0.0046875 0.0171875
0 0.31171875 0.5484375 0.209375 0.01328125
0 0.48203125 0.5453125 0.08203125 0.01640625
0 0.58984375 0.54296875 0.0765625 0.01640625
0 0.7828125 0.53984375 0.25078125 0.0125
0 0.20078125 0.5640625 0.10078125 0.01484375
0 0.34453125 0.5609375 0.14609375 0.0140625
0 0.49140625 0.55859375 0.1 0.01484375
0 0.62890625 0.55625 0.11953125 0.0140625
0 0.76015625 0.55390625 0.078125 0.01484375
0 0.88984375 0.55234375 0.1171875 0.01484375
0 0.21796875 0.578125 0.14375 0.0140625
0 0.3453125 0.575 0.0578125 0.01484375
0 0.45234375 0.5734375 0.10234375 0.01484375
0 0.56484375 0.571875 0.07578125 0.01484375
0 0.65234375 0.5703125 0.0390625 0.015625
0 0.7828125 0.56875 0.16796875 0.0140625
0 0.92109375 0.565625 0.05703125 0.015625
0 0.18359375 0.59296875 0.0765625 0.01328125
0 0.3875 0.58828125 0.26953125 0.01015625
0 0.5359375 0.5859375 0.0046875 0.01484375
0 0.22734375 0.6046875 0.040625 0.015625
0 0.340625 0.603125 0.14375 0.0140625
0 0.54765625 0.6 0.209375 0.01328125
0 0.20546875 0.61796875 0.1234375 0.01328125
0 0.321875 0.6171875 0.06171875 0.0140625
0 0.39765625 0.615625 0.0390625 0.01484375
0 0.4625 0.61484375 0.0390625 0.01484375
0 0.20703125 0.646875 0.1234375 0.01328125
0 0.3125 0.64453125 0.040625 0.0140625
0 0.36640625 0.64375 0.00390625 0.015625
0 0.56875 0.6390625 0.340625 0.0125
0 0.20546875 0.66015625 0.12578125 0.0109375
0 0.34453125 0.6578125 0.0046875 0.01328125
0 0.3859375 0.65703125 0.06015625 0.0125
0 0.471875 0.65546875 0.06171875 0.0125
0 0.51484375 0.65546875 0.00390625 0.01328125
0 0.54765625 0.65390625 0.0390625 0.0125
0 0.73984375 0.6515625 0.29765625 0.009375
0 0.9328125 0.6484375 0.040625 0.0125
0 0.2265625 0.67421875 0.1625 0.0109375
0 0.3578125 0.671875 0.04375 0.01328125
0 0.38984375 0.67109375 0.01484375 0.01328125
0 0.42109375 0.67109375 0.0375 0.01328125
0 0.45390625 0.6703125 0.01484375 0.01328125
0 0.5078125 0.66953125 0.07578125 0.0125
0 0.65390625 0.66640625 0.1703125 0.0109375
0 0.7515625 0.66484375 0.0203125 0.01328125
0 0.1703125 0.68828125 0.06015625 0.01171875
0 0.328125 0.68515625 0.19296875 0.01015625
0 0.434375 0.68359375 0.0140625 0.01328125
0 0.509375 0.6828125 0.12578125 0.0109375
0 0.32421875 0.69921875 0.365625 0.01484375
0 0.28984375 0.7140625 0.29765625 0.009375
0 0.18828125 0.72890625 0.10078125 0.0140625
0 0.33984375 0.725 0.1453125 0.01328125
0 0.44609375 0.7234375 0.0078125 0.015625
0 0.52421875 0.721875 0.0859375 0.01484375
0 0.62109375 0.71953125 0.0640625 0.01484375
0 0.68828125 0.71875 0.0203125 0.015625
0 0.7515625 0.7171875 0.06328125 0.01484375
0 0.425 0.84609375 0.45390625 0.00625
0 0.43828125 0.8609375 0.0671875 0.0140625
0 0.53984375 0.8578125 0.08828125 0.01328125
0 0.66328125 0.8546875 0.1109375 0.0125
0 0.29609375 0.87734375 0.08671875 0.0140625
0 0.38203125 0.875 0.0453125 0.01484375
0 0.51484375 0.87265625 0.08984375 0.01484375
0 0.66171875 0.86875 0.16015625 0.0125
0 0.8078125 0.865625 0.08671875 0.0140625
0 0.28203125 0.89296875 0.0640625 0.01484375
0 0.3609375 0.89140625 0.0453125 0.015625
0 0.528125 0.88671875 0.2484375 0.01015625
0 0.728125 0.88125 0.1125 0.0140625
0 0.84140625 0.87890625 0.06953125 0.01484375
0 0.54765625 0.9 0.11328125 0.01171875
0 0.48359375 0.928125 0.13515625 0.01171875
0 0.5953125 0.92578125 0.04296875 0.01328125
0 0.67109375 0.94921875 0.0046875 0.015625
0 0.71875 0.9546875 0.0203125 0.01875
0 0.7796875 0.9625 0.01875 0.01875
0 0.47890625 0.95703125 0.1171875 0.009375
0 0.16796875 0.96640625 0.13359375 0.01328125
0 0.27890625 0.96328125 0.0453125 0.015625
0 0.19453125 0.98046875 0.178125 0.00859375
0 0.3296875 0.9765625 0.04375 0.0125
0 0.853125 0.1421875 0.046875 0.0109375
0 0.2921875 0.21328125 0.0140625 0.0078125
0 0.290625 0.225 0.01640625 0.0078125
0 0.1875 0.215625 0.10703125 0.009375
0 0.340625 0.359375 0.196875 0.00859375
0 0.80390625 0.41953125 0.0265625 0.0109375
0 0.35546875 0.51796875 0.08828125 0.01171875
0 0.45078125 0.51796875 0.01640625 0.00703125
0 0.79609375 0.6625 0.05546875 0.009375