0 0.32265625 0.16328125 0.15 0.01875
0 0.4453125 0.1640625 0.05546875 0.0171875
0 0.540625 0.1640625 0.09296875 0.01875
0 0.409375 0.1890625 0.2046875 0.01875
0 0.3140625 0.2125 0.0921875 0.0203125
0 0.1984375 0.2140625 0.0859375 0.0203125
0 0.47890625 0.2140625 0.18046875 0.021875
0 0.6359375 0.2140625 0.0828125 0.021875
0 0.378125 0.23828125 0.11015625 0.0203125
0 0.521875 0.23828125 0.1296875 0.0203125
0 0.1796875 0.23828125 0.13203125 0.0203125
0 0.284375 0.2390625 0.0296875 0.02109375
0 0.6703125 0.23984375 0.1265625 0.02265625
0 0.2578125 0.2625 0.0921875 0.0171875
0 0.55078125 0.26328125 0.146875 0.021875
0 0.38671875 0.2640625 0.12578125 0.0203125
0 0.2171875 0.28671875 0.0546875 0.01875
0 0.29453125 0.28671875 0.0546875 0.01875
0 0.36875 0.28671875 0.046875 0.01875
0 0.53125 0.2875 0.225 0.01875
0 0.24765625 0.3359375 0.10390625 0.0203125
0 0.475 0.3359375 0.253125 0.0203125
0 0.06796875 0.38359375 0.0515625 0.01796875
0 0.153125 0.38515625 0.071875 0.015625
0 0.60546875 0.38515625 0.11015625 0.0203125
0 0.2765625 0.38515625 0.12578125 0.01875
0 0.453125 0.38515625 0.14375 0.0171875
0 0.0765625 0.4109375 0.071875 0.021875
0 0.3046875 0.4109375 0.190625 0.01953125
0 0.49296875 0.4109375 0.13828125 0.021875
0 0.4671875 0.45625 0.03359375 0.02265625
0 0.34921875 0.4578125 0.0546875 0.0234375
0 0.67734375 0.45859375 0.10078125 0.02265625
0 0.76796875 0.46015625 0.0546875 0.021875
0 0.14375 0.46015625 0.2078125 0.02265625
0 0.53984375 0.46015625 0.0921875 0.0203125
0 0.06796875 0.50703125 0.05390625 0.0203125
0 0.13984375 0.50703125 0.04921875 0.021875
0 0.51171875 0.5328125 0.07265625 0.01875
0 0.31328125 0.5328125 0.00625 0.0171875
0 0.68046875 0.53359375 0.07421875 0.01875
0 0.765625 0.53359375 0.0546875 0.01875
0 0.34921875 0.534375 0.0140625 0.0125
0 0.0765625 0.55625 0.07421875 0.01875
0 0.16171875 0.55625 0.0484375 0.0203125
0 0.51171875 0.58046875 0.07265625 0.0171875
0 0.68046875 0.58046875 0.071875 0.01875
0 0.3125 0.58125 0.00859375 0.01640625
0 0.76484375 0.58125 0.0546875 0.01796875
0 0.34921875 0.58203125 0.0140625 0.01328125
0 0.07890625 0.6046875 0.06953125 0.0203125
0 0.16875 0.60625 0.07109375 0.0203125
0 0.31328125 0.62890625 0.0171875 0.01875
0 0.5109375 0.62890625 0.07265625 0.01875
0 0.68046875 0.62890625 0.0765625 0.01875
0 0.765625 0.6296875 0.0546875 0.0203125
0 0.35 0.63046875 0.01796875 0.01640625
0 0.084375 0.675 0.08359375 0.0203125
0 0.17890625 0.6765625 0.0625 0.021875
0 0.25546875 0.6765625 0.02109375 0.01875
0 0.08359375 0.70078125 0.08359375 0.01875
0 0.40390625 0.70078125 0.08671875 0.01875
0 0.24765625 0.70234375 0.18359375 0.02109375
0 0.7578125 0.70234375 0.07265625 0.0171875
0 0.08359375 0.72421875 0.08359375 0.01875
0 0.4515625 0.725 0.06875 0.02265625
0 0.37734375 0.72578125 0.03125 0.01875
0 0.25234375 0.72578125 0.18203125 0.021875
0 0.7578125 0.7265625 0.07265625 0.01875
0 0.12890625 0.75078125 0.18125 0.0203125
0 0.71796875 0.7515625 0.14453125 0.01875
0 0.07578125 0.7984375 0.07421875 0.0203125
0 0.7578125 0.8 0.07265625 0.01875
0 0.0640625 0.8703125 0.05390625 0.01875
0 0.4703125 0.871875 0.10625 0.0203125
0 0.178125 0.871875 0.12890625 0.021875
0 0.56796875 0.8734375 0.065625 0.021875
0 0.72890625 0.8734375 0.12421875 0.02109375
0 0.06328125 0.89609375 0.05390625 0.0203125
0 0.56796875 0.896875 0.07109375 0.0171875
0 0.75546875 0.896875 0.075 0.0171875
0 0.284375 0.896875 0.103125 0.021875