0 0.3796875 0.0328125 0.321875 0.065625
0 0.64453125 0.05859375 0.0734375 0.04140625
0 0.71796875 0.0671875 0.00625 0.03125
0 0.8328125 0.08125 0.1046875 0.04609375
0 0.2546875 0.05390625 0.10625 0.04375
0 0.41171875 0.06953125 0.12578125 0.04609375
0 0.63125 0.09140625 0.2484375 0.06015625
0 0.15625 0.08046875 0.128125 0.0484375
0 0.29140625 0.09140625 0.05234375 0.04140625
0 0.71015625 0.13203125 0.27734375 0.0546875
0 0.3984375 0.13515625 0.153125 0.0453125
0 0.5765625 0.15078125 0.125 0.04375
0 0.4828125 0.1765625 0.26015625 0.05234375
0 0.30390625 0.19453125 0.1875 0.0421875
0 0.534375 0.21328125 0.2046875 0.04453125
0 0.71796875 0.228125 0.0859375 0.0328125
0 0.0984375 0.2265625 0.12734375 0.0375
0 0.53515625 0.25859375 0.24765625 0.04765625
0 0.0734375 0.259375 0.11953125 0.040625
0 0.50703125 0.2890625 0.2015625 0.04453125
0 0.06171875 0.2953125 0.1015625 0.04375
0 0.1765625 0.3015625 0.05546875 0.0390625
0 0.45546875 0.31953125 0.103125 0.03203125
0 0.159375 0.35390625 0.27734375 0.04375
0 0.59921875 0.38359375 0.06484375 0.03515625
0 0.165625 0.39375 0.3078125 0.046875
0 0.81875 0.43203125 0.09765625 0.0296875
0 0.13671875 0.4625 0.22109375 0.04296875
0 0.13359375 0.5 0.23203125 0.04375
0 0.71015625 0.496875 0.0234375 0.034375
0 0.79453125 0.49921875 0.12578125 0.0375
0 0.675 0.53125 0.0203125 0.034375
0 0.7828125 0.53515625 0.159375 0.040625
0 0.08203125 0.5703125 0.146875 0.0421875
0 0.70703125 0.60390625 0.01328125 0.03359375
0 0.79921875 0.60625 0.14375 0.03671875
0 0.0625 0.60703125 0.125 0.04296875
0 0.22109375 0.6125 0.11015625 0.04296875
0 0.73359375 0.63828125 0.01015625 0.0328125
0 0.8125 0.64140625 0.11875 0.0375
0 0.04296875 0.6609375 0.0859375 0.0375
0 0.165625 0.66328125 0.08515625 0.0359375
0 0.33359375 0.66875 0.16796875 0.03828125
0 0.82578125 0.721875 0.096875 0.02890625
0 0.05546875 0.7328125 0.07734375 0.028125
0 0.4453125 0.74453125 0.10625 0.034375
0 0.8203125 0.7546875 0.10625 0.0296875
0 0.10390625 0.78359375 0.2078125 0.03671875
0 0.3421875 0.7890625 0.140625 0.0359375
0 0.5140625 0.79375 0.13203125 0.034375
0 0.109375 0.82421875 0.16796875 0.028125
0 0.496875 0.828125 0.4484375 0.0390625
0 0.3265625 0.86015625 0.5484375 0.0390625
0 0.165625 0.90859375 0.04921875 0.0328125
0 0.20703125 0.909375 0.003125 0.03125
0 0.27421875 0.9109375 0.1 0.03359375
0 0.675 0.91328125 0.0203125 0.02421875
0 0.7421875 0.91328125 0.0453125 0.025
0 0.78515625 0.9140625 0.0125 0.0234375
0 0.85078125 0.915625 0.09765625 0.025
0 0.39609375 0.96796875 0.0390625 0.02890625
0 0.55625 0.9703125 0.21171875 0.03203125
0 0.82109375 0.396875 0.1125 0.0265625
0 0.60625 0.41875 0.07109375 0.02734375
0 0.4453125 0.70859375 0.125 0.028125
0 0.06640625 0.90859375 0.09375 0.03046875
0 0.30859375 0.96640625 0.06328125 0.03125