0 0.128125 0.1375 0.12578125 0.01640625
0 0.2859375 0.1375 0.14609375 0.01640625
0 0.3921875 0.1375 0.0203125 0.01640625
0 0.43671875 0.1375 0.01015625 0.01640625
0 0.84765625 0.1375 0.12421875 0.01640625
0 0.51875 0.13828125 0.1046875 0.0171875
0 0.678125 0.13828125 0.16796875 0.01640625
0 0.42421875 0.16328125 0.07734375 0.01640625
0 0.15 0.16328125 0.16875 0.01640625
0 0.309375 0.16328125 0.01796875 0.01640625
0 0.72265625 0.16328125 0.1640625 0.01640625
0 0.53046875 0.16328125 0.07890625 0.0171875
0 0.13828125 0.1890625 0.0609375 0.015625
0 0.23203125 0.1890625 0.07421875 0.01640625
0 0.32734375 0.1890625 0.05625 0.01640625
0 0.5078125 0.18984375 0.25234375 0.01640625
0 0.09609375 0.21484375 0.06171875 0.01484375
0 0.3296875 0.215625 0.06171875 0.015625
0 0.2109375 0.21640625 0.11796875 0.01953125
0 0.44453125 0.2171875 0.1171875 0.02109375
0 0.07578125 0.240625 0.01328125 0.01484375
0 0.159375 0.240625 0.10703125 0.01640625
0 0.4890625 0.24140625 0.12421875 0.01640625
0 0.66796875 0.2421875 0.1 0.01640625
0 0.7546875 0.2421875 0.01796875 0.01484375
0 0.31953125 0.24375 0.16328125 0.02109375
0 0.3390625 0.2671875 0.12421875 0.01640625
0 0.159375 0.2671875 0.18828125 0.01640625
0 0.48671875 0.26953125 0.1203125 0.02109375
0 0.11640625 0.29296875 0.10234375 0.01640625
0 0.27578125 0.2953125 0.16875 0.02109375
0 0.4328125 0.2953125 0.09765625 0.01953125
0 0.59375 0.2953125 0.16796875 0.0203125
0 0.10546875 0.31953125 0.07421875 0.01640625
0 0.2453125 0.31953125 0.1453125 0.01640625
0 0.3828125 0.31953125 0.08125 0.015625
0 0.62578125 0.31953125 0.14765625 0.01640625
0 0.48671875 0.31953125 0.07734375 0.01640625
0 0.76484375 0.31953125 0.08125 0.01640625
0 0.39296875 0.4234375 0.0609375 0.01640625
0 0.52265625 0.4234375 0.14453125 0.01640625
0 0.41640625 0.47578125 0.69921875 0.01796875
0 0.84765625 0.4765625 0.11796875 0.01640625
0 0.10625 0.5015625 0.08203125 0.01640625
0 0.26328125 0.52734375 0.05625 0.01640625
0 0.42578125 0.528125 0.11953125 0.01640625
0 0.13984375 0.5296875 0.14609375 0.02109375
0 0.3984375 0.5796875 0.5 0.01875
0 0.7734375 0.58125 0.18671875 0.01640625
0 0.10546875 0.58203125 0.03359375 0.02109375
0 0.16953125 0.60703125 0.04140625 0.01640625
0 0.27578125 0.60703125 0.12421875 0.0171875
0 0.4140625 0.60703125 0.10390625 0.01640625
0 0.65859375 0.60703125 0.33671875 0.01640625
0 0.15 0.63203125 0.0359375 0.01640625
0 0.28359375 0.6328125 0.05390625 0.01640625
0 0.46484375 0.6328125 0.08203125 0.01640625
0 0.86640625 0.63359375 0.08203125 0.01640625
0 0.3609375 0.63515625 0.0734375 0.02109375
0 0.6234375 0.63515625 0.09765625 0.02109375
0 0.13828125 0.684375 0.01328125 0.01640625
0 0.6140625 0.68515625 0.0796875 0.01640625
0 0.86640625 0.6859375 0.0796875 0.01640625
0 0.8578125 0.7125 0.10234375 0.01640625
0 0.14921875 0.71328125 0.16796875 0.02109375
0 0.284375 0.71328125 0.05546875 0.02109375
0 0.115625 0.76328125 0.1015625 0.01640625
0 0.88203125 0.76484375 0.053125 0.01640625
0 0.571875 0.790625 0.16328125 0.01640625
0 0.3703125 0.79140625 0.059375 0.01640625
0 0.86640625 0.79140625 0.08203125 0.01640625
0 0.44453125 0.79140625 0.0359375 0.01640625
0 0.61484375 0.81796875 0.08125 0.01640625
0 0.85859375 0.81796875 0.1 0.01640625
0 0.86796875 0.8453125 0.0796875 0.01640625
0 0.3578125 0.8453125 0.12421875 0.01640625
0 0.415625 0.871875 0.1015625 0.01640625
0 0.51953125 0.87265625 0.0609375 0.0171875
0 0.22265625 0.89765625 0.1 0.01640625
0 0.6859375 0.89765625 0.22265625 0.015625
0 0.33828125 0.89765625 0.08203125 0.015625
0 0.434375 0.89765625 0.059375 0.015625
0 0.5171875 0.89765625 0.059375 0.01640625