0 0.12890625 0.06875 0.0390625 0.0171875
0 0.17734375 0.06953125 0.05546875 0.01640625
0 0.29375 0.06796875 0.121875 0.01640625
0 0.53125 0.0671875 0.103125 0.0171875
0 0.65546875 0.06640625 0.0203125 0.0171875
0 0.73125 0.06640625 0.0796875 0.0171875
0 0.7828125 0.06640625 0.0125 0.0171875
0 0.8328125 0.065625 0.07890625 0.0171875
0 0.14609375 0.0828125 0.07265625 0.0140625
0 0.25 0.0828125 0.0703125 0.0140625
0 0.42578125 0.0828125 0.22109375 0.01328125
0 0.16796875 0.103125 0.1203125 0.015625
0 0.28515625 0.10234375 0.059375 0.01640625
0 0.39765625 0.1 0.075 0.0171875
0 0.4875 0.1 0.05546875 0.0171875
0 0.128125 0.12265625 0.03984375 0.015625
0 0.203125 0.12109375 0.05703125 0.01484375
0 0.1796875 0.1390625 0.1421875 0.01640625
0 0.42734375 0.134375 0.31015625 0.0140625
0 0.18203125 0.17734375 0.09921875 0.01796875
0 0.28046875 0.175 0.003125 0.01953125
0 0.4171875 0.171875 0.19765625 0.01484375
0 0.16953125 0.1984375 0.07890625 0.0171875
0 0.15859375 0.21796875 0.06015625 0.01875
0 0.2296875 0.21640625 0.0421875 0.01875
0 0.35390625 0.2125 0.0828125 0.0171875
0 0.7625 0.240625 0.0125 0.01640625
0 0.8140625 0.240625 0.0796875 0.01640625
0 0.740625 0.2578125 0.01328125 0.0140625
0 0.8046875 0.2578125 0.09921875 0.0140625
0 0.7421875 0.2765625 0.0140625 0.01640625
0 0.8078125 0.27578125 0.09921875 0.01484375
0 0.740625 0.2953125 0.0171875 0.01484375
0 0.80625 0.29375 0.1 0.0140625
0 0.20234375 0.25703125 0.18671875 0.021875
0 0.371875 0.25078125 0.1203125 0.0171875
0 0.48828125 0.246875 0.01875 0.0203125
0 0.52109375 0.24453125 0.0359375 0.0203125
0 0.17109375 0.27890625 0.12109375 0.01796875
0 0.30234375 0.27421875 0.1046875 0.01875
0 0.41328125 0.26953125 0.0828125 0.01953125
0 0.48828125 0.26640625 0.01875 0.021875
0 0.5203125 0.26484375 0.04296875 0.02109375
0 0.17421875 0.30078125 0.12265625 0.0140625
0 0.30234375 0.29453125 0.1046875 0.0140625
0 0.41640625 0.2890625 0.0828125 0.0140625
0 0.4859375 0.28515625 0.01796875 0.0171875
0 0.51796875 0.28359375 0.04375 0.0171875
0 0.171875 0.32109375 0.11953125 0.01328125
0 0.30390625 0.31484375 0.103125 0.0140625
0 0.41328125 0.309375 0.0828125 0.01484375
0 0.51796875 0.30390625 0.04375 0.01640625
0 0.26640625 0.33671875 0.30390625 0.02578125
0 0.52109375 0.325 0.0375 0.0171875
0 0.1640625 0.36171875 0.10390625 0.01953125
0 0.27265625 0.35625 0.08203125 0.01953125
0 0.3828125 0.3515625 0.10234375 0.01953125
0 0.48671875 0.34609375 0.0203125 0.0234375
0 0.51796875 0.34453125 0.04609375 0.02265625
0 0.1640625 0.3828125 0.10234375 0.01875
0 0.27265625 0.37734375 0.08203125 0.0203125
0 0.3640625 0.37265625 0.06171875 0.02109375
0 0.4875 0.3671875 0.02109375 0.02265625
0 0.51796875 0.365625 0.04375 0.02109375
0 0.1375 0.40390625 0.0375 0.015625
0 0.30625 0.396875 0.3015625 0.0296875
0 0.4859375 0.3875 0.01875 0.0171875
0 0.51796875 0.3859375 0.04296875 0.015625
0 0.1328125 0.425 0.03125 0.01640625
0 0.3078125 0.415625 0.3 0.02578125
0 0.48671875 0.40859375 0.0203125 0.0171875
0 0.51796875 0.4078125 0.04296875 0.01640625
0 0.17578125 0.44375 0.11953125 0.01328125
0 0.2640625 0.43984375 0.01328125 0.0171875
0 0.38515625 0.434375 0.096875 0.01484375
0 0.4859375 0.43046875 0.01796875 0.0171875
0 0.51640625 0.42890625 0.04296875 0.01640625
0 0.1875 0.4609375 0.13984375 0.015625
0 0.31328125 0.45703125 0.08203125 0.0171875
0 0.41484375 0.45390625 0.0796875 0.0171875
0 0.48671875 0.45078125 0.0203125 0.01953125
0 0.51640625 0.45 0.040625 0.01875
0 0.18515625 0.48046875 0.134375 0.01484375
0 0.31484375 0.4765625 0.07890625 0.01640625
0 0.41484375 0.47421875 0.0796875 0.01640625
0 0.48515625 0.471875 0.0171875 0.0171875
0 0.51640625 0.471875 0.03984375 0.01640625
0 0.740625 0.3171875 0.01875 0.0171875
0 0.80546875 0.31484375 0.103125 0.0140625
0 0.75859375 0.3359375 0.0171875 0.01640625
0 0.8125 0.3328125 0.08671875 0.0140625
0 0.740625 0.3578125 0.01875 0.01796875
0 0.8046875 0.35546875 0.1046875 0.01640625
0 0.75859375 0.37578125 0.0171875 0.015625
0 0.81328125 0.37421875 0.0859375 0.0140625
0 0.75859375 0.396875 0.01796875 0.01640625
0 0.8109375 0.39453125 0.0875 0.0140625
0 0.75859375 0.41953125 0.0203125 0.01875
0 0.81171875 0.41640625 0.08671875 0.01484375
0 0.75546875 0.4390625 0.0203125 0.01640625
0 0.81015625 0.43671875 0.08828125 0.0125
0 0.7546875 0.46015625 0.0203125 0.01875
0 0.809375 0.45859375 0.0859375 0.0171875
0 0.2171875 0.53359375 0.11328125 0.01328125
0 0.2171875 0.55234375 0.11328125 0.0125
0 0.74921875 0.52265625 0.0171875 0.0171875
0 0.80234375 0.52109375 0.08515625 0.015625
0 0.7296875 0.54453125 0.01640625 0.01640625
0 0.790625 0.54375 0.10078125 0.0140625
0 0.73046875 0.59921875 0.015625 0.0171875
0 0.79140625 0.59765625 0.0984375 0.01640625
0 0.20625 0.60625 0.09375 0.01796875
0 0.3234375 0.60625 0.0921875 0.01796875
0 0.2046875 0.6234375 0.1703125 0.01796875
0 0.36484375 0.6234375 0.0953125 0.0171875
0 0.4421875 0.62421875 0.00859375 0.0171875
0 0.4625 0.62421875 0.00703125 0.0171875
0 0.4890625 0.62421875 0.009375 0.0171875
0 0.2 0.64140625 0.17421875 0.0171875
0 0.334375 0.64140625 0.03515625 0.01640625
0 0.384375 0.64140625 0.003125 0.01640625
0 0.475 0.6421875 0.115625 0.0171875
0 0.1828125 0.67734375 0.05546875 0.01640625
0 0.28046875 0.6765625 0.0921875 0.01640625
0 0.4046875 0.6765625 0.05625 0.01640625
0 0.5015625 0.67578125 0.0921875 0.0171875
0 0.6265625 0.675 0.09453125 0.0171875
0 0.1640625 0.69609375 0.01328125 0.0125
0 0.1828125 0.69609375 0.01328125 0.0125
0 0.42265625 0.6953125 0.0125 0.015625
0 0.484375 0.69453125 0.096875 0.01484375
0 0.1625 0.7140625 0.0140625 0.0125
0 0.19453125 0.7140625 0.03203125 0.0125
0 0.4234375 0.71328125 0.015625 0.01484375
0 0.484375 0.7125 0.09375 0.0140625
0 0.8125 0.6703125 0.06015625 0.01171875
0 0.74921875 0.68984375 0.0171875 0.0140625
0 0.8015625 0.6890625 0.0796875 0.01328125
0 0.75 0.709375 0.01328125 0.01640625
0 0.80234375 0.709375 0.07890625 0.01640625
0 0.1609375 0.75078125 0.09375 0.0171875
0 0.2515625 0.75 0.0375 0.0171875
0 0.2828125 0.75 0.003125 0.0171875
0 0.51640625 0.74921875 0.39921875 0.01484375
0 0.1703125 0.76796875 0.11640625 0.01640625
0 0.27109375 0.76796875 0.03359375 0.0171875
0 0.3015625 0.7671875 0.003125 0.01640625
0 0.49453125 0.7671875 0.3171875 0.01640625
0 0.340625 0.82265625 0.1765625 0.0171875
0 0.44453125 0.82265625 0.0140625 0.0171875
0 0.490625 0.82265625 0.06953125 0.0171875
0 0.61640625 0.82265625 0.1171875 0.0171875
0 0.728125 0.82265625 0.05625 0.0171875
0 0.290625 0.83984375 0.115625 0.0171875
0 0.4015625 0.83984375 0.05546875 0.0171875
0 0.515625 0.83984375 0.07421875 0.0171875
0 0.60703125 0.83984375 0.05625 0.0171875
0 0.64765625 0.83984375 0 0.0171875
0 0.69921875 0.83984375 0.03515625 0.0171875
0 0.73203125 0.83984375 0.00703125 0.0171875
0 0.77109375 0.83984375 0.0515625 0.0171875
0 0.50234375 0.85859375 0.09921875 0.0140625
0 0.453125 0.878125 0.1171875 0.01796875
0 0.5546875 0.878125 0.0359375 0.01796875
0 0.16796875 0.91484375 0.1140625 0.0140625
0 0.26953125 0.91484375 0.034375 0.0140625
0 0.67890625 0.91484375 0.19921875 0.01875
0 0.1890625 0.934375 0.1546875 0.01484375
0 0.3109375 0.934375 0.03515625 0.01484375
0 0.340625 0.934375 0.003125 0.01484375
0 0.69765625 0.93359375 0.16015625 0.01484375
0 0.340625 0.95390625 0.1359375 0.01640625
0 0.5015625 0.95390625 0.1359375 0.01640625
0 0.60625 0.95390625 0.0171875 0.01640625
0 0.68984375 0.95390625 0.1 0.01640625
0 0.20703125 0.971875 0.190625 0.01640625
0 0.515625 0.97109375 0.15546875 0.01640625
0 0.78046875 0.971875 0.0796875 0.0140625
0 0.8640625 0.97109375 0.0390625 0.0140625
0 0.59609375 0.990625 0.078125 0.015625
0 0.4078125 0.06875 0.06640625 0.0140625
0 0.59453125 0.084375 0.0703125 0.01328125
0 0.61640625 0.06875 0.02734375 0.01328125
0 0.28359375 0.19609375 0.01015625 0.01328125
0 0.28359375 0.21640625 0.0140625 0.01171875
0 0.36640625 0.1921875 0.10234375 0.01484375
0 0.4875 0.3265625 0.02578125 0.0125
0 0.48828125 0.3078125 0.02421875 0.01015625
0 0.3046875 0.4390625 0.03125 0.01484375
0 0.340625 0.915625 0.0125 0.009375