0 0.7265625 0.0671875 0.06875 0.015625
0 0.64375 0.06796875 0.0703125 0.0140625
0 0.51953125 0.06796875 0.15234375 0.015625
0 0.1703125 0.06875 0.0703125 0.01484375
0 0.32578125 0.06875 0.21328125 0.01484375
0 0.4515625 0.09296875 0.140625 0.0140625
0 0.61875 0.11796875 0.090625 0.01640625
0 0.50390625 0.11875 0.11484375 0.0125
0 0.39453125 0.11875 0.0859375 0.01328125
0 0.25546875 0.11875 0.03984375 0.01328125
0 0.3140625 0.11953125 0.05625 0.0140625
0 0.5921875 0.13828125 0.175 0.0140625
0 0.28046875 0.13828125 0.12109375 0.0140625
0 0.44609375 0.13828125 0.09609375 0.0140625
0 0.3703125 0.13828125 0.03671875 0.01484375
0 0.6171875 0.15703125 0.16171875 0.0140625
0 0.396875 0.15703125 0.07734375 0.0140625
0 0.23359375 0.15703125 0.0625 0.0140625
0 0.31171875 0.15703125 0.078125 0.0140625
0 0.48515625 0.1578125 0.08359375 0.01484375
0 0.7125 0.18203125 0.16796875 0.0125
0 0.44921875 0.18203125 0.12421875 0.01328125
0 0.58671875 0.18203125 0.06484375 0.01328125
0 0.15625 0.1828125 0.05 0.01328125
0 0.2921875 0.1828125 0.1734375 0.01484375
0 0.19375 0.18359375 0.003125 0.01015625
0 0.54140625 0.20859375 0.18984375 0.0140625
0 0.403125 0.209375 0.040625 0.0125
0 0.3453125 0.21015625 0.05546875 0.01328125
0 0.51171875 0.2390625 0.1234375 0.0140625
0 0.409375 0.2390625 0.05703125 0.0140625
0 0.1265625 0.26640625 0.034375 0.01484375
0 0.1671875 0.2671875 0.03359375 0.01484375
0 0.3390625 0.30546875 0.16484375 0.01640625
0 0.1734375 0.3078125 0.1234375 0.01796875
0 0.6078125 0.309375 0.065625 0.0140625
0 0.7234375 0.309375 0.14375 0.0140625
0 0.190625 0.32890625 0.16171875 0.01640625
0 0.70625 0.33671875 0.10546875 0.01328125
0 0.60703125 0.33828125 0.0640625 0.01328125
0 0.27109375 0.346875 0.075 0.01328125
0 0.16171875 0.346875 0.10234375 0.0125
0 0.7546875 0.38203125 0.07734375 0.01875
0 0.615625 0.38359375 0.078125 0.01953125
0 0.61640625 0.4 0.05546875 0.01328125
0 0.73984375 0.4 0.11171875 0.0140625
0 0.13984375 0.40078125 0.05390625 0.0125
0 0.48203125 0.40078125 0.06015625 0.015625
0 0.3703125 0.40390625 0.04375 0.01796875
0 0.75234375 0.42109375 0.084375 0.01328125
0 0.61484375 0.42109375 0.06875 0.01328125
0 0.1625 0.421875 0.08984375 0.0140625
0 0.48359375 0.421875 0.06875 0.01328125
0 0.37109375 0.421875 0.01328125 0.01171875
0 0.21328125 0.4421875 0.0984375 0.01328125
0 0.31484375 0.4421875 0.0890625 0.015625
0 0.6546875 0.4421875 0.1328125 0.01328125
0 0.1328125 0.4421875 0.04375 0.01328125
0 0.5265625 0.4421875 0.10546875 0.01328125
0 0.4203125 0.44296875 0.090625 0.01484375
0 0.75625 0.46171875 0.08671875 0.0140625
0 0.278125 0.46171875 0.05703125 0.0140625
0 0.37265625 0.4625 0.01484375 0.01171875
0 0.21328125 0.4625 0.05546875 0.0125
0 0.76015625 0.49921875 0.0859375 0.01328125
0 0.446875 0.49921875 0.05625 0.0140625
0 0.5765625 0.49921875 0.059375 0.01328125
0 0.51796875 0.5 0.04375 0.01484375
0 0.3484375 0.5 0.1234375 0.015625
0 0.77578125 0.525 0.053125 0.01328125
0 0.55390625 0.52578125 0.10625 0.01171875
0 0.76953125 0.5515625 0.06796875 0.01328125
0 0.51328125 0.5515625 0.05859375 0.01328125
0 0.5796875 0.5515625 0.05390625 0.01328125
0 0.76640625 0.58046875 0.0625 0.015625
0 0.52734375 0.58203125 0.1546875 0.01953125
0 0.5640625 0.60703125 0.0828125 0.0140625
0 0.75078125 0.60703125 0.10625 0.0140625
0 0.56015625 0.6328125 0.09296875 0.0140625
0 0.75078125 0.6328125 0.10546875 0.01484375
0 0.76953125 0.6578125 0.0671875 0.01484375
0 0.54453125 0.659375 0.1234375 0.01953125
0 0.1578125 0.71640625 0.078125 0.01640625
0 0.3078125 0.71640625 0.19453125 0.01640625
0 0.3859375 0.75078125 0.01953125 0.0140625
0 0.23828125 0.75078125 0.0765625 0.01328125
0 0.1625 0.75078125 0.05390625 0.01328125
0 0.7765625 0.7515625 0.06015625 0.01484375
0 0.5578125 0.7515625 0.1140625 0.015625
0 0.39140625 0.7703125 0.01484375 0.0140625
0 0.5640625 0.77109375 0.090625 0.0140625
0 0.76953125 0.77109375 0.0734375 0.0140625
0 0.1625 0.771875 0.04296875 0.01328125
0 0.7734375 0.79609375 0.08125 0.01875
0 0.35 0.7984375 0.071875 0.0140625
0 0.565625 0.7984375 0.0890625 0.0140625
0 0.3609375 0.8328125 0.0765625 0.0140625
0 0.25859375 0.83359375 0.109375 0.01328125
0 0.434375 0.83359375 0.05390625 0.01328125
0 0.49765625 0.83359375 0.05390625 0.01328125
0 0.63125 0.834375 0.1890625 0.01484375
0 0.434375 0.85390625 0.08984375 0.01484375
0 0.51796875 0.8546875 0.0625 0.01328125