0 0.49765625 0.125 0.4453125 0.06953125
0 0.16875 0.17578125 0.09765625 0.01875
0 0.271875 0.17734375 0.0578125 0.0171875
0 0.3828125 0.17890625 0.11640625 0.01875
0 0.1484375 0.19296875 0.0578125 0.02109375
0 0.31328125 0.1953125 0.21953125 0.0234375
0 0.46640625 0.19765625 0.03125 0.0203125
0 0.58828125 0.19921875 0.15 0.021875
0 0.16015625 0.2109375 0.07734375 0.02109375
0 0.30234375 0.21328125 0.15546875 0.021875
0 0.4375 0.215625 0.0546875 0.0203125
0 0.5390625 0.2171875 0.096875 0.021875
0 0.66171875 0.21875 0.096875 0.021875
0 0.7625 0.21953125 0.0546875 0.0203125
0 0.8515625 0.22109375 0.0296875 0.0203125
0 0.18046875 0.2296875 0.07734375 0.01640625
0 0.26328125 0.23125 0.03515625 0.01640625
0 0.3125 0.23125 0.00625 0.01484375
0 0.43671875 0.2328125 0.09765625 0.01484375
0 0.1921875 0.24765625 0.13828125 0.01796875
0 0.365625 0.25 0.159375 0.01875
0 0.61015625 0.253125 0.278125 0.0203125
0 0.1953125 0.30078125 0.0953125 0.0171875
0 0.42578125 0.3046875 0.190625 0.0171875
0 0.18359375 0.3171875 0.071875 0.01796875
0 0.3625 0.31953125 0.12890625 0.01796875
0 0.2546875 0.3703125 0.253125 0.0203125
0 0.1578125 0.38671875 0.05234375 0.01640625
0 0.2515625 0.3875 0.07734375 0.01796875
0 0.31640625 0.38828125 0.009375 0.01640625
0 0.4 0.3890625 0.10078125 0.01796875
0 0.20625 0.40390625 0.15390625 0.01640625
0 0.740625 0.4078125 0.01171875 0.01484375
0 0.8 0.40703125 0.096875 0.0140625
0 0.228125 0.45546875 0.109375 0.015625
0 0.225 0.47109375 0.1109375 0.01640625
0 0.7359375 0.4734375 0.01171875 0.01484375
0 0.7984375 0.4734375 0.09765625 0.01484375
0 0.7390625 0.52578125 0.0078125 0.01484375
0 0.79921875 0.5265625 0.0953125 0.015625
0 0.20859375 0.52109375 0.09140625 0.01796875
0 0.33125 0.52265625 0.09296875 0.0171875
0 0.171875 0.53828125 0.09296875 0.01875
0 0.33125 0.540625 0.1734375 0.01953125
0 0.49375 0.54140625 0.0140625 0.0171875
0 0.2125 0.55625 0.17890625 0.01875
0 0.34375 0.55703125 0.0375 0.0171875
0 0.39453125 0.5578125 0.00234375 0.0171875
0 0.465625 0.5578125 0.11640625 0.01875
0 0.19140625 0.58984375 0.05390625 0.01953125
0 0.29140625 0.590625 0.09296875 0.01875
0 0.41484375 0.59140625 0.0546875 0.01953125
0 0.515625 0.5921875 0.09140625 0.01953125
0 0.640625 0.59296875 0.09140625 0.01953125
0 0.1921875 0.6078125 0.0171875 0.0140625
0 0.43515625 0.609375 0.01171875 0.01640625
0 0.496875 0.61015625 0.0953125 0.01796875
0 0.821875 0.59453125 0.05625 0.01484375
0 0.1921875 0.64140625 0.13671875 0.01875
0 0.3046875 0.6421875 0.03515625 0.01640625
0 0.4359375 0.64296875 0.096875 0.01796875
0 0.1921875 0.659375 0.1359375 0.01796875
0 0.32578125 0.66015625 0.071875 0.01640625
0 0.6296875 0.6625 0.15546875 0.01796875
0 0.14140625 0.69296875 0.0328125 0.01640625
0 0.32421875 0.69609375 0.11875 0.01875
0 0.446875 0.696875 0.07734375 0.01875
0 0.55 0.69765625 0.071875 0.01875
0 0.73359375 0.6984375 0.23203125 0.01953125
0 0.3140625 0.71328125 0.134375 0.0203125
0 0.45390625 0.7140625 0.08984375 0.01953125
0 0.58515625 0.715625 0.1109375 0.0203125
0 0.71328125 0.71640625 0.06953125 0.01953125
0 0.83828125 0.7171875 0.1171875 0.0203125
0 0.1921875 0.7296875 0.13203125 0.01875
0 0.315625 0.73125 0.05078125 0.01796875
0 0.415625 0.73125 0.0953125 0.01875
0 0.52578125 0.73203125 0.06953125 0.01875
0 0.609375 0.7328125 0.03359375 0.01796875
0 0.73203125 0.73359375 0.15703125 0.01875
0 0.8640625 0.73515625 0.046875 0.01875
0 0.1578125 0.746875 0.0734375 0.015625
0 0.3515625 0.74765625 0.253125 0.01640625
0 0.4953125 0.7484375 0.00625 0.01484375
0 0.1484375 0.7625 0.04921875 0.0171875
0 0.19921875 0.76328125 0.0375 0.01640625
0 0.3109375 0.7640625 0.1328125 0.01796875
0 0.50625 0.765625 0.1984375 0.01875
0 0.66015625 0.7671875 0.05390625 0.0171875
0 0.125 0.77890625 0.00625 0.01484375
0 0.18046875 0.7796875 0.07578125 0.01484375
0 0.23515625 0.7796875 0.0078125 0.01484375
0 0.2921875 0.78046875 0.0546875 0.015625
0 0.36328125 0.78125 0.03515625 0.01484375
0 0.4265625 0.78125 0.0328125 0.01484375
0 0.17890625 0.81484375 0.1171875 0.01640625
0 0.3328125 0.815625 0.00234375 0.01484375
0 0.5265625 0.8171875 0.31953125 0.01640625
0 0.17734375 0.83203125 0.1171875 0.01640625
0 0.35078125 0.83359375 0.05625 0.0171875
0 0.43125 0.834375 0.05390625 0.01640625
0 0.50625 0.83515625 0.0328125 0.0171875
0 0.875 0.83828125 0.03359375 0.01640625
0 0.19609375 0.85 0.15390625 0.01875
0 0.3828125 0.85234375 0.04140625 0.01796875
0 0.60703125 0.85390625 0.15390625 0.01796875
0 0.7 0.85390625 0.01328125 0.01640625
0 0.73984375 0.8546875 0.046875 0.01796875
0 0.14296875 0.86640625 0.05625 0.01640625
0 0.25625 0.8671875 0.1109375 0.01640625
0 0.359375 0.86875 0.03671875 0.01640625
0 0.46796875 0.86875 0.11328125 0.01640625
0 0.28671875 0.8859375 0.34609375 0.01796875
0 0.253125 0.903125 0.284375 0.015625
0 0.15859375 0.9203125 0.0953125 0.01953125
0 0.303125 0.921875 0.1359375 0.0203125
0 0.40859375 0.921875 0 0.01875
0 0.48203125 0.92265625 0.078125 0.01953125
0 0.63671875 0.9234375 0.01328125 0.01875
0 0.7 0.92421875 0.0546875 0.01953125