0 0.7359375 0.12578125 0.08125 0.01875
0 0.84375 0.12578125 0.09375 0.01875
0 0.52109375 0.1265625 0.3109375 0.01953125
0 0.2265625 0.1265625 0.23828125 0.01875
0 0.49765625 0.15546875 0.16171875 0.01796875
0 0.29140625 0.178125 0.05 0.01640625
0 0.4640625 0.178125 0.109375 0.01640625
0 0.56015625 0.178125 0.05703125 0.01640625
0 0.665625 0.178125 0.1265625 0.01640625
0 0.36328125 0.17890625 0.06640625 0.01796875
0 0.49765625 0.2046875 0.16875 0.01640625
0 0.621875 0.2296875 0.15703125 0.01484375
0 0.47265625 0.2296875 0.115625 0.01484375
0 0.346875 0.23046875 0.10703125 0.01640625
0 0.3734375 0.253125 0.06328125 0.01640625
0 0.54609375 0.253125 0.21484375 0.01640625
0 0.33671875 0.28671875 0.0703125 0.01484375
0 0.40390625 0.28671875 0.03125 0.01484375
0 0.5734375 0.28671875 0.24140625 0.01484375
0 0.36640625 0.31328125 0.21953125 0.01640625
0 0.5265625 0.31328125 0.07578125 0.01640625
0 0.6578125 0.31328125 0.16015625 0.01640625
0 0.1078125 0.35234375 0.1046875 0.01484375
0 0.80859375 0.37890625 0.1859375 0.01796875
0 0.42109375 0.3796875 0.21796875 0.01640625
0 0.646875 0.38125 0.08671875 0.01796875
0 0.153125 0.38203125 0.05234375 0.01796875
0 0.0875 0.38203125 0.06328125 0.01953125
0 0.64453125 0.40625 0.08203125 0.015625
0 0.7859375 0.40625 0.1390625 0.015625
0 0.3703125 0.4078125 0.0953125 0.01484375
0 0.11796875 0.409375 0.12421875 0.02421875
0 0.64375 0.43359375 0.08125 0.01484375
0 0.153125 0.43671875 0.196875 0.01796875
0 0.56640625 0.48203125 0.12109375 0.01640625
0 0.7484375 0.48203125 0.134375 0.01484375
0 0.08828125 0.48203125 0.0671875 0.01484375
0 0.890625 0.48203125 0.0640625 0.0171875
0 0.40390625 0.48359375 0.06171875 0.01953125
0 0.78046875 0.50625 0.06953125 0.01484375
0 0.890625 0.50625 0.04453125 0.01484375
0 0.565625 0.50703125 0.06640625 0.01484375
0 0.09609375 0.5078125 0.078125 0.01484375
0 0.39921875 0.5078125 0.009375 0.01328125
0 0.23046875 0.5328125 0.0734375 0.01484375
0 0.11484375 0.5328125 0.12109375 0.01484375
0 0.42265625 0.53359375 0.09375 0.01796875
0 0.321875 0.534375 0.08125 0.01796875
0 0.396875 0.5578125 0.00859375 0.01484375
0 0.78046875 0.5578125 0.06875 0.01640625
0 0.18671875 0.55859375 0.078125 0.01484375
0 0.26640625 0.56015625 0.06015625 0.01953125
0 0.190625 0.596875 0.07265625 0.01484375
0 0.28671875 0.596875 0.07734375 0.01484375
0 0.778125 0.596875 0.06953125 0.01484375
0 0.41953125 0.5984375 0.15625 0.02109375
0 0.553125 0.5984375 0.08125 0.0171875
0 0.52421875 0.625 0.13671875 0.01484375
0 0.778125 0.62578125 0.06953125 0.01484375
0 0.47265625 0.6546875 0.075 0.01484375
0 0.5578125 0.6546875 0.071875 0.01484375
0 0.778125 0.6546875 0.06953125 0.01484375
0 0.77890625 0.68359375 0.06875 0.01640625
0 0.51953125 0.68515625 0.14765625 0.01953125
0 0.12421875 0.71640625 0.08359375 0.01484375
0 0.22421875 0.7171875 0.084375 0.01484375
0 0.48203125 0.7171875 0.034375 0.01484375
0 0.77890625 0.7171875 0.06875 0.01484375
0 0.36953125 0.71796875 0.1703125 0.01796875
0 0.553125 0.71875 0.0859375 0.01796875
0 0.54375 0.74765625 0.09921875 0.01484375
0 0.77890625 0.74765625 0.06875 0.01484375
0 0.77890625 0.775 0.06875 0.01484375
0 0.52890625 0.7765625 0.1359375 0.01875
0 0.15703125 0.8234375 0.09609375 0.01953125
0 0.3109375 0.82421875 0.19921875 0.01796875
0 0.80390625 0.86171875 0.14765625 0.01796875
0 0.57734375 0.86171875 0.159375 0.01796875
0 0.39453125 0.86171875 0.02578125 0.0171875
0 0.159375 0.86328125 0.06171875 0.025
0 0.25 0.86328125 0.08359375 0.025
0 0.39609375 0.88125 0.01953125 0.01640625
0 0.15546875 0.88203125 0.05 0.01640625
0 0.61953125 0.88203125 0.07265625 0.01640625
0 0.83984375 0.88203125 0.07578125 0.01640625
0 0.36875 0.91484375 0.0890625 0.01640625
0 0.61953125 0.91484375 0.075 0.01640625
0 0.84140625 0.91640625 0.07734375 0.01640625
0 0.84453125 0.96640625 0.0671875 0.01328125
0 0.58359375 0.965625 0.20546875 0.01484375
0 0.74921875 0.96640625 0.09921875 0.01328125
0 0.2796875 0.96640625 0.08203125 0.01328125
0 0.36328125 0.96640625 0.06015625 0.0125
0 0.4375 0.96640625 0.06171875 0.01328125
0 0.16875 0.96640625 0.11640625 0.0125