0 0.19296875 0.1078125 0.08984375 0.0125
0 0.31796875 0.1078125 0.109375 0.0125
0 0.4984375 0.1078125 0.1296875 0.0125
0 0.640625 0.1078125 0.11171875 0.0125
0 0.1484375 0.1234375 0.07265625 0.01171875
0 0.26171875 0.1234375 0.10703125 0.01171875
0 0.3734375 0.12421875 0.06875 0.0125
0 0.46953125 0.12421875 0.06796875 0.0125
0 0.63359375 0.12421875 0.1984375 0.01484375
0 0.21171875 0.13984375 0.0484375 0.0125
0 0.3125 0.140625 0.08828125 0.0125
0 0.434375 0.140625 0.11015625 0.0125
0 0.565625 0.14140625 0.103125 0.01328125
0 0.25234375 0.15625 0.05546875 0.0125
0 0.396875 0.15703125 0.184375 0.01171875
0 0.5546875 0.1578125 0.08359375 0.0140625
0 0.25234375 0.17265625 0.09453125 0.0125
0 0.37734375 0.17265625 0.11015625 0.0125
0 0.53515625 0.1734375 0.16328125 0.0125
0 0.18828125 0.18828125 0.06953125 0.01484375
0 0.35859375 0.1890625 0.03359375 0.01171875
0 0.278125 0.18984375 0.06875 0.01328125
0 0.5546875 0.18984375 0.240625 0.01328125
0 0.2421875 0.22109375 0.10625 0.0125
0 0.4703125 0.221875 0.25625 0.0125
0 0.12734375 0.25859375 0.18359375 0.02421875
0 0.2796875 0.259375 0.03203125 0.0234375
0 0.0984375 0.27890625 0.12578125 0.0125
0 0.2453125 0.2796875 0.10859375 0.0125
0 0.08828125 0.29453125 0.10703125 0.01328125
0 0.33671875 0.2953125 0.11171875 0.0125
0 0.7078125 0.29609375 0.01640625 0.0125
0 0.61015625 0.29609375 0.12578125 0.01484375
0 0.2140625 0.29609375 0.09140625 0.01484375
0 0.07109375 0.31171875 0.07421875 0.0125
0 0.30078125 0.31171875 0.1859375 0.0125
0 0.49296875 0.3125 0.14296875 0.0125
0 0.10234375 0.32734375 0.1296875 0.0125
0 0.25390625 0.32890625 0.0921875 0.0125
0 0.66875 0.36015625 0.08359375 0.01328125
0 0.13984375 0.3609375 0.21015625 0.0140625
0 0.51640625 0.3609375 0.13203125 0.01484375
0 0.76484375 0.36171875 0.05234375 0.01328125
0 0.3453125 0.36171875 0.05390625 0.015625
0 0.23515625 0.3921875 0.0515625 0.01328125
0 0.13828125 0.3921875 0.09453125 0.0125
0 0.053125 0.3921875 0.02890625 0.01171875
0 0.51171875 0.40859375 0.06875 0.0125
0 0.309375 0.40859375 0.0171875 0.0125
0 0.67890625 0.409375 0.07265625 0.0125
0 0.775 0.409375 0.03359375 0.0125
0 0.3453125 0.41015625 0.01953125 0.01796875
0 0.05390625 0.42421875 0.03515625 0.0125
0 0.2609375 0.42421875 0.10546875 0.0125
0 0.13671875 0.42578125 0.08671875 0.01328125
0 0.509375 0.440625 0.07265625 0.0125
0 0.31015625 0.44140625 0.00625 0.01171875
0 0.775 0.44140625 0.03359375 0.01171875
0 0.67890625 0.44140625 0.07265625 0.01171875
0 0.346875 0.44296875 0.0140625 0.00859375
0 0.05390625 0.45703125 0.03515625 0.01171875
0 0.2609375 0.45703125 0.14375 0.0125
0 0.38671875 0.4578125 0.05234375 0.01171875
0 0.12734375 0.4578125 0.06953125 0.01171875
0 0.77421875 0.47421875 0.03515625 0.01171875
0 0.50234375 0.47421875 0.08828125 0.01171875
0 0.67265625 0.47421875 0.08828125 0.01171875
0 0.3125 0.47421875 0.00234375 0.0109375
0 0.346875 0.475 0.01640625 0.01015625
0 0.13828125 0.4890625 0.0921875 0.0125
0 0.0546875 0.4890625 0.03671875 0.01171875
0 0.25546875 0.490625 0.10078125 0.0125
0 0.3109375 0.50546875 0.02109375 0.01171875
0 0.503125 0.50546875 0.0859375 0.01171875
0 0.671875 0.50546875 0.08984375 0.01171875
0 0.775 0.50546875 0.03359375 0.01171875
0 0.3484375 0.50625 0.01796875 0.01015625
0 0.0703125 0.521875 0.06953125 0.0125
0 0.17578125 0.521875 0.0859375 0.0125
0 0.30078125 0.521875 0.11484375 0.01328125
0 0.3109375 0.53671875 0.01484375 0.01171875
0 0.51171875 0.5375 0.06875 0.0125
0 0.775 0.5375 0.03515625 0.01171875
0 0.67890625 0.5375 0.07265625 0.01171875
0 0.346875 0.53828125 0.01640625 0.00859375
0 0.17578125 0.553125 0.0859375 0.0125
0 0.27109375 0.553125 0.0546875 0.0140625
0 0.07265625 0.553125 0.07421875 0.0125
0 0.309375 0.5703125 0.0171875 0.01171875
0 0.67890625 0.5703125 0.07265625 0.01171875
0 0.775 0.5703125 0.03359375 0.0125
0 0.50390625 0.57109375 0.08828125 0.0125
0 0.346875 0.571875 0.01640625 0.00859375
0 0.08203125 0.6015625 0.0890625 0.01328125
0 0.2921875 0.603125 0.27578125 0.0171875
0 0.74765625 0.60390625 0.0890625 0.0125
0 0.33828125 0.61796875 0.103125 0.01484375
0 0.08125 0.61796875 0.08671875 0.01171875
0 0.20625 0.61875 0.11171875 0.01484375
0 0.75625 0.61875 0.07265625 0.01171875
0 0.375 0.634375 0.03515625 0.01328125
0 0.08125 0.634375 0.08671875 0.01328125
0 0.24609375 0.634375 0.18359375 0.0140625
0 0.4609375 0.634375 0.08671875 0.0140625
0 0.74765625 0.63515625 0.09140625 0.01171875
0 0.11015625 0.65078125 0.15 0.01484375
0 0.24296875 0.6515625 0.06796875 0.01328125
0 0.75625 0.6515625 0.07265625 0.0125
0 0.13125 0.68984375 0.1859375 0.021875
0 0.6953125 0.68984375 0.18671875 0.02421875
0 0.10234375 0.72421875 0.1234375 0.0125
0 0.28671875 0.72421875 0.17578125 0.01484375
0 0.48984375 0.725 0.1875 0.0125
0 0.71953125 0.72578125 0.146875 0.01171875
0 0.23515625 0.740625 0.09296875 0.0125
0 0.0984375 0.74140625 0.11484375 0.01171875
0 0.07421875 0.78828125 0.071875 0.0125
0 0.74765625 0.7890625 0.09140625 0.01171875
0 0.06640625 0.8515625 0.05390625 0.0125
0 0.509375 0.85234375 0.18203125 0.0140625
0 0.1796875 0.853125 0.1296875 0.01328125
0 0.725 0.853125 0.1265625 0.0140625
0 0.0578125 0.86640625 0.034375 0.0125
0 0.3109375 0.86796875 0.0515625 0.01484375
0 0.2484375 0.86796875 0.03125 0.0140625
0 0.5578125 0.86875 0.08984375 0.01171875
0 0.75546875 0.86953125 0.07265625 0.01171875
0 0.35 0.9484375 0.0890625 0.0125
0 0.4703125 0.94921875 0.10390625 0.01484375
0 0.28359375 0.9640625 0.11171875 0.01328125
0 0.396875 0.96484375 0.07265625 0.0125
0 0.5265625 0.965625 0.14453125 0.01328125
0 0.2171875 0.98046875 0.1296875 0.01328125
0 0.51953125 0.98125 0.31875 0.0125
0 0.32109375 0.98203125 0.03359375 0.0140625