0 0.3046875 0.21171875 0.05625 0.01875
0 0.425 0.2125 0.12265625 0.01953125
0 0.6375 0.2125 0.06015625 0.01875
0 0.54921875 0.2125 0.06015625 0.01796875
0 0.5296875 0.2375 0.18125 0.01875
0 0.33046875 0.23828125 0.14453125 0.02109375
0 0.66015625 0.23984375 0.00859375 0.01875
0 0.25390625 0.2625 0.121875 0.01875
0 0.13203125 0.26328125 0.05625 0.01796875
0 0.61484375 0.26328125 0.10546875 0.01875
0 0.35078125 0.26328125 0.0171875 0.01875
0 0.72578125 0.2640625 0.06015625 0.01875
0 0.46171875 0.26484375 0.1390625 0.02109375
0 0.8 0.26484375 0.03515625 0.0203125
0 0.19765625 0.28828125 0.14765625 0.01875
0 0.4390625 0.28828125 0.28203125 0.01953125
0 0.70078125 0.29140625 0.18828125 0.0203125
0 0.31640625 0.31328125 0.08046875 0.0203125
0 0.19765625 0.3140625 0.10234375 0.01796875
0 0.71484375 0.31484375 0.17109375 0.01875
0 0.4921875 0.315625 0.20703125 0.0203125
0 0.31953125 0.3390625 0.034375 0.01875
0 0.384375 0.3390625 0.0359375 0.01875
0 0.228125 0.3390625 0.0734375 0.01875
0 0.58359375 0.33984375 0.29375 0.02109375
0 0.30859375 0.365625 0.1453125 0.01953125
0 0.48359375 0.365625 0.14765625 0.01953125
0 0.634375 0.36640625 0.10234375 0.0203125
0 0.3734375 0.38984375 0.05625 0.01875
0 0.51875 0.38984375 0.165625 0.0203125
0 0.10703125 0.440625 0.1453125 0.01875
0 0.54921875 0.44140625 0.06015625 0.01875
0 0.484375 0.44140625 0.0140625 0.01796875
0 0.2828125 0.44140625 0.153125 0.0203125
0 0.41953125 0.4421875 0.0640625 0.0171875
0 0.890625 0.4421875 0.03984375 0.01875
0 0.075 0.46484375 0.08203125 0.01875
0 0.25390625 0.4671875 0.11953125 0.02109375
0 0.10625 0.49140625 0.1484375 0.01875
0 0.67109375 0.4921875 0.08203125 0.01875
0 0.56953125 0.4921875 0.01953125 0.02421875
0 0.825 0.49296875 0.08203125 0.01875
0 0.53203125 0.49296875 0.0109375 0.01953125
0 0.2625 0.54296875 0.00859375 0.01796875
0 0.10859375 0.54296875 0.14453125 0.02109375
0 0.75703125 0.54296875 0.12265625 0.021875
0 0.9015625 0.54375 0.00859375 0.01875
0 0.2203125 0.54453125 0.00625 0.01171875
0 0.859375 0.5453125 0.00546875 0.0140625
0 0.08359375 0.590625 0.09921875 0.01953125
0 0.2171875 0.590625 0.09921875 0.02109375
0 0.36171875 0.59140625 0.125 0.0203125
0 0.7796875 0.59296875 0.040625 0.01875
0 0.86875 0.59296875 0.08359375 0.01875
0 0.075 0.61640625 0.08203125 0.01875
0 0.8703125 0.61796875 0.08203125 0.01875
0 0.7796875 0.61796875 0.040625 0.01875
0 0.096875 0.64140625 0.12578125 0.01953125
0 0.7796875 0.64375 0.040625 0.01953125
0 0.86875 0.64375 0.08359375 0.01875
0 0.0640625 0.6921875 0.06015625 0.01953125
0 0.50390625 0.69296875 0.1453125 0.02109375
0 0.19765625 0.69453125 0.14765625 0.021875
0 0.725 0.6953125 0.14453125 0.02109375
0 0.0640625 0.7171875 0.06015625 0.01953125
0 0.16328125 0.7171875 0.08203125 0.01953125
0 0.53828125 0.71875 0.08203125 0.01875
0 0.759375 0.71875 0.08203125 0.01875
0 0.11796875 0.7921875 0.16796875 0.0203125
0 0.28515625 0.79375 0.09375 0.01875
0 0.4046875 0.79375 0.0765625 0.01875
0 0.51796875 0.79375 0.08203125 0.01875
0 0.80234375 0.79375 0.2140625 0.02109375
0 0.64921875 0.79453125 0.0375 0.01875
0 0.11796875 0.81796875 0.171875 0.01953125
0 0.3078125 0.81796875 0.14765625 0.01953125
0 0.48359375 0.81875 0.1484375 0.0203125
0 0.25078125 0.86875 0.17109375 0.01953125
0 0.3953125 0.86875 0.06015625 0.01875
0 0.52734375 0.8703125 0.15078125 0.01875
0 0.69140625 0.8703125 0.128125 0.01875
0 0.33984375 0.89375 0.08359375 0.0203125
0 0.45 0.89375 0.08203125 0.0203125
0 0.2625 0.89453125 0.0171875 0.01875
0 0.60078125 0.8953125 0.165625 0.01953125
0 0.4296875 0.91953125 0.0375 0.01953125
0 0.29609375 0.91953125 0.16796875 0.01953125
0 0.6484375 0.91953125 0.13046875 0.02109375
0 0.51640625 0.91953125 0.08359375 0.01953125