0 0.27421875 0.0875 0.10390625 0.02734375
0 0.35390625 0.08984375 0.021875 0.015625
0 0.4046875 0.08671875 0.071875 0.028125
0 0.65546875 0.084375 0.35 0.025
0 0.19609375 0.11640625 0.2015625 0.028125
0 0.35078125 0.11484375 0.06328125 0.0296875
0 0.39296875 0.12109375 0.015625 0.0171875
0 0.678125 0.1125 0.05078125 0.021875
0 0.72109375 0.115625 0.021875 0.02109375
0 0.76015625 0.1109375 0.05078125 0.021875
0 0.8 0.11015625 0.0203125 0.0296875
0 0.83828125 0.11171875 0.0546875 0.0171875
0 0.8734375 0.11015625 0.01953125 0.0296875
0 0.90078125 0.11015625 0.0203125 0.0296875
0 0.43046875 0.14453125 0.16328125 0.0203125
0 0.6109375 0.1421875 0.12734375 0.0203125
0 0.3015625 0.17421875 0.0640625 0.0203125
0 0.3640625 0.17421875 0.00546875 0.021875
0 0.43203125 0.17265625 0.10625 0.0203125
0 0.55546875 0.17109375 0.078125 0.02109375
0 0.65 0.16953125 0.0484375 0.021875
0 0.73203125 0.16796875 0.0453125 0.02109375
0 0.290625 0.20234375 0.16640625 0.021875
0 0.4546875 0.19921875 0.1 0.02265625
0 0.67265625 0.19609375 0.259375 0.01953125
0 0.13984375 0.24609375 0.13515625 0.021875
0 0.56171875 0.2375 0.2625 0.01796875
0 0.12578125 0.27265625 0.10859375 0.02109375
0 0.54140625 0.2640625 0.20859375 0.0203125
0 0.1140625 0.30078125 0.08046875 0.02578125
0 0.209375 0.29921875 0.053125 0.0265625
0 0.3875 0.29453125 0.0078125 0.021875
0 0.484375 0.29140625 0.1078125 0.01953125
0 0.3671875 0.33515625 0.2625 0.03359375
0 0.66328125 0.33125 0.2015625 0.034375
0 0.1265625 0.38984375 0.1046875 0.03046875
0 0.2015625 0.3890625 0.01640625 0.03203125
0 0.34453125 0.38671875 0.17421875 0.0296875
0 0.54375 0.38203125 0.13671875 0.03046875
0 0.80625 0.37734375 0.16796875 0.0296875
0 0.11875 0.43515625 0.090625 0.02109375
0 0.24140625 0.4328125 0.10859375 0.02109375
0 0.62578125 0.42421875 0.06875 0.025
0 0.7609375 0.425 0.01484375 0.025
0 0.83671875 0.42421875 0.121875 0.025
0 0.18125 0.49296875 0.21484375 0.01796875
0 0.18125 0.52109375 0.21484375 0.0171875
0 0.73828125 0.48125 0.02578125 0.0234375
0 0.8265625 0.48125 0.1359375 0.02265625
0 0.6671875 0.509375 0.02734375 0.025
0 0.790625 0.509375 0.2046875 0.025
0 0.16484375 0.57734375 0.18984375 0.01953125
0 0.10703125 0.6046875 0.08359375 0.02578125
0 0.16328125 0.60390625 0.009375 0.02734375
0 0.2859375 0.60078125 0.2140625 0.0234375
0 0.546875 0.59453125 0.06484375 0.0265625
0 0.60078125 0.59375 0.02109375 0.02734375
0 0.7234375 0.59140625 0.21953125 0.0234375
0 0.13359375 0.63125 0.13984375 0.01953125
0 0.21640625 0.62890625 0.01015625 0.02265625
0 0.2578125 0.62734375 0.05546875 0.021875
0 0.55546875 0.621875 0.103125 0.02578125
0 0.62109375 0.6203125 0.0078125 0.02734375
0 0.71328125 0.61953125 0.15625 0.025
0 0.11796875 0.659375 0.11171875 0.0234375
0 0.22734375 0.65625 0.05234375 0.025
0 0.27265625 0.6546875 0.0140625 0.0265625
0 0.3140625 0.65390625 0.04375 0.02578125
0 0.478125 0.64921875 0.04765625 0.02578125
0 0.1328125 0.6890625 0.13359375 0.02734375
0 0.28125 0.684375 0.1078125 0.028125
0 0.14453125 0.71484375 0.16796875 0.01796875
0 0.72578125 0.675 0.01796875 0.025
0 0.8203125 0.675 0.15546875 0.025
0 0.728125 0.70234375 0.01484375 0.0234375
0 0.8203125 0.70234375 0.15234375 0.0234375
0 0.490625 0.76171875 0.21484375 0.02109375
0 0.1359375 0.8375 0.1609375 0.0296875
0 0.515625 0.83125 0.4296875 0.025
0 0.1203125 0.8671875 0.0765625 0.02265625
0 0.4578125 0.90234375 0.15703125 0.03046875
0 0.65 0.9 0.15703125 0.03046875
0 0.18515625 0.9484375 0.06015625 0.02109375
0 0.29140625 0.94453125 0.10390625 0.02734375
0 0.68671875 0.93984375 0.02421875 0.0203125
0 0.75546875 0.9390625 0.053125 0.0203125
0 0.79609375 0.93828125 0.00703125 0.0203125
0 0.86328125 0.9375 0.10390625 0.01953125
0 0.3234375 0.98828125 0.0609375 0.021875
0 0.40859375 0.9875 0.05078125 0.021875
0 0.571875 0.98671875 0.2171875 0.0203125
0 0.51328125 0.1125 0.20390625 0.01875
0 0.3875 0.26875 0.01796875 0.01328125
0 0.38984375 0.24296875 0.0171875 0.01640625
0 0.09296875 0.94609375 0.07890625 0.02265625