0 0.09765625 0.14609375 0.078125 0.021875
0 0.22890625 0.1484375 0.12890625 0.02421875
0 0.35234375 0.15 0.0578125 0.021875
0 0.10859375 0.16796875 0.09921875 0.02265625
0 0.23046875 0.16953125 0.096875 0.021875
0 0.38125 0.17109375 0.15625 0.02421875
0 0.140625 0.18984375 0.15859375 0.02421875
0 0.31015625 0.1921875 0.13671875 0.02421875
0 0.425 0.19375 0.0359375 0.021875
0 0.45703125 0.19375 0.00703125 0.02109375
0 0.478125 0.19453125 0.01015625 0.02109375
0 0.5625 0.1953125 0.09921875 0.021875
0 0.0859375 0.209375 0.04765625 0.021875
0 0.19765625 0.21328125 0.1125 0.01953125
0 0.3296875 0.2140625 0.146875 0.02265625
0 0.1078125 0.2328125 0.09609375 0.02109375
0 0.21953125 0.234375 0.07109375 0.02109375
0 0.3859375 0.2375 0.20078125 0.0203125
0 0.284375 0.26015625 0.44453125 0.02421875
0 0.12109375 0.27890625 0.11875 0.021875
0 0.2640625 0.28046875 0.11875 0.021875
0 0.40625 0.28203125 0.0765625 0.021875
0 0.56171875 0.2828125 0.18046875 0.021875
0 0.71015625 0.28359375 0.06328125 0.0203125
0 0.08203125 0.2984375 0.03671875 0.0203125
0 0.115625 0.29921875 0.0078125 0.01953125
0 0.146875 0.29921875 0.03203125 0.0203125
0 0.23203125 0.3015625 0.09609375 0.02265625
0 0.31796875 0.303125 0.01171875 0.0203125
0 0.4 0.30390625 0.09921875 0.021875
0 0.12265625 0.321875 0.11875 0.0203125
0 0.22265625 0.3234375 0.03671875 0.01953125
0 0.2546875 0.3234375 0.00703125 0.01875
0 0.4515625 0.3265625 0.32890625 0.0234375
0 0.115625 0.36328125 0.0953125 0.021875
0 0.19609375 0.3640625 0.00234375 0.0203125
0 0.32890625 0.3671875 0.2 0.0234375
0 0.0921875 0.384375 0.0578125 0.0203125
0 0.16171875 0.3859375 0.03359375 0.0203125
0 0.1921875 0.3859375 0.0078125 0.01875
0 0.24765625 0.38671875 0.0375 0.01875
0 0.61640625 0.3703125 0.07421875 0.01875
0 0.67109375 0.3703125 0.003125 0.01796875
0 0.75703125 0.3703125 0.09765625 0.01875
0 0.2578125 0.43203125 0.259375 0.0203125
0 0.4 0.4328125 0.01796875 0.0203125
0 0.103125 0.44921875 0.07890625 0.01875
0 0.2375 0.45078125 0.14140625 0.0203125
0 0.3578125 0.45234375 0.053125 0.01953125
0 0.43984375 0.45390625 0.05625 0.01875
0 0.26015625 0.47265625 0.26640625 0.02578125
0 0.40625 0.4734375 0.0078125 0.021875
0 0.1171875 0.48828125 0.096875 0.0203125
0 0.24765625 0.490625 0.11953125 0.021875
0 0.4015625 0.49375 0.14140625 0.02265625
0 0.609375 0.4546875 0.01875 0.01640625
0 0.63046875 0.4546875 0.0171875 0.01640625
0 0.8 0.45859375 0.0140625 0.01875
0 0.61015625 0.49921875 0.0171875 0.01640625
0 0.63203125 0.49921875 0.0171875 0.01640625
0 0.77890625 0.503125 0.0125 0.01953125
0 0.84609375 0.50234375 0.10234375 0.01796875
0 0.18984375 0.5359375 0.22265625 0.028125
0 0.18828125 0.55625 0.2375 0.02421875
0 0.70546875 0.5453125 0.03046875 0.0203125
0 0.8171875 0.5453125 0.16171875 0.021875
0 0.6640625 0.565625 0.02734375 0.0203125
0 0.796875 0.56640625 0.2046875 0.02109375
0 0.12734375 0.5984375 0.1234375 0.02578125
0 0.35234375 0.6015625 0.075 0.02578125
0 0.5078125 0.60390625 0.10234375 0.02578125
0 0.6125 0.60546875 0.06015625 0.025
0 0.75859375 0.60703125 0.00859375 0.02421875
0 0.83125 0.60859375 0.09765625 0.0265625
0 0.090625 0.63984375 0.0546875 0.01796875
0 0.07109375 0.66015625 0.01484375 0.01875
0 0.090625 0.66015625 0.01875 0.01875
0 0.33828125 0.64375 0.05859375 0.02421875
0 0.45234375 0.6453125 0.11875 0.025
0 0.41953125 0.66640625 0.01171875 0.01875
0 0.475 0.6671875 0.07734375 0.0203125
0 0.68671875 0.64921875 0.121875 0.0265625
0 0.83828125 0.653125 0.1234375 0.028125
0 0.7828125 0.67734375 0.01484375 0.02265625
0 0.85 0.67734375 0.10234375 0.02265625
0 0.12890625 0.70234375 0.140625 0.02421875
0 0.40078125 0.70859375 0.1 0.025
0 0.53828125 0.7125 0.12109375 0.02578125
0 0.09921875 0.72265625 0.08125 0.01796875
0 0.2875 0.73203125 0.24921875 0.0296875
0 0.44765625 0.7359375 0.01015625 0.025
0 0.56484375 0.73828125 0.165625 0.02578125
0 0.72265625 0.7390625 0.1046875 0.0203125
0 0.8421875 0.73203125 0.09765625 0.02734375
0 0.3921875 0.75625 0.16171875 0.0265625
0 0.56015625 0.76015625 0.121875 0.02578125
0 0.4765625 0.840625 0.34375 0.03046875
0 0.09140625 0.8734375 0.05625 0.02265625
0 0.16171875 0.87578125 0.03203125 0.021875
0 0.1953125 0.87734375 0.0046875 0.01875
0 0.2375 0.87890625 0.0171875 0.0203125
0 0.7453125 0.86015625 0.0109375 0.01953125
0 0.80859375 0.8546875 0.06953125 0.0140625
0 0.2984375 0.92578125 0.05078125 0.0203125
0 0.36796875 0.9265625 0.03984375 0.0203125
0 0.45859375 0.92734375 0.08984375 0.021875
0 0.8546875 0.46015625 0.084375 0.01875
0 0.71796875 0.8640625 0.03984375 0.01875
0 0.67109375 0.8703125 0.025 0.01640625