0 0.13671875 0.0140625 0.09140625 0.00859375
0 0.27421875 0.01484375 0.11796875 0.00703125
0 0.39140625 0.015625 0.0640625 0.0078125
0 0.515625 0.0171875 0.10859375 0.0078125
0 0.60234375 0.01875 0.0109375 0.0078125
0 0.64375 0.01875 0.015625 0.0078125
0 0.7171875 0.01875 0.08515625 0.0078125
0 0.7734375 0.01953125 0.0046875 0.00703125
0 0.825 0.01953125 0.0765625 0.009375
0 0.1234375 0.0203125 0.0703125 0.009375
0 0.2296875 0.021875 0.0734375 0.009375
0 0.41015625 0.025 0.22734375 0.0078125
0 0.1453125 0.028125 0.11796875 0.01015625
0 0.26171875 0.0296875 0.0578125 0.0078125
0 0.303125 0.0296875 0 0.0078125
0 0.37890625 0.03125 0.0765625 0.009375
0 0.47421875 0.03125 0.05625 0.0078125
0 0.51484375 0.03203125 0 0.0078125
0 0.103125 0.03671875 0.0359375 0.009375
0 0.17890625 0.03671875 0.053125 0.009375
0 0.15625 0.04609375 0.14296875 0.01171875
0 0.159375 0.0671875 0.09921875 0.01328125
0 0.4046875 0.0703125 0.20390625 0.01171875
0 0.1484375 0.078125 0.0765625 0.0125
0 0.35625 0.08125 0.10078125 0.0125
0 0.21640625 0.09140625 0.0375 0.0125
0 0.346875 0.09296875 0.078125 0.0140625
0 0.109375 0.1140625 0.0171875 0.0140625
0 0.15 0.11484375 0.0171875 0.0140625
0 0.23671875 0.11640625 0.10078125 0.01484375
0 0.15625 0.12734375 0.09921875 0.01328125
0 0.2828125 0.128125 0.10078125 0.0125
0 0.36875 0.12890625 0.00625 0.01171875
0 0.425 0.1296875 0.0359375 0.01171875
0 0.53125 0.13125 0.0390625 0.0078125
0 0.1140625 0.1359375 0.0140625 0.00859375
0 0.1578125 0.13671875 0.0140625 0.0078125
0 0.15625 0.14609375 0.09921875 0.0109375
0 0.26171875 0.14765625 0.0578125 0.009375
0 0.49921875 0.14765625 0.015625 0.0078125
0 0.53125 0.14765625 0.0390625 0.0078125
0 0.1765625 0.15546875 0.13984375 0.01015625
0 0.2828125 0.15625 0.00625 0.00859375
0 0.33671875 0.15703125 0.0359375 0.009375
0 0.5 0.15859375 0.0140625 0.00859375
0 0.759375 0.13515625 0.0109375 0.00703125
0 0.82578125 0.13515625 0.10390625 0.0078125
0 0.82734375 0.15 0.10078125 0.009375
0 0.76171875 0.159375 0.0125 0.009375
0 0.82890625 0.16015625 0.10078125 0.0109375
0 0.209375 0.1859375 0.12734375 0.009375
0 0.21171875 0.19453125 0.12265625 0.0078125
0 0.79140625 0.18671875 0.0125 0.009375
0 0.846875 0.18828125 0.0828125 0.0109375
0 0.83671875 0.1984375 0.11015625 0.00859375
0 0.77578125 0.228125 0.015625 0.0078125
0 0.809375 0.228125 0.0390625 0.0078125
0 0.84296875 0.228125 0.00625 0.0078125
0 0.87734375 0.22890625 0.0375 0.00859375
0 0.19296875 0.225 0.10078125 0.0078125
0 0.325 0.225 0.10078125 0.0078125
0 0.19375 0.23515625 0.18671875 0.01015625
0 0.371875 0.23671875 0.10703125 0.009375
0 0.48828125 0.23671875 0.065625 0.0078125
0 0.196875 0.2453125 0.19296875 0.01171875
0 0.340625 0.24609375 0.0375 0.0109375
0 0.39453125 0.24609375 0.0015625 0.0109375
0 0.49765625 0.24609375 0.12890625 0.0109375
0 0.171875 0.2640625 0.0609375 0.009375
0 0.28203125 0.265625 0.10234375 0.01015625
0 0.4203125 0.265625 0.0609375 0.0125
0 0.53125 0.2671875 0.10546875 0.01328125
0 0.66953125 0.26875 0.10546875 0.01328125
0 0.875 0.26875 0.0609375 0.0078125
0 0.1484375 0.2734375 0.0171875 0.0078125
0 0.1703125 0.2734375 0.0171875 0.0078125
0 0.44453125 0.278125 0.0125 0.009375
0 0.51171875 0.278125 0.10703125 0.0109375
0 0.80859375 0.27890625 0.015625 0.00859375
0 0.86484375 0.2796875 0.08515625 0.009375
0 0.14765625 0.284375 0.015625 0.00703125
0 0.1828125 0.284375 0.0359375 0.00703125
0 0.4421875 0.28671875 0.0140625 0.00859375
0 0.51328125 0.28828125 0.10390625 0.01015625
0 0.809375 0.28984375 0.0140625 0.0078125
0 0.86875 0.28984375 0.08671875 0.0078125
0 0.14375 0.3015625 0.10546875 0.01484375
0 0.24296875 0.30234375 0.0375 0.009375
0 0.27890625 0.303125 0.0015625 0.0125
0 0.546875 0.30546875 0.46015625 0.0125
0 0.1546875 0.3125 0.13359375 0.0109375
0 0.26640625 0.3140625 0.0390625 0.009375
0 0.30078125 0.3140625 0.0015625 0.01328125
0 0.52421875 0.31640625 0.3671875 0.0109375
0 0.34765625 0.34765625 0.19921875 0.01015625
0 0.46796875 0.34921875 0.01875 0.0078125
0 0.52578125 0.34921875 0.08515625 0.01015625
0 0.6671875 0.35078125 0.13515625 0.01484375
0 0.7984375 0.35234375 0.0703125 0.01015625
0 0.29296875 0.35703125 0.13671875 0.0125
0 0.42421875 0.359375 0.06875 0.01328125
0 0.55234375 0.36171875 0.08515625 0.0109375
0 0.65859375 0.3640625 0.0703125 0.01015625
0 0.76328125 0.3640625 0.0375 0.01328125
0 0.8015625 0.36484375 0.0015625 0.0140625
0 0.85078125 0.365625 0.065625 0.01015625
0 0.53828125 0.37265625 0.11328125 0.009375
0 0.48125 0.38359375 0.13671875 0.01328125
0 0.603125 0.38515625 0.040625 0.0125
0 0.1484375 0.39921875 0.12734375 0.01875
0 0.265625 0.40390625 0.0375 0.01484375
0 0.1703125 0.4125 0.18046875 0.015625
0 0.3140625 0.41640625 0.0375 0.01328125
0 0.19375 0.434375 0.23359375 0.02109375
0 0.7515625 0.4125 0.23359375 0.015625
0 0.78046875 0.425 0.18828125 0.01171875
0 0.35234375 0.428125 0.16171875 0.01484375
0 0.54765625 0.4328125 0.16015625 0.01484375
0 0.671875 0.43515625 0.01875 0.0078125
0 0.7703125 0.4375 0.11484375 0.01015625
0 0.5625 0.44453125 0.18359375 0.0125
0 0.875 0.44921875 0.10234375 0.009375
0 0.66015625 0.4578125 0.08984375 0.0140625
0 0.12734375 0.46796875 0.11015625 0.01484375
0 0.23046875 0.4703125 0.00625 0.01328125
0 0.778125 0.48359375 0.11796875 0.01015625
0 0.86484375 0.484375 0.0375 0.0109375
0 0.38125 0.48984375 0.22265625 0.0171875
0 0.5546875 0.49453125 0.0671875 0.0109375
0 0.6078125 0.49296875 0.015625 0.015625
0 0.66875 0.49296875 0.09140625 0.01640625
0 0.809375 0.49609375 0.12734375 0.01171875
0 0.44609375 0.5140625 0.18828125 0.02109375
0 0.746875 0.5203125 0.3421875 0.0125
0 0.29453125 0.53515625 0.34375 0.025
0 0.534375 0.54140625 0.0578125 0.0171875
0 0.5875 0.54296875 0.00625 0.015625
0 0.65859375 0.5453125 0.0609375 0.0171875
0 0.71328125 0.54609375 0.0015625 0.015625
0 0.9109375 0.54765625 0.17421875 0.01484375
0 0.28203125 0.5625 0.0578125 0.01640625
0 0.43359375 0.565625 0.16640625 0.01953125
0 0.703125 0.571875 0.2984375 0.02265625
0 0.178125 0.571875 0.20234375 0.0140625
0 0.3015625 0.5734375 0.009375 0.0125
0 0.94453125 0.58828125 0.09921875 0.0125
0 0.4484375 0.60390625 0.359375 0.02421875
0 0.77421875 0.61015625 0.22265625 0.0203125
0 0.92421875 0.625 0.14609375 0.01328125
0 0.303125 0.628125 0.12265625 0.0171875
0 0.58046875 0.63359375 0.3609375 0.02265625
0 0.84609375 0.63828125 0.09765625 0.0171875
0 0.12578125 0.63828125 0.10703125 0.01484375
0 0.19453125 0.63828125 0.009375 0.01484375
0 0.92578125 0.65234375 0.14609375 0.01328125
0 0.0875 0.65234375 0.0390625 0.0125
0 0.1203125 0.65234375 0.0046875 0.0125
0 0.1859375 0.653125 0.09609375 0.0140625
0 0.55703125 0.6625 0.09765625 0.015625
0 0.6921875 0.6640625 0.10078125 0.015625
0 0.75859375 0.665625 0 0.01484375
0 0.85234375 0.6671875 0.14765625 0.01640625
0 0.09609375 0.665625 0.059375 0.01484375
0 0.14765625 0.66796875 0.00625 0.01171875
0 0.290625 0.66875 0.2546875 0.0171875
0 0.8265625 0.68046875 0.09921875 0.01328125
0 0.9375 0.68125 0.05 0.01328125
0 0.0921875 0.68046875 0.0640625 0.0171875
0 0.1484375 0.6828125 0.0078125 0.0140625
0 0.371875 0.6859375 0.3671875 0.02265625
0 0.0671875 0.69453125 0.009375 0.01484375
0 0.1734375 0.69609375 0.12421875 0.01640625
0 0.259375 0.69765625 0.009375 0.01484375
0 0.3171875 0.69921875 0.09765625 0.015625
0 0.0921875 0.71015625 0.0671875 0.015625
0 0.196875 0.71171875 0.0703125 0.015625
0 0.36328125 0.71484375 0.21796875 0.01796875
0 0.1328125 0.7265625 0.0328125 0.0171875
0 0.44140625 0.73125 0.17265625 0.01953125
0 0.6484375 0.734375 0.15703125 0.01953125
0 0.87265625 0.73828125 0.21953125 0.0203125
0 0.321875 0.74453125 0.04375 0.0171875
0 0.4703125 0.746875 0.17734375 0.01953125
0 0.728125 0.75078125 0.2640625 0.02109375
0 0.13046875 0.61171875 0.10390625 0.0125
0 0.19609375 0.6109375 0.00625 0.0125
0 0.09453125 0.75234375 0.09765625 0.01875
0 0.2484375 0.75625 0.12421875 0.01875
0 0.06953125 0.87265625 0.0140625 0.01484375
0 0.1484375 0.875 0.0484375 0.01640625
0 0.1921875 0.8765625 0.0046875 0.01484375
0 0.26640625 0.8796875 0.10546875 0.01796875
0 0.79921875 0.8859375 0.078125 0.0171875
0 0.903125 0.88671875 0.0515625 0.01640625
0 0.9484375 0.8875 0.003125 0.01640625
0 0.97890625 0.8875 0.0203125 0.01640625
0 0.39765625 0.9171875 0.16171875 0.01640625
0 0.57890625 0.91875 0.17578125 0.01796875
0 0.5828125 0.025 0.0640625 0.0078125
0 0.28359375 0.04765625 0.0640625 0.0078125
0 0.46953125 0.05 0.21640625 0.0109375
0 0.26875 0.08046875 0.0125 0.00625
0 0.26640625 0.06875 0.0109375 0.00625
0 0.27109375 0.09296875 0.0109375 0.00703125
0 0.14296875 0.08984375 0.071875 0.0109375
0 0.49765625 0.13203125 0.015625 0.00625
0 0.53515625 0.1578125 0.0375 0.00703125
0 0.41328125 0.1578125 0.0640625 0.0078125
0 0.19921875 0.13671875 0.015625 0.00703125
0 0.24921875 0.13828125 0.04375 0.00703125
0 0.7703125 0.1984375 0.0171875 0.00625
0 0.97734375 0.44921875 0.0421875 0.01015625
0 0.24921875 0.509375 0.12890625 0.01640625
0 0.25546875 0.728125 0.13359375 0.01484375