0 0.08046875 0.14296875 0.03046875 0.021875
0 0.1734375 0.14296875 0.1234375 0.021875
0 0.36953125 0.14375 0.22578125 0.02265625
0 0.51796875 0.14375 0.0359375 0.021875
0 0.73125 0.14375 0.34921875 0.021875
0 0.48359375 0.171875 0.240625 0.0171875
0 0.2234375 0.19765625 0.05703125 0.0171875
0 0.40546875 0.1984375 0.1234375 0.01640625
0 0.5875 0.1984375 0.2109375 0.01640625
0 0.3015625 0.19921875 0.0515625 0.01953125
0 0.73828125 0.19921875 0.06171875 0.01796875
0 0.29765625 0.2234375 0.18671875 0.01796875
0 0.415625 0.2234375 0.01953125 0.01796875
0 0.5203125 0.2234375 0.1640625 0.01796875
0 0.69140625 0.225 0.14296875 0.0203125
0 0.2234375 0.25078125 0.10546875 0.01484375
0 0.68203125 0.25078125 0.22109375 0.01640625
0 0.3703125 0.25078125 0.159375 0.01640625
0 0.51171875 0.25234375 0.090625 0.01875
0 0.38203125 0.2953125 0.06953125 0.01796875
0 0.56953125 0.2953125 0.23359375 0.01796875
0 0.0984375 0.33046875 0.121875 0.01953125
0 0.121875 0.36484375 0.16875 0.0171875
0 0.228125 0.36484375 0.02421875 0.0171875
0 0.634375 0.36484375 0.11015625 0.01796875
0 0.83984375 0.36484375 0.19609375 0.01796875
0 0.40859375 0.36484375 0.23203125 0.01796875
0 0.1890625 0.390625 0.30703125 0.0171875
0 0.41640625 0.39140625 0.06015625 0.01640625
0 0.62421875 0.3921875 0.0921875 0.01640625
0 0.81796875 0.3921875 0.15234375 0.01640625
0 0.1265625 0.4171875 0.18515625 0.0171875
0 0.3484375 0.4171875 0.10546875 0.01640625
0 0.084375 0.46328125 0.090625 0.025
0 0.85859375 0.46484375 0.16875 0.01640625
0 0.42109375 0.465625 0.0796875 0.0171875
0 0.6453125 0.46640625 0.06953125 0.0203125
0 0.10859375 0.49296875 0.14296875 0.01796875
0 0.4234375 0.49296875 0.01953125 0.0171875
0 0.64140625 0.49296875 0.075 0.0171875
0 0.8953125 0.49296875 0.0765625 0.0171875
0 0.04375 0.51953125 0.01328125 0.0171875
0 0.10546875 0.51953125 0.06484375 0.0171875
0 0.228125 0.51953125 0.15078125 0.0171875
0 0.3484375 0.51953125 0.06015625 0.0171875
0 0.63984375 0.54921875 0.078125 0.01796875
0 0.8953125 0.54921875 0.0765625 0.01796875
0 0.4203125 0.54921875 0.01328125 0.01796875
0 0.1109375 0.54921875 0.14765625 0.02265625
0 0.09296875 0.5765625 0.10859375 0.01640625
0 0.2078125 0.5765625 0.0875 0.01640625
0 0.31484375 0.5765625 0.10390625 0.01640625
0 0.4734375 0.57734375 0.18359375 0.01484375
0 0.096875 0.60859375 0.125 0.01640625
0 0.42109375 0.609375 0.02109375 0.01484375
0 0.21328125 0.609375 0.0859375 0.01640625
0 0.8953125 0.64765625 0.0765625 0.01640625
0 0.44296875 0.64765625 0.2171875 0.01640625
0 0.5046875 0.68125 0.090625 0.0171875
0 0.8953125 0.68125 0.0765625 0.0171875
0 0.51328125 0.71484375 0.078125 0.01640625
0 0.8953125 0.71484375 0.0765625 0.01640625
0 0.44453125 0.746875 0.2078125 0.0171875
0 0.8953125 0.74765625 0.0765625 0.01640625
0 0.25703125 0.78359375 0.1734375 0.02421875
0 0.8796875 0.784375 0.10078125 0.02265625
0 0.24140625 0.81796875 0.15078125 0.02421875
0 0.86171875 0.81796875 0.1328125 0.0234375
0 0.28359375 0.85625 0.23203125 0.02265625
0 0.86328125 0.85703125 0.1328125 0.0234375
0 0.37421875 0.9234375 0.10234375 0.01640625
0 0.2359375 0.92421875 0.15390625 0.0171875
0 0.49921875 0.92421875 0.125 0.0171875
0 0.6265625 0.92421875 0.10703125 0.0171875
0 0.7515625 0.92421875 0.1203125 0.0171875
0 0.48515625 0.9515625 0.165625 0.01796875