0 0.2625 0.09140625 0.0984375 0.0234375
0 0.3375 0.09140625 0.01484375 0.0234375
0 0.38984375 0.09140625 0.06328125 0.0234375
0 0.63984375 0.08984375 0.346875 0.0234375
0 0.18515625 0.11796875 0.18359375 0.02890625
0 0.33828125 0.11953125 0.06015625 0.02734375
0 0.37734375 0.11953125 0.021875 0.02734375
0 0.5078125 0.11953125 0.21171875 0.028125
0 0.7875 0.1203125 0.021875 0.028125
0 0.8796875 0.11953125 0.03984375 0.02578125
0 0.4171875 0.1515625 0.15859375 0.02421875
0 0.2921875 0.178125 0.06171875 0.02109375
0 0.35078125 0.178125 0.0046875 0.02109375
0 0.53515625 0.178125 0.0703125 0.02109375
0 0.63515625 0.178125 0.03359375 0.02109375
0 0.7171875 0.178125 0.0453125 0.02109375
0 0.2828125 0.2046875 0.15859375 0.0234375
0 0.43984375 0.20625 0.09296875 0.0234375
0 0.6578125 0.20703125 0.25859375 0.025
0 0.13828125 0.24375 0.1296875 0.02109375
0 0.54765625 0.24609375 0.2546875 0.0203125
0 0.1234375 0.2703125 0.1 0.021875
0 0.525 0.27109375 0.20703125 0.01796875
0 0.11015625 0.2984375 0.0765625 0.0234375
0 0.2046875 0.29765625 0.05 0.02265625
0 0.375 0.29921875 0.00703125 0.02109375
0 0.4703125 0.2984375 0.103125 0.0203125
0 0.3578125 0.33828125 0.2484375 0.0375
0 0.65 0.3390625 0.196875 0.0359375
0 0.125 0.39140625 0.096875 0.02578125
0 0.1953125 0.390625 0.01328125 0.0265625
0 0.33828125 0.38984375 0.1703125 0.025
0 0.5296875 0.38828125 0.1296875 0.02578125
0 0.7953125 0.38671875 0.16640625 0.025
0 0.11484375 0.434375 0.08671875 0.02109375
0 0.2375 0.434375 0.1046875 0.02109375
0 0.825 0.428125 0.1265625 0.02265625
0 0.178125 0.49140625 0.21015625 0.0171875
0 0.17734375 0.521875 0.20859375 0.02109375
0 0.72734375 0.4875 0.025 0.0234375
0 0.81484375 0.48671875 0.13671875 0.02109375
0 0.65234375 0.51640625 0.01796875 0.02109375
0 0.7796875 0.5140625 0.20703125 0.01796875
0 0.1625 0.578125 0.18203125 0.01953125
0 0.1078125 0.60234375 0.078125 0.0234375
0 0.1625 0.60234375 0.0046875 0.0234375
0 0.28203125 0.6015625 0.21015625 0.021875
0 0.5375 0.59921875 0.075 0.0234375
0 0.58984375 0.59921875 0.00703125 0.0234375
0 0.70546875 0.59765625 0.2046875 0.02265625
0 0.13515625 0.6296875 0.13359375 0.01953125
0 0.215625 0.62890625 0.0046875 0.01953125
0 0.2546875 0.62890625 0.05 0.01953125
0 0.55 0.62421875 0.1 0.0203125
0 0.61484375 0.62421875 0.00703125 0.02109375
0 0.7078125 0.62265625 0.1546875 0.0171875
0 0.1203125 0.65546875 0.103125 0.02109375
0 0.225 0.6546875 0.046875 0.02109375
0 0.275 0.653125 0.01328125 0.02109375
0 0.31015625 0.653125 0.046875 0.02109375
0 0.4671875 0.6515625 0.0453125 0.02109375
0 0.13515625 0.6828125 0.1296875 0.02265625
0 0.2796875 0.68203125 0.1 0.02265625
0 0.81484375 0.6765625 0.153125 0.01953125
0 0.1421875 0.709375 0.1515625 0.02109375
0 0.7203125 0.70234375 0.01015625 0.0203125
0 0.8125 0.70078125 0.1515625 0.01953125
0 0.4875 0.75859375 0.21796875 0.01796875
0 0.13984375 0.828125 0.15703125 0.0234375
0 0.2625 0.82734375 0.00859375 0.02578125
0 0.5171875 0.825 0.425 0.021875
0 0.125 0.85625 0.0765625 0.01953125
0 0.29765625 0.89375 0.1015625 0.0234375
0 0.4578125 0.8921875 0.15859375 0.0234375
0 0.65 0.890625 0.15703125 0.0234375
0 0.09765625 0.93515625 0.071875 0.0234375
0 0.18984375 0.93515625 0.046875 0.0234375
0 0.2296875 0.93515625 0.00703125 0.0234375
0 0.29765625 0.93515625 0.1015625 0.0234375
0 0.6875 0.9296875 0.021875 0.01953125
0 0.7578125 0.92890625 0.0515625 0.01953125
0 0.7953125 0.92890625 0.00703125 0.01953125
0 0.8625 0.928125 0.1015625 0.01953125
0 0.41484375 0.9765625 0.05 0.0234375
0 0.575 0.97578125 0.21328125 0.02109375
0 0.66015625 0.121875 0.06328125 0.02109375
0 0.7421875 0.12109375 0.0546875 0.02109375
0 0.8234375 0.12109375 0.05 0.021875
0 0.59765625 0.15078125 0.13203125 0.02265625
0 0.4171875 0.178125 0.11171875 0.01953125
0 0.37734375 0.2484375 0.01796875 0.01484375
0 0.378125 0.275 0.0203125 0.01328125
0 0.6125 0.434375 0.075 0.0203125
0 0.74765625 0.42890625 0.025 0.0109375
0 0.7171875 0.67578125 0.025 0.01484375
0 0.32734375 0.97578125 0.06484375 0.02265625