0 0.5734375 0.11328125 0.30546875 0.04765625
0 0.203125 0.14765625 0.10078125 0.02578125
0 0.3375 0.14921875 0.06953125 0.025
0 0.121875 0.1734375 0.1890625 0.02578125
0 0.7484375 0.1734375 0.02890625 0.021875
0 0.4546875 0.1984375 0.5328125 0.02421875
0 0.64921875 0.22578125 0.38046875 0.03359375
0 0.121875 0.27265625 0.12109375 0.025
0 0.20625 0.27265625 0.01484375 0.025
0 0.24140625 0.27109375 0.03515625 0.02265625
0 0.34296875 0.27265625 0.09296875 0.02421875
0 0.5078125 0.27421875 0.0984375 0.025
0 0.765625 0.27265625 0.06015625 0.021875
0 0.0625 0.34453125 0.06015625 0.02734375
0 0.1828125 0.34453125 0.065625 0.02734375
0 0.33046875 0.34453125 0.1296875 0.028125
0 0.57109375 0.3453125 0.15234375 0.028125
0 0.78828125 0.3453125 0.18671875 0.028125
0 0.21640625 0.36875 0.065625 0.025
0 0.37109375 0.36875 0.1375 0.025
0 0.2953125 0.4296875 0.065625 0.04765625
0 0.4328125 0.42890625 0.1078125 0.04765625
0 0.5671875 0.42890625 0.06640625 0.04765625
0 0.121875 0.49453125 0.18125 0.02734375
0 0.275 0.49453125 0.02421875 0.02734375
0 0.378125 0.49453125 0.07734375 0.02734375
0 0.08125 0.51640625 0.10234375 0.021875
0 0.77890625 0.51875 0.02578125 0.02109375
0 0.840625 0.51875 0.05703125 0.02109375
0 0.6625 0.54453125 0.0203125 0.025
0 0.77890625 0.54453125 0.18515625 0.02578125
0 0.08046875 0.60390625 0.109375 0.0453125
0 0.0828125 0.653125 0.10078125 0.0453125
0 0.7984375 0.6046875 0.1390625 0.04609375
0 0.659375 0.6546875 0.01875 0.04453125
0 0.77890625 0.6546875 0.18359375 0.04453125
0 0.15546875 0.7140625 0.253125 0.02578125
0 0.1203125 0.7625 0.178125 0.03203125
0 0.34765625 0.7625 0.17421875 0.03203125
0 0.54921875 0.7625 0.10390625 0.0296875
0 0.77578125 0.76484375 0.18125 0.03203125
0 0.5046875 0.82109375 0.415625 0.0515625
0 0.0421875 0.8828125 0.02734375 0.028125
0 0.13828125 0.88359375 0.0609375 0.03125
0 0.196875 0.88359375 0.009375 0.03125
0 0.634375 0.88515625 0.071875 0.03125
0 0.7 0.88671875 0.01640625 0.03125
0 0.79609375 0.88671875 0.15390625 0.03203125
0 0.51875 0.934375 0.28984375 0.0234375
0 0.2578125 0.11015625 0.2328125 0.04453125
0 0.4765625 0.15 0.11953125 0.028125
0 0.62734375 0.14765625 0.12421875 0.0234375
0 0.29921875 0.17421875 0.07734375 0.021875
0 0.43359375 0.17421875 0.11171875 0.02421875
0 0.6140625 0.1734375 0.146875 0.025
0 0.846875 0.175 0.08046875 0.01953125
0 0.1390625 0.2234375 0.2234375 0.03046875
0 0.35859375 0.22421875 0.13046875 0.028125
0 0.04296875 0.246875 0.0453125 0.0203125
0 0.14609375 0.24765625 0.07109375 0.021875
0 0.534375 0.24765625 0.61953125 0.021875
0 0.6453125 0.27265625 0.0609375 0.02265625
0 0.53203125 0.4953125 0.14296875 0.02578125
0 0.69921875 0.60703125 0.034375 0.0234375
0 0.66171875 0.71640625 0.02578125 0.01484375
0 0.77890625 0.7171875 0.1921875 0.02734375
0 0.19453125 0.8203125 0.10234375 0.0421875
0 0.28984375 0.88671875 0.14609375 0.0234375
0 0.50546875 0.88515625 0.1140625 0.025
0 0.29296875 0.93515625 0.0515625 0.021875
0 0.1625 0.9359375 0.04765625 0.01796875