0 0.4578125 0.07421875 0.10625 0.0234375
0 0.6390625 0.07421875 0.21640625 0.02421875
0 0.3265625 0.07421875 0.11640625 0.02421875
0 0.44609375 0.10078125 0.05234375 0.0203125
0 0.6 0.10234375 0.17109375 0.01796875
0 0.378125 0.10234375 0.0546875 0.0203125
0 0.540625 0.12734375 0.16875 0.01640625
0 0.41640625 0.128125 0.04921875 0.0171875
0 0.5734375 0.1515625 0.1140625 0.01875
0 0.44453125 0.15234375 0.1203125 0.01875
0 0.69375 0.175 0.08359375 0.01875
0 0.325 0.17578125 0.08203125 0.01875
0 0.4328125 0.1765625 0.1 0.0171875
0 0.565625 0.1765625 0.14921875 0.02265625
0 0.40234375 0.19921875 0.11875 0.01796875
0 0.56875 0.19921875 0.1890625 0.01796875
0 0.58046875 0.23203125 0.0703125 0.01796875
0 0.4609375 0.23203125 0.13515625 0.0171875
0 0.5953125 0.2671875 0.24375 0.01796875
0 0.415625 0.26796875 0.04609375 0.01640625
0 0.3453125 0.26796875 0.06953125 0.01953125
0 0.621875 0.31796875 0.1828125 0.01875
0 0.40625 0.31875 0.1921875 0.01953125
0 0.56171875 0.35859375 0.1734375 0.021875
0 0.41796875 0.3625 0.08046875 0.025
0 0.16875 0.409375 0.11953125 0.025
0 0.40546875 0.41015625 0.30546875 0.02578125
0 0.675 0.4515625 0.19921875 0.01953125
0 0.85234375 0.4515625 0.11953125 0.01953125
0 0.34296875 0.45234375 0.01328125 0.01875
0 0.21328125 0.45234375 0.20859375 0.0203125
0 0.85859375 0.5 0.090625 0.01875
0 0.7109375 0.5 0.04921875 0.01875
0 0.7796875 0.50078125 0.05703125 0.0203125
0 0.3828125 0.50078125 0.125 0.01640625
0 0.51015625 0.50078125 0.06953125 0.01796875
0 0.640625 0.5015625 0.06640625 0.01953125
0 0.23359375 0.50234375 0.08671875 0.02109375
0 0.14140625 0.5046875 0.0578125 0.02421875
0 0.275 0.53515625 0.17421875 0.02109375
0 0.55703125 0.5359375 0.1984375 0.01796875
0 0.40859375 0.5359375 0.07421875 0.0203125
0 0.14296875 0.5375 0.0609375 0.01796875
0 0.70078125 0.56484375 0.07109375 0.01796875
0 0.265625 0.56484375 0.1015625 0.01796875
0 0.8875 0.565625 0.046875 0.01875
0 0.49765625 0.565625 0.07421875 0.01875
0 0.13203125 0.5671875 0.01171875 0.01796875
0 0.3671875 0.5671875 0.07109375 0.01796875
0 0.36328125 0.6 0.06640625 0.0171875
0 0.19609375 0.6 0.171875 0.01796875
0 0.87265625 0.6484375 0.08359375 0.0203125
0 0.35703125 0.6484375 0.0921875 0.02265625
0 0.16328125 0.6515625 0.1015625 0.02265625
0 0.26171875 0.653125 0.0640625 0.02734375
0 0.8765625 0.68984375 0.08359375 0.02109375
0 0.4609375 0.690625 0.0890625 0.0203125
0 0.5515625 0.690625 0.06015625 0.02109375
0 0.315625 0.6921875 0.171875 0.02109375
0 0.1625 0.6921875 0.096875 0.0203125
0 0.21796875 0.73046875 0.21328125 0.0203125
0 0.42578125 0.73203125 0.1671875 0.025
0 0.8640625 0.7671875 0.10390625 0.01875
0 0.1625 0.76953125 0.096875 0.0203125
0 0.8640625 0.8015625 0.1078125 0.0203125
0 0.1890625 0.80546875 0.14921875 0.02265625
0 0.8796875 0.84375 0.0609375 0.01875
0 0.153125 0.84609375 0.07578125 0.01875
0 0.63046875 0.846875 0.1375 0.028125
0 0.28984375 0.84765625 0.16875 0.021875
0 0.665625 0.88125 0.06640625 0.01875
0 0.875 0.88125 0.06953125 0.01875
0 0.13984375 0.88359375 0.04375 0.01796875
0 0.7203125 0.91796875 0.19609375 0.02109375
0 0.41953125 0.91875 0.08046875 0.0203125
0 0.578125 0.91875 0.06328125 0.0203125
0 0.29453125 0.91953125 0.140625 0.01953125
0 0.50234375 0.92109375 0.06328125 0.015625
0 0.84140625 0.9484375 0.08671875 0.0203125
0 0.73671875 0.9484375 0.09453125 0.0203125
0 0.64453125 0.9484375 0.0375 0.0203125
0 0.39921875 0.94921875 0.0515625 0.0203125
0 0.21640625 0.95078125 0.115625 0.0203125
0 0.52421875 0.9515625 0.1734375 0.025
0 0.32265625 0.95390625 0.0703125 0.0203125
0 0.52109375 0.978125 0.18359375 0.02109375