0 0.4671875 0.1078125 0.17109375 0.02578125
0 0.065625 0.1421875 0.0609375 0.028125
0 0.196875 0.140625 0.14453125 0.0265625
0 0.41328125 0.1390625 0.2375 0.025
0 0.7171875 0.13515625 0.32265625 0.025
0 0.89375 0.13359375 0.00703125 0.02734375
0 0.20625 0.1734375 0.2140625 0.025
0 0.35859375 0.171875 0.03984375 0.02578125
0 0.39375 0.171875 0.00625 0.02578125
0 0.4796875 0.17109375 0.103125 0.02578125
0 0.640625 0.1703125 0.17109375 0.025
0 0.78359375 0.16875 0.06015625 0.02578125
0 0.82734375 0.16875 0.003125 0.0265625
0 0.3375 0.20703125 0.03828125 0.025
0 0.37265625 0.20703125 0.00625 0.025
0 0.40546875 0.20703125 0.03671875 0.02578125
0 0.43671875 0.20625 0.0171875 0.025
0 0.4578125 0.20625 0.01875 0.025
0 0.54296875 0.20546875 0.10625 0.025
0 0.23984375 0.240625 0.1890625 0.02734375
0 0.3921875 0.23984375 0.0625 0.02890625
0 0.46640625 0.2390625 0.03359375 0.02890625
0 0.6640625 0.23671875 0.21640625 0.028125
0 0.26328125 0.27421875 0.146875 0.02578125
0 0.41328125 0.27265625 0.10234375 0.02578125
0 0.5125 0.27109375 0.0390625 0.02578125
0 0.56484375 0.27109375 0.00703125 0.0265625
0 0.665625 0.2703125 0.12265625 0.02578125
0 0.75078125 0.3375 0.03828125 0.028125
0 0.86953125 0.33515625 0.10625 0.02890625
0 0.06875 0.33984375 0.10234375 0.03203125
0 0.13359375 0.340625 0.003125 0.03125
0 0.2734375 0.34140625 0.20078125 0.0328125
0 0.0578125 0.37265625 0.08203125 0.03203125
0 0.134375 0.37265625 0.00546875 0.03203125
0 0.25546875 0.37265625 0.16328125 0.03203125
0 0.05625 0.44140625 0.08359375 0.02890625
0 0.19921875 0.440625 0.146875 0.028125
0 0.32734375 0.440625 0.0578125 0.028125
0 0.0890625 0.47421875 0.1484375 0.02890625
0 0.26328125 0.47421875 0.14453125 0.02890625
0 0.403125 0.47421875 0.08046875 0.02890625
0 0.609375 0.43828125 0.0171875 0.02578125
0 0.63203125 0.43828125 0.0171875 0.02578125
0 0.609375 0.46875 0.0171875 0.0234375
0 0.63046875 0.46875 0.0171875 0.0234375
0 0.80546875 0.4359375 0.0203125 0.02890625
0 0.86953125 0.4359375 0.10625 0.02890625
0 0.80546875 0.46875 0.01796875 0.028125
0 0.87265625 0.46796875 0.103125 0.02890625
0 0.14453125 0.53984375 0.246875 0.02578125
0 0.14453125 0.5734375 0.253125 0.025
0 0.72734375 0.53515625 0.03515625 0.0296875
0 0.83203125 0.534375 0.15703125 0.02890625
0 0.684375 0.56953125 0.03515625 0.03125
0 0.815625 0.56875 0.2109375 0.02890625
0 0.07265625 0.640625 0.1078125 0.025
0 0.19921875 0.63984375 0.1 0.025
0 0.8046875 0.6359375 0.01796875 0.02890625
0 0.86953125 0.6359375 0.10625 0.02890625
0 0.08359375 0.70703125 0.12578125 0.02890625
0 0.19140625 0.70546875 0.04140625 0.02890625
0 0.24453125 0.70546875 0.00390625 0.028125
0 0.45078125 0.703125 0.34375 0.02578125
0 0.05078125 0.77421875 0.0609375 0.028125
0 0.0921875 0.77421875 0.015625 0.028125
0 0.1453125 0.77421875 0.08203125 0.028125
0 0.20078125 0.77421875 0.0171875 0.028125
0 0.2265625 0.77265625 0.0203125 0.02890625
0 0.0546875 0.8921875 0.06015625 0.0265625
0 0.128125 0.8921875 0.03671875 0.0265625
0 0.159375 0.8921875 0.00390625 0.0265625
0 0.23125 0.8921875 0.07421875 0.0265625
0 0.696875 0.88984375 0.0140625 0.02890625
0 0.75234375 0.88984375 0.03828125 0.02890625
0 0.784375 0.88984375 0.003125 0.02890625
0 0.87109375 0.88984375 0.1046875 0.02890625
0 0.55546875 0.95859375 0.16953125 0.02578125
0 0.51328125 0.23984375 0.04296875 0.025
0 0.67265625 0.3390625 0.07421875 0.02890625
0 0.4265625 0.95859375 0.0453125 0.025
0 0.35625 0.95859375 0.05390625 0.0296875