0 0.22421875 0.11796875 0.2421875 0.01953125
0 0.5234375 0.11796875 0.3125 0.01953125
0 0.7390625 0.11796875 0.08046875 0.01953125
0 0.84609375 0.11796875 0.09765625 0.01953125
0 0.49921875 0.146875 0.1609375 0.0171875
0 0.29140625 0.16875 0.05234375 0.0140625
0 0.36484375 0.16875 0.0640625 0.0140625
0 0.46640625 0.16875 0.10859375 0.0140625
0 0.5625 0.16875 0.0578125 0.0140625
0 0.6671875 0.16875 0.1265625 0.015625
0 0.5 0.1921875 0.1671875 0.0140625
0 0.475 0.21640625 0.115625 0.01484375
0 0.62421875 0.21640625 0.1578125 0.01484375
0 0.346875 0.21640625 0.10859375 0.015625
0 0.37578125 0.23984375 0.065625 0.0140625
0 0.54765625 0.23984375 0.215625 0.0140625
0 0.3390625 0.2703125 0.07109375 0.0140625
0 0.40625 0.2703125 0.03125 0.0140625
0 0.57421875 0.2703125 0.24375 0.0140625
0 0.3671875 0.29609375 0.22109375 0.01484375
0 0.528125 0.29609375 0.075 0.01484375
0 0.6625 0.29609375 0.1578125 0.01484375
0 0.10703125 0.33203125 0.1 0.0125
0 0.42734375 0.3578125 0.2125 0.01640625
0 0.80234375 0.3578125 0.19609375 0.01640625
0 0.64609375 0.359375 0.07109375 0.01484375
0 0.153125 0.359375 0.0484375 0.015625
0 0.08828125 0.359375 0.06640625 0.0140625
0 0.6484375 0.3828125 0.08359375 0.01484375
0 0.790625 0.3828125 0.1359375 0.01484375
0 0.37265625 0.38515625 0.09453125 0.0140625
0 0.11796875 0.3859375 0.12265625 0.02265625
0 0.63359375 0.41015625 0.059375 0.015625
0 0.15625 0.41171875 0.19609375 0.01796875
0 0.89296875 0.4546875 0.06015625 0.0171875
0 0.57265625 0.45546875 0.11484375 0.01953125
0 0.75234375 0.45546875 0.13515625 0.01953125
0 0.08984375 0.45625 0.06875 0.01796875
0 0.40390625 0.4578125 0.059375 0.01875
0 0.4015625 0.478125 0.01796875 0.01328125
0 0.0953125 0.478125 0.07109375 0.0140625
0 0.56796875 0.478125 0.06875 0.0140625
0 0.77421875 0.478125 0.0890625 0.0140625
0 0.89609375 0.478125 0.04296875 0.0140625
0 0.07890625 0.50234375 0.0484375 0.01484375
0 0.1625 0.50234375 0.09140625 0.01484375
0 0.27109375 0.50390625 0.09765625 0.01796875
0 0.5703125 0.53046875 0.08671875 0.0140625
0 0.77421875 0.53046875 0.0890625 0.0140625
0 0.89453125 0.53046875 0.0453125 0.0140625
0 0.0953125 0.53046875 0.07734375 0.0140625
0 0.4015625 0.53046875 0.009375 0.0125
0 0.10546875 0.5546875 0.1 0.0140625
0 0.271875 0.5546875 0.2046875 0.0140625
0 0.4375 0.5546875 0.09296875 0.0140625
0 0.4 0.578125 0.0171875 0.01484375
0 0.775 0.578125 0.0890625 0.01484375
0 0.1890625 0.578125 0.07421875 0.01484375
0 0.26953125 0.5796875 0.059375 0.01796875
0 0.19140625 0.61484375 0.07421875 0.0125
0 0.28828125 0.61484375 0.07734375 0.0125
0 0.7734375 0.61484375 0.08671875 0.0125
0 0.5546875 0.61640625 0.08359375 0.01796875
0 0.41953125 0.6171875 0.15859375 0.01796875
0 0.78359375 0.6421875 0.06640625 0.0140625
0 0.528125 0.6421875 0.1375 0.0140625
0 0.4734375 0.66875 0.07734375 0.01328125
0 0.5609375 0.66875 0.06875 0.01328125
0 0.78359375 0.66875 0.06640625 0.0140625
0 0.78359375 0.69609375 0.06640625 0.01484375
0 0.5234375 0.69921875 0.14453125 0.01796875
0 0.48515625 0.72890625 0.03203125 0.0140625
0 0.7734375 0.72890625 0.08671875 0.0140625
0 0.22734375 0.72890625 0.0921875 0.0140625
0 0.1234375 0.72890625 0.0859375 0.0125
0 0.55546875 0.73046875 0.0859375 0.0171875
0 0.37109375 0.73046875 0.16953125 0.0171875
0 0.7734375 0.75625 0.08671875 0.0140625
0 0.54453125 0.7578125 0.1 0.01328125
0 0.78359375 0.7828125 0.06640625 0.01484375
0 0.53125 0.784375 0.13515625 0.01796875
0 0.3109375 0.83125 0.20390625 0.01640625
0 0.15703125 0.83203125 0.0765625 0.015625
0 0.75859375 0.8625 0.0578125 0.02109375
0 0.16015625 0.8640625 0.05703125 0.01484375
0 0.39375 0.8640625 0.028125 0.01875
0 0.24296875 0.8640625 0.0890625 0.01796875
0 0.83984375 0.8640625 0.07734375 0.01796875
0 0.5796875 0.865625 0.16015625 0.01796875
0 0.3984375 0.884375 0.0171875 0.01484375
0 0.61015625 0.88515625 0.09765625 0.01484375
0 0.84296875 0.88515625 0.07265625 0.01484375
0 0.15625 0.88515625 0.05078125 0.01484375
0 0.61015625 0.91484375 0.09765625 0.01484375
0 0.36875 0.915625 0.08828125 0.0140625
0 0.8421875 0.915625 0.075 0.0140625
0 0.58203125 0.9640625 0.1984375 0.01328125
0 0.75078125 0.9640625 0.10078125 0.01328125
0 0.16953125 0.9640625 0.1140625 0.01328125
0 0.84609375 0.9640625 0.06796875 0.01328125
0 0.28125 0.9640625 0.08125 0.01328125
0 0.43828125 0.9640625 0.0609375 0.01328125
0 0.3640625 0.9640625 0.0578125 0.01328125