0 0.22265625 0.1984375 0.1453125 0.0203125
0 0.36875 0.1984375 0.12734375 0.02109375
0 0.4609375 0.2 0.0328125 0.0203125
0 0.584375 0.2 0.178125 0.02109375
0 0.7546875 0.2015625 0.1375 0.0203125
0 0.3734375 0.22890625 0.11796875 0.0203125
0 0.49375 0.22890625 0.09765625 0.0203125
0 0.61171875 0.22890625 0.10703125 0.02109375
0 0.4890625 0.2703125 0.1625 0.02265625
0 0.428125 0.29140625 0.04296875 0.0171875
0 0.33984375 0.29140625 0.11171875 0.02265625
0 0.59140625 0.29375 0.23046875 0.02421875
0 0.51953125 0.31484375 0.10390625 0.01875
0 0.35390625 0.31640625 0.2125 0.01875
0 0.653125 0.31640625 0.153125 0.0203125
0 0.43046875 0.3390625 0.15234375 0.01875
0 0.56875 0.33984375 0.11015625 0.0203125
0 0.3375 0.3625 0.08984375 0.0171875
0 0.45390625 0.3625 0.12578125 0.01875
0 0.60625 0.36328125 0.15859375 0.01796875
0 0.38203125 0.41015625 0.053125 0.01796875
0 0.48046875 0.41171875 0.11953125 0.0171875
0 0.5859375 0.41171875 0.06640625 0.0171875
0 0.146875 0.45859375 0.1046875 0.0171875
0 0.38828125 0.46015625 0.18046875 0.0171875
0 0.35859375 0.4828125 0.1296875 0.01796875
0 0.51640625 0.484375 0.12734375 0.0171875
0 0.61875 0.484375 0.059375 0.01640625
0 0.128125 0.48515625 0.0671875 0.028125
0 0.14921875 0.50625 0.109375 0.0171875
0 0.34296875 0.50703125 0.0890625 0.0171875
0 0.334375 0.53046875 0.06953125 0.0171875
0 0.1578125 0.53125 0.128125 0.02265625
0 0.12890625 0.56875 0.07109375 0.01875
0 0.7390625 0.56953125 0.11953125 0.0171875
0 0.3390625 0.57109375 0.0609375 0.028125
0 0.5015625 0.57265625 0.0796875 0.0265625
0 0.16875 0.6 0.1484375 0.0171875
0 0.3171875 0.60078125 0.128125 0.01796875
0 0.48359375 0.6015625 0.19453125 0.01640625
0 0.65625 0.60390625 0.128125 0.02265625
0 0.35625 0.62421875 0.01484375 0.01796875
0 0.4921875 0.62421875 0.1015625 0.01796875
0 0.74921875 0.62578125 0.096875 0.0171875
0 0.1765625 0.62578125 0.16328125 0.02890625
0 0.86171875 0.62578125 0.04765625 0.0171875
0 0.16796875 0.65546875 0.15 0.01875
0 0.36875 0.65625 0.0390625 0.0171875
0 0.49296875 0.65625 0.19453125 0.0171875
0 0.29921875 0.65625 0.08359375 0.0203125
0 0.65625 0.66015625 0.11015625 0.021875
0 0.17578125 0.678125 0.1640625 0.02109375
0 0.35390625 0.68046875 0.01484375 0.0171875
0 0.74921875 0.68203125 0.096875 0.01640625
0 0.86171875 0.68203125 0.0484375 0.0171875
0 0.50078125 0.68359375 0.084375 0.028125
0 0.546875 0.728125 0.125 0.0171875
0 0.83203125 0.72890625 0.1 0.01640625
0 0.3921875 0.73046875 0.17109375 0.02265625
0 0.49375 0.75859375 0.0734375 0.0171875
0 0.57578125 0.75859375 0.06640625 0.01796875
0 0.83125 0.759375 0.1015625 0.0171875
0 0.4953125 0.78125 0.0734375 0.01796875
0 0.57265625 0.78203125 0.07109375 0.01875
0 0.85 0.7828125 0.0640625 0.0171875
0 0.8484375 0.80703125 0.0640625 0.0171875
0 0.5109375 0.809375 0.115625 0.02734375
0 0.53671875 0.84765625 0.15625 0.0203125
0 0.84921875 0.84765625 0.06328125 0.01875
0 0.1296875 0.89296875 0.07109375 0.01875
0 0.6421875 0.89375 0.05625 0.0171875
0 0.43984375 0.89375 0.1203125 0.0171875
0 0.24296875 0.89609375 0.14453125 0.02109375
0 0.21171875 0.92578125 0.04765625 0.01953125
0 0.43671875 0.92578125 0.09609375 0.0171875
0 0.121875 0.92578125 0.04921875 0.0203125
0 0.6421875 0.92578125 0.08359375 0.0171875
0 0.44609375 0.96484375 0.128125 0.0171875
0 0.55625 0.96484375 0.08125 0.0171875
0 0.36875 0.9875 0.13828125 0.0234375
0 0.49921875 0.98828125 0.1 0.02265625
0 0.61875 0.98828125 0.1203125 0.02109375