0 0.48515625 0.1328125 0.43125 0.0734375
0 0.1671875 0.1890625 0.096875 0.01953125
0 0.26875 0.1890625 0.05703125 0.01953125
0 0.37890625 0.1890625 0.1140625 0.01953125
0 0.14921875 0.20859375 0.05625 0.01953125
0 0.3109375 0.20859375 0.21796875 0.01953125
0 0.4625 0.20859375 0.03125 0.01953125
0 0.159375 0.2265625 0.0765625 0.01953125
0 0.29921875 0.2265625 0.1515625 0.01953125
0 0.43828125 0.2265625 0.05859375 0.01953125
0 0.53359375 0.2265625 0.09765625 0.01953125
0 0.65859375 0.2265625 0.09765625 0.01953125
0 0.7609375 0.2265625 0.05625 0.01953125
0 0.84765625 0.2265625 0.02421875 0.01953125
0 0.18203125 0.24453125 0.0765625 0.01796875
0 0.2625 0.24453125 0.0359375 0.01875
0 0.296875 0.24453125 0.0125 0.01875
0 0.31640625 0.24453125 0.0125 0.01875
0 0.4328125 0.24375 0.096875 0.01875
0 0.1921875 0.2640625 0.1375 0.01640625
0 0.36328125 0.2640625 0.15625 0.01640625
0 0.60703125 0.2640625 0.2796875 0.01640625
0 0.19609375 0.31875 0.09453125 0.0171875
0 0.4234375 0.31875 0.1890625 0.0171875
0 0.18515625 0.3359375 0.0703125 0.015625
0 0.37734375 0.3359375 0.090625 0.015625
0 0.246875 0.35390625 0.03125 0.01640625
0 0.36484375 0.353125 0.07421875 0.01640625
0 0.2546875 0.3875 0.2484375 0.01796875
0 0.159375 0.40546875 0.05234375 0.01640625
0 0.315625 0.4046875 0.0140625 0.01640625
0 0.3953125 0.4046875 0.09453125 0.015625
0 0.20546875 0.42109375 0.15 0.0140625
0 0.49453125 0.41875 0.0140625 0.01171875
0 0.73671875 0.41640625 0.0140625 0.01328125
0 0.7984375 0.4125 0.10234375 0.0078125
0 0.2265625 0.46953125 0.1109375 0.01328125
0 0.22421875 0.48515625 0.1109375 0.01484375
0 0.75 0.46015625 0.01015625 0.01484375
0 0.81015625 0.46015625 0.07890625 0.01484375
0 0.7328125 0.4765625 0.009375 0.01484375
0 0.796875 0.47578125 0.09921875 0.01484375
0 0.73359375 0.5296875 0.01015625 0.01640625
0 0.79609375 0.5296875 0.1 0.01484375
0 0.2078125 0.53203125 0.090625 0.0171875
0 0.32734375 0.53125 0.09296875 0.0171875
0 0.17109375 0.55 0.08984375 0.01796875
0 0.32734375 0.54921875 0.1703125 0.01796875
0 0.21015625 0.56640625 0.1734375 0.01484375
0 0.3890625 0.565625 0.00234375 0.015625
0 0.459375 0.565625 0.1140625 0.015625
0 0.19140625 0.6 0.0546875 0.0171875
0 0.28984375 0.6 0.08984375 0.0171875
0 0.41171875 0.6 0.05390625 0.0171875
0 0.51015625 0.6 0.090625 0.0171875
0 0.634375 0.6 0.09296875 0.0171875
0 0.17109375 0.61640625 0.0140625 0.01328125
0 0.19140625 0.61640625 0.0140625 0.01328125
0 0.43046875 0.6171875 0.01015625 0.01640625
0 0.4921875 0.6171875 0.0953125 0.01640625
0 0.815625 0.59765625 0.05859375 0.01640625
0 0.80859375 0.6171875 0.071875 0.01640625
0 0.19140625 0.65 0.134375 0.01484375
0 0.3015625 0.65 0.03515625 0.01484375
0 0.43125 0.65 0.0953125 0.01484375
0 0.1921875 0.6671875 0.1328125 0.01640625
0 0.32265625 0.6671875 0.071875 0.01640625
0 0.48203125 0.6671875 0.0734375 0.01640625
0 0.6234375 0.6671875 0.15625 0.01640625
0 0.14296875 0.7015625 0.03359375 0.0171875
0 0.27890625 0.7015625 0.20078125 0.0171875
0 0.44140625 0.7015625 0.07109375 0.0171875
0 0.54296875 0.7015625 0.0703125 0.0171875
0 0.72734375 0.7015625 0.23515625 0.0171875
0 0.1703125 0.7171875 0.09296875 0.01640625
0 0.3109375 0.7171875 0.1328125 0.01640625
0 0.4484375 0.7171875 0.08984375 0.01640625
0 0.57890625 0.7171875 0.109375 0.01640625
0 0.70625 0.7171875 0.071875 0.01640625
0 0.82890625 0.7171875 0.11171875 0.01640625
0 0.19140625 0.734375 0.1296875 0.0171875
0 0.31171875 0.734375 0.05 0.0171875
0 0.41015625 0.734375 0.09296875 0.0171875
0 0.51796875 0.734375 0.06875 0.0171875
0 0.60234375 0.734375 0.03515625 0.0171875
0 0.72578125 0.734375 0.15703125 0.0171875
0 0.85859375 0.734375 0.0515625 0.0171875
0 0.15625 0.75234375 0.06796875 0.01640625
0 0.34765625 0.75234375 0.25078125 0.01640625
0 0.4890625 0.75234375 0.01015625 0.01640625
0 0.1484375 0.76640625 0.05 0.015625
0 0.19921875 0.76640625 0.03515625 0.015625
0 0.3078125 0.76640625 0.13046875 0.01640625
0 0.50078125 0.76796875 0.196875 0.0171875
0 0.6125 0.7671875 0.00078125 0.015625
0 0.653125 0.76875 0.0546875 0.01640625
0 0.125 0.78203125 0.00703125 0.01640625
0 0.178125 0.78203125 0.07421875 0.01640625
0 0.23125 0.78203125 0.0078125 0.01640625
0 0.28828125 0.78203125 0.0546875 0.01640625
0 0.35859375 0.78203125 0.03515625 0.01640625
0 0.4203125 0.78203125 0.03125 0.01640625
0 0.17578125 0.81484375 0.1140625 0.01484375
0 0.2765625 0.81484375 0.03515625 0.01484375
0 0.3265625 0.81484375 0.00234375 0.01484375
0 0.51953125 0.81484375 0.32265625 0.015625
0 0.175 0.83125 0.1140625 0.01328125
0 0.33828125 0.83203125 0.06875 0.015625
0 0.42578125 0.83203125 0.0546875 0.015625
0 0.49765625 0.83203125 0.03515625 0.015625
0 0.6828125 0.83203125 0.284375 0.01640625
0 0.8703125 0.83203125 0.0375 0.015625
0 0.19140625 0.8484375 0.15 0.015625
0 0.315625 0.8484375 0.0375 0.015625
0 0.346875 0.8484375 0.01015625 0.015625
0 0.37421875 0.8484375 0.0375 0.015625
0 0.40625 0.8484375 0.01015625 0.015625
0 0.4578125 0.8484375 0.07890625 0.015625
0 0.5984375 0.8484375 0.1546875 0.015625
0 0.6953125 0.8484375 0.0078125 0.015625
0 0.73671875 0.8484375 0.05625 0.015625
0 0.77421875 0.8484375 0.0078125 0.015625
0 0.13984375 0.86328125 0.05390625 0.01328125
0 0.1796875 0.86328125 0.00078125 0.01328125
0 0.26484375 0.8640625 0.1328125 0.0140625
0 0.353125 0.8640625 0.0375 0.01328125
0 0.3859375 0.8640625 0.009375 0.01328125
0 0.45859375 0.86484375 0.115625 0.0140625
0 0.278125 0.88046875 0.3390625 0.0140625
0 0.24296875 0.89609375 0.28125 0.01484375
0 0.15234375 0.91328125 0.0921875 0.015625
0 0.29453125 0.9140625 0.134375 0.01640625
0 0.39921875 0.9140625 0.00078125 0.015625
0 0.4734375 0.9140625 0.07421875 0.015625
0 0.565625 0.9140625 0.05625 0.01640625
0 0.62890625 0.9140625 0.01484375 0.015625
0 0.69375 0.9140625 0.05390625 0.015625