0 0.34765625 0.11875 0.0859375 0.0140625
0 0.6296875 0.11875 0.05078125 0.01328125
0 0.46171875 0.11875 0.1046875 0.01328125
0 0.55859375 0.11875 0.05234375 0.01328125
0 0.48046875 0.13671875 0.16796875 0.015625
0 0.35859375 0.1734375 0.13203125 0.0140625
0 0.56796875 0.1734375 0.20546875 0.0140625
0 0.3765625 0.1921875 0.03359375 0.01484375
0 0.5875 0.1921875 0.13828125 0.01484375
0 0.3234375 0.19296875 0.03203125 0.01328125
0 0.45625 0.19296875 0.08671875 0.0140625
0 0.53359375 0.2109375 0.09921875 0.01484375
0 0.42109375 0.21171875 0.0859375 0.01328125
0 0.58984375 0.22890625 0.10234375 0.0140625
0 0.36875 0.2296875 0.0859375 0.0140625
0 0.47421875 0.2296875 0.0859375 0.0140625
0 0.571875 0.24765625 0.2078125 0.01484375
0 0.33359375 0.24765625 0.05 0.0140625
0 0.3984375 0.24921875 0.0359375 0.0140625
0 0.52890625 0.28984375 0.1265625 0.0265625
0 0.421875 0.2921875 0.05625 0.02734375
0 0.440625 0.33203125 0.3359375 0.01484375
0 0.190625 0.3328125 0.084375 0.01640625
0 0.71484375 0.35078125 0.1390625 0.01640625
0 0.58046875 0.35078125 0.084375 0.0140625
0 0.69921875 0.36875 0.06953125 0.01484375
0 0.58203125 0.36953125 0.08203125 0.0140625
0 0.5859375 0.3875 0.08984375 0.01484375
0 0.79453125 0.3875 0.08359375 0.01328125
0 0.2 0.38828125 0.10234375 0.01328125
0 0.35390625 0.38828125 0.1578125 0.01328125
0 0.80625 0.42421875 0.03515625 0.0140625
0 0.7171875 0.425 0.103125 0.01328125
0 0.24765625 0.4265625 0.196875 0.01640625
0 0.80625 0.4796875 0.03359375 0.0140625
0 0.72734375 0.4796875 0.0859375 0.0140625
0 0.47890625 0.4796875 0.05 0.01328125
0 0.38203125 0.4796875 0.1046875 0.01484375
0 0.23046875 0.48046875 0.159375 0.0140625
0 0.8078125 0.515625 0.03359375 0.0140625
0 0.72734375 0.51640625 0.08671875 0.01328125
0 0.23046875 0.5171875 0.159375 0.0140625
0 0.36484375 0.5171875 0.06875 0.0140625
0 0.459375 0.5171875 0.08359375 0.0140625
0 0.8078125 0.55390625 0.03359375 0.01328125
0 0.7390625 0.55390625 0.065625 0.01328125
0 0.4625 0.55390625 0.08671875 0.01484375
0 0.36484375 0.5546875 0.06875 0.01328125
0 0.23125 0.5546875 0.15703125 0.01328125
0 0.36484375 0.59140625 0.06875 0.0140625
0 0.4984375 0.59140625 0.16015625 0.0140625
0 0.6234375 0.59140625 0.0484375 0.01328125
0 0.6765625 0.59140625 0.01484375 0.01328125
0 0.22890625 0.5921875 0.15390625 0.01328125
0 0.8453125 0.609375 0.03359375 0.0140625
0 0.73203125 0.609375 0.08359375 0.0140625
0 0.365625 0.61015625 0.06953125 0.0140625
0 0.2140625 0.6109375 0.01484375 0.01328125
0 0.303125 0.6109375 0.01484375 0.00859375
0 0.25859375 0.61328125 0.03203125 0.0125
0 0.73203125 0.665625 0.08828125 0.01328125
0 0.51875 0.665625 0.05234375 0.0140625
0 0.58046875 0.665625 0.03359375 0.0140625
0 0.1953125 0.66640625 0.08203125 0.01484375
0 0.2765625 0.665625 0.0359375 0.01328125
0 0.39765625 0.66640625 0.153125 0.01640625
0 0.740625 0.68359375 0.06875 0.0140625
0 0.34453125 0.684375 0.06953125 0.015625
0 0.2234375 0.68515625 0.14296875 0.01640625
0 0.73125 0.70234375 0.08671875 0.0140625
0 0.321875 0.70390625 0.1234375 0.0140625
0 0.1953125 0.70390625 0.08203125 0.015625
0 0.72421875 0.740625 0.10546875 0.01484375
0 0.1890625 0.74140625 0.06953125 0.01484375
0 0.76171875 0.79609375 0.10859375 0.01484375
0 0.571875 0.796875 0.08828125 0.0140625
0 0.259375 0.79765625 0.0359375 0.01328125
0 0.178125 0.79765625 0.05234375 0.0140625
0 0.40234375 0.79921875 0.03359375 0.0109375
0 0.73359375 0.815625 0.08828125 0.0140625
0 0.28515625 0.815625 0.08046875 0.01484375
0 0.3765625 0.815625 0.05078125 0.0140625
0 0.1875 0.81640625 0.065625 0.0140625
0 0.240625 0.85390625 0.03828125 0.015625
0 0.76953125 0.85390625 0.025 0.0140625
0 0.325 0.8546875 0.08046875 0.01796875
0 0.171875 0.8546875 0.03984375 0.01796875
0 0.29140625 0.92890625 0.08671875 0.01484375
0 0.4953125 0.92890625 0.10703125 0.015625
0 0.70859375 0.9296875 0.10078125 0.01640625
0 0.60234375 0.9296875 0.07109375 0.01171875
0 0.3859375 0.93125 0.065625 0.01328125