0 0.11953125 0.03046875 0.178125 0.0140625
0 0.25390625 0.215625 0.13828125 0.01640625
0 0.41328125 0.215625 0.1171875 0.01640625
0 0.63671875 0.215625 0.26484375 0.01796875
0 0.19296875 0.23671875 0.0609375 0.01484375
0 0.2734375 0.23671875 0.053125 0.01640625
0 0.45859375 0.23671875 0.25234375 0.01484375
0 0.703125 0.2375 0.1734375 0.01640625
0 0.25703125 0.25703125 0.0609375 0.015625
0 0.6828125 0.2578125 0.059375 0.01640625
0 0.78828125 0.2578125 0.09921875 0.01640625
0 0.16640625 0.25859375 0.05 0.01640625
0 0.37421875 0.25859375 0.125 0.01640625
0 0.5390625 0.25859375 0.15390625 0.01640625
0 0.71953125 0.278125 0.05 0.015625
0 0.61796875 0.278125 0.10234375 0.01640625
0 0.29375 0.27890625 0.13515625 0.01640625
0 0.4640625 0.27890625 0.13515625 0.01640625
0 0.38359375 0.29921875 0.0609375 0.01640625
0 0.51328125 0.29921875 0.14140625 0.01640625
0 0.77734375 0.34140625 0.08203125 0.01640625
0 0.125 0.34296875 0.14453125 0.015625
0 0.31875 0.34296875 0.1046875 0.01796875
0 0.57578125 0.34296875 0.07578125 0.01796875
0 0.65703125 0.34375 0.03984375 0.025
0 0.6265625 0.36328125 0.16875 0.01796875
0 0.3515625 0.36328125 0.1671875 0.0171875
0 0.7890625 0.36328125 0.10078125 0.015625
0 0.88359375 0.36328125 0.03984375 0.015625
0 0.125 0.36484375 0.14453125 0.0171875
0 0.58984375 0.40625 0.09140625 0.01640625
0 0.79453125 0.40625 0.16015625 0.01640625
0 0.2546875 0.4078125 0.2328125 0.01796875
0 0.553125 0.44921875 0.14609375 0.01640625
0 0.41328125 0.45 0.08203125 0.01484375
0 0.11640625 0.45 0.1234375 0.015625
0 0.3171875 0.45 0.0625 0.015625
0 0.7875 0.4703125 0.10078125 0.01484375
0 0.871875 0.4703125 0.01953125 0.01484375
0 0.2015625 0.47109375 0.1234375 0.015625
0 0.084375 0.47109375 0.059375 0.015625
0 0.534375 0.47109375 0.109375 0.01796875
0 0.4671875 0.49140625 0.0609375 0.01484375
0 0.11640625 0.49140625 0.1234375 0.01640625
0 0.328125 0.49140625 0.165625 0.01640625
0 0.084375 0.5125 0.059375 0.01640625
0 0.17890625 0.5125 0.08203125 0.01640625
0 0.7984375 0.5125 0.07890625 0.01640625
0 0.871875 0.5125 0.01953125 0.01640625
0 0.10546875 0.5546875 0.10078125 0.0171875
0 0.2890625 0.55546875 0.20234375 0.01796875
0 0.45 0.55546875 0.07578125 0.01796875
0 0.7890625 0.55625 0.1078125 0.01640625
0 0.13671875 0.59765625 0.1671875 0.01640625
0 0.79609375 0.59765625 0.08359375 0.01484375
0 0.08125 0.61953125 0.0625 0.0171875
0 0.759375 0.61953125 0.0484375 0.015625
0 0.81796875 0.61953125 0.03984375 0.015625
0 0.81796875 0.640625 0.03984375 0.015625
0 0.74921875 0.640625 0.0671875 0.01640625
0 0.1140625 0.64140625 0.125 0.01640625
0 0.75859375 0.6625 0.05 0.01484375
0 0.81796875 0.6625 0.03984375 0.01484375
0 0.1984375 0.6640625 0.296875 0.02578125
0 0.71953125 0.70390625 0.059375 0.01640625
0 0.79453125 0.7046875 0.0671875 0.01640625
0 0.10234375 0.7046875 0.0609375 0.01484375
0 0.48203125 0.7046875 0.26484375 0.0171875
0 0.2296875 0.7046875 0.14765625 0.0171875
0 0.51953125 0.725 0.07890625 0.01640625
0 0.7734375 0.725 0.08359375 0.01640625
0 0.08125 0.72578125 0.059375 0.0171875
0 0.16015625 0.72578125 0.0515625 0.015625
0 0.23125 0.72578125 0.0640625 0.015625
0 0.7734375 0.746875 0.08359375 0.0171875
0 0.06953125 0.746875 0.03984375 0.01640625
0 0.13828125 0.746875 0.0515625 0.01640625
0 0.20859375 0.746875 0.0640625 0.01640625
0 0.51015625 0.74765625 0.109375 0.01796875
0 0.80546875 0.8515625 0.0609375 0.01640625
0 0.60234375 0.8515625 0.29375 0.01640625
0 0.39921875 0.85234375 0.0625 0.01484375
0 0.303125 0.85234375 0.08359375 0.01640625
0 0.18671875 0.85234375 0.1046875 0.01640625
0 0.2609375 0.8734375 0.25234375 0.01640625
0 0.475 0.8734375 0.121875 0.01484375
0 0.56953125 0.8734375 0.01953125 0.01484375
0 0.6453125 0.8734375 0.08359375 0.01484375
0 0.75234375 0.8734375 0.08203125 0.01484375
0 0.29296875 0.89375 0.14609375 0.01640625
0 0.43203125 0.89375 0.08359375 0.01640625
0 0.54921875 0.89375 0.10234375 0.01484375
0 0.653125 0.89375 0.0640625 0.01484375
0 0.7328125 0.89375 0.03671875 0.01484375
0 0.596875 0.91484375 0.19921875 0.01640625
0 0.36640625 0.915625 0.21015625 0.01640625
0 0.4640625 0.9359375 0.01640625 0.01484375
0 0.1828125 0.93671875 0.0546875 0.015625
0 0.28359375 0.93671875 0.07890625 0.015625
0 0.3890625 0.93671875 0.07890625 0.015625
0 0.60234375 0.93671875 0.20703125 0.0171875
0 0.7609375 0.93828125 0.0609375 0.0109375
0 0.44140625 0.95703125 0.01953125 0.01484375
0 0.2609375 0.9578125 0.296875 0.0171875
0 0.69765625 0.9578125 0.27421875 0.01796875
0 0.5046875 0.96015625 0.0625 0.0109375
0 0.37421875 0.978125 0.14140625 0.01484375
0 0.56953125 0.978125 0.1859375 0.0125