0 0.24453125 0.13125 0.1421875 0.0171875
0 0.56953125 0.13125 0.10859375 0.01796875
0 0.41640625 0.13203125 0.15859375 0.01640625
0 0.7234375 0.1328125 0.16953125 0.0171875
0 0.4921875 0.15078125 0.2640625 0.0171875
0 0.30625 0.17265625 0.06484375 0.0140625
0 0.384375 0.1734375 0.059375 0.01328125
0 0.48125 0.1734375 0.10859375 0.01328125
0 0.6296875 0.17421875 0.15859375 0.0140625
0 0.29453125 0.1953125 0.1015625 0.01328125
0 0.43984375 0.19609375 0.1640625 0.01640625
0 0.63984375 0.196875 0.2078125 0.0140625
0 0.184375 0.23125 0.06015625 0.01328125
0 0.35625 0.23203125 0.21640625 0.0140625
0 0.54921875 0.23203125 0.06484375 0.01328125
0 0.72109375 0.23203125 0.215625 0.0140625
0 0.32890625 0.2546875 0.0734375 0.01328125
0 0.39609375 0.25546875 0.03125 0.01328125
0 0.56484375 0.25546875 0.2453125 0.01484375
0 0.40390625 0.2828125 0.07421875 0.0171875
0 0.53359375 0.28359375 0.16171875 0.01796875
0 0.11875 0.30234375 0.040625 0.0140625
0 0.06484375 0.303125 0.0421875 0.0140625
0 0.0859375 0.3265625 0.08046875 0.01484375
0 0.30234375 0.32734375 0.09609375 0.0140625
0 0.18984375 0.32734375 0.1046875 0.01328125
0 0.4765625 0.328125 0.2265625 0.01484375
0 0.0703125 0.34765625 0.053125 0.01328125
0 0.1171875 0.34765625 0.009375 0.01328125
0 0.19453125 0.3484375 0.10859375 0.01328125
0 0.3875 0.34921875 0.01640625 0.0125
0 0.3125 0.34921875 0.1015625 0.01328125
0 0.10625 0.36796875 0.121875 0.01484375
0 0.2296875 0.36953125 0.096875 0.01328125
0 0.33828125 0.3703125 0.09921875 0.0125
0 0.12265625 0.39140625 0.15390625 0.0140625
0 0.31484375 0.39296875 0.196875 0.01328125
0 0.1515625 0.4140625 0.21875 0.0140625
0 0.14296875 0.43515625 0.04765625 0.0140625
0 0.078125 0.43515625 0.06171875 0.0140625
0 0.4109375 0.4359375 0.2125 0.01484375
0 0.68203125 0.43671875 0.07578125 0.0140625
0 0.84609375 0.4375 0.1796875 0.0140625
0 0.10703125 0.45859375 0.12265625 0.01328125
0 0.35625 0.459375 0.09609375 0.01328125
0 0.6828125 0.4609375 0.0828125 0.01328125
0 0.828125 0.46171875 0.134375 0.0125
0 0.14609375 0.48203125 0.20546875 0.01484375
0 0.68359375 0.48515625 0.059375 0.01640625
0 0.60703125 0.51796875 0.08515625 0.01328125
0 0.79453125 0.51796875 0.0796875 0.0171875
0 0.07578125 0.5328125 0.07109375 0.0125
0 0.609375 0.5328125 0.10859375 0.015625
0 0.46640625 0.53359375 0.10859375 0.0125
0 0.33046875 0.534375 0.05625 0.01640625
0 0.78203125 0.53515625 0.115625 0.0125
0 0.91171875 0.5375 0.0625 0.01640625
0 0.09609375 0.55234375 0.09921875 0.01171875
0 0.3328125 0.553125 0.00859375 0.00859375
0 0.60703125 0.553125 0.07890625 0.0125
0 0.465625 0.553125 0.07734375 0.0125
0 0.8 0.55390625 0.07890625 0.0125
0 0.92421875 0.55546875 0.0375 0.01171875
0 0.090625 0.5734375 0.08828125 0.0125
0 0.1953125 0.57421875 0.096875 0.0125
0 0.278125 0.57578125 0.040625 0.01328125
0 0.33046875 0.59765625 0.01328125 0.0125
0 0.125 0.5984375 0.0796875 0.015625
0 0.20234375 0.5984375 0.05625 0.01640625
0 0.79921875 0.6 0.09140625 0.01875
0 0.2125 0.63515625 0.07734375 0.0140625
0 0.30703125 0.6359375 0.08203125 0.0125
0 0.79921875 0.6375 0.0890625 0.01328125
0 0.57734375 0.6375 0.084375 0.01640625
0 0.44296875 0.6390625 0.16171875 0.01796875
0 0.5515625 0.6640625 0.13828125 0.01484375
0 0.81015625 0.66484375 0.06796875 0.01328125
0 0.54140625 0.69140625 0.1609375 0.0140625
0 0.81015625 0.6921875 0.06796875 0.0140625
0 0.80859375 0.71875 0.0703125 0.01328125
0 0.54609375 0.7203125 0.146875 0.01796875
0 0.1484375 0.7453125 0.08515625 0.01328125
0 0.25234375 0.7453125 0.09296875 0.01484375
0 0.509375 0.746875 0.03359375 0.0140625
0 0.796875 0.746875 0.09140625 0.0140625
0 0.39609375 0.74765625 0.16953125 0.01640625
0 0.58046875 0.7484375 0.08515625 0.01796875
0 0.56875 0.77421875 0.10234375 0.01328125
0 0.796875 0.77421875 0.09140625 0.0140625
0 0.80859375 0.7953125 0.0703125 0.01328125
0 0.5546875 0.79609375 0.134375 0.01796875
0 0.2859375 0.84140625 0.18828125 0.01640625
0 0.14296875 0.8421875 0.071875 0.01484375
0 0.14453125 0.8671875 0.0671875 0.015625
0 0.23359375 0.86796875 0.08828125 0.0140625
0 0.39296875 0.8703125 0.028125 0.01640625
0 0.8640625 0.87109375 0.07578125 0.01875
0 0.5859375 0.871875 0.1609375 0.01640625
0 0.78359375 0.87265625 0.06171875 0.01484375
0 0.1375 0.88828125 0.04609375 0.01328125
0 0.39296875 0.88984375 0.01640625 0.01328125
0 0.6203125 0.89140625 0.09140625 0.01328125
0 0.86953125 0.89296875 0.0671875 0.01328125
0 0.3671875 0.9140625 0.0890625 0.01484375
0 0.61875 0.9140625 0.09375 0.0140625
0 0.86640625 0.915625 0.0734375 0.01484375
0 0.2703125 0.953125 0.0796875 0.0125
0 0.15859375 0.95390625 0.1140625 0.01171875
0 0.353125 0.9546875 0.06015625 0.0125
0 0.4265625 0.9546875 0.0625 0.0125
0 0.74296875 0.9546875 0.10234375 0.0125
0 0.57578125 0.95546875 0.2078125 0.01328125
0 0.83828125 0.95546875 0.06484375 0.0125