0 0.24296875 0.24296875 0.05 0.01171875
0 0.35234375 0.24296875 0.11171875 0.01171875
0 0.54609375 0.24296875 0.0546875 0.01171875
0 0.62578125 0.24296875 0.0546875 0.01171875
0 0.46640625 0.24375 0.04765625 0.01328125
0 0.34609375 0.25859375 0.0546875 0.0125
0 0.26640625 0.25859375 0.05078125 0.01328125
0 0.525 0.25859375 0.171875 0.01484375
0 0.56640625 0.27421875 0.09453125 0.0125
0 0.32578125 0.27421875 0.01328125 0.0109375
0 0.66640625 0.27421875 0.0546875 0.0125
0 0.12578125 0.27421875 0.05234375 0.0109375
0 0.23671875 0.27421875 0.11015625 0.0109375
0 0.42578125 0.27421875 0.12578125 0.0140625
0 0.73359375 0.27578125 0.03046875 0.01328125
0 0.18515625 0.28984375 0.134375 0.0125
0 0.40546875 0.28984375 0.253125 0.01328125
0 0.64296875 0.290625 0.17109375 0.0140625
0 0.18515625 0.30546875 0.09453125 0.0125
0 0.29453125 0.30546875 0.07265625 0.0125
0 0.65546875 0.30546875 0.15390625 0.01328125
0 0.45234375 0.30703125 0.190625 0.0140625
0 0.29609375 0.321875 0.0328125 0.0125
0 0.35546875 0.321875 0.0328125 0.0125
0 0.5640625 0.321875 0.25078125 0.01484375
0 0.215625 0.321875 0.0703125 0.0140625
0 0.36640625 0.3390625 0.16953125 0.01328125
0 0.52265625 0.3390625 0.09296875 0.01328125
0 0.33515625 0.35390625 0.07421875 0.0125
0 0.47578125 0.35390625 0.1515625 0.01328125
0 0.10390625 0.38359375 0.13359375 0.0125
0 0.29375 0.38359375 0.19296875 0.0125
0 0.46484375 0.384375 0.09296875 0.0125
0 0.65546875 0.384375 0.075 0.0125
0 0.565625 0.384375 0.0546875 0.0125
0 0.73671875 0.384375 0.03125 0.01484375
0 0.81640625 0.384375 0.0328125 0.01171875
0 0.07421875 0.3984375 0.07421875 0.0125
0 0.23515625 0.4 0.1140625 0.01328125
0 0.1640625 0.41484375 0.253125 0.0109375
0 0.50703125 0.41484375 0.05078125 0.0125
0 0.61484375 0.41484375 0.07421875 0.0125
0 0.75546875 0.41484375 0.07421875 0.0125
0 0.10390625 0.4296875 0.13359375 0.0125
0 0.2953125 0.4296875 0.1953125 0.0125
0 0.565625 0.4296875 0.0546875 0.0125
0 0.46640625 0.43046875 0.096875 0.01328125
0 0.65546875 0.43046875 0.07265625 0.0109375
0 0.77734375 0.43046875 0.11171875 0.01328125
0 0.07421875 0.4453125 0.07265625 0.0125
0 0.23359375 0.44609375 0.1140625 0.01484375
0 0.615625 0.46171875 0.08515625 0.0125
0 0.50703125 0.46171875 0.05078125 0.01171875
0 0.1640625 0.46171875 0.253125 0.01171875
0 0.75546875 0.4625 0.07421875 0.0109375
0 0.1140625 0.478125 0.15546875 0.0125
0 0.31484375 0.478125 0.1953125 0.0125
0 0.65703125 0.478125 0.15 0.0125
0 0.4953125 0.478125 0.1125 0.01328125
0 0.815625 0.478125 0.03359375 0.0109375
0 0.103125 0.49375 0.1359375 0.0125
0 0.24453125 0.49375 0.01328125 0.0125
0 0.10234375 0.509375 0.134375 0.0125
0 0.484375 0.509375 0.00625 0.0125
0 0.525 0.509375 0.01484375 0.0125
0 0.6046875 0.509375 0.09453125 0.0125
0 0.7453125 0.509375 0.09453125 0.0125
0 0.24296875 0.540625 0.015625 0.0125
0 0.82578125 0.54140625 0.01484375 0.0109375
0 0.103125 0.54140625 0.13125 0.01328125
0 0.69296875 0.54140625 0.1125 0.01328125
0 0.08203125 0.5703125 0.08828125 0.01328125
0 0.33359375 0.57109375 0.11484375 0.0125
0 0.19609375 0.57109375 0.075 0.01328125
0 0.6953125 0.57109375 0.03515625 0.0125
0 0.78515625 0.57109375 0.09453125 0.0125
0 0.07265625 0.58671875 0.075 0.0125
0 0.6953125 0.58671875 0.0328125 0.0125
0 0.78515625 0.58671875 0.09453125 0.0125
0 0.0625 0.61796875 0.0546875 0.0125
0 0.46171875 0.61875 0.13359375 0.01484375
0 0.6640625 0.61875 0.13125 0.01328125
0 0.1828125 0.61953125 0.134375 0.01328125
0 0.52578125 0.63359375 0.0984375 0.01328125
0 0.0625 0.634375 0.0546875 0.0125
0 0.15234375 0.634375 0.075 0.0109375
0 0.73515625 0.634375 0.07421875 0.0109375
0 0.5921875 0.68046875 0.03046875 0.0125
0 0.7359375 0.68046875 0.19375 0.0125
0 0.1125 0.68125 0.15546875 0.0125
0 0.26484375 0.68125 0.090625 0.0125
0 0.37421875 0.68125 0.07421875 0.0125
0 0.47421875 0.68125 0.07421875 0.0109375
0 0.25234375 0.696875 0.075 0.0125
0 0.51484375 0.696875 0.1140625 0.0125
0 0.39296875 0.69765625 0.07265625 0.0109375
0 0.1140625 0.69765625 0.15546875 0.0125
0 0.234375 0.728125 0.1515625 0.0125
0 0.36328125 0.728125 0.0546875 0.0125
0 0.48515625 0.728125 0.134375 0.0125
0 0.63515625 0.728125 0.1140625 0.0125
0 0.41484375 0.74296875 0.075 0.0125
0 0.24453125 0.74296875 0.01328125 0.0125
0 0.31484375 0.74296875 0.07421875 0.0125
0 0.55234375 0.74296875 0.1515625 0.0125
0 0.475 0.75859375 0.075 0.0109375
0 0.60234375 0.75859375 0.13125 0.0109375
0 0.27421875 0.75859375 0.15390625 0.0125
0 0.39609375 0.75859375 0.0328125 0.0125