0 0.10703125 0.0890625 0.10703125 0.0359375
0 0.36328125 0.09140625 0.315625 0.03671875
0 0.2359375 0.12421875 0.103125 0.03046875
0 0.3875 0.12578125 0.134375 0.03046875
0 0.61796875 0.12578125 0.2640625 0.03203125
0 0.1421875 0.15703125 0.12890625 0.03125
0 0.26796875 0.15703125 0.053125 0.03125
0 0.30625 0.15703125 0.0203125 0.03125
0 0.41484375 0.15703125 0.1796875 0.03125
0 0.6859375 0.15703125 0.290625 0.03125
0 0.371875 0.1890625 0.15234375 0.02890625
0 0.54921875 0.1890625 0.13515625 0.02890625
0 0.45390625 0.2203125 0.2671875 0.02578125
0 0.27734375 0.253125 0.184375 0.025
0 0.50390625 0.25234375 0.2140625 0.025
0 0.08828125 0.296875 0.12734375 0.02578125
0 0.50703125 0.296875 0.259375 0.0234375
0 0.06953125 0.3296875 0.10625 0.025
0 0.4828125 0.328125 0.21015625 0.025
0 0.0609375 0.3625 0.08359375 0.0328125
0 0.1546875 0.3625 0.04921875 0.03046875
0 0.3296875 0.3609375 0.003125 0.025
0 0.42578125 0.36171875 0.103125 0.0265625
0 0.14296875 0.41171875 0.24375 0.02890625
0 0.5703125 0.41171875 0.06796875 0.0265625
0 0.75625 0.4125 0.01640625 0.02890625
0 0.8125 0.4125 0.08671875 0.02890625
0 0.153125 0.4453125 0.2640625 0.02890625
0 0.75625 0.44375 0.0203125 0.01953125
0 0.8140625 0.446875 0.0890625 0.02578125
0 0.12578125 0.51484375 0.2109375 0.025
0 0.12734375 0.54765625 0.21171875 0.0234375
0 0.6875 0.51796875 0.03125 0.03046875
0 0.7765625 0.51796875 0.13828125 0.02890625
0 0.65078125 0.55234375 0.0265625 0.03046875
0 0.7625 0.55234375 0.17109375 0.03046875
0 0.08203125 0.61484375 0.13828125 0.028125
0 0.68046875 0.6234375 0.01796875 0.02734375
0 0.77890625 0.6234375 0.15546875 0.02734375
0 0.06953125 0.64921875 0.109375 0.02890625
0 0.2046875 0.64921875 0.103125 0.03046875
0 0.70859375 0.65625 0.01640625 0.028125
0 0.79140625 0.65703125 0.12890625 0.02890625
0 0.05390625 0.696875 0.07890625 0.03046875
0 0.1640625 0.7 0.07421875 0.034375
0 0.3140625 0.70078125 0.15859375 0.034375
0 0.03046875 0.7296875 0.0234375 0.025
0 0.06796875 0.7296875 0.04921875 0.025
0 0.41796875 0.73359375 0.11953125 0.025
0 0.01875 0.7640625 0.03671875 0.02578125
0 0.0734375 0.7625 0.05 0.02578125
0 0.421875 0.76484375 0.1046875 0.0265625
0 0.79921875 0.76796875 0.1203125 0.02734375
0 0.10078125 0.80859375 0.2015625 0.0296875
0 0.21953125 0.80859375 0.00390625 0.028125
0 0.3296875 0.809375 0.12578125 0.02890625
0 0.48984375 0.81015625 0.12578125 0.02890625
0 0.0890625 0.83984375 0.178125 0.0296875
0 0.221875 0.8390625 0.00703125 0.025
0 0.47734375 0.84140625 0.43203125 0.02890625
0 0.3140625 0.87265625 0.534375 0.02890625
0 0.059375 0.91796875 0.07265625 0.02578125
0 0.19296875 0.91953125 0.00390625 0.025
0 0.26015625 0.9203125 0.10078125 0.0265625
0 0.65546875 0.9234375 0.01875 0.02265625
0 0.72421875 0.92265625 0.04921875 0.0234375
0 0.76328125 0.9234375 0.00546875 0.02265625
0 0.8359375 0.9234375 0.1046875 0.02265625
0 0.29375 0.97265625 0.05234375 0.028125
0 0.38125 0.9734375 0.0421875 0.02890625
0 0.54609375 0.97421875 0.21484375 0.0296875
0 0.61875 0.09140625 0.109375 0.02890625
0 0.80234375 0.09765625 0.1171875 0.03203125
0 0.6859375 0.2515625 0.0921875 0.02265625
0 0.328125 0.33203125 0.0203125 0.015625
0 0.33046875 0.3015625 0.01015625 0.0171875
0 0.57265625 0.44765625 0.07890625 0.021875
0 0.80078125 0.73359375 0.1171875 0.02421875
0 0.15234375 0.91953125 0.05234375 0.02265625