0 0.20859375 0.17734375 0.05625 0.015625
0 0.32421875 0.178125 0.1078125 0.0171875
0 0.65234375 0.178125 0.0609375 0.015625
0 0.740625 0.178125 0.06015625 0.015625
0 0.509375 0.1796875 0.16484375 0.01796875
0 0.30234375 0.2 0.0578125 0.01796875
0 0.58671875 0.2 0.18828125 0.01875
0 0.38828125 0.20078125 0.0609375 0.01796875
0 0.14609375 0.21953125 0.0578125 0.0171875
0 0.26875 0.21953125 0.12265625 0.0171875
0 0.3671875 0.2203125 0.01640625 0.015625
0 0.63125 0.2203125 0.10234375 0.0171875
0 0.740625 0.2203125 0.06015625 0.0171875
0 0.47578125 0.22109375 0.13984375 0.01875
0 0.815625 0.221875 0.0328125 0.01875
0 0.21171875 0.24140625 0.1484375 0.0171875
0 0.45546875 0.24140625 0.28125 0.01796875
0 0.7171875 0.24296875 0.18671875 0.01875
0 0.2140625 0.2625 0.1046875 0.01640625
0 0.33359375 0.26328125 0.08046875 0.01640625
0 0.72890625 0.26328125 0.17109375 0.0171875
0 0.50703125 0.2640625 0.21015625 0.01953125
0 0.4015625 0.28359375 0.0375 0.01640625
0 0.33359375 0.284375 0.0375 0.01640625
0 0.24765625 0.284375 0.0765625 0.01875
0 0.60078125 0.284375 0.29296875 0.01953125
0 0.4875 0.30625 0.16484375 0.01953125
0 0.52109375 0.32578125 0.14765625 0.0171875
0 0.390625 0.3265625 0.05859375 0.01640625
0 0.10390625 0.36796875 0.10234375 0.01640625
0 0.225 0.36796875 0.08203125 0.01640625
0 0.9078125 0.36875 0.0375 0.01640625
0 0.1546875 0.3890625 0.21015625 0.0171875
0 0.390625 0.390625 0.1015625 0.01796875
0 0.19140625 0.409375 0.27890625 0.0171875
0 0.56640625 0.4109375 0.05625 0.015625
0 0.67734375 0.4109375 0.10078125 0.015625
0 0.83046875 0.41171875 0.09921875 0.0171875
0 0.378125 0.43125 0.17109375 0.0171875
0 0.15703125 0.43125 0.215625 0.01875
0 0.52109375 0.43125 0.06015625 0.0171875
0 0.9078125 0.4328125 0.0375 0.015625
0 0.0921875 0.4515625 0.08203125 0.0171875
0 0.2703125 0.45390625 0.121875 0.01875
0 0.190625 0.4734375 0.28125 0.01796875
0 0.56640625 0.47421875 0.05625 0.0171875
0 0.8390625 0.47421875 0.08203125 0.0171875
0 0.68671875 0.475 0.08046875 0.015625
0 0.0890625 0.49453125 0.08203125 0.0171875
0 0.3 0.49453125 0.10546875 0.0171875
0 0.19140625 0.4953125 0.06015625 0.01875
0 0.55234375 0.4953125 0.034375 0.0171875
0 0.44453125 0.4953125 0.12578125 0.0171875
0 0.9078125 0.49609375 0.0375 0.015625
0 0.09140625 0.51640625 0.08203125 0.01640625
0 0.27109375 0.5171875 0.121875 0.01875
0 0.1234375 0.5375 0.1421875 0.01640625
0 0.6625 0.5375 0.034375 0.01640625
0 0.56640625 0.5375 0.05625 0.01640625
0 0.8625 0.5375 0.0359375 0.01640625
0 0.81640625 0.5390625 0.034375 0.015625
0 0.71953125 0.5390625 0.05625 0.0234375
0 0.12421875 0.57890625 0.14296875 0.01953125
0 0.2796875 0.5796875 0.0140625 0.01640625
0 0.91640625 0.58046875 0.01796875 0.01640625
0 0.771875 0.58046875 0.12265625 0.01953125
0 0.8734375 0.58203125 0.00546875 0.0125
0 0.10078125 0.6203125 0.09921875 0.0171875
0 0.23359375 0.6203125 0.096875 0.01640625
0 0.3453125 0.62109375 0.0578125 0.015625
0 0.77421875 0.621875 0.03984375 0.01640625
0 0.8734375 0.621875 0.1015625 0.01640625
0 0.134375 0.64140625 0.17109375 0.0171875
0 0.35546875 0.6421875 0.2140625 0.0171875
0 0.78515625 0.64296875 0.06015625 0.0171875
0 0.88515625 0.64296875 0.08203125 0.015625
0 0.10078125 0.66171875 0.10390625 0.0171875
0 0.25703125 0.6625 0.1484375 0.0171875
0 0.87421875 0.6640625 0.10234375 0.0171875
0 0.77421875 0.6640625 0.03984375 0.015625
0 0.09140625 0.68359375 0.08203125 0.015625
0 0.77421875 0.684375 0.03984375 0.0171875
0 0.8734375 0.684375 0.10546875 0.0171875
0 0.1125 0.70390625 0.12578125 0.0171875
0 0.79609375 0.70546875 0.03984375 0.0171875
0 0.88515625 0.70546875 0.08203125 0.0171875
0 0.08125 0.7453125 0.06015625 0.015625
0 0.21171875 0.746875 0.1484375 0.01796875
0 0.5203125 0.746875 0.1453125 0.01796875
0 0.73984375 0.74765625 0.14453125 0.01875
0 0.08046875 0.765625 0.05625 0.01640625
0 0.19140625 0.76640625 0.10234375 0.01640625
0 0.58671875 0.76796875 0.10234375 0.01640625
0 0.81953125 0.76796875 0.08359375 0.01640625
0 0.13671875 0.82890625 0.17109375 0.0171875
0 0.41953125 0.8296875 0.078125 0.01640625
0 0.5328125 0.8296875 0.08203125 0.01640625
0 0.30234375 0.83046875 0.10078125 0.01640625
0 0.821875 0.83046875 0.21875 0.0171875
0 0.66328125 0.83125 0.03125 0.01640625
0 0.13671875 0.85 0.17109375 0.01640625
0 0.28828125 0.85 0.08359375 0.01640625
0 0.4671875 0.85078125 0.125 0.01640625
0 0.36796875 0.85078125 0.0140625 0.003125
0 0.58671875 0.85078125 0.0578125 0.01640625
0 0.41015625 0.8921875 0.06015625 0.0171875
0 0.26875 0.89296875 0.16796875 0.0171875
0 0.54375 0.89296875 0.14765625 0.0171875
0 0.70859375 0.89375 0.125 0.0171875
0 0.2796875 0.91328125 0.0171875 0.0171875
0 0.35625 0.91328125 0.08203125 0.0171875
0 0.61171875 0.91328125 0.15078125 0.01796875
0 0.4671875 0.9140625 0.08203125 0.015625
0 0.31328125 0.934375 0.16796875 0.0171875
0 0.4453125 0.934375 0.0375 0.0171875
0 0.5328125 0.93515625 0.08203125 0.0171875
0 0.66953125 0.93515625 0.13359375 0.0171875