0 0.1625 0.04921875 0.28515625 0.040625
0 0.43515625 0.05234375 0.19140625 0.04140625
0 0.61640625 0.06328125 0.08515625 0.03359375
0 0.75546875 0.06640625 0.134375 0.03671875
0 0.24453125 0.08671875 0.18828125 0.034375
0 0.40546875 0.0921875 0.05390625 0.03671875
0 0.52109375 0.10234375 0.09453125 0.03515625
0 0.73515625 0.1078125 0.2171875 0.03203125
0 0.10078125 0.1265625 0.15234375 0.03203125
0 0.48671875 0.1421875 0.284375 0.0453125
0 0.73828125 0.1453125 0.16171875 0.03359375
0 0.89453125 0.15078125 0.09921875 0.02890625
0 0.08515625 0.16796875 0.06171875 0.02890625
0 0.35859375 0.178125 0.215625 0.03203125
0 0.55078125 0.18359375 0.0765625 0.025
0 0.61015625 0.1875 0.009375 0.02734375
0 0.675 0.18671875 0.08671875 0.03046875
0 0.78828125 0.184375 0.05390625 0.03046875
0 0.875 0.18671875 0.053125 0.0265625
0 0.1546875 0.2078125 0.2375 0.04375
0 0.36953125 0.21171875 0.103125 0.040625
0 0.50546875 0.21484375 0.0453125 0.0390625
0 0.55703125 0.21640625 0.0203125 0.0390625
0 0.6171875 0.22265625 0.090625 0.028125
0 0.73984375 0.2234375 0.08671875 0.03203125
0 0.88359375 0.21875 0.11875 0.025
0 0.31171875 0.24921875 0.0609375 0.040625
0 0.353125 0.25 0.01171875 0.0390625
0 0.65859375 0.25625 0.5 0.03046875
0 0.28203125 0.28515625 0.0671875 0.040625
0 0.3375 0.28671875 0.0234375 0.03984375
0 0.3953125 0.28671875 0.075 0.04140625
0 0.471875 0.28828125 0.0234375 0.03984375
0 0.52421875 0.28984375 0.09140625 0.04140625
0 0.58671875 0.290625 0.0234375 0.040625
0 0.703125 0.29296875 0.17578125 0.0421875
0 0.909375 0.296875 0.14765625 0.0421875
0 0.11328125 0.33984375 0.140625 0.0359375
0 0.3859375 0.34296875 0.3140625 0.0390625
0 0.659375 0.346875 0.11015625 0.03515625
0 0.73671875 0.34765625 0.00390625 0.03515625
0 0.86484375 0.34921875 0.1484375 0.03671875
0 0.07890625 0.375 0.090625 0.03359375
0 0.18984375 0.37734375 0.05390625 0.0328125
0 0.23984375 0.37734375 0.01171875 0.03203125
0 0.27578125 0.3796875 0.01171875 0.03203125
0 0.32265625 0.45078125 0.10703125 0.028125
0 0.50546875 0.4515625 0.1734375 0.028125
0 0.6921875 0.4515625 0.1125 0.028125
0 0.14140625 0.51796875 0.17734375 0.03125
0 0.29296875 0.51875 0.065625 0.0296875
0 0.371875 0.51875 0.02578125 0.0296875
0 0.49453125 0.51875 0.14765625 0.03125
0 0.0921875 0.5515625 0.08359375 0.0265625
0 0.21953125 0.55234375 0.09296875 0.025
0 0.8953125 0.54921875 0.15234375 0.02890625
0 0.13984375 0.61875 0.17578125 0.0234375
0 0.24375 0.65234375 0.334375 0.034375
0 0.8921875 0.65078125 0.14375 0.02578125
0 0.12890625 0.71875 0.15078125 0.0265625
0 0.8 0.71640625 0.01640625 0.0265625
0 0.88984375 0.71640625 0.14453125 0.025
0 0.13046875 0.7828125 0.15 0.02734375
0 0.26640625 0.7828125 0.05546875 0.02734375
0 0.17265625 0.815625 0.21328125 0.02421875
0 0.09921875 0.88125 0.08515625 0.021875
0 0.20625 0.88125 0.0453125 0.021875
0 0.2484375 0.88125 0.0140625 0.021875
0 0.35625 0.88125 0.10859375 0.021875
0 0.67578125 0.88125 0.0234375 0.0296875
0 0.7515625 0.88125 0.05546875 0.0296875
0 0.79296875 0.88125 0.00546875 0.0296875
0 0.9015625 0.88125 0.1140625 0.0296875
0 0.48515625 0.9453125 0.06328125 0.02265625
0 0.66953125 0.9453125 0.2234375 0.02265625
0 0.34921875 0.94609375 0.08515625 0.025
0 0.40625 0.78203125 0.0890625 0.025
0 0.8921875 0.615625 0.1484375 0.02109375
0 0.79921875 0.65 0.02421875 0.01484375
0 0.80234375 0.61875 0.0203125 0.015625
0 0.80078125 0.55078125 0.02578125 0.01484375
0 0.1171875 0.2796875 0.19609375 0.0328125
0 0.1515625 0.24375 0.18984375 0.03203125
0 0.26328125 0.1296875 0.09921875 0.034375