0 0.3234375 0.09921875 0.046875 0.0125
0 0.4078125 0.1 0.084375 0.01484375
0 0.49140625 0.1015625 0.0515625 0.0140625
0 0.5578125 0.103125 0.05 0.0125
0 0.68359375 0.10625 0.16015625 0.01875
0 0.421875 0.11875 0.084375 0.0140625
0 0.51328125 0.11953125 0.06640625 0.0140625
0 0.5875 0.12109375 0.046875 0.0125
0 0.66328125 0.12265625 0.0640625 0.0140625
0 0.2671875 0.1328125 0.0765625 0.015625
0 0.37109375 0.134375 0.08125 0.01484375
0 0.4515625 0.1359375 0.04765625 0.0125
0 0.53828125 0.1375 0.07890625 0.01484375
0 0.63671875 0.1390625 0.08125 0.01484375
0 0.71796875 0.14140625 0.04453125 0.0125
0 0.79375 0.1421875 0.06328125 0.0125
0 0.284375 0.15078125 0.115625 0.015625
0 0.3828125 0.15390625 0.04453125 0.01484375
0 0.46640625 0.1546875 0.084375 0.0140625
0 0.559375 0.1546875 0.06640625 0.01484375
0 0.64375 0.15625 0.0640625 0.0140625
0 0.759375 0.159375 0.1296875 0.015625
0 0.246875 0.16640625 0.04375 0.0140625
0 0.415625 0.16953125 0.18046875 0.01796875
0 0.5671875 0.17265625 0.046875 0.0125
0 0.61640625 0.175 0.00546875 0.009375
0 0.7328125 0.175 0.18203125 0.015625
0 0.3828125 0.18671875 0.0484375 0.0125
0 0.5578125 0.190625 0.265625 0.0203125
0 0.528125 0.22109375 0.121875 0.01953125
0 0.2328125 0.253125 0.12890625 0.015625
0 0.35546875 0.25625 0.0484375 0.0171875
0 0.5203125 0.25703125 0.1578125 0.015625
0 0.20546875 0.2703125 0.07890625 0.0140625
0 0.38046875 0.271875 0.0984375 0.01484375
0 0.1953125 0.28671875 0.06640625 0.0140625
0 0.4140625 0.290625 0.16015625 0.015625
0 0.559375 0.2921875 0.09375 0.0140625
0 0.64609375 0.29453125 0.0640625 0.0140625
0 0.21796875 0.3046875 0.1140625 0.0140625
0 0.3921875 0.30703125 0.1328125 0.0140625
0 0.35078125 0.32421875 0.046875 0.01328125
0 0.47421875 0.32578125 0.0984375 0.0140625
0 0.2203125 0.35546875 0.13046875 0.01953125
0 0.32421875 0.3578125 0.04765625 0.01484375
0 0.47109375 0.3578125 0.0734375 0.015625
0 0.39453125 0.3578125 0.0515625 0.015625
0 0.55 0.3609375 0.05078125 0.01640625
0 0.60390625 0.36171875 0.03203125 0.01484375
0 0.725 0.3640625 0.03203125 0.01484375
0 0.85078125 0.36640625 0.02109375 0.0140625
0 0.26171875 0.37421875 0.21171875 0.015625
0 0.49375 0.378125 0.01953125 0.015625
0 0.5609375 0.37890625 0.01484375 0.0109375
0 0.6703125 0.38046875 0.065625 0.0140625
0 0.82109375 0.3828125 0.0640625 0.0125
0 0.18359375 0.40703125 0.0609375 0.0125
0 0.2734375 0.409375 0.0796875 0.0125
0 0.84296875 0.4171875 0.0125 0.01171875
0 0.18828125 0.425 0.0765625 0.0140625
0 0.81640625 0.434375 0.06640625 0.0140625
0 0.2125 0.44375 0.13046875 0.015625
0 0.378125 0.44453125 0.16171875 0.015625
0 0.81328125 0.4515625 0.06328125 0.01171875
0 0.1859375 0.459375 0.0765625 0.0125
0 0.2859375 0.46015625 0.08203125 0.0140625
0 0.41015625 0.4625 0.1328125 0.015625
0 0.8109375 0.46875 0.06640625 0.0125
0 0.87734375 0.47734375 0 0.00390625
0 0.1734375 0.49296875 0.0640625 0.0125
0 0.8015625 0.50234375 0.0765625 0.0125
0 0.18515625 0.52734375 0.0984375 0.0140625
0 0.80390625 0.53671875 0.06640625 0.0125
0 0.1578125 0.56171875 0.04765625 0.01171875
0 0.2328125 0.5625 0.0640625 0.0125
0 0.37265625 0.56484375 0.046875 0.01328125
0 0.446875 0.565625 0.059375 0.01328125
0 0.5546875 0.56875 0.11328125 0.015625
0 0.75703125 0.57109375 0.11015625 0.015625
0 0.1390625 0.57890625 0.0125 0.01171875
0 0.2125 0.5796875 0.03203125 0.0125
0 0.1734375 0.5796875 0.0125 0.00546875
0 0.5796875 0.58515625 0.06640625 0.01328125
0 0.78203125 0.5875 0.0640625 0.0140625
0 0.1359375 0.5953125 0.0125 0.01328125
0 0.17109375 0.59609375 0.01171875 0.00546875
0 0.2125 0.596875 0.03203125 0.0125
0 0.57734375 0.60234375 0.06640625 0.0125
0 0.77890625 0.60546875 0.06640625 0.0140625
0 0.17109375 0.66484375 0.0984375 0.0140625
0 0.29140625 0.66640625 0.1046875 0.01796875
0 0.16796875 0.68203125 0.0640625 0.01171875
0 0.2421875 0.68359375 0.0484375 0.0125
0 0.33671875 0.68515625 0.10390625 0.01484375
0 0.4609375 0.68828125 0.11640625 0.0140625
0 0.61171875 0.6890625 0.14765625 0.015625
0 0.7515625 0.69140625 0.09375 0.015625
0 0.1515625 0.75390625 0.07890625 0.0140625
0 0.24921875 0.75546875 0.07890625 0.0140625
0 0.3953125 0.75703125 0.16328125 0.015625
0 0.5359375 0.759375 0.07890625 0.0140625
0 0.62421875 0.7609375 0.0765625 0.0140625
0 0.16640625 0.77109375 0.0765625 0.0125
0 0.25 0.77265625 0.0484375 0.01484375
0 0.35078125 0.775 0.1109375 0.0140625
0 0.4515625 0.775 0.046875 0.0140625
0 0.575 0.77734375 0.16640625 0.01484375
0 0.69296875 0.7796875 0.03203125 0.01171875
0 0.759375 0.78046875 0.059375 0.0140625
0 0.25 0.78984375 0.109375 0.01484375
0 0.14921875 0.78984375 0.046875 0.01015625
0 0.35546875 0.79140625 0.06328125 0.0125
0 0.421875 0.7921875 0.03203125 0.0125
0 0.49140625 0.79296875 0.0640625 0.0140625
0 0.5921875 0.7953125 0.0953125 0.0140625
0 0.66640625 0.79609375 0.015625 0.0125
0 0.7421875 0.79765625 0.0953125 0.0140625
0 0.1390625 0.8046875 0.0640625 0.0140625
0 0.2125 0.80625 0.04765625 0.0125
0 0.2890625 0.80703125 0.06328125 0.0140625
0 0.35390625 0.8078125 0.03046875 0.0125
0 0.46171875 0.81015625 0.1421875 0.01484375
0 0.571875 0.81171875 0.02890625 0.0125
0 0.63203125 0.8125 0.046875 0.0140625
0 0.7328125 0.815625 0.1109375 0.0140625
0 0.18828125 0.82265625 0.02734375 0.01328125
0 0.24453125 0.825 0.046875 0.0125
0 0.31875 0.82578125 0.0640625 0.01328125
0 0.4203125 0.8265625 0.0984375 0.0140625
0 0.51328125 0.82890625 0.046875 0.0140625
0 0.63671875 0.83125 0.16796875 0.0140625
0 0.13671875 0.83984375 0.0609375 0.0140625
0 0.2765625 0.8421875 0.1796875 0.015625
0 0.49296875 0.8453125 0.08125 0.01484375
0 0.409375 0.84609375 0.046875 0.01171875
0 0.5671875 0.84765625 0.03203125 0.01015625
0 0.62890625 0.84765625 0.046875 0.0125
0 0.73671875 0.84921875 0.13203125 0.015625
0 0.28359375 0.859375 0.1640625 0.01484375
0 0.434375 0.8625 0.09375 0.0140625
0 0.52578125 0.8625 0.046875 0.0140625
0 0.63203125 0.86640625 0.12578125 0.0140625
0 0.23984375 0.87578125 0.07890625 0.01484375
0 0.32265625 0.8765625 0.04765625 0.0140625
0 0.38984375 0.87890625 0.046875 0.0125
0 0.48125 0.8796875 0.0984375 0.01484375
0 0.58203125 0.88125 0.06328125 0.0140625
0 0.6734375 0.8828125 0.08203125 0.01484375