0 0.2390625 0.053125 0.175 0.021875
0 0.52578125 0.0515625 0.315625 0.021875
0 0.778125 0.05 0.103125 0.021875
0 0.40546875 0.075 0.184375 0.01875
0 0.59453125 0.0734375 0.13125 0.01875
0 0.23984375 0.09765625 0.234375 0.0203125
0 0.42890625 0.09609375 0.0703125 0.02109375
0 0.48515625 0.1015625 0.015625 0.00859375
0 0.59296875 0.09453125 0.18359375 0.0203125
0 0.76171875 0.09296875 0.06953125 0.02109375
0 0.1765625 0.1203125 0.05390625 0.02265625
0 0.21484375 0.1203125 0.00625 0.0234375
0 0.25859375 0.11953125 0.04921875 0.02265625
0 0.43203125 0.11796875 0.23984375 0.0203125
0 0.59375 0.115625 0.01640625 0.02265625
0 0.72421875 0.1140625 0.18359375 0.02109375
0 0.26953125 0.1390625 0.17890625 0.01875
0 0.41796875 0.13828125 0.04765625 0.0203125
0 0.45625 0.13828125 0.0125 0.0203125
0 0.64765625 0.1359375 0.29375 0.01796875
0 0.1078125 0.17109375 0.1296875 0.01875
0 0.3515625 0.1703125 0.00703125 0.0203125
0 0.5234375 0.16796875 0.2625 0.01796875
0 0.09453125 0.19296875 0.1 0.0171875
0 0.5015625 0.1890625 0.20859375 0.01640625
0 0.08203125 0.21484375 0.07734375 0.021875
0 0.1765625 0.21328125 0.05390625 0.021875
0 0.34921875 0.2125 0.009375 0.01875
0 0.44609375 0.21015625 0.10703125 0.01640625
0 0.14140625 0.24765625 0.20078125 0.01953125
0 0.565625 0.24296875 0.0125 0.0203125
0 0.60625 0.2421875 0.03359375 0.0203125
0 0.81796875 0.240625 0.10703125 0.0203125
0 0.1484375 0.29453125 0.21171875 0.01796875
0 0.15078125 0.3171875 0.21015625 0.0171875
0 0.70625 0.2875 0.02734375 0.0203125
0 0.8 0.2875 0.134375 0.0203125
0 0.67109375 0.3109375 0.03203125 0.01796875
0 0.78046875 0.309375 0.175 0.01640625
0 0.8109375 0.35546875 0.1296875 0.01796875
0 0.10625 0.3609375 0.12890625 0.01875
0 0.19921875 0.3828125 0.2640625 0.0171875
0 0.44453125 0.4 0.1046875 0.01875
0 0.06171875 0.434375 0.0390625 0.02265625
0 0.1609375 0.43359375 0.1265625 0.021875
0 0.28203125 0.4328125 0.05078125 0.021875
0 0.32109375 0.43203125 0.00625 0.02265625
0 0.403125 0.43125 0.07734375 0.02265625
0 0.078125 0.48671875 0.0765625 0.02265625
0 0.17265625 0.4859375 0.05390625 0.021875
0 0.21484375 0.4859375 0.02109375 0.02265625
0 0.290625 0.48515625 0.1140625 0.021875
0 0.675 0.4796875 0.02265625 0.01640625
0 0.74375 0.4796875 0.04921875 0.01640625
0 0.784375 0.47890625 0.00703125 0.0171875
0 0.8515625 0.478125 0.103125 0.01640625
0 0.090625 0.5421875 0.1015625 0.01484375
0 0.17890625 0.540625 0.03359375 0.01640625
0 0.20859375 0.540625 0.00625 0.01640625
0 0.35390625 0.5390625 0.2671875 0.0140625
0 0.6609375 0.5359375 0.05390625 0.0140625
0 0.72421875 0.5359375 0.0359375 0.0140625
0 0.753125 0.53515625 0.00859375 0.0140625
0 0.83359375 0.534375 0.1453125 0.0125
0 0.08359375 0.559375 0.08515625 0.015625
0 0.1640625 0.5578125 0.0375 0.01640625
0 0.18828125 0.5578125 0.009375 0.01640625
0 0.23515625 0.55703125 0.0671875 0.015625
0 0.2796875 0.55625 0.0140625 0.01640625
0 0.34296875 0.55625 0.1046875 0.01484375
0 0.8625 0.55 0.0875 0.0109375
0 0.29140625 0.571875 0.10390625 0.0140625
0 0.371875 0.57109375 0.015625 0.01484375
0 0.425 0.57109375 0.05234375 0.0140625
0 0.4609375 0.5703125 0.00546875 0.01484375
0 0.4984375 0.56953125 0.05234375 0.0140625
0 0.55390625 0.56953125 0.01171875 0.0140625
0 0.634375 0.56875 0.10859375 0.0140625
0 0.4515625 0.58828125 0.16796875 0.01484375
0 0.18359375 0.60546875 0.140625 0.01484375
0 0.3625 0.60390625 0.140625 0.01484375
0 0.7265625 0.6 0.13671875 0.01484375
0 0.4515625 0.61875 0.16796875 0.0171875
0 0.3828125 0.63671875 0.1671875 0.015625
0 0.54140625 0.63515625 0.059375 0.0171875
0 0.06328125 0.65703125 0.0546875 0.015625
0 0.1171875 0.65625 0.00625 0.01640625
0 0.27109375 0.65390625 0.25390625 0.0140625
0 0.878125 0.6484375 0.05 0.01328125
0 0.34453125 0.66953125 0.071875 0.015625
0 0.434375 0.66953125 0.07265625 0.015625
0 0.4984375 0.66875 0.00625 0.01640625
0 0.57734375 0.66796875 0.1046875 0.015625
0 0.17265625 0.6890625 0.08671875 0.015625
0 0.315625 0.6875 0.1609375 0.01484375
0 0.44140625 0.6859375 0.05234375 0.01640625
0 0.5296875 0.68515625 0.07734375 0.01640625
0 0.76953125 0.68203125 0.0875 0.01640625
0 0.2890625 0.70390625 0.0359375 0.01640625
0 0.3875 0.70234375 0.125 0.015625
0 0.5609375 0.70078125 0.1796875 0.01484375
0 0.29375 0.7203125 0.20078125 0.0140625
0 0.58359375 0.7171875 0.27890625 0.0140625
0 0.36953125 0.7515625 0.09140625 0.01484375
0 0.51484375 0.74921875 0.1625 0.0140625
0 0.3515625 0.76875 0.1203125 0.015625
0 0.4765625 0.76640625 0.08671875 0.01640625
0 0.5609375 0.76640625 0.03671875 0.0171875
0 0.58828125 0.765625 0.00859375 0.0171875
0 0.62421875 0.765625 0.01796875 0.0171875
0 0.11953125 0.78828125 0.0546875 0.01796875
0 0.37109375 0.78515625 0.05546875 0.01953125
0 0.403125 0.78515625 0.0109375 0.01953125
0 0.496875 0.78359375 0.125 0.01796875
0 0.596875 0.7828125 0.0375 0.01953125
0 0.6703125 0.78203125 0.0359375 0.01875
0 0.696875 0.78203125 0.00703125 0.01953125
0 0.74375 0.78125 0.03359375 0.01953125
0 0.7890625 0.78046875 0.0140625 0.01953125
0 0.82421875 0.7796875 0.0171875 0.01953125
0 0.3328125 0.8015625 0.15859375 0.0140625
0 0.48125 0.8 0.09609375 0.01484375
0 0.534375 0.79921875 0.0109375 0.01640625
0 0.60390625 0.7984375 0.125 0.01484375
0 0.321875 0.86328125 0.31953125 0.0421875
0 0.6921875 0.86015625 0.39609375 0.04140625
0 0.30625 0.9015625 0.0703125 0.01796875
0 0.4140625 0.9 0.1046875 0.0171875
0 0.57734375 0.8984375 0.18125 0.01640625
0 0.07734375 0.9484375 0.07578125 0.0203125
0 0.21328125 0.95078125 0.0109375 0.0140625
0 0.675 0.94453125 0.021875 0.01640625
0 0.74453125 0.94453125 0.04921875 0.0171875
0 0.784375 0.94453125 0.003125 0.01640625
0 0.85390625 0.9453125 0.1046875 0.0171875
0 0.5609375 0.9765625 0.21015625 0.0171875
0 0.34921875 0.19375 0.0109375 0.0109375
0 0.75078125 0.23828125 0.02109375 0.009375
0 0.40234375 0.978125 0.04921875 0.01640625
0 0.315625 0.9765625 0.05546875 0.0171875
0 0.16875 0.94921875 0.0546875 0.01640625
0 0.28046875 0.94765625 0.109375 0.0140625