0 0.8890625 0.03046875 0.03984375 0.02734375
0 0.934375 0.0421875 0.0328125 0.0078125
0 0.9328125 0.01484375 0.03203125 0.028125
0 0.41796875 0.13203125 0.32421875 0.03046875
0 0.721875 0.13671875 0.2046875 0.03046875
0 0.25390625 0.16328125 0.128125 0.03828125
0 0.4171875 0.16640625 0.12578125 0.0375
0 0.55859375 0.16875 0.0625 0.0359375
0 0.61171875 0.16953125 0.01953125 0.03515625
0 0.65 0.16953125 0.04765625 0.0234375
0 0.803125 0.171875 0.18359375 0.0265625
0 0.253125 0.19453125 0.12734375 0.0359375
0 0.3921875 0.2 0.08671875 0.028125
0 0.44453125 0.20546875 0.009375 0.01796875
0 0.52578125 0.1984375 0.13203125 0.0265625
0 0.7015625 0.2015625 0.1578125 0.028125
0 0.846875 0.20390625 0.0734375 0.025
0 0.90546875 0.20390625 0.01484375 0.034375
0 0.15703125 0.225 0.053125 0.03203125
0 0.19453125 0.2296875 0.0109375 0.021875
0 0.25234375 0.22578125 0.06640625 0.03203125
0 0.3640625 0.228125 0.0796875 0.0265625
0 0.52109375 0.2296875 0.18359375 0.034375
0 0.7375 0.23515625 0.13515625 0.025
0 0.3609375 0.259375 0.07578125 0.03046875
0 0.409375 0.259375 0.0109375 0.02890625
0 0.46875 0.26015625 0.07109375 0.03046875
0 0.57578125 0.2625 0.075 0.03046875
0 0.696875 0.26328125 0.0984375 0.03046875
0 0.53515625 0.29140625 0.2640625 0.03046875
0 0.3390625 0.321875 0.20859375 0.0328125
0 0.58359375 0.3234375 0.20859375 0.0328125
0 0.77421875 0.3265625 0.09609375 0.025
0 0.1625 0.3640625 0.12890625 0.0265625
0 0.5828125 0.36875 0.2578125 0.03046875
0 0.1453125 0.3953125 0.09609375 0.025
0 0.55703125 0.39921875 0.20859375 0.02578125
0 0.13046875 0.42734375 0.075 0.03125
0 0.22578125 0.42734375 0.04921875 0.03125
0 0.40234375 0.42890625 0.0046875 0.02734375
0 0.4984375 0.4296875 0.103125 0.028125
0 0.140625 0.47734375 0.11328125 0.025
0 0.2640625 0.47578125 0.0796875 0.025
0 0.61875 0.48046875 0.01953125 0.02421875
0 0.6546875 0.48046875 0.03984375 0.02421875
0 0.80078125 0.48359375 0.015625 0.028125
0 0.8671875 0.48359375 0.1046875 0.02890625
0 0.26328125 0.51015625 0.36875 0.025
0 0.6125 0.5140625 0.0109375 0.025
0 0.6515625 0.5140625 0.040625 0.025
0 0.86640625 0.5171875 0.10234375 0.02890625
0 0.18828125 0.5796875 0.21328125 0.0234375
0 0.18671875 0.61328125 0.2125 0.0234375
0 0.7515625 0.584375 0.03046875 0.02890625
0 0.84140625 0.58515625 0.134375 0.03046875
0 0.71328125 0.61875 0.02890625 0.028125
0 0.82109375 0.61875 0.16953125 0.028125
0 0.84609375 0.68359375 0.1296875 0.025
0 0.1375 0.68046875 0.1296875 0.0265625
0 0.13984375 0.71015625 0.0765625 0.021875
0 0.48125 0.7390625 0.10078125 0.02578125
0 0.09140625 0.78359375 0.05625 0.028125
0 0.1328125 0.78359375 0.0171875 0.028125
0 0.15859375 0.78359375 0.01796875 0.028125
0 0.25 0.7828125 0.13046875 0.028125
0 0.353125 0.78359375 0.0171875 0.025
0 0.465625 0.7828125 0.00390625 0.028125
0 0.52109375 0.78203125 0.0859375 0.02734375
0 0.63046875 0.784375 0.09140625 0.02265625
0 0.69296875 0.7875 0.01171875 0.01640625
0 0.13828125 0.81796875 0.13671875 0.02734375
0 0.40703125 0.815625 0.353125 0.02734375
0 0.3 0.84609375 0.4640625 0.02890625
0 0.3234375 0.87734375 0.10234375 0.03125
0 0.4171875 0.878125 0.003125 0.03046875
0 0.52734375 0.878125 0.1484375 0.03203125
0 0.13046875 0.909375 0.1328125 0.03203125
0 0.20859375 0.91015625 0.0046875 0.03046875
0 0.3 0.9109375 0.10703125 0.03125
0 0.4125 0.91171875 0.0625 0.03125
0 0.1015625 0.9453125 0.0859375 0.02890625
0 0.2171875 0.9453125 0.084375 0.02890625
0 0.3171875 0.9453125 0.0609375 0.02890625
0 0.39921875 0.9453125 0.04375 0.02890625
0 0.43515625 0.9453125 0.01328125 0.02890625
0 0.4765625 0.9453125 0.06171875 0.02890625
0 0.0953125 0.97890625 0.0828125 0.0265625
0 0.22421875 0.97890625 0.1078125 0.0265625
0 0.3921875 0.97890625 0.175 0.02734375
0 0.8734375 0.23359375 0.06640625 0.025
0 0.40390625 0.40078125 0.0109375 0.0140625
0 0.40703125 0.36953125 0.0140625 0.015625
0 0.7984375 0.51171875 0.01796875 0.01015625
0 0.41953125 0.78359375 0.07109375 0.0234375
0 0.1609375 0.8765625 0.17578125 0.025
0 0.5421875 0.98125 0.06328125 0.02734375