0 0.19140625 0.053125 0.15 0.0296875
0 0.4125 0.053125 0.2109375 0.02890625
0 0.5828125 0.05234375 0.053125 0.0296875
0 0.69453125 0.05234375 0.0828125 0.02890625
0 0.7578125 0.059375 0.01484375 0.01640625
0 0.159375 0.0875 0.215625 0.03046875
0 0.31171875 0.08671875 0.01796875 0.03125
0 0.4265625 0.0859375 0.11875 0.03046875
0 0.77421875 0.08515625 0.440625 0.03046875
0 0.334375 0.125 0.309375 0.03046875
0 0.5515625 0.125 0.05703125 0.03125
0 0.596875 0.12421875 0.0046875 0.03046875
0 0.64765625 0.12421875 0.05859375 0.03046875
0 0.68984375 0.12421875 0.00625 0.03046875
0 0.784375 0.12421875 0.140625 0.03125
0 0.19296875 0.1625 0.27578125 0.0328125
0 0.34921875 0.16171875 0.0234375 0.034375
0 0.47265625 0.16015625 0.21640625 0.0328125
0 0.6609375 0.159375 0.0890625 0.03359375
0 0.721875 0.159375 0.00703125 0.034375
0 0.853125 0.15859375 0.21484375 0.03359375
0 0.25390625 0.19375 0.20859375 0.0296875
0 0.453125 0.19375 0.1078125 0.0296875
0 0.53671875 0.19375 0.0203125 0.0296875
0 0.7421875 0.19375 0.30859375 0.0296875
0 0.20625 0.22890625 0.18046875 0.02890625
0 0.3625 0.22890625 0.05703125 0.02890625
0 0.409375 0.22890625 0.00625 0.02890625
0 0.67890625 0.22890625 0.49765625 0.02890625
0 0.50703125 0.26328125 0.59140625 0.03125
0 0.1265625 0.31953125 0.14375 0.03125
0 0.2234375 0.31953125 0.01953125 0.03125
0 0.39609375 0.31953125 0.2953125 0.03125
0 0.67578125 0.31953125 0.11640625 0.03125
0 0.75234375 0.31953125 0.0046875 0.03125
0 0.88203125 0.31953125 0.1515625 0.03125
0 0.09609375 0.35546875 0.090625 0.028125
0 0.203125 0.3546875 0.053125 0.028125
0 0.25703125 0.3546875 0.015625 0.028125
0 0.28984375 0.35390625 0.01484375 0.028125
0 0.31796875 0.4234375 0.09296875 0.034375
0 0.48515625 0.4234375 0.11328125 0.034375
0 0.67265625 0.4234375 0.1765625 0.034375
0 0.1453125 0.49296875 0.18125 0.0328125
0 0.3 0.49296875 0.05546875 0.0328125
0 0.37890625 0.49296875 0.025 0.0328125
0 0.50390625 0.49296875 0.15078125 0.0328125
0 0.221875 0.5265625 0.3390625 0.0296875
0 0.43984375 0.52734375 0.02578125 0.028125
0 0.4875 0.52734375 0.05546875 0.028125
0 0.784375 0.52890625 0.01953125 0.03203125
0 0.89453125 0.52890625 0.184375 0.03203125
0 0.14296875 0.5953125 0.18125 0.0296875
0 0.234375 0.6296875 0.36484375 0.034375
0 0.815625 0.596875 0.01953125 0.0296875
0 0.909375 0.59765625 0.15234375 0.03046875
0 0.784375 0.63203125 0.015625 0.028125
0 0.89296875 0.63203125 0.18203125 0.028125
0 0.071875 0.7 0.04296875 0.03046875
0 0.17265625 0.7 0.1203125 0.03046875
0 0.78203125 0.70078125 0.0203125 0.02890625
0 0.89296875 0.70078125 0.184375 0.02890625
0 0.12578125 0.76640625 0.15234375 0.0328125
0 0.2671875 0.76640625 0.0578125 0.03203125
0 0.3109375 0.76640625 0.00625 0.03203125
0 0.40625 0.7671875 0.08515625 0.03203125
0 0.175 0.80078125 0.2453125 0.03125
0 0.0953125 0.86953125 0.08828125 0.03515625
0 0.2046875 0.86953125 0.05859375 0.03515625
0 0.2484375 0.86953125 0.00625 0.03515625
0 0.36015625 0.86953125 0.11953125 0.03515625
0 0.6875 0.87265625 0.025 0.028125
0 0.76484375 0.87265625 0.0578125 0.02890625
0 0.80859375 0.87265625 0.00390625 0.028125
0 0.9234375 0.8734375 0.1203125 0.02890625
0 0.4828125 0.93984375 0.05390625 0.034375
0 0.67109375 0.93984375 0.240625 0.034375
0 0.83125 0.05234375 0.1171875 0.0296875