0 0.0546875 0.0296875 0.04453125 0.04296875
0 0.440625 0.23671875 0.32421875 0.03671875
0 0.11484375 0.28203125 0.18671875 0.02890625
0 0.275 0.27890625 0.07421875 0.03203125
0 0.38671875 0.2765625 0.065625 0.03125
0 0.66328125 0.271875 0.41875 0.03515625
0 0.21171875 0.31640625 0.2625 0.02890625
0 0.41328125 0.31328125 0.08046875 0.03359375
0 0.46875 0.3125 0.00390625 0.034375
0 0.55 0.3109375 0.13359375 0.0328125
0 0.740625 0.30703125 0.18984375 0.03125
0 0.2671875 0.3515625 0.2625 0.0265625
0 0.5203125 0.34765625 0.18671875 0.028125
0 0.67265625 0.34453125 0.0515625 0.03046875
0 0.715625 0.34375 0.00625 0.03125
0 0.75703125 0.34296875 0.05234375 0.03046875
0 0.30703125 0.3890625 0.184375 0.03046875
0 0.44140625 0.3859375 0.025 0.03359375
0 0.590625 0.3828125 0.2046875 0.03046875
0 0.2109375 0.4234375 0.06875 0.03046875
0 0.2578125 0.421875 0.0171875 0.03046875
0 0.32265625 0.42109375 0.09375 0.03046875
0 0.4421875 0.41953125 0.0765625 0.02890625
0 0.5359375 0.41796875 0.04296875 0.03046875
0 0.65859375 0.415625 0.13125 0.02890625
0 0.19453125 0.45703125 0.1546875 0.0296875
0 0.59296875 0.45625 0.42421875 0.03125
0 0.25859375 0.49296875 0.18359375 0.02734375
0 0.40546875 0.49140625 0.04765625 0.028125
0 0.44296875 0.490625 0.0171875 0.02890625
0 0.58984375 0.4890625 0.259375 0.0265625
0 0.44609375 0.525 0.4453125 0.0296875
0 0.69609375 0.59140625 0.04921875 0.034375
0 0.73515625 0.59140625 0.00390625 0.034375
0 0.82890625 0.59140625 0.09921875 0.034375
0 0.16875 0.60078125 0.2671875 0.02734375
0 0.0859375 0.640625 0.10703125 0.03125
0 0.15078125 0.6390625 0.01640625 0.03359375
0 0.2625 0.6359375 0.12890625 0.03125
0 0.096875 0.71640625 0.13359375 0.02890625
0 0.50703125 0.70234375 0.0265625 0.03671875
0 0.5484375 0.70234375 0.046875 0.03671875
0 0.66484375 0.6984375 0.01875 0.03671875
0 0.7453125 0.69609375 0.1234375 0.034375
0 0.125 0.7578125 0.18671875 0.034375
0 0.23515625 0.75390625 0.0109375 0.03984375
0 0.3328125 0.7515625 0.15546875 0.03515625
0 0.50703125 0.7453125 0.025 0.0390625
0 0.54921875 0.74375 0.05078125 0.03828125
0 0.6421875 0.7375 0.021875 0.02734375
0 0.7375 0.7375 0.15234375 0.03515625
0 0.1546875 0.8015625 0.24375 0.03359375
0 0.64375 0.78203125 0.02265625 0.0265625
0 0.7390625 0.7796875 0.15625 0.03203125
0 0.0984375 0.884375 0.1265625 0.0328125
0 0.16953125 0.91953125 0.26484375 0.03203125
0 0.60390625 0.86796875 0.0375 0.04296875
0 0.7375 0.8640625 0.21875 0.03828125
0 0.55859375 0.90859375 0.03203125 0.0421875
0 0.715625 0.90625 0.2625 0.0390625
0 0.16484375 0.9875 0.2328125 0.021875
0 0.325 0.45859375 0.0484375 0.02734375
0 0.3625 0.4609375 0.0125 0.01875
0 0.6046875 0.59296875 0.08515625 0.0328125