0 0.11953125 0.11796875 0.07734375 0.0171875
0 0.2578125 0.11796875 0.1578125 0.0171875
0 0.38828125 0.11796875 0.0546875 0.0171875
0 0.46875 0.11796875 0.0546875 0.0171875
0 0.559375 0.11796875 0.065625 0.0171875
0 0.725 0.11875 0.2125 0.01796875
0 0.3 0.1453125 0.23515625 0.01796875
0 0.66640625 0.1453125 0.25390625 0.01796875
0 0.1234375 0.1453125 0.0734375 0.01796875
0 0.45703125 0.1453125 0.0375 0.01796875
0 0.1390625 0.17265625 0.11640625 0.0171875
0 0.2609375 0.17265625 0.075 0.0171875
0 0.38828125 0.17265625 0.1296875 0.0171875
0 0.5265625 0.17265625 0.09375 0.0171875
0 0.6171875 0.17265625 0.03203125 0.0171875
0 0.33828125 0.19921875 0.11640625 0.0171875
0 0.10703125 0.19921875 0.05234375 0.0171875
0 0.21015625 0.19921875 0.09765625 0.0171875
0 0.4875 0.19921875 0.12578125 0.0171875
0 0.13046875 0.22578125 0.09609375 0.0171875
0 0.25 0.22578125 0.09375 0.0171875
0 0.38828125 0.2265625 0.1296875 0.01796875
0 0.10703125 0.253125 0.05234375 0.01953125
0 0.3609375 0.253125 0.075 0.01796875
0 0.2203125 0.253125 0.03359375 0.01796875
0 0.28125 0.253125 0.0359375 0.01796875
0 0.45859375 0.253125 0.07890625 0.01796875
0 0.16796875 0.25546875 0.00546875 0.01328125
0 0.3609375 0.28046875 0.075 0.0171875
0 0.28125 0.28046875 0.0359375 0.0171875
0 0.45859375 0.28046875 0.07890625 0.0171875
0 0.1109375 0.28046875 0.05625 0.0171875
0 0.2203125 0.28046875 0.03359375 0.0171875
0 0.16796875 0.2828125 0.00546875 0.01171875
0 0.16953125 0.334375 0.05625 0.0171875
0 0.28984375 0.334375 0.13515625 0.0171875
0 0.4875 0.3859375 0.1671875 0.01796875
0 0.1109375 0.3859375 0.05625 0.01796875
0 0.23125 0.3859375 0.13125 0.01796875
0 0.63828125 0.3859375 0.10703125 0.01875
0 0.3484375 0.38828125 0.05078125 0.0140625
0 0.48046875 0.41328125 0.15625 0.0171875
0 0.62578125 0.41328125 0.08984375 0.0171875
0 0.13828125 0.46640625 0.11484375 0.0171875
0 0.25078125 0.4671875 0.0546875 0.01796875
0 0.36953125 0.4671875 0.13359375 0.01796875
0 0.51953125 0.4671875 0.11484375 0.01484375
0 0.7 0.4671875 0.07734375 0.01484375
0 0.77734375 0.46640625 0.0359375 0.0171875
0 0.16015625 0.49375 0.15390625 0.0171875
0 0.309375 0.49375 0.0921875 0.0171875
0 0.5 0.49375 0.15390625 0.01796875
0 0.3890625 0.49375 0.01875 0.00390625
0 0.64921875 0.49375 0.0921875 0.01796875
0 0.2390625 0.5203125 0.0375 0.01875
0 0.4078125 0.5203125 0.01875 0.0171875
0 0.46484375 0.5203125 0.0546875 0.01875
0 0.58828125 0.5203125 0.04921875 0.01953125
0 0.13828125 0.5203125 0.11484375 0.01953125
0 0.32578125 0.52109375 0.0921875 0.0171875
0 0.52890625 0.52109375 0.0171875 0.0171875
0 0.65859375 0.52109375 0.0359375 0.0171875
0 0.7375 0.52109375 0.0734375 0.0171875
0 0.4578125 0.55 0.55859375 0.01796875
0 0.278125 0.6015625 0.11640625 0.01796875
0 0.40703125 0.6015625 0.08828125 0.01796875
0 0.50859375 0.6015625 0.0546875 0.01796875
0 0.69921875 0.6015625 0.075 0.01796875
0 0.7796875 0.6015625 0.0375 0.01796875
0 0.44609375 0.653125 0.0921875 0.01796875
0 0.7796875 0.65390625 0.0375 0.01875
0 0.3 0.65390625 0.15625 0.01875
0 0.68828125 0.65390625 0.09375 0.01875
0 0.278125 0.68046875 0.11640625 0.0171875
0 0.69921875 0.68046875 0.075 0.015625
0 0.77734375 0.68046875 0.0359375 0.0171875
0 0.25078125 0.7046875 0.0546875 0.015625
0 0.31953125 0.7046875 0.03359375 0.015625
0 0.69921875 0.70625 0.075 0.015625
0 0.7796875 0.70625 0.0375 0.015625
0 0.43046875 0.78359375 0.09765625 0.01484375
0 0.52734375 0.7859375 0.0546875 0.01171875