0 0.66796875 0.190625 0.06015625 0.01953125
0 0.528125 0.1921875 0.12890625 0.01953125
0 0.75390625 0.1921875 0.07109375 0.02109375
0 0.35234375 0.1921875 0.10546875 0.01953125
0 0.23203125 0.1921875 0.0453125 0.02265625
0 0.81484375 0.21796875 0.0203125 0.01875
0 0.64609375 0.21796875 0.1015625 0.01953125
0 0.75078125 0.21875 0.06875 0.01875
0 0.17890625 0.21875 0.065625 0.015625
0 0.3921875 0.21875 0.0171875 0.0171875
0 0.29609375 0.21875 0.1234375 0.0171875
0 0.4890625 0.21953125 0.1234375 0.0171875
0 0.7203125 0.2453125 0.1734375 0.01875
0 0.246875 0.246875 0.14921875 0.0171875
0 0.4765625 0.24609375 0.278125 0.0171875
0 0.24296875 0.271875 0.10859375 0.0171875
0 0.51796875 0.27265625 0.196875 0.0171875
0 0.7390625 0.2734375 0.175 0.01875
0 0.35859375 0.27421875 0.0859375 0.01953125
0 0.4234375 0.30078125 0.04296875 0.01875
0 0.28359375 0.30078125 0.06796875 0.0171875
0 0.6125 0.30078125 0.2546875 0.0171875
0 0.3609375 0.30078125 0.040625 0.01796875
0 0.52890625 0.328125 0.08671875 0.0171875
0 0.44375 0.32890625 0.04609375 0.0171875
0 0.17734375 0.384375 0.18984375 0.01875
0 0.36953125 0.384375 0.14921875 0.01640625
0 0.9125 0.384375 0.0421875 0.01640625
0 0.54140625 0.3859375 0.1484375 0.02109375
0 0.30859375 0.41328125 0.14453125 0.02109375
0 0.12421875 0.41328125 0.08671875 0.01875
0 0.83671875 0.4390625 0.10078125 0.01796875
0 0.15625 0.4390625 0.14453125 0.01796875
0 0.56015625 0.440625 0.01953125 0.01953125
0 0.60390625 0.440625 0.0203125 0.01875
0 0.6953125 0.44140625 0.08359375 0.01875
0 0.26640625 0.4671875 0.15078125 0.0203125
0 0.9109375 0.46796875 0.040625 0.0171875
0 0.12578125 0.46796875 0.090625 0.01796875
0 0.39296875 0.46796875 0.0625 0.01796875
0 0.12578125 0.4953125 0.090625 0.01875
0 0.309375 0.4953125 0.1484375 0.0171875
0 0.696875 0.5234375 0.08125 0.01796875
0 0.8453125 0.5234375 0.090625 0.0203125
0 0.6015625 0.5234375 0.02578125 0.02109375
0 0.1578125 0.5234375 0.14375 0.0171875
0 0.5578125 0.525 0.0203125 0.01640625
0 0.30625 0.578125 0.0234375 0.01953125
0 0.91796875 0.57890625 0.028125 0.01875
0 0.78125 0.5796875 0.1234375 0.02109375
0 0.1546875 0.58125 0.146875 0.02421875
0 0.88046875 0.63125 0.10625 0.01796875
0 0.78359375 0.63359375 0.0453125 0.01953125
0 0.134375 0.63359375 0.10390625 0.01875
0 0.253125 0.63359375 0.08125 0.01875
0 0.40234375 0.63359375 0.128125 0.0203125
0 0.87890625 0.659375 0.10390625 0.01796875
0 0.12578125 0.659375 0.0859375 0.01796875
0 0.78203125 0.66015625 0.05234375 0.01875
0 0.11328125 0.7140625 0.065625 0.0171875
0 0.203125 0.7140625 0.0578125 0.01875
0 0.82890625 0.7140625 0.08359375 0.021875
0 0.740625 0.7140625 0.03984375 0.01796875
0 0.340625 0.71484375 0.16953125 0.01953125
0 0.46875 0.71484375 0.03515625 0.01640625
0 0.559375 0.71484375 0.10078125 0.01875
0 0.55 0.76953125 0.08671875 0.01640625
0 0.44375 0.76953125 0.08515625 0.01953125
0 0.68125 0.76953125 0.040625 0.01875
0 0.33203125 0.7703125 0.10078125 0.01875
0 0.1671875 0.7703125 0.1734375 0.01875
0 0.82734375 0.7703125 0.21171875 0.02109375
0 0.5953125 0.796875 0.13203125 0.0171875
0 0.4640625 0.796875 0.08046875 0.01640625
0 0.16484375 0.79765625 0.1765625 0.01796875
0 0.31328125 0.79765625 0.08359375 0.01875
0 0.72109375 0.85234375 0.1234375 0.01875
0 0.56328125 0.85234375 0.146875 0.0171875
0 0.29453125 0.85390625 0.1734375 0.02109375
0 0.43359375 0.85390625 0.06640625 0.01875
0 0.303125 0.8796875 0.01796875 0.01640625
0 0.60234375 0.8796875 0.15078125 0.01875
0 0.36796875 0.88046875 0.065625 0.01796875
0 0.4640625 0.88046875 0.08671875 0.01875
0 0.46640625 0.90703125 0.040625 0.01875
0 0.3375 0.90703125 0.17734375 0.0171875
0 0.5546875 0.90703125 0.08359375 0.0171875
0 0.6765625 0.90703125 0.1265625 0.0171875