0 0.43984375 0.21953125 0.05859375 0.053125
0 0.55859375 0.21953125 0.0984375 0.05390625
0 0.40390625 0.2671875 0.103125 0.0484375
0 0.49765625 0.265625 0.06328125 0.04921875
0 0.6078125 0.265625 0.1171875 0.0484375
0 0.27890625 0.3171875 0.13828125 0.0484375
0 0.396875 0.315625 0.06640625 0.05078125
0 0.44609375 0.31484375 0.02265625 0.05
0 0.50703125 0.31484375 0.11796875 0.04921875
0 0.6171875 0.31328125 0.059375 0.05078125
0 0.6546875 0.31328125 0.00703125 0.05078125
0 0.68671875 0.31171875 0.0390625 0.05
0 0.71484375 0.31171875 0.00703125 0.05
0 0.73515625 0.31171875 0.01953125 0.05
0 0.775 0.31171875 0.01796875 0.05078125
0 0.41875 0.3640625 0.17890625 0.05078125
0 0.61328125 0.3609375 0.14296875 0.05
0 0.2390625 0.4109375 0.13828125 0.04921875
0 0.38671875 0.409375 0.09453125 0.05
0 0.52421875 0.4078125 0.1625 0.05
0 0.6234375 0.40625 0.0234375 0.05078125
0 0.73828125 0.4046875 0.2171875 0.0484375
0 0.3578125 0.4578125 0.05546875 0.04921875
0 0.396875 0.45703125 0.00703125 0.05
0 0.44765625 0.45703125 0.07890625 0.0484375
0 0.60625 0.45390625 0.03828125 0.05
0 0.6671875 0.453125 0.03828125 0.0484375
0 0.18828125 0.53984375 0.196875 0.04921875
0 0.7484375 0.53203125 0.0421875 0.04609375
0 0.76953125 0.5328125 0.0171875 0.04609375
0 0.1296875 0.5875 0.08125 0.0515625
0 0.1796875 0.58671875 0.02265625 0.05234375
0 0.25859375 0.5859375 0.1015625 0.0515625
0 0.16015625 0.66796875 0.13671875 0.04765625
0 0.8375 0.65546875 0.0921875 0.04453125
0 0.2078125 0.73671875 0.23046875 0.0484375
0 0.7921875 0.728125 0.01796875 0.0453125
0 0.84140625 0.728125 0.07734375 0.0453125
0 0.209375 0.78359375 0.23046875 0.0484375
0 0.83359375 0.77421875 0.09375 0.04921875
0 0.13984375 0.85234375 0.09453125 0.0484375
0 0.25859375 0.85078125 0.09453125 0.0484375
0 0.83046875 0.8453125 0.09296875 0.0484375
0 0.16328125 0.9 0.14140625 0.0484375
0 0.240625 0.89921875 0.01875 0.0484375
0 0.31953125 0.8984375 0.13203125 0.04765625
0 0.41640625 0.8984375 0.01875 0.04765625
0 0.6515625 0.9890625 0.05546875 0.0171875
0 0.7203125 0.9890625 0.03671875 0.01953125
0 0.7484375 0.9890625 0.0046875 0.01796875
0 0.83828125 0.98828125 0.1546875 0.01796875
0 0.53671875 0.45703125 0.06484375 0.04140625
0 0.86484375 0.53203125 0.1203125 0.04296875
0 0.67578125 0.53359375 0.06484375 0.04296875
0 0.7734375 0.659375 0.02578125 0.03125
0 0.7703125 0.77734375 0.02265625 0.03125
0 0.54375 0.6625 0.04140625 0.03984375
0 0.5140625 0.6671875 0.02265625 0.0265625
0 0.76796875 0.846875 0.025 0.03203125
0 0.43671875 0.99140625 0.29453125 0.015625
0 0.24921875 0.9921875 0.03671875 0.0140625
0 0.15390625 0.99296875 0.11015625 0.01328125