0 0.38359375 0.078125 0.2 0.0140625
0 0.6234375 0.078125 0.07578125 0.0140625
0 0.71640625 0.078125 0.08046875 0.0140625
0 0.16171875 0.07890625 0.2109375 0.01484375
0 0.83125 0.07890625 0.12421875 0.01484375
0 0.9265625 0.07890625 0.03359375 0.01640625
0 0.53671875 0.0796875 0.07734375 0.01640625
0 0.559375 0.096875 0.12578125 0.01484375
0 0.31015625 0.096875 0.053125 0.01484375
0 0.4390625 0.096875 0.08671875 0.015625
0 0.6734375 0.09765625 0.07578125 0.01640625
0 0.36171875 0.09765625 0.02734375 0.01796875
0 0.30546875 0.11484375 0.0953125 0.01484375
0 0.4046875 0.11484375 0.08359375 0.01484375
0 0.51015625 0.115625 0.0984375 0.0171875
0 0.6546875 0.11640625 0.1546875 0.01796875
0 0.7296875 0.1328125 0.15 0.015625
0 0.578125 0.1328125 0.12109375 0.015625
0 0.29453125 0.13359375 0.05 0.01328125
0 0.41015625 0.13359375 0.15 0.01328125
0 0.228125 0.13359375 0.06328125 0.01484375
0 0.34765625 0.1515625 0.07578125 0.01484375
0 0.5765625 0.1515625 0.22734375 0.01484375
0 0.425 0.1515625 0.053125 0.01484375
0 0.46171875 0.1890625 0.01796875 0.02578125
0 0.58515625 0.1890625 0.190625 0.02578125
0 0.73671875 0.1890625 0.07109375 0.02578125
0 0.2515625 0.18984375 0.0515625 0.02421875
0 0.36640625 0.18984375 0.12890625 0.02421875
0 0.43671875 0.23515625 0.07421875 0.02578125
0 0.73984375 0.23515625 0.15 0.02578125
0 0.5234375 0.2359375 0.05 0.025
0 0.6046875 0.2359375 0.06796875 0.025
0 0.11015625 0.26171875 0.12421875 0.0140625
0 0.7296875 0.2625 0.18203125 0.0125
0 0.5640625 0.2625 0.08515625 0.0125
0 0.11796875 0.290625 0.1515625 0.02578125
0 0.26171875 0.290625 0.0921875 0.02421875
0 0.38515625 0.290625 0.11640625 0.02421875
0 0.490625 0.290625 0.0546875 0.02421875
0 0.565625 0.290625 0.05625 0.02421875
0 0.33359375 0.3171875 0.0515625 0.0125
0 0.43125 0.3171875 0.02109375 0.0125
0 0.1 0.31796875 0.11328125 0.01328125
0 0.39609375 0.31796875 0.01796875 0.01171875
0 0.478125 0.31875 0.03046875 0.01484375
0 0.2296875 0.31875 0.1078125 0.015625
0 0.1765625 0.3359375 0.03359375 0.0125
0 0.06171875 0.3359375 0.03046875 0.0125
0 0.12109375 0.33671875 0.03203125 0.01171875
0 0.27109375 0.33671875 0.103125 0.0171875
0 0.21484375 0.3546875 0.11328125 0.01328125
0 0.48125 0.3546875 0.146875 0.01328125
0 0.09609375 0.3546875 0.08203125 0.0125
0 0.33671875 0.35546875 0.08359375 0.01640625
0 0.09765625 0.37109375 0.0953125 0.015625
0 0.228125 0.37109375 0.12109375 0.015625
0 0.37109375 0.371875 0.12578125 0.01875
0 0.74765625 0.38984375 0.07890625 0.015625
0 0.5765625 0.38984375 0.16640625 0.015625
0 0.44296875 0.390625 0.06328125 0.015625
0 0.3890625 0.41015625 0.0515625 0.01796875
0 0.3140625 0.4125 0.053125 0.01328125
0 0.53984375 0.4125 0.01796875 0.01328125
0 0.6078125 0.4125 0.07421875 0.01484375
0 0.465625 0.41484375 0.05625 0.015625
0 0.7484375 0.415625 0.13203125 0.01875
0 0.40859375 0.4421875 0.01796875 0.0125
0 0.1765625 0.4421875 0.08515625 0.0125
0 0.48359375 0.4421875 0.01953125 0.0125
0 0.63671875 0.4421875 0.01640625 0.0125
0 0.76953125 0.4421875 0.08671875 0.0125
0 0.54140625 0.4421875 0.01796875 0.0125
0 0.303125 0.4421875 0.07109375 0.01328125
0 0.0734375 0.4421875 0.06640625 0.0125
0 0.30546875 0.45859375 0.07578125 0.01640625
0 0.54296875 0.459375 0.02109375 0.0140625
0 0.48671875 0.46015625 0.01640625 0.0125
0 0.40703125 0.459375 0.02109375 0.01171875
0 0.778125 0.46015625 0.07265625 0.0125
0 0.63671875 0.459375 0.01640625 0.01484375
0 0.12109375 0.46015625 0.16796875 0.01328125
0 0.76953125 0.47734375 0.090625 0.01328125
0 0.1640625 0.478125 0.0890625 0.0140625
0 0.54140625 0.478125 0.01796875 0.0140625
0 0.63671875 0.478125 0.01640625 0.0140625
0 0.3046875 0.478125 0.07109375 0.0140625
0 0.06640625 0.47890625 0.0515625 0.0125
0 0.40859375 0.47890625 0.01796875 0.0125
0 0.48359375 0.47890625 0.01953125 0.0125
0 0.3484375 0.509375 0.09375 0.02734375
0 0.77109375 0.509375 0.09375 0.025
0 0.43671875 0.51015625 0.0390625 0.02578125
0 0.55859375 0.51171875 0.16640625 0.02734375
0 0.77265625 0.54296875 0.08671875 0.0140625
0 0.4 0.54375 0.03515625 0.0125
0 0.1046875 0.54453125 0.12890625 0.01328125
0 0.30078125 0.54453125 0.07578125 0.01328125
0 0.628125 0.553125 0.03671875 0.03203125
0 0.48515625 0.553125 0.01953125 0.03125
0 0.54140625 0.553125 0.01796875 0.03125
0 0.77109375 0.5625 0.08671875 0.01328125
0 0.40859375 0.5625 0.01796875 0.0125
0 0.30078125 0.5625 0.07578125 0.0125
0 0.14296875 0.56328125 0.2046875 0.01328125
0 0.48515625 0.58125 0.01640625 0.01171875
0 0.77109375 0.58125 0.090625 0.01328125
0 0.303125 0.58125 0.07421875 0.0125
0 0.40859375 0.58125 0.01796875 0.0125
0 0.54140625 0.58125 0.01796875 0.0125
0 0.628125 0.58125 0.03359375 0.0125
0 0.13359375 0.5828125 0.18671875 0.015625
0 0.77109375 0.59921875 0.090625 0.0125
0 0.54140625 0.59921875 0.01796875 0.0125
0 0.628125 0.59921875 0.03359375 0.0125
0 0.3046875 0.59921875 0.07421875 0.0125
0 0.48359375 0.59921875 0.01953125 0.0109375
0 0.3984375 0.59921875 0.0390625 0.0140625
0 0.13359375 0.59921875 0.18671875 0.0140625
0 0.40859375 0.61796875 0.02109375 0.01484375
0 0.48359375 0.61796875 0.01953125 0.01171875
0 0.63515625 0.61796875 0.01953125 0.01484375
0 0.7796875 0.61796875 0.07265625 0.01484375
0 0.3046875 0.61796875 0.07421875 0.0125
0 0.54140625 0.61796875 0.01796875 0.0125
0 0.13046875 0.61796875 0.18046875 0.0140625
0 0.76953125 0.64921875 0.090625 0.025
0 0.12109375 0.64921875 0.090625 0.0265625
0 0.21015625 0.65 0.03671875 0.0234375
0 0.5234375 0.65078125 0.2078125 0.03359375
0 0.32265625 0.6515625 0.1484375 0.03203125
0 0.7796875 0.6859375 0.06953125 0.0234375
0 0.6046875 0.6859375 0.06796875 0.0234375
0 0.1796875 0.72421875 0.0109375 0.02734375
0 0.2296875 0.725 0.03671875 0.02578125
0 0.77109375 0.725 0.090625 0.02578125
0 0.48125 0.72734375 0.0890625 0.03203125
0 0.34140625 0.72734375 0.15 0.03359375
0 0.59609375 0.72734375 0.08515625 0.03203125
0 0.3484375 0.7625 0.09375 0.02734375
0 0.77109375 0.76328125 0.09375 0.02421875
0 0.4390625 0.76328125 0.0390625 0.025
0 0.55703125 0.76484375 0.16328125 0.0328125
0 0.4265625 0.803125 0.0890625 0.02734375
0 0.77109375 0.803125 0.09375 0.025
0 0.56640625 0.80625 0.1453125 0.03203125
0 0.11796875 0.846875 0.1390625 0.0125
0 0.12109375 0.8640625 0.1484375 0.015625
0 0.8015625 0.86484375 0.18046875 0.01328125
0 0.64296875 0.86484375 0.0921875 0.0125
0 0.26796875 0.865625 0.08359375 0.0125
0 0.3765625 0.86640625 0.0890625 0.015625
0 0.5390625 0.86640625 0.07421875 0.015625
0 0.46484375 0.8671875 0.03203125 0.01015625
0 0.3296875 0.88359375 0.03671875 0.01328125
0 0.46015625 0.884375 0.18515625 0.0125
0 0.07265625 0.884375 0.0546875 0.0140625
0 0.76640625 0.884375 0.03203125 0.01015625
0 0.20625 0.884375 0.16796875 0.01484375
0 0.65 0.88515625 0.1484375 0.01640625
0 0.30859375 0.90234375 0.07578125 0.01484375
0 0.8046875 0.90234375 0.03515625 0.01171875
0 0.8734375 0.903125 0.05 0.0125
0 0.23359375 0.90390625 0.03203125 0.0109375
0 0.66171875 0.90390625 0.2015625 0.015625
0 0.12109375 0.9046875 0.1453125 0.0171875
0 0.4515625 0.90625 0.16796875 0.0125
0 0.47265625 0.92109375 0.0546875 0.0140625
0 0.6515625 0.92109375 0.03203125 0.0140625
0 0.565625 0.92109375 0.0921875 0.01484375
0 0.71953125 0.921875 0.0515625 0.0125
0 0.18671875 0.92265625 0.0515625 0.0125
0 0.2984375 0.9234375 0.12578125 0.0171875
0 0.4046875 0.9234375 0.0390625 0.01015625
0 0.09296875 0.92421875 0.0890625 0.015625
0 0.775 0.93984375 0.01484375 0.01171875
0 0.31953125 0.940625 0.09375 0.01328125
0 0.40703125 0.940625 0.03359375 0.01328125
0 0.4796875 0.940625 0.07265625 0.01328125
0 0.56640625 0.940625 0.0515625 0.01328125
0 0.68203125 0.940625 0.12890625 0.01328125
0 0.14765625 0.9421875 0.2046875 0.01640625
0 0.28984375 0.96015625 0.07578125 0.0125
0 0.1390625 0.96171875 0.18671875 0.01953125
0 0.63515625 0.9796875 0.109375 0.01953125
0 0.4421875 0.9796875 0.2578125 0.01640625