0 0.65 0.040625 0.18125 0.02578125
0 0.82578125 0.0390625 0.134375 0.0265625
0 0.67421875 0.06328125 0.04921875 0.0125
0 0.7265625 0.0625 0.01796875 0.01171875
0 0.77890625 0.0625 0.04921875 0.0125
0 0.12890625 0.090625 0.1546875 0.02109375
0 0.29765625 0.08671875 0.121875 0.02265625
0 0.6296875 0.0890625 0.0671875 0.0265625
0 0.79296875 0.08515625 0.178125 0.02265625
0 0.12421875 0.1109375 0.0828125 0.0109375
0 0.1828125 0.11171875 0.01953125 0.01015625
0 0.228125 0.11171875 0.0546875 0.0109375
0 0.28515625 0.11171875 0.046875 0.0109375
0 0.50234375 0.1609375 0.07890625 0.01875
0 0.665625 0.15625 0.040625 0.01171875
0 0.68984375 0.15546875 0.00546875 0.01171875
0 0.73515625 0.1546875 0.0671875 0.01171875
0 0.7703125 0.1546875 0.00546875 0.01171875
0 0.09375 0.1390625 0.065625 0.0140625
0 0.196875 0.13828125 0.11015625 0.01328125
0 0.0984375 0.15390625 0.08359375 0.0109375
0 0.17265625 0.153125 0.0359375 0.0109375
0 0.1953125 0.153125 0.0015625 0.0109375
0 0.2453125 0.153125 0.0625 0.0109375
0 0.3078125 0.153125 0.0328125 0.0109375
0 0.328125 0.153125 0.0015625 0.0109375
0 0.09609375 0.16484375 0.0765625 0.0109375
0 0.165625 0.1640625 0.0484375 0.0109375
0 0.20703125 0.16328125 0.01640625 0.01171875
0 0.221875 0.16328125 0.00390625 0.01171875
0 0.2328125 0.16328125 0.00703125 0.01171875
0 0.2640625 0.16328125 0.046875 0.0109375
0 0.296875 0.1625 0.00625 0.01171875
0 0.31484375 0.1625 0.025 0.0109375
0 0.328125 0.1625 0.00625 0.0109375
0 0.06796875 0.178125 0.01875 0.009375
0 0.0953125 0.178125 0.0015625 0.009375
0 0.1203125 0.17734375 0.034375 0.009375
0 0.15859375 0.17734375 0.025 0.009375
0 0.18515625 0.17734375 0.0140625 0.009375
0 0.209375 0.17734375 0.01640625 0.009375
0 0.128125 0.1875 0.1421875 0.0109375
0 0.20703125 0.1875 0.003125 0.0109375
0 0.296875 0.1875 0.16484375 0.0109375
0 0.078125 0.20078125 0.0296875 0.0109375
0 0.10546875 0.20078125 0.021875 0.0109375
0 0.11875 0.20078125 0.00546875 0.0109375
0 0.16328125 0.20078125 0.078125 0.0109375
0 0.209375 0.20078125 0.00390625 0.0109375
0 0.26796875 0.20078125 0.103125 0.0109375
0 0.6671875 0.1765625 0.040625 0.01015625
0 0.69140625 0.1765625 0.00390625 0.0109375
0 0.73203125 0.1765625 0.0578125 0.0109375
0 0.765625 0.17578125 0.0046875 0.01015625
0 0.865625 0.18828125 0.134375 0.01171875
0 0.68359375 0.19765625 0.07109375 0.0109375
0 0.7640625 0.196875 0.0625 0.0109375
0 0.79765625 0.196875 0.00625 0.0109375
0 0.8515625 0.21171875 0.1078125 0.01015625
0 0.42890625 0.2171875 0.02109375 0.01328125
0 0.4953125 0.2171875 0.08671875 0.01328125
0 0.54609375 0.2171875 0.0015625 0.01328125
0 0.5765625 0.2171875 0.0328125 0.01328125
0 0.09609375 0.23984375 0.06640625 0.0125
0 0.165625 0.23984375 0.05703125 0.0125
0 0.234375 0.240625 0.0671875 0.01328125
0 0.865625 0.2359375 0.13515625 0.01171875
0 0.696875 0.26484375 0.15859375 0.02265625
0 0.8640625 0.26484375 0.1265625 0.02265625
0 0.19375 0.28203125 0.07265625 0.0109375
0 0.2859375 0.28203125 0.0921875 0.0109375
0 0.19921875 0.29609375 0.084375 0.01328125
0 0.31875 0.29609375 0.13671875 0.01328125
0 0.45078125 0.29609375 0.1078125 0.01328125
0 0.73046875 0.296875 0.046875 0.009375
0 0.8015625 0.29609375 0.0765625 0.00859375
0 0.215625 0.31171875 0.1203125 0.0125
0 0.32734375 0.31015625 0.084375 0.0125
0 0.4109375 0.31015625 0.06796875 0.0125
0 0.4984375 0.309375 0.0921875 0.0125
0 0.69921875 0.3109375 0.06953125 0.01171875
0 0.7578125 0.31015625 0.0296875 0.01171875
0 0.7765625 0.309375 0.0078125 0.0125
0 0.8140625 0.30859375 0.05078125 0.01171875
0 0.86484375 0.31015625 0.028125 0.009375
0 0.17265625 0.325 0.0296875 0.01328125
0 0.19375 0.325 0.00234375 0.01328125
0 0.2125 0.325 0.0265625 0.01328125
0 0.271875 0.325 0.07265625 0.01328125
0 0.36328125 0.325 0.0921875 0.01328125
0 0.41875 0.325 0.00703125 0.01328125
0 0.4796875 0.325 0.103125 0.01328125
0 0.71484375 0.32109375 0.10234375 0.009375
0 0.78671875 0.31953125 0.0140625 0.01015625
0 0.803125 0.31953125 0.00625 0.01015625
0 0.83046875 0.31875 0.03671875 0.01015625
0 0.85625 0.31875 0.00625 0.01015625
0 0.871875 0.31875 0.021875 0.01015625
0 0.8828125 0.31796875 0.00625 0.01015625
0 0.20859375 0.3375 0.103125 0.01328125
0 0.2765625 0.3375 0.0140625 0.01328125
0 0.3234375 0.33671875 0.06328125 0.01328125
0 0.41875 0.33671875 0.10859375 0.0125
0 0.53125 0.3359375 0.10078125 0.01328125
0 0.69296875 0.3359375 0.0453125 0.00859375
0 0.753125 0.33515625 0.0609375 0.00859375
0 0.7890625 0.33515625 0.00390625 0.00859375
0 0.8359375 0.334375 0.08359375 0.00859375
0 0.2125 0.353125 0.1125 0.01328125
0 0.32578125 0.35234375 0.0875 0.01328125
0 0.4375 0.35234375 0.1078125 0.01328125
0 0.49765625 0.35234375 0.00703125 0.01328125
0 0.5484375 0.35234375 0.0828125 0.01328125
0 0.58671875 0.3578125 0.00625 0.0125
0 0.61875 0.3578125 0.05625 0.0125
0 0.79921875 0.35703125 0.06328125 0.0125
0 0.90078125 0.35625 0.065625 0.0125
0 0.0875 0.359375 0.0453125 0.0125
0 0.1515625 0.39921875 0.05703125 0.0125
0 0.640625 0.3953125 0.009375 0.0109375
0 0.7171875 0.39453125 0.02421875 0.0109375
0 0.80625 0.39609375 0.065625 0.0125
0 0.90703125 0.3953125 0.0640625 0.0125
0 0.26796875 0.396875 0.05703125 0.0140625
0 0.32109375 0.39609375 0.03359375 0.0140625
0 0.396875 0.3953125 0.10390625 0.01328125
0 0.51640625 0.39453125 0.12265625 0.0140625
0 0.28671875 0.409375 0.09296875 0.0140625
0 0.4125 0.40859375 0.140625 0.0140625
0 0.53359375 0.40859375 0.084375 0.0140625
0 0.640625 0.44296875 0.009375 0.0125
0 0.7171875 0.44296875 0.02421875 0.0125
0 0.8078125 0.44453125 0.06484375 0.01171875
0 0.90703125 0.44375 0.0640625 0.01171875
0 0.16796875 0.446875 0.08671875 0.01328125
0 0.26484375 0.44609375 0.04609375 0.0140625
0 0.30625 0.44609375 0.021875 0.0140625
0 0.3609375 0.4453125 0.07421875 0.01328125
0 0.47265625 0.4453125 0.134375 0.01328125
0 0.2875 0.45859375 0.09140625 0.01328125
0 0.37734375 0.4578125 0.0765625 0.01328125
0 0.459375 0.4578125 0.071875 0.01328125
0 0.540625 0.45703125 0.07421875 0.01328125
0 0.58359375 0.45703125 0.00390625 0.01328125
0 0.29609375 0.55703125 0.4421875 0.0671875
0 0.7734375 0.55625 0.33359375 0.05546875
0 0.75390625 0.721875 0.1078125 0.01484375
0 0.87421875 0.7203125 0.00625 0.01484375
0 0.9203125 0.71953125 0.0796875 0.0140625
0 0.728125 0.74453125 0.053125 0.0125
0 0.78046875 0.74375 0.03203125 0.01171875
0 0.80703125 0.74375 0.0171875 0.0125
0 0.87421875 0.7453125 0.00625 0.0140625
0 0.9203125 0.7453125 0.0625 0.0140625
0 0.21875 0.75703125 0.2171875 0.0109375
0 0.1671875 0.77421875 0.11484375 0.015625
0 0.728125 0.76875 0.053125 0.01484375
0 0.78125 0.76875 0.03203125 0.01484375
0 0.81796875 0.76875 0.03359375 0.01484375
0 0.8765625 0.76875 0.00625 0.01484375
0 0.921875 0.76875 0.0609375 0.01484375
0 0.7140625 0.79375 0.0296875 0.015625
0 0.7921875 0.79375 0.1078125 0.01484375
0 0.8703125 0.79375 0.00625 0.015625
0 0.92421875 0.79296875 0.07890625 0.01484375
0 0.32265625 0.81953125 0.15078125 0.0125
0 0.4203125 0.81875 0.02421875 0.0140625
0 0.5046875 0.8171875 0.11953125 0.01328125
0 0.603125 0.81640625 0.009375 0.0140625
0 0.0703125 0.8296875 0.05625 0.01015625
0 0.1390625 0.83046875 0.0609375 0.01484375
0 0.196875 0.83046875 0.04609375 0.015625
0 0.27421875 0.8296875 0.0921875 0.01484375
0 0.36875 0.82890625 0.08828125 0.015625
0 0.434375 0.828125 0.0328125 0.015625
0 0.4640625 0.828125 0.009375 0.015625
0 0.49296875 0.82734375 0.04453125 0.015625
0 0.53359375 0.82734375 0.0296875 0.015625
0 0.56640625 0.82734375 0.0125 0.015625
0 0.61875 0.8265625 0.096875 0.01484375
0 0.69375 0.82578125 0.04140625 0.015625
0 0.7390625 0.82578125 0.03203125 0.015625
0 0.75859375 0.82578125 0.00390625 0.015625
0 0.771875 0.82578125 0.01640625 0.015625
0 0.9125 0.82265625 0.0609375 0.009375
0 0.959375 0.821875 0.01328125 0.0109375
0 0.071875 0.84296875 0.05234375 0.015625
0 0.103125 0.8421875 0.01015625 0.015625
0 0.128125 0.8421875 0.009375 0.01484375
0 0.31875 0.840625 0.08203125 0.01484375
0 0.3765625 0.83984375 0.01875 0.015625
0 0.3921875 0.83984375 0.009375 0.015625
0 0.45234375 0.8390625 0.103125 0.01484375
0 0.53984375 0.8390625 0.06796875 0.01484375
0 0.59609375 0.83828125 0.0296875 0.015625
0 0.61796875 0.83828125 0.0171875 0.015625
0 0.6421875 0.8375 0.0203125 0.01484375
0 0.65625 0.8375 0.00703125 0.01484375
0 0.72109375 0.8375 0.11875 0.01484375
0 0.0546875 0.8609375 0.01484375 0.0125
0 0.09765625 0.8609375 0.0578125 0.0125
0 0.15390625 0.86015625 0.0296875 0.01328125
0 0.196875 0.86015625 0.046875 0.0125
0 0.24609375 0.859375 0.040625 0.0125
0 0.29921875 0.859375 0.05 0.01328125
0 0.36875 0.859375 0.0796875 0.0125
0 0.44375 0.85859375 0.0546875 0.01328125
0 0.5 0.8578125 0.04609375 0.0125
0 0.546875 0.8578125 0.0328125 0.0125
0 0.6046875 0.8578125 0.06796875 0.01328125
0 0.67578125 0.85703125 0.0671875 0.0125
0 0.7125 0.85625 0.003125 0.01328125
0 0.0734375 0.7921875 0.04453125 0.0109375
0 0.10234375 0.7921875 0.0015625 0.00859375
0 0.0796875 0.803125 0.05703125 0.0125
0 0.13671875 0.80390625 0.03828125 0.0125
0 0.18515625 0.80546875 0.040625 0.0125
0 0.06875 0.86875 0.0484375 0.01171875
0 0.12890625 0.87109375 0.05625 0.01171875
0 0.06640625 0.8796875 0.0453125 0.0125
0 0.10703125 0.88046875 0.025 0.0125
0 0.12421875 0.88046875 0.0046875 0.01171875
0 0.1515625 0.88125 0.0421875 0.0125
0 0.21484375 0.8828125 0.06953125 0.01328125
0 0.0609375 0.88828125 0.034375 0.01171875
0 0.0953125 0.88984375 0.021875 0.0109375
0 0.1140625 0.88984375 0.0015625 0.0109375
0 0.15 0.89140625 0.0578125 0.0125
0 0.21484375 0.89296875 0.05234375 0.0125
0 0.0609375 0.896875 0.034375 0.009375
0 0.11328125 0.90078125 0.0015625 0.01015625
0 0.13984375 0.90078125 0.040625 0.01015625
0 0.184375 0.90078125 0.0375 0.01015625
0 0.22890625 0.9 0.0375 0.01015625
0 0.2734375 0.9 0.0375 0.01015625
0 0.3171875 0.9 0.0375 0.01015625
0 0.36171875 0.89921875 0.0375 0.01015625
0 0.39609375 0.89921875 0.0171875 0.01015625
0 0.19375 0.93515625 0.08828125 0.01328125
0 0.2875 0.93515625 0.07265625 0.01328125
0 0.69453125 0.9296875 0.08984375 0.0125
0 0.78046875 0.92890625 0.06171875 0.01328125
0 0.72109375 0.328125 0.01875 0.0078125
0 0.79296875 0.32734375 0.09296875 0.0078125
0 0.18203125 0.36796875 0.0453125 0.009375
0 0.19140625 0.36171875 0.06171875 0.0109375
0 0.30078125 0.36015625 0.13515625 0.01015625
0 0.21484375 0.84296875 0.11640625 0.009375
0 0.1421875 0.84375 0.01953125 0.009375