0 0.2328125 0.0453125 0.0578125 0.01875
0 0.3640625 0.0453125 0.15859375 0.01875
0 0.55703125 0.0453125 0.17890625 0.01875
0 0.70703125 0.0453125 0.071875 0.01875
0 0.29375 0.06484375 0.13828125 0.02109375
0 0.415625 0.06484375 0.0578125 0.02109375
0 0.45625 0.06484375 0.00234375 0.02109375
0 0.5671875 0.06484375 0.1578125 0.02109375
0 0.7015625 0.06484375 0.0578125 0.02109375
0 0.74140625 0.06484375 0.00234375 0.02109375
0 0.3046875 0.0828125 0.03828125 0.01875
0 0.334375 0.0828125 0.003125 0.01875
0 0.3765625 0.0828125 0.053125 0.01875
0 0.48046875 0.0828125 0.09765625 0.01875
0 0.5375 0.0828125 0.0109375 0.01875
0 0.615625 0.0828125 0.1453125 0.01875
0 0.2125 0.10390625 0.09765625 0.0203125
0 0.39609375 0.10390625 0.21953125 0.0203125
0 0.55859375 0.10390625 0.05703125 0.0203125
0 0.7125 0.10390625 0.19765625 0.0203125
0 0.16015625 0.1375 0.1984375 0.02265625
0 0.09296875 0.153125 0.0765625 0.02109375
0 0.1453125 0.1546875 0.0046875 0.01953125
0 0.23046875 0.15625 0.09453125 0.021875
0 0.76015625 0.14296875 0.009375 0.01953125
0 0.8546875 0.1421875 0.1203125 0.01875
0 0.1265625 0.1890625 0.13984375 0.02265625
0 0.26015625 0.190625 0.07890625 0.02265625
0 0.39609375 0.19140625 0.14140625 0.02265625
0 0.4984375 0.19296875 0.01640625 0.021875
0 0.53125 0.19296875 0.03671875 0.021875
0 0.128125 0.2109375 0.1421875 0.01796875
0 0.26171875 0.21015625 0.08046875 0.01796875
0 0.396875 0.209375 0.14140625 0.01796875
0 0.5015625 0.20859375 0.01640625 0.01875
0 0.5328125 0.20859375 0.03828125 0.01875
0 0.15 0.23203125 0.18203125 0.0203125
0 0.32421875 0.23046875 0.121875 0.0203125
0 0.5015625 0.2296875 0.01796875 0.02109375
0 0.53359375 0.22890625 0.0375 0.02109375
0 0.1515625 0.2515625 0.18046875 0.01796875
0 0.325 0.25 0.1203125 0.01796875
0 0.5015625 0.24921875 0.01640625 0.01640625
0 0.53359375 0.24921875 0.03515625 0.01640625
0 0.11796875 0.271875 0.125 0.0203125
0 0.275 0.27109375 0.1421875 0.0203125
0 0.39921875 0.27109375 0.05625 0.02109375
0 0.5015625 0.27109375 0.01640625 0.02109375
0 0.5328125 0.2703125 0.0390625 0.02109375
0 0.12109375 0.29140625 0.11953125 0.0171875
0 0.2859375 0.29140625 0.1609375 0.0171875
0 0.42109375 0.290625 0.05859375 0.01796875
0 0.5015625 0.290625 0.01640625 0.01796875
0 0.53359375 0.290625 0.0390625 0.01796875
0 0.1234375 0.31484375 0.11953125 0.02109375
0 0.27734375 0.3140625 0.140625 0.02109375
0 0.4015625 0.31328125 0.05703125 0.02109375
0 0.503125 0.31328125 0.01640625 0.02109375
0 0.53359375 0.31328125 0.0375 0.02109375
0 0.125 0.334375 0.11640625 0.02109375
0 0.2375 0.33359375 0.05859375 0.02109375
0 0.35859375 0.33359375 0.1375 0.0203125
0 0.53359375 0.3328125 0.0375 0.02109375
0 0.1171875 0.353125 0.09765625 0.02109375
0 0.2296875 0.353125 0.078125 0.02109375
0 0.3 0.353125 0.0171875 0.02109375
0 0.3703125 0.353125 0.0765625 0.02109375
0 0.11875 0.37421875 0.096875 0.0203125
0 0.23984375 0.37265625 0.09765625 0.0203125
0 0.50234375 0.371875 0.01640625 0.01640625
0 0.53359375 0.371875 0.03671875 0.01640625
0 0.08125 0.3921875 0.01640625 0.01875
0 0.15078125 0.3921875 0.0734375 0.01875
0 0.22109375 0.3921875 0.01484375 0.01875
0 0.29140625 0.3921875 0.0765625 0.01875
0 0.12109375 0.41171875 0.09609375 0.01875
0 0.24140625 0.41171875 0.096875 0.01875
0 0.5046875 0.41171875 0.01640625 0.01796875
0 0.53359375 0.41171875 0.03515625 0.01796875
0 0.14375 0.43203125 0.13359375 0.0203125
0 0.2828125 0.43203125 0.09609375 0.0203125
0 0.4125 0.43203125 0.11640625 0.0203125
0 0.503125 0.43203125 0.01640625 0.0203125
0 0.53359375 0.43203125 0.0375 0.0203125
0 0.1046875 0.45078125 0.0515625 0.01953125
0 0.18359375 0.45078125 0.0515625 0.01953125
0 0.28359375 0.45078125 0.0984375 0.01953125
0 0.503125 0.45 0.01875 0.0171875
0 0.53359375 0.45 0.0375 0.0171875
0 0.10625 0.4703125 0.05234375 0.01875
0 0.18671875 0.4703125 0.05 0.01875
0 0.28671875 0.4703125 0.09765625 0.01875
0 0.5046875 0.4703125 0.0171875 0.01796875
0 0.534375 0.4703125 0.03671875 0.0171875
0 0.78359375 0.2015625 0.01484375 0.01640625
0 0.8359375 0.20078125 0.07421875 0.01640625
0 0.78671875 0.21875 0.01328125 0.01484375
0 0.83984375 0.21875 0.07578125 0.01484375
0 0.78828125 0.2328125 0.00703125 0.01484375
0 0.79296875 0.25078125 0.015625 0.0203125
0 0.8453125 0.25078125 0.08046875 0.0203125
0 0.8453125 0.2703125 0.08046875 0.02109375
0 0.7921875 0.290625 0.01484375 0.0171875
0 0.84375 0.28984375 0.08203125 0.01640625
0 0.79140625 0.31171875 0.015625 0.0203125
0 0.84375 0.31171875 0.0796875 0.0203125
0 0.78984375 0.33203125 0.01640625 0.01796875
0 0.84296875 0.3328125 0.07890625 0.01796875
0 0.7890625 0.37265625 0.01328125 0.01796875
0 0.8421875 0.37265625 0.07421875 0.01875
0 0.78671875 0.41171875 0.0109375 0.01640625
0 0.84375 0.41015625 0.075 0.015625
0 0.76875 0.43125 0.015625 0.01875
0 0.83203125 0.43125 0.0953125 0.01875
0 0.78984375 0.45078125 0.015625 0.01875
0 0.84140625 0.45078125 0.08046875 0.01796875
0 0.7890625 0.47109375 0.01875 0.01640625
0 0.83984375 0.46953125 0.07890625 0.015625
0 0.13515625 0.5265625 0.11171875 0.015625
0 0.7859375 0.50859375 0.0140625 0.01875
0 0.83828125 0.50859375 0.078125 0.01875
0 0.76484375 0.5265625 0.01484375 0.0171875
0 0.825 0.5265625 0.09765625 0.0171875
0 0.12578125 0.56328125 0.096875 0.01875
0 0.2453125 0.56328125 0.09375 0.01875
0 0.76640625 0.56328125 0.0140625 0.01796875
0 0.8265625 0.56328125 0.0953125 0.01796875
0 0.21484375 0.60234375 0.11484375 0.02265625
0 0.2828125 0.60234375 0.009375 0.02265625
0 0.35546875 0.6015625 0.0765625 0.021875
0 0.496875 0.6015625 0.1578125 0.02265625
0 0.103125 0.6203125 0.0578125 0.02109375
0 0.14375 0.6203125 0.0015625 0.02109375
0 0.265625 0.6203125 0.21875 0.02109375
0 0.3859375 0.6203125 0.01328125 0.02109375
0 0.44609375 0.6203125 0.09765625 0.02109375
0 0.56875 0.6203125 0.09921875 0.02109375
0 0.08046875 0.66015625 0.01328125 0.021875
0 0.1015625 0.66015625 0.003125 0.021875
0 0.18359375 0.66015625 0.13671875 0.021875
0 0.28359375 0.66015625 0.01328125 0.021875
0 0.30546875 0.66015625 0.00390625 0.021875
0 0.396875 0.66015625 0.15859375 0.021875
0 0.5484375 0.66015625 0.01640625 0.021875
0 0.56875 0.66015625 0.003125 0.021875
0 0.63984375 0.66015625 0.11796875 0.021875
0 0.73203125 0.66015625 0.01484375 0.021875
0 0.7515625 0.66015625 0.00390625 0.021875
0 0.821875 0.66015625 0.11640625 0.021875
0 0.1015625 0.68046875 0.05625 0.0203125
0 0.1421875 0.68046875 0.003125 0.0203125
0 0.24375 0.6796875 0.178125 0.0203125
0 0.37578125 0.6796875 0.0375 0.0203125
0 0.40625 0.6796875 0.0046875 0.0203125
0 0.47734375 0.6796875 0.11875 0.0203125
0 0.58828125 0.6796875 0.0578125 0.0203125
0 0.6296875 0.6796875 0.00390625 0.0203125
0 0.65859375 0.6796875 0.034375 0.0203125
0 0.740625 0.67890625 0.0765625 0.0203125
0 0.79140625 0.67890625 0.00390625 0.0203125
0 0.84140625 0.67890625 0.0765625 0.0203125
0 0.14140625 0.69921875 0.0484375 0.01953125
0 0.1875 0.69921875 0.00859375 0.01953125
0 0.3390625 0.69921875 0.27578125 0.01953125
0 0.59140625 0.69921875 0.1734375 0.01953125
0 0.753125 0.69921875 0.10078125 0.01953125
0 0.871875 0.69921875 0.096875 0.01953125
0 0.11484375 0.7171875 0.071875 0.0203125
0 0.196875 0.7171875 0.03671875 0.0203125
0 0.22734375 0.7171875 0.0125 0.0203125
0 0.278125 0.7171875 0.075 0.0203125
0 0.328125 0.71796875 0.0046875 0.0203125
0 0.37734375 0.71796875 0.075 0.0203125
0 0.5890625 0.71875 0.1359375 0.0203125
0 0.61875 0.73515625 0.07734375 0.01796875
0 0.13203125 0.75234375 0.096875 0.01796875
0 0.26015625 0.75078125 0.11484375 0.01796875
0 0.45 0.76875 0.09453125 0.01875
0 0.55859375 0.76953125 0.03515625 0.01796875
0 0.2703125 0.7859375 0.16796875 0.0203125
0 0.40859375 0.7859375 0.0546875 0.0203125
0 0.5 0.7859375 0.0734375 0.0203125
0 0.60859375 0.7859375 0.1234375 0.0203125
0 0.74609375 0.7859375 0.09453125 0.0203125
0 0.146875 0.80390625 0.0734375 0.02109375
0 0.28515625 0.80390625 0.16328125 0.02109375
0 0.375 0.80390625 0.01328125 0.02109375
0 0.44296875 0.80390625 0.11796875 0.02109375
0 0.70625 0.80390625 0.36953125 0.02109375
0 0.14453125 0.84375 0.1171875 0.0203125
0 0.24375 0.84296875 0.0390625 0.0203125
0 0.2703125 0.84296875 0.0078125 0.02109375
0 0.3421875 0.84296875 0.07734375 0.02109375
0 0.440625 0.8421875 0.075 0.02109375
0 0.53984375 0.84140625 0.075 0.02109375
0 0.6375 0.84140625 0.0765625 0.0203125
0 0.1328125 0.8609375 0.09375 0.021875
0 0.28203125 0.8609375 0.15703125 0.021875
0 0.3734375 0.8609375 0.0046875 0.021875
0 0.490625 0.8609375 0.17421875 0.021875
0 0.6296875 0.8609375 0.05546875 0.021875
0 0.7484375 0.8609375 0.0953125 0.021875
0 0.8484375 0.8609375 0.05546875 0.021875
0 0.8890625 0.86640625 0 0.01171875
0 0.1 0.8828125 0.03671875 0.02265625
0 0.1296875 0.8828125 0.00390625 0.02265625
0 0.1703125 0.8828125 0.0171875 0.021875
0 0.190625 0.88984375 0.0046875 0.0078125
0 0.39140625 0.88203125 0.00390625 0.02265625
0 0.47109375 0.88203125 0.09609375 0.02265625
0 0.5296875 0.88203125 0.00546875 0.02265625
0 0.61796875 0.88125 0.11328125 0.021875
0 0.68828125 0.88125 0.00546875 0.02265625
0 0.8 0.88125 0.1546875 0.021875
0 0.5 0.9 0.3546875 0.0171875
0 0.3203125 0.92109375 0.03671875 0.01953125
0 0.3515625 0.92109375 0.0046875 0.01953125
0 0.51875 0.9203125 0.3140625 0.01875
0 0.31953125 0.94140625 0.0765625 0.02109375
0 0.46015625 0.940625 0.15625 0.02109375
0 0.6203125 0.93984375 0.11640625 0.02109375
0 0.690625 0.93984375 0.0046875 0.02109375
0 0.0828125 0.9859375 0.02109375 0.01796875
0 0.134375 0.984375 0.04140625 0.01796875
0 0.165625 0.98359375 0.00703125 0.01875
0 0.23828125 0.98203125 0.121875 0.01640625
0 0.803125 0.98125 0.03671875 0.01796875
0 0.83515625 0.98125 0.00859375 0.01796875
0 0.88671875 0.98203125 0.08046875 0.01875
0 0.659375 0.14375 0.0609375 0.0171875
0 0.73203125 0.14296875 0.0375 0.015625
0 0.7921875 0.2703125 0.01640625 0.0109375
0 0.140625 0.50703125 0.11953125 0.01484375
0 0.1046875 0.6015625 0.0546875 0.015625
0 0.30234375 0.88203125 0.16015625 0.01796875
0 0.73359375 0.98046875 0.06015625 0.01640625