0 0.7671875 0.1296875 0.2328125 0.01796875
0 0.11953125 0.1296875 0.1109375 0.0171875
0 0.25234375 0.1296875 0.12421875 0.0171875
0 0.48359375 0.1296875 0.30625 0.0171875
0 0.47421875 0.15078125 0.06484375 0.01484375
0 0.66875 0.15078125 0.24296875 0.01484375
0 0.528125 0.15234375 0.00703125 0.01171875
0 0.2375 0.153125 0.18125 0.01796875
0 0.384375 0.153125 0.0828125 0.01875
0 0.09375 0.1703125 0.06328125 0.01484375
0 0.2765625 0.1703125 0.128125 0.01484375
0 0.421875 0.17109375 0.12890625 0.0140625
0 0.621875 0.17109375 0.14609375 0.0140625
0 0.16875 0.17109375 0.05546875 0.015625
0 0.78828125 0.17109375 0.15625 0.015625
0 0.51796875 0.171875 0.03359375 0.015625
0 0.5328125 0.18984375 0.1359375 0.01484375
0 0.18828125 0.18984375 0.11640625 0.01484375
0 0.7078125 0.190625 0.18515625 0.01328125
0 0.35390625 0.190625 0.18515625 0.015625
0 0.3859375 0.21015625 0.1515625 0.0140625
0 0.49375 0.21015625 0.04375 0.0140625
0 0.5765625 0.21015625 0.09375 0.0140625
0 0.28203125 0.2296875 0.078125 0.01328125
0 0.5578125 0.2296875 0.25078125 0.01328125
0 0.365625 0.23125 0.06796875 0.015625
0 0.371875 0.25859375 0.09140625 0.0171875
0 0.52421875 0.25859375 0.1953125 0.015625
0 0.23203125 0.29140625 0.1015625 0.0140625
0 0.109375 0.29140625 0.090625 0.0140625
0 0.7671875 0.29375 0.12109375 0.0140625
0 0.59921875 0.29375 0.1875 0.01328125
0 0.871875 0.29375 0.05546875 0.01328125
0 0.09140625 0.30859375 0.05546875 0.0140625
0 0.23203125 0.30859375 0.1015625 0.0140625
0 0.2859375 0.328125 0.103125 0.01328125
0 0.128125 0.32890625 0.13046875 0.0140625
0 0.66640625 0.3546875 0.0859375 0.0140625
0 0.09375 0.35625 0.05859375 0.01640625
0 0.246875 0.35625 0.1875 0.01640625
0 0.8390625 0.35703125 0.1609375 0.015625
0 0.1140625 0.37734375 0.01796875 0.0140625
0 0.159375 0.37734375 0.0296875 0.0140625
0 0.25390625 0.37734375 0.134375 0.0140625
0 0.37734375 0.37734375 0.0828125 0.0140625
0 0.675 0.378125 0.07265625 0.01328125
0 0.80625 0.378125 0.0890625 0.01328125
0 0.89296875 0.378125 0.053125 0.01328125
0 0.28359375 0.396875 0.2828125 0.01640625
0 0.1140625 0.41484375 0.01796875 0.01328125
0 0.175 0.41484375 0.065625 0.0140625
0 0.2859375 0.41484375 0.13046875 0.0140625
0 0.40625 0.415625 0.08359375 0.0125
0 0.6734375 0.415625 0.07578125 0.01328125
0 0.84921875 0.415625 0.1390625 0.01328125
0 0.23203125 0.4328125 0.18125 0.01328125
0 0.1140625 0.453125 0.01796875 0.01328125
0 0.1765625 0.453125 0.05859375 0.01328125
0 0.3984375 0.45390625 0.0828125 0.01328125
0 0.6734375 0.45390625 0.07578125 0.01328125
0 0.83828125 0.45390625 0.1609375 0.01328125
0 0.278125 0.4546875 0.1265625 0.01953125
0 0.2828125 0.47265625 0.28515625 0.0171875
0 0.1140625 0.490625 0.021875 0.01328125
0 0.675 0.490625 0.07265625 0.0140625
0 0.83828125 0.490625 0.15859375 0.0140625
0 0.24375 0.490625 0.2 0.0140625
0 0.3984375 0.490625 0.0828125 0.0140625
0 0.31171875 0.51015625 0.340625 0.01640625
0 0.35234375 0.52890625 0.421875 0.0140625
0 0.1140625 0.52890625 0.01328125 0.0140625
0 0.675 0.5296875 0.07265625 0.01328125
0 0.84921875 0.5296875 0.1390625 0.01328125
0 0.1140625 0.55078125 0.0125 0.01328125
0 0.2421875 0.55078125 0.2015625 0.0140625
0 0.39765625 0.55078125 0.08671875 0.0140625
0 0.8484375 0.5515625 0.140625 0.01328125
0 0.6734375 0.55234375 0.0734375 0.01328125
0 0.2015625 0.56953125 0.121875 0.01328125
0 0.31015625 0.56953125 0.0625 0.01328125
0 0.1125 0.58828125 0.01484375 0.01328125
0 0.21328125 0.58828125 0.14140625 0.0140625
0 0.675 0.5890625 0.0703125 0.0125
0 0.84921875 0.5890625 0.13828125 0.01328125
0 0.1140625 0.609375 0.01796875 0.0140625
0 0.19296875 0.61015625 0.10078125 0.01328125
0 0.34375 0.61015625 0.18125 0.01328125
0 0.675 0.61015625 0.0703125 0.01328125
0 0.84921875 0.6109375 0.13828125 0.01328125
0 0.234375 0.61171875 0.021875 0.01953125
0 0.1140625 0.63046875 0.01796875 0.01328125
0 0.15859375 0.63046875 0.03046875 0.01328125
0 0.8921875 0.63046875 0.053125 0.01328125
0 0.26328125 0.63046875 0.15390625 0.01328125
0 0.39609375 0.63046875 0.08359375 0.01328125
0 0.66484375 0.63046875 0.090625 0.01328125
0 0.8046875 0.63046875 0.09296875 0.0140625
0 0.85703125 0.65234375 0.06484375 0.01171875
0 0.1546875 0.65390625 0.06640625 0.0171875
0 0.265625 0.65390625 0.12109375 0.0171875
0 0.103125 0.66796875 0.0375 0.01328125
0 0.175 0.66796875 0.065625 0.01328125
0 0.48359375 0.6671875 0.0828125 0.0140625
0 0.3234375 0.66796875 0.21484375 0.0140625
0 0.6734375 0.66796875 0.0734375 0.01328125
0 0.8046875 0.66796875 0.09296875 0.01328125
0 0.8921875 0.66796875 0.053125 0.01328125
0 0.10390625 0.69140625 0.04296875 0.01328125
0 0.30625 0.69140625 0.0375 0.01328125
0 0.428125 0.69140625 0.0828125 0.0140625
0 0.79375 0.69140625 0.11328125 0.0140625
0 0.196875 0.6921875 0.09296875 0.01640625
0 0.81484375 0.72109375 0.07265625 0.0125
0 0.13984375 0.72109375 0.15078125 0.01875
0 0.81171875 0.74765625 0.0734375 0.01328125
0 0.14765625 0.7484375 0.16171875 0.01640625
0 0.265625 0.7484375 0.05546875 0.01640625
0 0.10390625 0.77265625 0.08359375 0.0140625
0 0.23046875 0.77265625 0.14609375 0.0140625
0 0.359375 0.7734375 0.0859375 0.01328125
0 0.7796875 0.77421875 0.1390625 0.01640625
0 0.778125 0.80078125 0.140625 0.01640625
0 0.115625 0.80078125 0.10390625 0.02265625
0 0.10859375 0.83125 0.08828125 0.01796875
0 0.27578125 0.83359375 0.19921875 0.01484375
0 0.10703125 0.85703125 0.08671875 0.01328125
0 0.21015625 0.85703125 0.0328125 0.01328125
0 0.43984375 0.8578125 0.0703125 0.01328125
0 0.62421875 0.8578125 0.07890625 0.01328125
0 0.365625 0.8578125 0.06015625 0.01328125
0 0.81171875 0.859375 0.16640625 0.015625
0 0.0953125 0.88203125 0.0546875 0.01328125
0 0.2140625 0.88203125 0.053125 0.01328125
0 0.4109375 0.8828125 0.1109375 0.01328125
0 0.83671875 0.8828125 0.11171875 0.01328125
0 0.615625 0.8828125 0.090625 0.01328125
0 0.109375 0.90625 0.0859375 0.01875
0 0.615625 0.90703125 0.090625 0.0125
0 0.83671875 0.90703125 0.11171875 0.0125
0 0.4109375 0.90703125 0.1109375 0.0125
0 0.13671875 0.94609375 0.14453125 0.01796875
0 0.3265625 0.946875 0.00546875 0.0171875
0 0.365625 0.946875 0.0359375 0.01796875
0 0.86953125 0.946875 0.0203125 0.0171875
0 0.4765625 0.946875 0.15625 0.01796875
0 0.63203125 0.9484375 0.12578125 0.0140625
0 0.775 0.9484375 0.12421875 0.02109375
0 0.2609375 0.95 0.08046875 0.0171875
0 0.21015625 0.9671875 0.06015625 0.0125
0 0.45625 0.96796875 0.1921875 0.01171875
0 0.328125 0.96796875 0.0453125 0.0109375
0 0.8640625 0.96796875 0.01328125 0.0109375
0 0.121875 0.96796875 0.0984375 0.0109375
0 0.60703125 0.96796875 0.09375 0.01171875
0 0.27265625 0.96875 0.05 0.009375
0 0.678125 0.96875 0.03046875 0.01015625
0 0.77265625 0.96953125 0.14453125 0.0140625
0 0.53359375 0.96953125 0.04296875 0.01796875