0 0.45234375 0.09921875 0.74765625 0.021875
0 0.11328125 0.125 0.05390625 0.01171875
0 0.37890625 0.125 0.09765625 0.01171875
0 0.490625 0.125 0.09765625 0.01171875
0 0.6046875 0.125 0.10546875 0.01171875
0 0.68125 0.12578125 0.01875 0.0109375
0 0.2359375 0.12578125 0.1625 0.0140625
0 0.75625 0.1265625 0.10859375 0.0140625
0 0.13515625 0.13984375 0.10078125 0.01171875
0 0.246875 0.13984375 0.0953125 0.01171875
0 0.35 0.13984375 0.084375 0.01171875
0 0.13671875 0.15703125 0.10078125 0.01171875
0 0.51171875 0.15703125 0.17890625 0.01171875
0 0.6546875 0.1578125 0.078125 0.01171875
0 0.40546875 0.15859375 0.00625 0.00859375
0 0.29375 0.15859375 0.18828125 0.015625
0 0.11171875 0.1765625 0.0609375 0.0125
0 0.2453125 0.1765625 0.17890625 0.0125
0 0.3875 0.1765625 0.0796875 0.0125
0 0.4015625 0.19375 0.2390625 0.015625
0 0.1171875 0.19375 0.0625 0.0125
0 0.1796875 0.19453125 0.03671875 0.01171875
0 0.2359375 0.19453125 0.04140625 0.0125
0 0.71328125 0.203125 0.0859375 0.015625
0 0.8609375 0.203125 0.17890625 0.015625
0 0.11875 0.21328125 0.09375 0.01171875
0 0.19375 0.2140625 0.03984375 0.015625
0 0.40546875 0.2296875 0.05703125 0.01171875
0 0.1203125 0.2296875 0.09765625 0.01171875
0 0.2359375 0.2296875 0.11484375 0.01171875
0 0.334375 0.23046875 0.059375 0.01015625
0 0.5265625 0.23125 0.159375 0.0140625
0 0.4 0.26484375 0.16875 0.0125
0 0.12578125 0.26484375 0.0953125 0.0125
0 0.24453125 0.26484375 0.11640625 0.0125
0 0.20390625 0.303125 0.21015625 0.01484375
0 0.825 0.303125 0.06875 0.0140625
0 0.5125 0.30390625 0.13203125 0.01171875
0 0.64609375 0.30390625 0.11171875 0.0125
0 0.74140625 0.30390625 0.0671875 0.0125
0 0.91640625 0.30390625 0.08125 0.0125
0 0.4890625 0.32109375 0.08125 0.01171875
0 0.62421875 0.32265625 0.1640625 0.01640625
0 0.16875 0.34140625 0.04453125 0.01171875
0 0.259375 0.34140625 0.11015625 0.01171875
0 0.81328125 0.3421875 0.0703125 0.01171875
0 0.91796875 0.3421875 0.03984375 0.01171875
0 0.22734375 0.3609375 0.1703125 0.01171875
0 0.11171875 0.3609375 0.02578125 0.01171875
0 0.83984375 0.3625 0.078125 0.01171875
0 0.5546875 0.3625 0.2140625 0.01171875
0 0.73125 0.3625 0.11015625 0.01171875
0 0.925 0.3625 0.0640625 0.01171875
0 0.503125 0.37890625 0.11328125 0.01171875
0 0.22890625 0.39921875 0.17734375 0.0125
0 0.91796875 0.4 0.03984375 0.0125
0 0.81328125 0.4 0.0703125 0.0109375
0 0.31328125 0.42265625 0.1421875 0.0125
0 0.1953125 0.42265625 0.084375 0.0125
0 0.1015625 0.42265625 0.08125 0.0125
0 0.425 0.42265625 0.0625 0.015625
0 0.51328125 0.4234375 0.0859375 0.01484375
0 0.81328125 0.425 0.0703125 0.01171875
0 0.46796875 0.44296875 0.1359375 0.0125
0 0.81328125 0.4453125 0.0703125 0.01171875
0 0.4390625 0.46953125 0.08125 0.01484375
0 0.81796875 0.47109375 0.0671875 0.01171875
0 0.45 0.48984375 0.0953125 0.0125
0 0.53515625 0.49140625 0.04921875 0.01484375
0 0.81796875 0.4921875 0.0671875 0.01171875
0 0.4796875 0.51484375 0.15625 0.0125
0 0.81796875 0.51796875 0.0765625 0.0125
0 0.440625 0.5515625 0.084375 0.0109375
0 0.8109375 0.55390625 0.084375 0.01015625
0 0.465625 0.5703125 0.13046875 0.0125
0 0.81796875 0.57421875 0.0671875 0.01015625
0 0.5234375 0.59921875 0.20390625 0.01796875
0 0.09375 0.59921875 0.0609375 0.01171875
0 0.84453125 0.6 0.13203125 0.01640625
0 0.2109375 0.6 0.1453125 0.015625
0 0.58984375 0.61875 0.0703125 0.0125
0 0.08203125 0.61953125 0.03984375 0.01171875
0 0.18671875 0.61953125 0.05078125 0.01171875
0 0.87890625 0.62109375 0.0671875 0.01171875
0 0.1296875 0.62109375 0.03046875 0.0125
0 0.090625 0.67109375 0.05703125 0.01015625
0 0.16171875 0.67109375 0.05546875 0.01015625
0 0.346875 0.67109375 0.246875 0.01171875
0 0.57109375 0.67109375 0.0921875 0.01171875
0 0.74375 0.671875 0.18359375 0.0140625
0 0.28046875 0.75390625 0.0703125 0.01171875
0 0.1796875 0.75390625 0.11015625 0.01171875
0 0.425 0.75390625 0.059375 0.0109375
0 0.5640625 0.75390625 0.19921875 0.0125
0 0.68828125 0.75390625 0.02734375 0.0125
0 0.81640625 0.7546875 0.20390625 0.0125
0 0.35546875 0.75546875 0.05703125 0.00859375
0 0.459375 0.78671875 0.0703125 0.01171875
0 0.26171875 0.78671875 0.12421875 0.01171875
0 0.55859375 0.78671875 0.10234375 0.01171875
0 0.3734375 0.7875 0.0765625 0.0109375
0 0.73046875 0.78828125 0.2234375 0.01015625
0 0.65078125 0.80859375 0.12734375 0.01171875
0 0.39296875 0.80859375 0.12578125 0.01171875
0 0.521875 0.80859375 0.10859375 0.01171875
0 0.275 0.8421875 0.1421875 0.0125
0 0.4109375 0.8421875 0.10078125 0.0125
0 0.5375 0.8421875 0.0734375 0.0125
0 0.66484375 0.84296875 0.153125 0.01171875
0 0.796875 0.84296875 0.078125 0.01171875
0 0.45234375 0.87578125 0.075 0.0109375
0 0.57421875 0.87578125 0.146875 0.0125
0 0.3609375 0.87578125 0.078125 0.0109375
0 0.23984375 0.87578125 0.12578125 0.0109375
0 0.89609375 0.8765625 0.04453125 0.01171875
0 0.80234375 0.8765625 0.12109375 0.01171875
0 0.69375 0.8765625 0.0703125 0.01171875
0 0.1953125 0.89609375 0.18984375 0.01171875
0 0.51875 0.89609375 0.03671875 0.0109375
0 0.6375 0.89609375 0.17734375 0.0109375
0 0.35 0.89609375 0.09375 0.0109375
0 0.44453125 0.89609375 0.06875 0.0109375
0 0.84140625 0.896875 0.20859375 0.01171875
0 0.49296875 0.915625 0.165625 0.0109375
0 0.21875 0.94765625 0.11796875 0.0125
0 0.32734375 0.94765625 0.0765625 0.0125
0 0.4640625 0.94765625 0.16875 0.0125
0 0.73125 0.95 0.3078125 0.01640625