0 0.4 0.06328125 0.321875 0.01640625
0 0.7078125 0.0609375 0.21015625 0.01796875
0 0.240625 0.0875 0.13125 0.01953125
0 0.403125 0.08671875 0.13125 0.01953125
0 0.5421875 0.0859375 0.078125 0.01953125
0 0.6015625 0.08515625 0.02421875 0.02109375
0 0.6421875 0.08515625 0.05703125 0.02109375
0 0.79453125 0.084375 0.19921875 0.01953125
0 0.2921875 0.1078125 0.24375 0.0203125
0 0.4734375 0.10625 0.0625 0.021875
0 0.65703125 0.10546875 0.240625 0.0203125
0 0.196875 0.128125 0.1640625 0.01796875
0 0.36328125 0.12734375 0.1 0.01796875
0 0.47265625 0.1265625 0.05234375 0.01796875
0 0.51328125 0.12578125 0.00859375 0.01875
0 0.5546875 0.12578125 0.046875 0.01796875
0 0.6234375 0.125 0.02109375 0.01875
0 0.64765625 0.125 0.0078125 0.01875
0 0.80859375 0.12421875 0.28984375 0.0171875
0 0.43515625 0.14609375 0.13046875 0.01796875
0 0.51875 0.1453125 0.015625 0.01875
0 0.6140625 0.14453125 0.18359375 0.01796875
0 0.528125 0.16640625 0.26484375 0.015625
0 0.3625 0.1875 0.2125 0.01953125
0 0.6078125 0.18515625 0.21484375 0.01875
0 0.77265625 0.1828125 0.06328125 0.0203125
0 0.15859375 0.21640625 0.12109375 0.0171875
0 0.58046875 0.21328125 0.25703125 0.0140625
0 0.1421875 0.2359375 0.1 0.015625
0 0.55546875 0.23203125 0.21015625 0.0140625
0 0.12890625 0.25546875 0.08046875 0.01875
0 0.22578125 0.25390625 0.0546875 0.01875
0 0.496875 0.2515625 0.10546875 0.01796875
0 0.13125 0.28359375 0.08671875 0.01484375
0 0.2453125 0.28203125 0.08984375 0.01484375
0 0.359375 0.28046875 0.0890625 0.0140625
0 0.440625 0.2796875 0.02421875 0.015625
0 0.62109375 0.27734375 0.0125 0.01328125
0 0.65625 0.2765625 0.03984375 0.01328125
0 0.875 0.27421875 0.10390625 0.0125
0 0.1984375 0.325 0.21484375 0.015625
0 0.20234375 0.34765625 0.2125 0.0171875
0 0.76171875 0.3171875 0.02890625 0.0171875
0 0.84921875 0.31640625 0.1390625 0.015625
0 0.72421875 0.3390625 0.02890625 0.01875
0 0.8328125 0.33828125 0.171875 0.01796875
0 0.7796875 0.3796875 0.01796875 0.0171875
0 0.86171875 0.3796875 0.12578125 0.015625
0 0.16640625 0.3890625 0.134375 0.015625
0 0.20859375 0.40859375 0.159375 0.0171875
0 0.50078125 0.4234375 0.10703125 0.01640625
0 0.12578125 0.4578125 0.046875 0.01953125
0 0.1609375 0.4578125 0.0125 0.01953125
0 0.18203125 0.45703125 0.02109375 0.01953125
0 0.2 0.45703125 0.01015625 0.0203125
0 0.26328125 0.45546875 0.1234375 0.01796875
0 0.36015625 0.45390625 0.0234375 0.01953125
0 0.425 0.45234375 0.06328125 0.01875
0 0.471875 0.4515625 0.0125 0.01953125
0 0.521875 0.45078125 0.0859375 0.01875
0 0.63515625 0.44921875 0.0921875 0.01875
0 0.68515625 0.44765625 0.01640625 0.01953125
0 0.171875 0.478125 0.134375 0.01796875
0 0.43515625 0.4734375 0.35078125 0.01328125
0 0.3359375 0.4953125 0.46640625 0.01171875
0 0.55625 0.51015625 0.1546875 0.015625
0 0.16640625 0.53828125 0.1390625 0.015625
0 0.2484375 0.53671875 0.0109375 0.0171875
0 0.3359375 0.53515625 0.11484375 0.015625
0 0.44453125 0.5328125 0.06796875 0.0171875
0 0.1421875 0.55859375 0.09140625 0.01640625
0 0.25625 0.55625 0.09375 0.01640625
0 0.35390625 0.553125 0.06875 0.0171875
0 0.43359375 0.55234375 0.05 0.0171875
0 0.4703125 0.5515625 0.01796875 0.01796875
0 0.51015625 0.55 0.0671875 0.01640625
0 0.1359375 0.578125 0.0890625 0.0171875
0 0.2609375 0.575 0.11328125 0.015625
0 0.43125 0.571875 0.18046875 0.01484375
0 0.5765625 0.56796875 0.065625 0.0171875
0 0.115625 0.5984375 0.0390625 0.01875
0 0.21171875 0.59609375 0.13125 0.0171875
0 0.3328125 0.59375 0.0578125 0.01796875
0 0.37109375 0.59296875 0.01328125 0.01875
0 0.496875 0.58984375 0.16484375 0.015625
0 0.7203125 0.625 0.028125 0.0125
0 0.784375 0.6234375 0.0546875 0.0125
0 0.82265625 0.62265625 0.01328125 0.01328125
0 0.88984375 0.6203125 0.1046875 0.0109375
0 0.22421875 0.63828125 0.0546875 0.0171875
0 0.265625 0.6375 0.0078125 0.01796875
0 0.26015625 0.68046875 0.0453125 0.01328125
0 0.29375 0.6796875 0.02109375 0.01328125
0 0.3984375 0.6765625 0.20078125 0.00859375
0 0.66875 0.66875 0.1484375 0.0109375
0 0.84375 0.6640625 0.16171875 0.01015625
0 0.15390625 0.69609375 0.1015625 0.0109375
0 0.253125 0.69296875 0.0671875 0.0125
0 0.31875 0.69140625 0.0390625 0.0125
0 0.37109375 0.68984375 0.00859375 0.01328125
0 0.47578125 0.68671875 0.15625 0.009375
0 0.18515625 0.7078125 0.15390625 0.00859375
0 0.33046875 0.703125 0.0890625 0.01015625
0 0.44609375 0.7 0.09453125 0.01015625
0 0.8921875 0.68828125 0.05546875 0.0109375
0 0.66875 0.70703125 0.075 0.01171875
0 0.13671875 0.734375 0.0609375 0.009375
0 0.321875 0.72890625 0.271875 0.0046875
0 0.57265625 0.721875 0.19140625 0.00625
0 0.37421875 0.75078125 0.1578125 0.00703125
0 0.46796875 0.74765625 0.01640625 0.01171875
0 0.72421875 0.740625 0.05546875 0.01015625
0 0.2953125 0.76640625 0.17265625 0.01328125
0 0.43203125 0.7625 0.05546875 0.0109375
0 0.5 0.76015625 0.03125 0.01171875
0 0.5375 0.759375 0.03984375 0.0109375
0 0.63046875 0.75703125 0.11328125 0.009375
0 0.76171875 0.753125 0.11171875 0.009375
0 0.2671875 0.7796875 0.0421875 0.0125
0 0.6984375 0.76875 0.20859375 0.015625
0 0.34609375 0.790625 0.0375 0.0125
0 0.4515625 0.78828125 0.13046875 0.01484375
0 0.63359375 0.7828125 0.18515625 0.015625
0 0.15859375 0.81875 0.0859375 0.01171875
0 0.24921875 0.81484375 0.07578125 0.0109375
0 0.29765625 0.81328125 0.01484375 0.0125
0 0.36796875 0.81171875 0.11015625 0.01015625
0 0.5109375 0.80703125 0.0921875 0.01015625
0 0.565625 0.8078125 0.0109375 0.00859375
0 0.72421875 0.8015625 0.0734375 0.0109375
0 0.7984375 0.79921875 0.0375 0.01171875
0 0.3015625 0.82734375 0.09453125 0.0125
0 0.40390625 0.82421875 0.08046875 0.01328125
0 0.5 0.821875 0.07578125 0.0125
0 0.6125 0.81796875 0.109375 0.01171875
0 0.74453125 0.8140625 0.11015625 0.01171875
0 0.52578125 0.85 0.2703125 0.021875
0 0.1390625 0.89296875 0.06875 0.01328125
0 0.2578125 0.890625 0.11953125 0.0125
0 0.88046875 0.8703125 0.078125 0.009375
0 0.13125 0.9171875 0.08671875 0.015625
0 0.26875 0.91328125 0.1640625 0.01484375
0 0.52421875 0.9046875 0.0265625 0.01875
0 0.55546875 0.90390625 0.03671875 0.01875
0 0.62578125 0.9015625 0.10234375 0.0171875
0 0.68515625 0.9 0.0265625 0.01875
0 0.125 0.9453125 0.0859375 0.0171875
0 0.21796875 0.94296875 0.05703125 0.0171875
0 0.26015625 0.94140625 0.01875 0.01875
0 0.71484375 0.92734375 0.03359375 0.015625
0 0.78203125 0.9265625 0.06015625 0.01484375
0 0.82265625 0.925 0.0125 0.015625
0 0.88671875 0.9234375 0.11015625 0.01328125
0 0.43671875 0.96796875 0.05546875 0.0171875
0 0.6 0.96484375 0.228125 0.02109375
0 0.8265625 0.1046875 0.05546875 0.015625
0 0.403125 0.2171875 0.01328125 0.01015625
0 0.40234375 0.2359375 0.01484375 0.009375
0 0.40234375 0.25390625 0.01015625 0.009375
0 0.80546875 0.2734375 0.01875 0.01015625
0 0.19296875 0.51796875 0.18046875 0.0140625
0 0.3578125 0.51484375 0.109375 0.01328125
0 0.33359375 0.63671875 0.11015625 0.0171875
0 0.13203125 0.64140625 0.08359375 0.01640625
0 0.1578125 0.6828125 0.11796875 0.01328125
0 0.57265625 0.74453125 0.16484375 0.0140625
0 0.50234375 0.7734375 0.1515625 0.01328125
0 0.36015625 0.778125 0.09921875 0.0125
0 0.8734375 0.79765625 0.0765625 0.01328125
0 0.61328125 0.8046875 0.07890625 0.01328125
0 0.33046875 0.940625 0.11328125 0.01953125
0 0.42734375 0.91015625 0.11953125 0.0171875
0 0.246875 0.87734375 0.08203125 0.01171875
0 0.14453125 0.8796875 0.078125 0.01484375