0 0.40625 0.08671875 0.05234375 0.01796875
0 0.5015625 0.0875 0.09140625 0.01953125
0 0.3875 0.1125 0.0921875 0.01953125
0 0.5296875 0.11328125 0.14921875 0.01875
0 0.2421875 0.1140625 0.140625 0.02109375
0 0.66171875 0.11484375 0.071875 0.021875
0 0.7375 0.11484375 0.0265625 0.021875
0 0.29375 0.1359375 0.0890625 0.02734375
0 0.43515625 0.13984375 0.146875 0.01875
0 0.59296875 0.1421875 0.12421875 0.0203125
0 0.33125 0.1671875 0.09140625 0.01875
0 0.44296875 0.1671875 0.0921875 0.01875
0 0.56796875 0.1703125 0.10859375 0.01875
0 0.30078125 0.19375 0.065625 0.01953125
0 0.60546875 0.19453125 0.071875 0.01953125
0 0.5109375 0.19453125 0.07265625 0.01953125
0 0.40625 0.1953125 0.084375 0.02109375
0 0.31015625 0.22109375 0.05390625 0.01953125
0 0.503125 0.221875 0.27890625 0.01953125
0 0.33671875 0.3390625 0.3046875 0.0375
0 0.08671875 0.34765625 0.12890625 0.01640625
0 0.8140625 0.35078125 0.07265625 0.0296875
0 0.8875 0.35078125 0.040625 0.0296875
0 0.22421875 0.371875 0.18203125 0.01875
0 0.41875 0.37265625 0.14375 0.01953125
0 0.05546875 0.3734375 0.07265625 0.02265625
0 0.21796875 0.425 0.0890625 0.01953125
0 0.0453125 0.425 0.05234375 0.01875
0 0.71171875 0.42578125 0.0109375 0.01484375
0 0.12421875 0.42578125 0.06015625 0.01796875
0 0.82265625 0.42578125 0.05234375 0.01796875
0 0.88671875 0.42578125 0.03984375 0.01796875
0 0.3875 0.42578125 0.20625 0.02265625
0 0.05703125 0.45234375 0.0234375 0.01953125
0 0.0859375 0.47890625 0.08125 0.01953125
0 0.82265625 0.5328125 0.05234375 0.01796875
0 0.615625 0.5328125 0.0796875 0.01796875
0 0.88671875 0.53359375 0.0421875 0.0171875
0 0.525 0.534375 0.0609375 0.01484375
0 0.8515625 0.55859375 0.11015625 0.01953125
0 0.56796875 0.559375 0.03203125 0.01796875
0 0.63125 0.559375 0.0484375 0.01796875
0 0.8875 0.58515625 0.03125 0.0171875
0 0.82578125 0.5859375 0.078125 0.01796875
0 0.58828125 0.58671875 0.1484375 0.02109375
0 0.8140625 0.65 0.18359375 0.0359375
0 0.5015625 0.65703125 0.09296875 0.01875
0 0.61484375 0.65703125 0.0859375 0.01875
0 0.84453125 0.734375 0.12890625 0.01875
0 0.625 0.734375 0.07421875 0.01875
0 0.85390625 0.76171875 0.11015625 0.01875
0 0.60703125 0.76171875 0.11015625 0.02265625
0 0.40859375 0.8140625 0.0890625 0.01875
0 0.509375 0.81484375 0.06875 0.0171875
0 0.32265625 0.840625 0.11015625 0.01875
0 0.44453125 0.840625 0.08984375 0.01875
0 0.60703125 0.84140625 0.06953125 0.01875
0 0.53125 0.84375 0.034375 0.0140625
0 0.59765625 0.86640625 0.0921875 0.0203125
0 0.40859375 0.86640625 0.24375 0.0203125
0 0.1171875 0.9171875 0.19296875 0.015625
0 0.28984375 0.9171875 0.103125 0.015625
0 0.41015625 0.9171875 0.06796875 0.015625
0 0.6015625 0.9171875 0.11015625 0.015625
0 0.69375 0.91796875 0.0375 0.01640625