0 0.34296875 0.06015625 0.32265625 0.01875
0 0.65 0.06015625 0.178125 0.01875
0 0.390625 0.08359375 0.1140625 0.021875
0 0.19140625 0.084375 0.1078125 0.01796875
0 0.578125 0.08515625 0.128125 0.01875
0 0.76875 0.08515625 0.13359375 0.01796875
0 0.29453125 0.103125 0.07578125 0.0109375
0 0.4 0.103125 0.05234375 0.009375
0 0.5703125 0.10390625 0.1984375 0.01015625
0 0.20625 0.1171875 0.08515625 0.0109375
0 0.4 0.11796875 0.05234375 0.009375
0 0.31015625 0.11796875 0.06484375 0.01015625
0 0.61484375 0.11796875 0.2984375 0.0109375
0 0.08671875 0.13125 0.040625 0.009375
0 0.26015625 0.13125 0.1125 0.009375
0 0.1515625 0.13125 0.03125 0.01015625
0 0.42265625 0.13203125 0.1484375 0.01015625
0 0.58125 0.13203125 0.08359375 0.009375
0 0.68671875 0.13203125 0.06328125 0.01015625
0 0.803125 0.1328125 0.1109375 0.01015625
0 0.19140625 0.1453125 0.1109375 0.01015625
0 0.33125 0.1453125 0.1109375 0.01015625
0 0.49375 0.14609375 0.14921875 0.0109375
0 0.69765625 0.146875 0.18125 0.01015625
0 0.32265625 0.16015625 0.134375 0.01015625
0 0.49921875 0.1609375 0.16328125 0.01015625
0 0.653125 0.1609375 0.0921875 0.01015625
0 0.54453125 0.17421875 0.35390625 0.01171875
0 0.2578125 0.17421875 0.0609375 0.01015625
0 0.3328125 0.17421875 0.00546875 0.00703125
0 0.13125 0.20234375 0.18359375 0.01171875
0 0.3109375 0.203125 0.1109375 0.01015625
0 0.6015625 0.203125 0.08515625 0.01015625
0 0.4859375 0.20390625 0.090625 0.0109375
0 0.79140625 0.20390625 0.2328125 0.01015625
0 0.0953125 0.2171875 0.1140625 0.01015625
0 0.57890625 0.21796875 0.13125 0.01015625
0 0.74609375 0.21796875 0.13671875 0.01015625
0 0.296875 0.2453125 0.08515625 0.009375
0 0.39921875 0.2453125 0.06015625 0.009375
0 0.153125 0.24609375 0.134375 0.01015625
0 0.615625 0.24609375 0.3046875 0.009375
0 0.203125 0.259375 0.10078125 0.009375
0 0.55625 0.26015625 0.1828125 0.009375
0 0.35234375 0.26015625 0.153125 0.01015625
0 0.16796875 0.28828125 0.25546875 0.0109375
0 0.76796875 0.28828125 0.13125 0.01015625
0 0.08203125 0.315625 0.0890625 0.01015625
0 0.21171875 0.315625 0.1125 0.009375
0 0.4015625 0.315625 0.20703125 0.01015625
0 0.815625 0.31640625 0.0890625 0.01015625
0 0.89921875 0.31640625 0.01796875 0.009375
0 0.05859375 0.3296875 0.040625 0.009375
0 0.12578125 0.33046875 0.02890625 0.009375
0 0.20546875 0.33046875 0.08359375 0.009375
0 0.30859375 0.33046875 0.06484375 0.009375
0 0.4484375 0.33046875 0.159375 0.009375
0 0.8046875 0.33125 0.10859375 0.009375
0 0.89921875 0.33125 0.01796875 0.009375
0 0.071875 0.34375 0.06484375 0.01015625
0 0.16640625 0.34453125 0.06484375 0.009375
0 0.34296875 0.34453125 0.08125 0.0109375
0 0.24921875 0.34453125 0.04296875 0.01015625
0 0.4515625 0.34453125 0.05859375 0.009375
0 0.8171875 0.3453125 0.08359375 0.009375
0 0.89921875 0.3453125 0.01796875 0.009375
0 0.16484375 0.35859375 0.25390625 0.01015625
0 0.35390625 0.35859375 0.06328125 0.01015625
0 0.071875 0.37265625 0.06328125 0.01015625
0 0.178125 0.37265625 0.0890625 0.01015625
0 0.33046875 0.3734375 0.15703125 0.01015625
0 0.4875 0.3734375 0.08046875 0.009375
0 0.0609375 0.4015625 0.04296875 0.01015625
0 0.1546875 0.4015625 0.0921875 0.01015625
0 0.284375 0.4015625 0.1125 0.01015625
0 0.403125 0.4015625 0.06875 0.01015625
0 0.48515625 0.4015625 0.04453125 0.01015625
0 0.81484375 0.40234375 0.090625 0.01015625
0 0.89921875 0.40234375 0.0203125 0.01015625
0 0.1296875 0.415625 0.1375 0.009375
0 0.31953125 0.415625 0.18125 0.01015625
0 0.7765625 0.41640625 0.0546875 0.01015625
0 0.840625 0.41640625 0.04140625 0.01015625
0 0.0609375 0.4296875 0.04296875 0.01015625
0 0.1546875 0.4296875 0.0921875 0.01015625
0 0.284375 0.4296875 0.1125 0.01015625
0 0.40234375 0.4296875 0.06484375 0.01015625
0 0.4859375 0.4296875 0.04609375 0.01015625
0 0.815625 0.43046875 0.090625 0.01015625
0 0.89921875 0.43046875 0.0203125 0.01015625
0 0.13046875 0.44453125 0.13671875 0.01015625
0 0.31953125 0.44453125 0.18125 0.01015625
0 0.775 0.44453125 0.05625 0.01015625
0 0.8421875 0.4453125 0.0375 0.01015625
0 0.06171875 0.47265625 0.04375 0.009375
0 0.2125 0.47265625 0.209375 0.01015625
0 0.4734375 0.47265625 0.06640625 0.01015625
0 0.3796875 0.4734375 0.06484375 0.01015625
0 0.80546875 0.4734375 0.10859375 0.009375
0 0.89921875 0.4734375 0.0203125 0.009375
0 0.178125 0.48671875 0.23359375 0.01015625
0 0.40390625 0.48671875 0.1625 0.01015625
0 0.8046875 0.4875 0.1109375 0.009375
0 0.14375 0.51484375 0.06484375 0.0109375
0 0.2375 0.51484375 0.06953125 0.0109375
0 0.0609375 0.51484375 0.040625 0.01015625
0 0.42578125 0.51484375 0.1140625 0.01015625
0 0.3203125 0.51484375 0.04609375 0.01015625
0 0.80546875 0.515625 0.1109375 0.01015625
0 0.89921875 0.515625 0.02265625 0.01015625
0 0.178125 0.52890625 0.23359375 0.01015625
0 0.40390625 0.5296875 0.1625 0.009375
0 0.80546875 0.5296875 0.1109375 0.009375
0 0.08359375 0.54296875 0.0890625 0.01015625
0 0.2375 0.54296875 0.16015625 0.01015625
0 0.4875 0.54296875 0.0890625 0.009375
0 0.815625 0.54375 0.090625 0.01015625
0 0.89921875 0.54375 0.02265625 0.01015625
0 0.37890625 0.54375 0.06171875 0.00859375
0 0.178125 0.55703125 0.23359375 0.01015625
0 0.40390625 0.5578125 0.1625 0.01015625
0 0.8046875 0.5578125 0.1125 0.01015625
0 0.0609375 0.57109375 0.040625 0.01015625
0 0.14921875 0.571875 0.08125 0.01015625
0 0.240625 0.571875 0.0609375 0.01015625
0 0.4390625 0.571875 0.134375 0.01015625
0 0.3203125 0.571875 0.04375 0.01015625
0 0.81640625 0.571875 0.0890625 0.01015625
0 0.89921875 0.571875 0.0203125 0.01015625
0 0.178125 0.5859375 0.23359375 0.009375
0 0.40390625 0.5859375 0.1625 0.01015625
0 0.803125 0.58671875 0.1109375 0.009375
0 0.0609375 0.6140625 0.04296875 0.01015625
0 0.58125 0.6140625 0.075 0.0109375
0 0.16640625 0.6140625 0.115625 0.009375
0 0.26015625 0.6140625 0.0203125 0.009375
0 0.30859375 0.6140625 0.0203125 0.009375
0 0.37890625 0.6140625 0.06875 0.009375
0 0.4734375 0.61484375 0.06875 0.009375
0 0.81484375 0.61484375 0.090625 0.01015625
0 0.89921875 0.61484375 0.01796875 0.009375
0 0.14375 0.628125 0.159375 0.01015625
0 0.35546875 0.628125 0.20703125 0.01015625
0 0.80546875 0.62890625 0.1109375 0.01015625
0 0.11875 0.65625 0.1625 0.01015625
0 0.26171875 0.65703125 0.06875 0.01015625
0 0.35703125 0.65703125 0.06875 0.01015625
0 0.51875 0.65703125 0.2 0.01171875
0 0.80546875 0.65703125 0.1109375 0.01015625
0 0.89921875 0.6578125 0.01796875 0.009375
0 0.14296875 0.67109375 0.1609375 0.01015625
0 0.3546875 0.67109375 0.209375 0.01015625
0 0.7765625 0.67109375 0.0546875 0.01015625
0 0.8421875 0.67109375 0.0375 0.01015625
0 0.11875 0.68515625 0.1625 0.01015625
0 0.26171875 0.68515625 0.06875 0.01015625
0 0.35390625 0.68515625 0.06328125 0.01015625
0 0.58125 0.68515625 0.075 0.01171875
0 0.80546875 0.6859375 0.1109375 0.01015625
0 0.89921875 0.6859375 0.01796875 0.01015625
0 0.14375 0.69921875 0.159375 0.01015625
0 0.35546875 0.69921875 0.20703125 0.0109375
0 0.80625 0.7 0.1125 0.0109375
0 0.09296875 0.72734375 0.1109375 0.01015625
0 0.203125 0.72734375 0.04296875 0.01015625
0 0.3046875 0.728125 0.09921875 0.01015625
0 0.4140625 0.728125 0.04375 0.01015625
0 0.4984375 0.728125 0.0671875 0.01015625
0 0.79375 0.728125 0.134375 0.01015625
0 0.1546875 0.7421875 0.2328125 0.01015625
0 0.78125 0.74296875 0.16015625 0.01015625
0 0.0859375 0.7703125 0.08203125 0.009375
0 0.21171875 0.7703125 0.11015625 0.009375
0 0.8421875 0.7703125 0.03515625 0.009375
0 0.07265625 0.78359375 0.06640625 0.009375
0 0.55546875 0.784375 0.08125 0.01015625
0 0.21171875 0.784375 0.1609375 0.01015625
0 0.4140625 0.784375 0.13125 0.009375
0 0.70859375 0.784375 0.06328125 0.009375
0 0.81640625 0.784375 0.08046875 0.01015625
0 0.05 0.79765625 0.01796875 0.009375
0 0.0953125 0.79765625 0.0203125 0.00703125
0 0.1546875 0.79765625 0.04296875 0.01015625
0 0.515625 0.7984375 0.0546875 0.009375
0 0.57890625 0.7984375 0.04140625 0.009375
0 0.81484375 0.7984375 0.0890625 0.009375
0 0.04765625 0.81171875 0.0203125 0.01015625
0 0.0953125 0.81171875 0.01796875 0.00703125
0 0.1546875 0.81171875 0.040625 0.01015625
0 0.54453125 0.8125 0.1125 0.01015625
0 0.815625 0.8125 0.08671875 0.01015625
0 0.09296875 0.83984375 0.10859375 0.01015625
0 0.26015625 0.840625 0.159375 0.0109375
0 0.75703125 0.840625 0.06328125 0.01015625
0 0.83984375 0.840625 0.040625 0.01015625
0 0.53359375 0.86796875 0.090625 0.01171875
0 0.203125 0.86796875 0.04296875 0.01015625
0 0.2609375 0.86796875 0.02109375 0.01015625
0 0.37890625 0.86875 0.1625 0.01015625
0 0.675 0.86875 0.13671875 0.01015625
0 0.190625 0.88203125 0.0671875 0.009375
0 0.30859375 0.8828125 0.1140625 0.01015625
0 0.4734375 0.8828125 0.16328125 0.009375
0 0.6859375 0.8828125 0.20703125 0.01015625
0 0.18984375 0.89609375 0.1125 0.01015625
0 0.31484375 0.89609375 0.078125 0.01015625
0 0.46171875 0.89609375 0.13671875 0.009375
0 0.60390625 0.896875 0.0890625 0.009375
0 0.73828125 0.896875 0.121875 0.009375
0 0.290625 0.91171875 0.0765625 0.00625
0 0.5078125 0.91171875 0.32265625 0.00859375
0 0.3546875 0.92421875 0.1578125 0.01015625
0 0.2125 0.92421875 0.06171875 0.01015625
0 0.5203125 0.92421875 0.1109375 0.009375
0 0.67265625 0.925 0.1359375 0.009375
0 0.509375 0.9390625 0.465625 0.01015625
0 0.2234375 0.93984375 0.08046875 0.00703125