0 0.134375 0.05 0.1375 0.0203125
0 0.33671875 0.05234375 0.2171875 0.01796875
0 0.68828125 0.05390625 0.42734375 0.0265625
0 0.2171875 0.07109375 0.0796875 0.01640625
0 0.26640625 0.07421875 0.00859375 0.0109375
0 0.3296875 0.071875 0.0515625 0.01875
0 0.43046875 0.0734375 0.07109375 0.01796875
0 0.5640625 0.07421875 0.075 0.01484375
0 0.61796875 0.0796875 0.0140625 0.01015625
0 0.70234375 0.0765625 0.0765625 0.01875
0 0.7515625 0.08125 0.0140625 0.0078125
0 0.109375 0.08984375 0.0328125 0.0171875
0 0.23203125 0.090625 0.15703125 0.02265625
0 0.37265625 0.09296875 0.0640625 0.021875
0 0.5875 0.096875 0.24609375 0.01640625
0 0.7859375 0.0984375 0.075 0.0171875
0 0.840625 0.103125 0.00859375 0.009375
0 0.3390625 0.1125 0.2640625 0.01953125
0 0.634375 0.11796875 0.05 0.01640625
0 0.67421875 0.11796875 0.00078125 0.0203125
0 0.71953125 0.1203125 0.046875 0.0171875
0 0.3796875 0.13359375 0.1203125 0.021875
0 0.46484375 0.13515625 0.0109375 0.0203125
0 0.5640625 0.13671875 0.1734375 0.02265625
0 0.27265625 0.1515625 0.17421875 0.025
0 0.44296875 0.1546875 0.09140625 0.0234375
0 0.66640625 0.15859375 0.26640625 0.0265625
0 0.1171875 0.1765625 0.12109375 0.02265625
0 0.5296875 0.18671875 0.253125 0.021875
0 0.10234375 0.196875 0.09375 0.01875
0 0.50625 0.2046875 0.20390625 0.02109375
0 0.0921875 0.215625 0.07109375 0.021875
0 0.18359375 0.21796875 0.04453125 0.02109375
0 0.3578125 0.221875 0.00234375 0.01328125
0 0.4515625 0.2234375 0.0984375 0.01484375
0 0.1265625 0.24609375 0.14609375 0.021875
0 0.83515625 0.265625 0.1125 0.0171875
0 0.1578125 0.284375 0.2140625 0.0203125
0 0.16171875 0.3046875 0.2125 0.01640625
0 0.7265625 0.303125 0.01953125 0.01796875
0 0.8171875 0.30546875 0.13203125 0.02109375
0 0.81171875 0.325 0.17265625 0.02109375
0 0.11953125 0.3484375 0.1234375 0.02265625
0 0.76171875 0.365625 0.02109375 0.0171875
0 0.84921875 0.3703125 0.1375 0.021875
0 0.47265625 0.40234375 0.10546875 0.0171875
0 0.121875 0.42578125 0.19296875 0.0296875
0 0.2640625 0.43046875 0.00546875 0.0234375
0 0.5296875 0.4375 0.4296875 0.0359375
0 0.10859375 0.47734375 0.07109375 0.0234375
0 0.2453125 0.48125 0.015625 0.02265625
0 0.71953125 0.4953125 0.01015625 0.01875
0 0.78984375 0.496875 0.04609375 0.01953125
0 0.83046875 0.49765625 0.00078125 0.01796875
0 0.8984375 0.49921875 0.0984375 0.02109375
0 0.1796875 0.53046875 0.19765625 0.021875
0 0.3640625 0.53671875 0.05859375 0.0171875
0 0.2140625 0.546875 0.2703125 0.02109375
0 0.440625 0.553125 0.0609375 0.01640625
0 0.4859375 0.5546875 0.003125 0.0140625
0 0.81328125 0.56796875 0.29765625 0.0203125
0 0.375 0.56640625 0.12421875 0.0140625
0 0.51953125 0.56953125 0.12109375 0.01640625
0 0.6125 0.5734375 0.00234375 0.01171875
0 0.68828125 0.57578125 0.08515625 0.01484375
0 0.1703125 0.5703125 0.1734375 0.0171875
0 0.5515625 0.58359375 0.134375 0.0171875
0 0.86171875 0.59453125 0.06640625 0.0140625
0 0.9359375 0.59765625 0.02734375 0.0125
0 0.80078125 0.60703125 0.1265625 0.02109375
0 0.45 0.60546875 0.04921875 0.0140625
0 0.55546875 0.609375 0.11875 0.015625
0 0.1796875 0.61328125 0.16015625 0.02109375
0 0.3109375 0.61796875 0.015625 0.0140625
0 0.72421875 0.6359375 0.06328125 0.0140625
0 0.76875 0.64140625 0.0109375 0.00625
0 0.83515625 0.6375 0.053125 0.0203125
0 0.909375 0.640625 0.0390625 0.01953125
0 0.37890625 0.63359375 0.14921875 0.01875
0 0.5 0.63828125 0.0421875 0.01484375
0 0.5765625 0.64140625 0.07421875 0.015625
0 0.6796875 0.64609375 0.08046875 0.01640625
0 0.134375 0.63671875 0.053125 0.01796875
0 0.17890625 0.63828125 0.00234375 0.015625
0 0.26875 0.6421875 0.12109375 0.02109375
0 0.4390625 0.65 0.11640625 0.02109375
0 0.61796875 0.6578125 0.1234375 0.02109375
0 0.6984375 0.6609375 0.00078125 0.015625
0 0.828125 0.66640625 0.19296875 0.025
0 0.1234375 0.64921875 0.03828125 0.0140625
0 0.24765625 0.6546875 0.16796875 0.0203125
0 0.7734375 0.67734375 0.05859375 0.01484375
0 0.84765625 0.68125 0.021875 0.0125
0 0.87265625 0.68203125 0.0046875 0.01171875
0 0.9046875 0.68359375 0.040625 0.0140625
0 0.215625 0.66640625 0.00078125 0.01328125
0 0.121875 0.67734375 0.02109375 0.01328125
0 0.25390625 0.68203125 0.14609375 0.02109375
0 0.34921875 0.68671875 0.00234375 0.0140625
0 0.5453125 0.69609375 0.33125 0.0296875
0 0.1515625 0.6921875 0.0828125 0.0171875
0 0.27890625 0.69921875 0.071875 0.01640625
0 0.34375 0.70234375 0.00234375 0.01328125
0 0.40859375 0.70625 0.06796875 0.01640625
0 0.515625 0.7109375 0.0640625 0.01640625
0 0.609375 0.715625 0.04921875 0.015625
0 0.228125 0.71171875 0.025 0.0140625
0 0.55625 0.72890625 0.0984375 0.01875
0 0.72578125 0.7375 0.18828125 0.02265625
0 0.3453125 0.73203125 0.025 0.0140625
0 0.43828125 0.7375 0.109375 0.01953125
0 0.60703125 0.74609375 0.17109375 0.021875
0 0.346875 0.7984375 0.1921875 0.0359375
0 0.63671875 0.815625 0.27265625 0.040625
0 0.075 0.81484375 0.00625 0.02109375
0 0.15390625 0.81796875 0.0609375 0.0234375
0 0.1453125 0.8421875 0.015625 0.01875
0 0.296875 0.84765625 0.259375 0.02734375
0 0.11484375 0.86015625 0.12578125 0.0203125
0 0.1921875 0.86484375 0.00859375 0.02265625
0 0.228125 0.86640625 0.0296875 0.0234375
0 0.41796875 0.89140625 0.09375 0.01875
0 0.0734375 0.89375 0.06328125 0.01796875
0 0.14921875 0.896875 0.021875 0.01640625
0 0.209375 0.89921875 0.04609375 0.0171875
0 0.24921875 0.9 0.0078125 0.015625
0 0.32578125 0.90390625 0.140625 0.015625
0 0.06015625 0.90703125 0.04375 0.01484375
0 0.14296875 0.91015625 0.06328125 0.015625
0 0.634375 0.86328125 0.07890625 0.015625
0 0.68359375 0.865625 0 0.0140625
0 0.809375 0.8703125 0.2140625 0.021875
0 0.6859375 0.86640625 0.0046875 0.01875
0 0.66875 0.8828125 0.1 0.0171875
0 0.73515625 0.88671875 0.0046875 0.0140625
0 0.83046875 0.89140625 0.1578125 0.01953125
0 0.075 0.95390625 0.05546875 0.0203125
0 0.16875 0.95703125 0.03828125 0.01875
0 0.20703125 0.95859375 0.01015625 0.01796875
0 0.29609375 0.98828125 0.0421875 0.0171875
0 0.38203125 0.990625 0.04140625 0.0171875
0 0.509375 0.9921875 0.13125 0.0125
0 0.65390625 0.9796875 0.0140625 0.01328125
0 0.71953125 0.98359375 0.0359375 0.01484375
0 0.76015625 0.98671875 0 0.0125
0 0.8296875 0.990625 0.09375 0.01796875
0 0.5390625 0.11484375 0.08359375 0.01484375
0 0.3578125 0.20546875 0.015625 0.009375
0 0.35546875 0.18671875 0.015625 0.01015625
0 0.76640625 0.2609375 0.02109375 0.009375
0 0.615625 0.259375 0.046875 0.01328125
0 0.57890625 0.2578125 0.02421875 0.0109375
0 0.69375 0.31875 0.03359375 0.0109375
0 0.12578125 0.3703125 0.08203125 0.01484375
0 0.2 0.4796875 0.053125 0.01484375
0 0.31484375 0.48359375 0.1046875 0.0171875
0 0.7734375 0.54921875 0.36875 0.025
0 0.4109375 0.675 0.60625 0.03671875
0 0.30859375 0.715625 0.08046875 0.01640625
0 0.42421875 0.72109375 0.1203125 0.0171875
0 0.09140625 0.83828125 0.0765625 0.01640625
0 0.46171875 0.909375 0.090625 0.01484375
0 0.27109375 0.96015625 0.11015625 0.01640625