0 0.28359375 0.115625 0.27578125 0.0234375
0 0.5546875 0.1171875 0.23203125 0.0234375
0 0.7859375 0.11796875 0.18828125 0.02421875
0 0.44453125 0.15078125 0.10859375 0.0234375
0 0.578125 0.15234375 0.1109375 0.0234375
0 0.37265625 0.18203125 0.05625 0.01875
0 0.45546875 0.1828125 0.071875 0.01796875
0 0.603125 0.18671875 0.18515625 0.01953125
0 0.1609375 0.20546875 0.05078125 0.01640625
0 0.33828125 0.20625 0.271875 0.01640625
0 0.55234375 0.20703125 0.10859375 0.01640625
0 0.66953125 0.20703125 0.0984375 0.01640625
0 0.79140625 0.2078125 0.11953125 0.0171875
0 0.87265625 0.209375 0.025 0.0171875
0 0.33515625 0.22890625 0.125 0.0171875
0 0.46640625 0.22890625 0.11171875 0.0171875
0 0.58046875 0.22890625 0.0984375 0.0171875
0 0.6953125 0.2296875 0.10859375 0.0171875
0 0.51015625 0.2609375 0.2234375 0.01796875
0 0.46875 0.290625 0.07109375 0.015625
0 0.53984375 0.2921875 0.04296875 0.015625
0 0.40390625 0.3375 0.19609375 0.01796875
0 0.621875 0.3390625 0.18984375 0.0171875
0 0.35703125 0.37578125 0.1328125 0.02890625
0 0.59140625 0.3765625 0.28359375 0.0296875
0 0.159375 0.41015625 0.12265625 0.02265625
0 0.38515625 0.41171875 0.2859375 0.02265625
0 0.20546875 0.44921875 0.2125 0.01953125
0 0.3390625 0.45078125 0.0203125 0.0171875
0 0.77890625 0.45078125 0.20390625 0.01953125
0 0.90859375 0.4515625 0.01328125 0.01796875
0 0.23359375 0.4953125 0.0859375 0.0171875
0 0.46640625 0.49609375 0.1609375 0.0171875
0 0.13828125 0.49609375 0.07578125 0.0171875
0 0.60078125 0.496875 0.059375 0.01640625
0 0.696875 0.496875 0.071875 0.01640625
0 0.884375 0.49765625 0.07734375 0.0171875
0 0.78046875 0.4984375 0.04609375 0.015625
0 0.42421875 0.51953125 0.0875 0.0171875
0 0.61484375 0.5203125 0.0546875 0.0171875
0 0.7890625 0.5203125 0.05625 0.0171875
0 0.8765625 0.52109375 0.09375 0.0171875
0 0.12734375 0.55703125 0.05625 0.01796875
0 0.26796875 0.55703125 0.19296875 0.01796875
0 0.11953125 0.58359375 0.0109375 0.01640625
0 0.43046875 0.584375 0.07421875 0.01640625
0 0.2421875 0.584375 0.11015625 0.0171875
0 0.7796875 0.58515625 0.07421875 0.0171875
0 0.60390625 0.58515625 0.0765625 0.015625
0 0.8859375 0.5859375 0.0734375 0.0171875
0 0.1484375 0.63359375 0.10234375 0.01875
0 0.353125 0.63515625 0.0828125 0.01796875
0 0.8796875 0.6359375 0.08515625 0.01875
0 0.25234375 0.63671875 0.07421875 0.0234375
0 0.14921875 0.671875 0.10234375 0.01796875
0 0.30625 0.671875 0.1765625 0.01796875
0 0.45390625 0.671875 0.090625 0.01875
0 0.54609375 0.67265625 0.0625 0.01875
0 0.8796875 0.67265625 0.08515625 0.01875
0 0.20546875 0.7078125 0.21875 0.02265625
0 0.41640625 0.70859375 0.16953125 0.0234375
0 0.1484375 0.74140625 0.0984375 0.01875
0 0.8796875 0.74375 0.0828125 0.01796875
0 0.17421875 0.77578125 0.153125 0.02265625
0 0.8796875 0.7765625 0.08515625 0.01796875
0 0.13828125 0.81171875 0.07734375 0.0171875
0 0.528125 0.81328125 0.1421875 0.0171875
0 0.27890625 0.8140625 0.1734375 0.02109375
0 0.78359375 0.8140625 0.06015625 0.01640625
0 0.6546875 0.815625 0.0875 0.02109375
0 0.8703125 0.81640625 0.08515625 0.02109375
0 0.18125 0.846875 0.178125 0.0171875
0 0.66171875 0.8484375 0.07109375 0.01875
0 0.87890625 0.8484375 0.0703125 0.01953125
0 0.28125 0.8796875 0.146875 0.01875
0 0.409375 0.88046875 0.084375 0.01796875
0 0.571875 0.88125 0.0625 0.0171875
0 0.71875 0.88203125 0.20078125 0.01796875
0 0.4953125 0.88203125 0.065625 0.01484375
0 0.1875 0.90703125 0.11875 0.01796875
0 0.37265625 0.9078125 0.0515625 0.01875
0 0.62421875 0.909375 0.0390625 0.0171875
0 0.78359375 0.909375 0.228125 0.0203125
0 0.50234375 0.9109375 0.17890625 0.02265625
0 0.296875 0.9125 0.071875 0.01796875
0 0.31953125 0.93359375 0.1953125 0.01875
0 0.51015625 0.934375 0.15390625 0.01875
0 0.75546875 0.934375 0.09296875 0.01875
0 0.65078125 0.934375 0.090625 0.01875