0 0.37109375 0.04765625 0.24375 0.01328125
0 0.09296875 0.1265625 0.14453125 0.0171875
0 0.43125 0.1296875 0.2234375 0.01796875
0 0.603125 0.13046875 0.06796875 0.01640625
0 0.07890625 0.14296875 0.125 0.015625
0 0.15859375 0.14375 0.0125 0.01484375
0 0.25859375 0.14453125 0.1703125 0.01640625
0 0.3890625 0.1453125 0.0578125 0.01640625
0 0.43125 0.14609375 0.0046875 0.01484375
0 0.5234375 0.14609375 0.115625 0.01640625
0 0.04921875 0.159375 0.06015625 0.01640625
0 0.12578125 0.16015625 0.0359375 0.015625
0 0.15625 0.1609375 0 0.015625
0 0.30625 0.16171875 0.22734375 0.0171875
0 0.50390625 0.16328125 0.1171875 0.01640625
0 0.03828125 0.17578125 0.0375 0.015625
0 0.0703125 0.1765625 0.0015625 0.01484375
0 0.1140625 0.1765625 0.059375 0.015625
0 0.24140625 0.178125 0.1421875 0.0171875
0 0.35078125 0.17890625 0.01328125 0.015625
0 0.465625 0.18046875 0.16015625 0.01640625
0 0.04921875 0.19296875 0.06015625 0.0125
0 0.09296875 0.19375 0 0.01171875
0 0.165625 0.19453125 0.07265625 0.0125
0 0.22109375 0.19453125 0 0.0125
0 0.3484375 0.19609375 0.22734375 0.0140625
0 0.5265625 0.196875 0.078125 0.0125
0 0.578125 0.19765625 0.0015625 0.01171875
0 0.70078125 0.1984375 0.2171875 0.0140625
0 0.07265625 0.21171875 0.0984375 0.01328125
0 0.15859375 0.2125 0.01015625 0.0125
0 0.26640625 0.2125 0.14453125 0.01328125
0 0.45546875 0.21328125 0.0046875 0.0125
0 0.57109375 0.21328125 0.203125 0.01328125
0 0.0859375 0.23125 0.12265625 0.015625
0 0.19453125 0.23203125 0.03984375 0.015625
0 0.40390625 0.23203125 0.334375 0.01640625
0 0.590625 0.24921875 0.19296875 0.01171875
0 0.76875 0.24921875 0.09453125 0.0109375
0 0.09296875 0.2671875 0.12265625 0.01328125
0 0.1984375 0.2671875 0.0375 0.01328125
0 0.4484375 0.2671875 0.32578125 0.01328125
0 0.07265625 0.28515625 0.08125 0.0125
0 0.1234375 0.28515625 0.0015625 0.0125
0 0.21875 0.28515625 0.1625 0.0125
0 0.31328125 0.28515625 0.01171875 0.0125
0 0.41640625 0.28515625 0.1796875 0.01171875
0 0.5203125 0.284375 0.0125 0.0125
0 0.70390625 0.284375 0.34296875 0.01171875
0 0.10546875 0.303125 0.140625 0.0109375
0 0.24296875 0.303125 0.07890625 0.0109375
0 0.3140625 0.303125 0.00390625 0.0109375
0 0.4578125 0.30234375 0.21328125 0.0109375
0 0.0859375 0.32109375 0.0984375 0.0140625
0 0.17109375 0.32109375 0.015625 0.0140625
0 0.19140625 0.32109375 0.0015625 0.0140625
0 0.253125 0.32109375 0.0953125 0.0140625
0 0.33828125 0.3203125 0.015625 0.0140625
0 0.35859375 0.3203125 0.00078125 0.0140625
0 0.11171875 0.3390625 0.1484375 0.0125
0 0.19453125 0.3390625 0.009375 0.0125
0 0.32890625 0.33828125 0.23984375 0.01171875
0 0.540625 0.3375 0.13203125 0.01171875
0 0.11171875 0.35546875 0.1390625 0.01171875
0 0.25859375 0.35546875 0.0984375 0.01171875
0 0.2890625 0.371875 0.484375 0.0109375
0 0.084375 0.390625 0.07109375 0.01484375
0 0.1890625 0.38984375 0.07734375 0.01484375
0 0.290625 0.38984375 0.07734375 0.01484375
0 0.34140625 0.38984375 0.003125 0.01484375
0 0.4140625 0.38984375 0.115625 0.01484375
0 0.50390625 0.3890625 0.015625 0.01484375
0 0.5234375 0.3890625 0.015625 0.01484375
0 0.6640625 0.38828125 0.015625 0.01171875
0 0.73125 0.3875 0.1078125 0.01171875
0 0.2890625 0.40625 0.484375 0.01328125
0 0.11640625 0.42421875 0.0953125 0.0140625
0 0.4140625 0.4234375 0.115625 0.01328125
0 0.50390625 0.42265625 0.015625 0.01328125
0 0.534375 0.42265625 0.03203125 0.01328125
0 0.70390625 0.421875 0.015625 0.0109375
0 0.75390625 0.421875 0.075 0.0109375
0 0.0734375 0.44140625 0.05625 0.01328125
0 0.1890625 0.440625 0.1171875 0.01328125
0 0.64453125 0.43984375 0.0140625 0.0140625
0 0.715625 0.4390625 0.11328125 0.0140625
0 0.10546875 0.45859375 0.1203125 0.0140625
0 0.68828125 0.45546875 0.0140625 0.0109375
0 0.73671875 0.45546875 0.075 0.0109375
0 0.10390625 0.47578125 0.12109375 0.0140625
0 0.64609375 0.47265625 0.0125 0.0109375
0 0.71796875 0.47265625 0.1125 0.0109375
0 0.10078125 0.490625 0.1203125 0.01484375
0 0.20625 0.49140625 0.03515625 0.015625
0 0.453125 0.49140625 0.034375 0.015625
0 0.08046875 0.50859375 0.08125 0.0171875
0 0.17578125 0.5078125 0.0578125 0.01640625
0 0.3015625 0.50703125 0.0640625 0.015625
0 0.41328125 0.50703125 0.11796875 0.015625
0 0.5984375 0.50546875 0.11328125 0.01640625
0 0.69609375 0.50546875 0.03046875 0.01640625
0 0.07109375 0.525 0.059375 0.01484375
0 0.1734375 0.52421875 0.096875 0.01484375
0 0.44296875 0.5234375 0.09296875 0.01484375
0 0.57109375 0.52265625 0.08671875 0.0140625
0 0.76640625 0.521875 0.05546875 0.0125
0 0.0515625 0.54140625 0.015625 0.0125
0 0.0734375 0.54140625 0.015625 0.0125
0 0.34140625 0.54140625 0.0125 0.0109375
0 0.41171875 0.53984375 0.10859375 0.0109375
0 0.70625 0.53984375 0.0125 0.01171875
0 0.75703125 0.53984375 0.0734375 0.01171875
0 0.0859375 0.55859375 0.0359375 0.0125
0 0.38359375 0.55703125 0.0140625 0.0109375
0 0.4328125 0.55625 0.07734375 0.0109375
0 0.70625 0.55625 0.0125 0.0125
0 0.75625 0.55625 0.07421875 0.0125
0 0.08125 0.575 0.07734375 0.0125
0 0.140625 0.57421875 0.01015625 0.0125
0 0.23125 0.57421875 0.15546875 0.01171875
0 0.3234375 0.57421875 0.0125 0.0125
0 0.43359375 0.5734375 0.19140625 0.01171875
0 0.61328125 0.57265625 0.1125 0.0125
0 0.18828125 0.5921875 0.1203125 0.0125
0 0.40859375 0.59140625 0.03046875 0.0125
0 0.503125 0.590625 0.0984375 0.0125
0 0.6515625 0.58984375 0.15234375 0.01171875
0 0.49375 0.6484375 0.4046875 0.01328125
0 0.05390625 0.68671875 0.0125 0.0125
0 0.08125 0.68671875 0.01171875 0.0125
0 0.134375 0.6859375 0.0953125 0.01171875
0 0.25078125 0.684375 0.0796875 0.01171875
0 0.40859375 0.6828125 0.2 0.0109375
0 0.62890625 0.6796875 0.1921875 0.0109375
0 0.11640625 0.703125 0.1375 0.0109375
0 0.328125 0.70078125 0.23515625 0.01015625
0 0.07109375 0.72109375 0.040625 0.01640625
0 0.1890625 0.71953125 0.153125 0.015625
0 0.30078125 0.71796875 0.015625 0.0171875
0 0.41015625 0.71640625 0.16015625 0.015625
0 0.553125 0.71484375 0.07109375 0.01640625
0 0.6734375 0.71328125 0.10859375 0.01640625
0 0.16796875 0.73671875 0.25234375 0.0140625
0 0.340625 0.734375 0.05546875 0.01640625
0 0.428125 0.73359375 0.075 0.01640625
0 0.56875 0.73203125 0.15234375 0.015625
0 0.7078125 0.73046875 0.075 0.01640625
0 0.1203125 0.75390625 0.13203125 0.01640625
0 0.253125 0.75234375 0.075 0.0171875
0 0.39921875 0.75078125 0.17890625 0.015625
0 0.57890625 0.7484375 0.13125 0.015625
0 0.1484375 0.771875 0.17734375 0.0125
0 0.35078125 0.76875 0.1984375 0.01171875
0 0.50859375 0.76640625 0.0703125 0.01328125
0 0.63046875 0.76484375 0.1046875 0.01328125
0 0.696875 0.76328125 0.0140625 0.0140625
0 0.1328125 0.78828125 0.13046875 0.0140625
0 0.2390625 0.78671875 0.05546875 0.01484375
0 0.34296875 0.7859375 0.1 0.01484375
0 0.48125 0.78515625 0.13125 0.01484375
0 0.634375 0.7828125 0.1296875 0.0140625
0 0.1140625 0.8015625 0.08828125 0.02109375
0 0.21640625 0.8015625 0.0859375 0.02109375
0 0.35546875 0.80078125 0.153125 0.02109375
0 0.4984375 0.79921875 0.0984375 0.021875
0 0.66875 0.79765625 0.1984375 0.02109375
0 0.11875 0.82265625 0.1171875 0.01640625
0 0.203125 0.8203125 0.0203125 0.0234375
0 0.24609375 0.81953125 0.0609375 0.0234375
0 0.31328125 0.81953125 0.03828125 0.0234375
0 0.503125 0.81796875 0.26171875 0.02265625
0 0.17109375 0.83828125 0.20078125 0.01796875
0 0.403125 0.83515625 0.2125 0.01953125
0 0.5859375 0.834375 0.1 0.0203125
0 0.65859375 0.83359375 0.01796875 0.02109375
0 0.10703125 0.85546875 0.09296875 0.01640625
0 0.15390625 0.85546875 0.0140625 0.01640625
0 0.2390625 0.8546875 0.015625 0.01640625
0 0.34921875 0.85390625 0.1953125 0.01484375
0 0.5015625 0.853125 0.05234375 0.01640625
0 0.64609375 0.85234375 0.1875 0.015625
0 0.11640625 0.8703125 0.103125 0.021875
0 0.25859375 0.86953125 0.13203125 0.02109375
0 0.39140625 0.86875 0.07265625 0.02109375
0 0.46796875 0.86796875 0.03515625 0.02109375
0 0.54453125 0.8671875 0.06796875 0.02109375
0 0.66015625 0.86640625 0.08828125 0.02109375
0 0.140625 0.89140625 0.134375 0.01484375
0 0.08828125 0.909375 0.08203125 0.01796875
0 0.190625 0.9078125 0.07109375 0.01796875
0 0.31875 0.9046875 0.13984375 0.015625
0 0.42890625 0.90234375 0.03828125 0.01796875
0 0.5265625 0.90078125 0.115625 0.01640625
0 0.59296875 0.89921875 0.00390625 0.01953125
0 0.24609375 0.128125 0.1078125 0.0140625
0 0.32890625 0.49140625 0.16796875 0.0109375
0 0.23828125 0.50859375 0.02265625 0.0109375
0 0.32109375 0.59140625 0.10078125 0.01328125
0 0.053125 0.55859375 0.0171875 0.01015625
0 0.72890625 0.83359375 0.12265625 0.01484375