0 0.37265625 0.19453125 0.146875 0.0171875
0 0.678125 0.19453125 0.37734375 0.0203125
0 0.23984375 0.19453125 0.03203125 0.01796875
0 0.47890625 0.21953125 0.23828125 0.02109375
0 0.30546875 0.24296875 0.05 0.01796875
0 0.38203125 0.24296875 0.05 0.01796875
0 0.584375 0.24375 0.228125 0.01796875
0 0.21015625 0.26640625 0.0484375 0.015625
0 0.75625 0.26640625 0.07265625 0.0171875
0 0.375 0.2671875 0.03515625 0.015625
0 0.55625 0.26796875 0.284375 0.01875
0 0.5171875 0.290625 0.09140625 0.0171875
0 0.6328125 0.290625 0.090625 0.01875
0 0.4046875 0.29140625 0.090625 0.01796875
0 0.63125 0.315625 0.05546875 0.01640625
0 0.50703125 0.315625 0.15078125 0.0171875
0 0.51875 0.33984375 0.1265625 0.01796875
0 0.4046875 0.340625 0.0515625 0.01796875
0 0.3578125 0.340625 0.028125 0.01171875
0 0.0703125 0.3875 0.07265625 0.01796875
0 0.1546875 0.38828125 0.05 0.0171875
0 0.2796875 0.3890625 0.14921875 0.0171875
0 0.45859375 0.3890625 0.0890625 0.0171875
0 0.384375 0.38984375 0.01640625 0.02109375
0 0.10625 0.4109375 0.1453125 0.01953125
0 0.29765625 0.4140625 0.1890625 0.0203125
0 0.10625 0.4359375 0.1453125 0.01796875
0 0.2703125 0.4375 0.13046875 0.02109375
0 0.92734375 0.459375 0.0375 0.0171875
0 0.10625 0.459375 0.1453125 0.01796875
0 0.490625 0.46015625 0.1453125 0.01796875
0 0.60234375 0.4609375 0.0375 0.0171875
0 0.29765625 0.46171875 0.1890625 0.02109375
0 0.04296875 0.5078125 0.01640625 0.01640625
0 0.89921875 0.5078125 0.090625 0.01640625
0 0.57421875 0.50859375 0.09140625 0.01796875
0 0.45078125 0.50859375 0.109375 0.0171875
0 0.3 0.509375 0.146875 0.01640625
0 0.04296875 0.55625 0.01640625 0.0171875
0 0.90078125 0.55625 0.090625 0.0171875
0 0.11875 0.55625 0.05390625 0.0171875
0 0.21328125 0.55703125 0.090625 0.0171875
0 0.90859375 0.58046875 0.07265625 0.01796875
0 0.11875 0.58046875 0.05390625 0.01875
0 0.184375 0.58203125 0.03515625 0.01796875
0 0.90625 0.6046875 0.06875 0.0171875
0 0.16640625 0.60546875 0.14921875 0.01875
0 0.28828125 0.60625 0.05390625 0.01796875
0 0.90078125 0.6609375 0.090625 0.0328125
0 0.11875 0.66875 0.05390625 0.01796875
0 0.2125 0.66953125 0.0875 0.01796875
0 0.9 0.690625 0.0890625 0.0171875
0 0.12890625 0.690625 0.07421875 0.01796875
0 0.909375 0.72421875 0.07421875 0.0328125
0 0.14765625 0.73203125 0.11171875 0.01796875
0 0.4125 0.8015625 0.2265625 0.01953125
0 0.584375 0.8015625 0.07421875 0.01796875
0 0.690625 0.8015625 0.0953125 0.01875
0 0.2328125 0.8015625 0.090625 0.01875
0 0.1640625 0.8265625 0.10625 0.02109375
0 0.54296875 0.8265625 0.6390625 0.02109375
0 0.25 0.84921875 0.05 0.01875
0 0.43046875 0.84921875 0.06875 0.01875
0 0.728125 0.85 0.05390625 0.0171875
0 0.33828125 0.85 0.0703125 0.01640625
0 0.5078125 0.85 0.03515625 0.01640625
0 0.6125 0.85078125 0.13046875 0.01953125