0 0.42109375 0.071875 0.27109375 0.021875
0 0.70390625 0.0703125 0.2078125 0.02265625
0 0.271875 0.09765625 0.07421875 0.021875
0 0.38984375 0.09765625 0.10078125 0.021875
0 0.52265625 0.09765625 0.06328125 0.021875
0 0.5703125 0.096875 0.02109375 0.021875
0 0.60546875 0.09765625 0.05078125 0.01796875
0 0.3359375 0.11953125 0.15 0.01875
0 0.540625 0.11875 0.1828125 0.01875
0 0.6890625 0.11875 0.04453125 0.01875
0 0.76796875 0.11875 0.0921875 0.01875
0 0.23203125 0.14296875 0.0609375 0.01953125
0 0.31484375 0.14296875 0.0390625 0.01953125
0 0.44296875 0.1421875 0.13671875 0.01953125
0 0.596875 0.1421875 0.0765625 0.015625
0 0.79375 0.14140625 0.09921875 0.01953125
0 0.2640625 0.165625 0.0453125 0.01796875
0 0.32578125 0.16484375 0.02265625 0.021875
0 0.48828125 0.16484375 0.2359375 0.021875
0 0.6265625 0.1640625 0.01953125 0.021875
0 0.7203125 0.16328125 0.18046875 0.021875
0 0.4796875 0.1859375 0.14453125 0.01796875
0 0.71484375 0.18515625 0.25546875 0.01875
0 0.58203125 0.2171875 0.25078125 0.01953125
0 0.17578125 0.2390625 0.08515625 0.0171875
0 0.559375 0.2390625 0.19921875 0.01953125
0 0.240625 0.259375 0.04375 0.01953125
0 0.50546875 0.2609375 0.090625 0.0203125
0 0.41640625 0.26015625 0.003125 0.0171875
0 0.29921875 0.29453125 0.10390625 0.01953125
0 0.44375 0.29453125 0.1234375 0.01953125
0 0.21953125 0.3390625 0.2046875 0.01796875
0 0.2234375 0.36171875 0.20390625 0.01796875
0 0.7609375 0.33984375 0.0234375 0.01875
0 0.84765625 0.33984375 0.134375 0.01875
0 0.72578125 0.36328125 0.02265625 0.01953125
0 0.83203125 0.36328125 0.1609375 0.01953125
0 0.78203125 0.4078125 0.01328125 0.01875
0 0.86484375 0.4078125 0.11484375 0.01875
0 0.315625 0.42734375 0.17890625 0.01796875
0 0.42578125 0.446875 0.0640625 0.01640625
0 0.515625 0.44765625 0.0921875 0.0171875
0 0.39453125 0.478125 0.0078125 0.01953125
0 0.5203125 0.47890625 0.13984375 0.01953125
0 0.73125 0.52578125 0.0203125 0.015625
0 0.7921875 0.52578125 0.04140625 0.015625
0 0.8375 0.52578125 0.009375 0.015625
0 0.7734375 0.5765625 0.0125 0.01328125
0 0.859375 0.57578125 0.15 0.01328125
0 0.88984375 0.60625 0.084375 0.01484375
0 0.53359375 0.621875 0.0890625 0.01328125
0 0.375 0.6375 0.053125 0.0140625
0 0.41640625 0.6375 0.003125 0.0140625
0 0.58125 0.6375 0.271875 0.0140625
0 0.353125 0.653125 0.053125 0.01484375
0 0.44765625 0.653125 0.08515625 0.01484375
0 0.5125 0.653125 0.003125 0.01484375
0 0.63984375 0.653125 0.19375 0.01484375
0 0.63046875 0.6734375 0.12109375 0.01796875
0 0.81015625 0.6734375 0.13125 0.01796875
0 0.4171875 0.69296875 0.05625 0.01796875
0 0.46328125 0.6921875 0.00859375 0.01796875
0 0.5234375 0.6921875 0.05859375 0.01796875
0 0.62578125 0.69140625 0.05078125 0.01796875
0 0.271875 0.71015625 0.015625 0.01484375
0 0.6875 0.71015625 0.090625 0.01484375
0 0.7703125 0.71015625 0.01328125 0.01484375
0 0.31015625 0.72578125 0.13046875 0.0171875
0 0.4875 0.725 0.1265625 0.0171875
0 0.5703125 0.725 0.0109375 0.0171875
0 0.73515625 0.725 0.20078125 0.0171875
0 0.17578125 0.7484375 0.1515625 0.015625
0 0.63046875 0.7484375 0.33515625 0.01484375
0 0.8359375 0.7484375 0.034375 0.015625
0 0.89765625 0.7484375 0.034375 0.015625
0 0.1390625 0.7640625 0.071875 0.01328125
0 0.21875 0.7640625 0.03515625 0.01328125
0 0.359375 0.7640625 0.1484375 0.01328125
0 0.64765625 0.7640625 0.09453125 0.015625
0 0.7359375 0.7640625 0.03515625 0.01484375
0 0.87734375 0.7640625 0.1140625 0.01640625
0 0.12265625 0.7796875 0.0625 0.0140625
0 0.1703125 0.7796875 0.009375 0.01484375
0 0.315625 0.7796875 0.23515625 0.0140625
0 0.71796875 0.78046875 0.075 0.015625
0 0.8515625 0.78046875 0.16484375 0.015625
0 0.3359375 0.79609375 0.03515625 0.0140625
0 0.44375 0.79609375 0.1328125 0.0140625
0 0.63671875 0.79609375 0.19375 0.0140625
0 0.3734375 0.81171875 0.07421875 0.015625
0 0.48359375 0.81171875 0.0953125 0.015625
0 0.64453125 0.81171875 0.13125 0.015625
0 0.24453125 0.828125 0.0546875 0.0171875
0 0.33203125 0.828125 0.07421875 0.0171875
0 0.4578125 0.828125 0.10859375 0.0171875
0 0.5953125 0.828125 0.11015625 0.0171875
0 0.69609375 0.828125 0.02890625 0.0171875
0 0.7671875 0.828125 0.0453125 0.0171875
0 0.384375 0.84453125 0.053125 0.01484375
0 0.634375 0.84453125 0.02890625 0.01484375
0 0.35234375 0.875 0.21640625 0.0203125
0 0.67109375 0.875 0.2203125 0.0375
0 0.48671875 0.90546875 0.18203125 0.009375
0 0.64921875 0.90625 0.12265625 0.0109375
0 0.61015625 0.9765625 0.2 0.0203125
0 0.70625 0.09609375 0.078125 0.01875
0 0.81015625 0.09765625 0.08359375 0.01796875
0 0.68671875 0.140625 0.05234375 0.015625
0 0.1828125 0.21875 0.115625 0.01328125
0 0.14453125 0.259375 0.08515625 0.01484375
0 0.41484375 0.2421875 0.01171875 0.0109375
0 0.4140625 0.21953125 0.0078125 0.009375
0 0.6578125 0.29453125 0.040625 0.0140625
0 0.62421875 0.29453125 0.0265625 0.0125
0 0.865625 0.29453125 0.13515625 0.015625
0 0.16171875 0.29453125 0.1140625 0.0171875
0 0.17265625 0.4296875 0.05625 0.015625
0 0.18203125 0.40703125 0.13671875 0.01640625
0 0.1625 0.525 0.08515625 0.015625
0 0.25703125 0.52578125 0.05546875 0.01328125
0 0.35703125 0.52578125 0.10625 0.015625
0 0.23984375 0.478125 0.128125 0.01328125
0 0.35859375 0.47890625 0.05234375 0.0125
0 0.13125 0.47734375 0.0234375 0.01171875
0 0.9015625 0.52734375 0.090625 0.01484375
0 0.66640625 0.57578125 0.075 0.01328125
0 0.73984375 0.5765625 0.04140625 0.0109375
0 0.4 0.57734375 0.1765625 0.01328125
0 0.271875 0.57734375 0.05234375 0.0125
0 0.1609375 0.5765625 0.1078125 0.01328125
0 0.165625 0.59140625 0.10234375 0.01328125
0 0.28828125 0.59140625 0.08046875 0.0125
0 0.38203125 0.5921875 0.04921875 0.01328125
0 0.47265625 0.59140625 0.08828125 0.01171875
0 0.2140625 0.60703125 0.19765625 0.01328125
0 0.453125 0.67265625 0.1265625 0.00859375
0 0.28125 0.67421875 0.125 0.0078125
0 0.37109375 0.709375 0.1359375 0.01328125
0 0.478125 0.71015625 0.04296875 0.01328125
0 0.5703125 0.709375 0.10234375 0.01171875
0 0.36796875 0.7484375 0.1390625 0.01171875
0 0.48359375 0.84453125 0.0953125 0.01328125
0 0.575 0.84453125 0.04453125 0.01171875
0 0.72421875 0.9453125 0.02421875 0.01328125
0 0.78828125 0.9453125 0.05234375 0.01484375
0 0.4484375 0.975 0.03984375 0.015625
0 0.3359375 0.94453125 0.10859375 0.0140625
0 0.2265625 0.94375 0.05546875 0.01171875
0 0.134375 0.94375 0.084375 0.01484375