0 0.6578125 0.2140625 0.18828125 0.02109375
0 0.41640625 0.215625 0.07734375 0.0203125
0 0.50703125 0.215625 0.05703125 0.0203125
0 0.30546875 0.21640625 0.0984375 0.02265625
0 0.215625 0.21640625 0.0390625 0.0203125
0 0.57109375 0.2421875 0.09765625 0.01953125
0 0.33671875 0.24296875 0.071875 0.0203125
0 0.69765625 0.24453125 0.11328125 0.0234375
0 0.24921875 0.24453125 0.05703125 0.01953125
0 0.446875 0.2453125 0.0921875 0.0234375
0 0.3875 0.271875 0.09765625 0.01953125
0 0.53984375 0.271875 0.15625 0.01953125
0 0.62265625 0.30078125 0.15859375 0.02109375
0 0.33046875 0.3015625 0.1 0.01953125
0 0.45859375 0.30390625 0.1109375 0.02421875
0 0.66015625 0.33046875 0.07578125 0.02109375
0 0.4109375 0.33046875 0.2578125 0.02109375
0 0.58046875 0.33046875 0.0390625 0.02109375
0 0.42265625 0.359375 0.0390625 0.0203125
0 0.27265625 0.359375 0.05703125 0.0203125
0 0.6234375 0.359375 0.240625 0.02109375
0 0.3515625 0.359375 0.04921875 0.0203125
0 0.4703125 0.3625 0.009375 0.015625
0 0.4 0.41796875 0.0390625 0.0203125
0 0.63046875 0.41796875 0.29609375 0.0203125
0 0.290625 0.41796875 0.1375 0.0203125
0 0.44921875 0.42109375 0.009375 0.01484375
0 0.13046875 0.47578125 0.05234375 0.01953125
0 0.503125 0.4765625 0.1203125 0.01875
0 0.20234375 0.4765625 0.07890625 0.01953125
0 0.8234375 0.4765625 0.1578125 0.01953125
0 0.1328125 0.53359375 0.05703125 0.0203125
0 0.21328125 0.53359375 0.05703125 0.01953125
0 0.3015625 0.53359375 0.08046875 0.01953125
0 0.39375 0.53359375 0.05625 0.01953125
0 0.49296875 0.53359375 0.09765625 0.01953125
0 0.60625 0.53359375 0.075 0.01953125
0 0.803125 0.534375 0.11640625 0.0203125
0 0.89375 0.5375 0.0171875 0.0140625
0 0.13046875 0.5625 0.05703125 0.01953125
0 0.4296875 0.5625 0.0984375 0.01953125
0 0.23125 0.5625 0.0984375 0.01953125
0 0.33046875 0.5625 0.06015625 0.01953125
0 0.55 0.5625 0.09375 0.01953125
0 0.8015625 0.5625 0.11640625 0.0203125
0 0.8921875 0.565625 0.01875 0.0140625
0 0.14921875 0.61875 0.09609375 0.0203125
0 0.2703125 0.61875 0.09765625 0.0203125
0 0.4421875 0.61875 0.1953125 0.01953125
0 0.59921875 0.61875 0.075 0.01953125
0 0.68125 0.61953125 0.0390625 0.0203125
0 0.82109375 0.6203125 0.07734375 0.01875
0 0.6828125 0.6484375 0.0390625 0.01953125
0 0.8328125 0.6484375 0.05625 0.01953125
0 0.34140625 0.65 0.1578125 0.02421875
0 0.54296875 0.65 0.19921875 0.01796875
0 0.68125 0.6765625 0.0390625 0.01953125
0 0.82109375 0.6765625 0.07734375 0.01953125
0 0.559375 0.6796875 0.16015625 0.02421875
0 0.60234375 0.70625 0.08046875 0.01875
0 0.6828125 0.70625 0.0390625 0.01875
0 0.8140625 0.70703125 0.09765625 0.02109375
0 0.58046875 0.73359375 0.11875 0.0203125
0 0.68125 0.734375 0.0390625 0.01953125
0 0.82109375 0.734375 0.07734375 0.01953125
0 0.12890625 0.790625 0.05703125 0.0203125
0 0.4796875 0.790625 0.11484375 0.01875
0 0.58359375 0.790625 0.0640625 0.01875
0 0.809375 0.790625 0.13359375 0.01875
0 0.24921875 0.79375 0.13984375 0.0234375
0 0.153125 0.81875 0.0171875 0.01015625
0 0.20234375 0.81953125 0.0390625 0.01953125
0 0.58203125 0.81953125 0.07734375 0.01953125
0 0.853125 0.81953125 0.05625 0.0203125
0 0.1125 0.821875 0.01875 0.01484375
0 0.24921875 0.9046875 0.09765625 0.01953125
0 0.35546875 0.9046875 0.07109375 0.01875
0 0.478125 0.9046875 0.1203125 0.0203125
0 0.6 0.9078125 0.07890625 0.01484375
0 0.7109375 0.9078125 0.09765625 0.02265625
0 0.23203125 0.93359375 0.05625 0.01796875
0 0.47265625 0.93359375 0.05625 0.01796875
0 0.353125 0.934375 0.13515625 0.01875
0 0.1390625 0.934375 0.0828125 0.02265625
0 0.8125 0.93515625 0.1375 0.01640625
0 0.62265625 0.9359375 0.19609375 0.02265625