0 0.16328125 0.06484375 0.0359375 0.0171875
0 0.2046875 0.065625 0.03359375 0.0203125
0 0.23671875 0.0640625 0.03359375 0.0203125
0 0.39609375 0.06015625 0.234375 0.01640625
0 0.571875 0.05703125 0.0296875 0.0203125
0 0.7546875 0.05546875 0.25234375 0.02265625
0 0.39375 0.08125 0.1859375 0.0171875
0 0.56640625 0.078125 0.08515625 0.01796875
0 0.61875 0.08125 0.01328125 0.0109375
0 0.7046875 0.07421875 0.07890625 0.01953125
0 0.415625 0.10078125 0.1640625 0.01640625
0 0.62109375 0.09453125 0.2015625 0.015625
0 0.26953125 0.12421875 0.13671875 0.0171875
0 0.44609375 0.1203125 0.1671875 0.015625
0 0.8421875 0.1125 0.11328125 0.0171875
0 0.31875 0.13828125 0.1890625 0.015625
0 0.5734375 0.13515625 0.253125 0.01484375
0 0.80234375 0.1328125 0.1390625 0.01640625
0 0.26171875 0.15625 0.08203125 0.01796875
0 0.315625 0.15625 0.01171875 0.01875
0 0.4296875 0.1546875 0.19453125 0.0171875
0 0.7 0.1515625 0.2828125 0.01640625
0 0.14765625 0.1828125 0.13125 0.01484375
0 0.39765625 0.18046875 0.009375 0.0171875
0 0.584375 0.1796875 0.27265625 0.015625
0 0.1328125 0.2015625 0.10703125 0.0140625
0 0.5546875 0.19765625 0.21953125 0.015625
0 0.11484375 0.2203125 0.078125 0.0171875
0 0.2125 0.2203125 0.0546875 0.01796875
0 0.39296875 0.21953125 0.01015625 0.01640625
0 0.49453125 0.21796875 0.1125 0.01484375
0 0.1953125 0.26875 0.00859375 0.01953125
0 0.3203125 0.26796875 0.1609375 0.01875
0 0.11171875 0.28828125 0.07890625 0.01953125
0 0.63203125 0.2671875 0.10703125 0.01953125
0 0.7015625 0.26640625 0.00546875 0.0203125
0 0.8578125 0.265625 0.16015625 0.01953125
0 0.63046875 0.2859375 0.10390625 0.015625
0 0.70078125 0.2859375 0.00546875 0.01640625
0 0.78515625 0.28515625 0.021875 0.01640625
0 0.1390625 0.3265625 0.13125 0.01796875
0 0.3140625 0.32578125 0.15703125 0.01796875
0 0.6125 0.325 0.021875 0.0171875
0 0.6484375 0.325 0.03984375 0.0171875
0 0.7765625 0.325 0.015625 0.0171875
0 0.86015625 0.32421875 0.1328125 0.0171875
0 0.18125 0.36640625 0.21171875 0.0140625
0 0.17890625 0.38671875 0.21484375 0.01484375
0 0.753125 0.36484375 0.0296875 0.0171875
0 0.84453125 0.3640625 0.14375 0.0171875
0 0.8109375 0.384375 0.21640625 0.01640625
0 0.83984375 0.4234375 0.1578125 0.01484375
0 0.13046875 0.425 0.13046875 0.01640625
0 0.16953125 0.44296875 0.1609375 0.0140625
0 0.47265625 0.46015625 0.10390625 0.01640625
0 0.49453125 0.53046875 0.72109375 0.0125
0 0.13671875 0.54765625 0.16171875 0.0171875
0 0.26171875 0.55 0.0125 0.01171875
0 0.50859375 0.546875 0.40703125 0.0171875
0 0.175 0.56484375 0.2390625 0.01328125
0 0.55546875 0.5625 0.04609375 0.01484375
0 0.59453125 0.5625 0.00546875 0.01484375
0 0.61171875 0.5625 0.0125 0.01484375
0 0.6609375 0.5625 0.0328125 0.01484375
0 0.7234375 0.5625 0.0546875 0.01484375
0 0.796875 0.5625 0.0546875 0.01484375
0 0.8609375 0.5625 0.03359375 0.01484375
0 0.9171875 0.5625 0.0328125 0.01484375
0 0.18984375 0.58671875 0.04921875 0.01640625
0 0.2296875 0.58671875 0.00546875 0.01640625
0 0.2984375 0.5875 0.10546875 0.0171875
0 0.6984375 0.5859375 0.02421875 0.01484375
0 0.76796875 0.5859375 0.04921875 0.01484375
0 0.809375 0.5859375 0.00546875 0.01484375
0 0.88125 0.5859375 0.10546875 0.01484375
0 0.28828125 0.6546875 0.23671875 0.01171875
0 0.46640625 0.65390625 0.06796875 0.01171875
0 0.59453125 0.653125 0.14375 0.01171875
0 0.740625 0.653125 0.109375 0.01171875
0 0.35546875 0.66953125 0.03359375 0.01015625
0 0.453125 0.6671875 0.11953125 0.0140625
0 0.58359375 0.66640625 0.0859375 0.0140625
0 0.740625 0.66640625 0.18125 0.0140625
0 0.171875 0.68203125 0.034375 0.0125
0 0.2359375 0.6828125 0.05390625 0.0109375
0 0.3359375 0.68203125 0.10625 0.01171875
0 0.50234375 0.68125 0.18203125 0.01171875
0 0.65625 0.67890625 0.084375 0.0140625
0 0.77734375 0.67890625 0.10859375 0.01484375
0 0.16953125 0.69453125 0.034375 0.01171875
0 0.25234375 0.69453125 0.08828125 0.0125
0 0.35703125 0.69453125 0.0765625 0.0109375
0 0.52578125 0.69296875 0.23515625 0.01328125
0 0.24296875 0.71953125 0.071875 0.01328125
0 0.32578125 0.71953125 0.05078125 0.0125
0 0.40859375 0.71875 0.06640625 0.01328125
0 0.5 0.71875 0.06796875 0.0125
0 0.54453125 0.71875 0.00390625 0.01328125
0 0.66484375 0.71875 0.17734375 0.0125
0 0.35 0.765625 0.19765625 0.01640625
0 0.8265625 0.765625 0.1578125 0.01640625
0 0.0921875 0.78046875 0.096875 0.01328125
0 0.265625 0.7796875 0.03671875 0.01328125
0 0.428125 0.77890625 0.15859375 0.0125
0 0.1296875 0.79296875 0.16328125 0.0109375
0 0.278125 0.79296875 0.09375 0.01328125
0 0.39765625 0.79296875 0.09921875 0.01328125
0 0.87578125 0.7921875 0.05390625 0.01171875
0 0.63671875 0.8046875 0.075 0.01328125
0 0.39609375 0.81953125 0.0578125 0.0125
0 0.51953125 0.81953125 0.140625 0.0125
0 0.06796875 0.834375 0.06328125 0.01328125
0 0.1125 0.834375 0.01484375 0.01328125
0 0.26796875 0.834375 0.27890625 0.01328125
0 0.53046875 0.8328125 0.203125 0.0125
0 0.30703125 0.8578125 0.1703125 0.01171875
0 0.54765625 0.85625 0.20625 0.015625
0 0.73046875 0.85546875 0.06015625 0.01640625
0 0.22890625 0.87265625 0.17421875 0.0125
0 0.371875 0.871875 0.05390625 0.0125
0 0.4671875 0.871875 0.0765625 0.01328125
0 0.590625 0.87109375 0.12109375 0.01328125
0 0.73359375 0.87109375 0.11796875 0.01328125
0 0.1390625 0.88515625 0.1859375 0.0140625
0 0.31328125 0.88515625 0.0921875 0.0140625
0 0.41953125 0.88515625 0.09453125 0.01328125
0 0.5703125 0.88515625 0.15703125 0.0140625
0 0.7625 0.88515625 0.1703125 0.0140625
0 0.12265625 0.896875 0.16640625 0.01171875
0 0.56171875 0.896875 0.15390625 0.0109375
0 0.1734375 0.9109375 0.25625 0.01171875
0 0.38671875 0.9109375 0.11484375 0.0109375
0 0.55859375 0.9109375 0.1828125 0.01015625
0 0.75703125 0.909375 0.16015625 0.01015625
0 0.8515625 0.9109375 0.009375 0.00625
0 0.2796875 0.92265625 0.0359375 0.01171875
0 0.39140625 0.921875 0.13671875 0.01171875
0 0.5875 0.921875 0.2015625 0.01171875
0 0.0796875 0.94375 0.0765625 0.01484375
0 0.18125 0.94375 0.0765625 0.01484375
0 0.303125 0.94375 0.115625 0.01484375
0 0.521875 0.94375 0.01484375 0.01484375
0 0.690625 0.94375 0.07578125 0.01484375
0 0.771875 0.94375 0.0359375 0.01484375
0 0.8046875 0.94375 0.003125 0.01484375
0 0.85625 0.94375 0.078125 0.01484375
0 0.39765625 0.95546875 0.01015625 0.015625
0 0.44609375 0.95546875 0.075 0.015625
0 0.56953125 0.95546875 0.11484375 0.01484375
0 0.7125 0.9546875 0.12109375 0.01484375
0 0.4609375 0.98515625 0.37890625 0.02890625
0 0.7015625 0.11484375 0.11875 0.0140625
0 0.58984375 0.11640625 0.06484375 0.0140625
0 0.4 0.2015625 0.01171875 0.00859375
0 0.2984375 0.28671875 0.10859375 0.0125
0 0.16953125 0.28828125 0.01171875 0.00859375
0 0.12265625 0.26875 0.10703125 0.015625
0 0.67265625 0.3828125 0.03671875 0.01015625
0 0.740625 0.421875 0.02421875 0.00859375
0 0.0953125 0.5875 0.08203125 0.0140625
0 0.178125 0.6671875 0.0890625 0.0109375
0 0.27890625 0.6671875 0.071875 0.009375
0 0.753125 0.6921875 0.17265625 0.0109375
0 0.20625 0.765625 0.04609375 0.01015625
0 0.10625 0.76640625 0.121875 0.01171875
0 0.1921875 0.7796875 0.06015625 0.01015625
0 0.634375 0.765625 0.15859375 0.01328125
0 0.3453125 0.896875 0.240625 0.0109375
0 0.74296875 0.89609375 0.18203125 0.01015625
0 0.45703125 0.9421875 0.10546875 0.01015625
0 0.57421875 0.94296875 0.0859375 0.009375
0 0.34296875 0.95703125 0.084375 0.009375
0 0.23359375 0.95703125 0.1 0.01015625