0 0.2671875 0.07109375 0.175 0.01796875
0 0.46953125 0.07265625 0.14296875 0.01796875
0 0.6921875 0.0734375 0.21328125 0.01796875
0 0.2671875 0.09453125 0.078125 0.02421875
0 0.32734375 0.0953125 0.021875 0.0234375
0 0.36796875 0.09609375 0.05703125 0.02421875
0 0.5703125 0.096875 0.30078125 0.02578125
0 0.31953125 0.1171875 0.30234375 0.0234375
0 0.53984375 0.11875 0.07265625 0.021875
0 0.70625 0.1203125 0.12734375 0.02265625
0 0.215625 0.13671875 0.1328125 0.021875
0 0.3765625 0.13828125 0.13359375 0.021875
0 0.515625 0.1390625 0.07109375 0.02109375
0 0.5703125 0.13984375 0.00234375 0.0203125
0 0.63828125 0.13984375 0.05 0.02109375
0 0.6796875 0.13984375 0.00546875 0.02109375
0 0.72421875 0.140625 0.05 0.0203125
0 0.76015625 0.140625 0.0125 0.02109375
0 0.7859375 0.140625 0.0203125 0.02109375
0 0.37734375 0.1609375 0.12734375 0.01640625
0 0.46015625 0.1609375 0.0125 0.01640625
0 0.56796875 0.16171875 0.18125 0.01640625
0 0.26875 0.18125 0.18515625 0.01875
0 0.4421875 0.1828125 0.0953125 0.01796875
0 0.66875 0.18359375 0.26640625 0.01796875
0 0.109375 0.21015625 0.1171875 0.015625
0 0.3546875 0.2125 0.00546875 0.01640625
0 0.53046875 0.21328125 0.26015625 0.0171875
0 0.0984375 0.23203125 0.09921875 0.01796875
0 0.35625 0.234375 0.00546875 0.01640625
0 0.50703125 0.234375 0.20546875 0.01640625
0 0.08515625 0.25390625 0.0765625 0.0203125
0 0.18046875 0.25390625 0.05 0.0203125
0 0.35703125 0.25546875 0.00546875 0.01640625
0 0.453125 0.25625 0.10234375 0.0171875
0 0.12734375 0.28671875 0.153125 0.02578125
0 0.21484375 0.28671875 0.00390625 0.02421875
0 0.296875 0.2875 0.1265625 0.02578125
0 0.21796875 0.28671875 0.00546875 0.01640625
0 0.5984375 0.2890625 0.06640625 0.0140625
0 0.75859375 0.29296875 0.015625 0.01796875
0 0.825 0.29375 0.1046875 0.01953125
0 0.15625 0.33046875 0.21015625 0.01640625
0 0.15546875 0.35234375 0.21171875 0.01640625
0 0.71484375 0.3359375 0.02421875 0.01953125
0 0.8078125 0.33671875 0.13125 0.0203125
0 0.67890625 0.35859375 0.02421875 0.01953125
0 0.79140625 0.359375 0.16953125 0.02109375
0 0.11171875 0.3953125 0.12890625 0.0203125
0 0.2078125 0.4171875 0.265625 0.01875
0 0.453125 0.440625 0.09921875 0.01796875
0 0.2875 0.46953125 0.046875 0.0203125
0 0.325 0.46953125 0.00234375 0.01953125
0 0.41328125 0.4703125 0.0765625 0.01953125
0 0.1734375 0.51953125 0.05078125 0.02109375
0 0.21328125 0.5203125 0.01015625 0.0203125
0 0.28671875 0.52109375 0.103125 0.021875
0 0.69296875 0.525 0.0203125 0.015625
0 0.7578125 0.52578125 0.04609375 0.01640625
0 0.80078125 0.5265625 0.01015625 0.015625
0 0.86953125 0.52734375 0.103125 0.0171875
0 0.0953125 0.57421875 0.09921875 0.01875
0 0.21875 0.57578125 0.00625 0.0171875
0 0.3625 0.578125 0.26796875 0.0203125
0 0.675 0.58125 0.05234375 0.015625
0 0.74140625 0.58203125 0.03671875 0.015625
0 0.771875 0.5828125 0.01015625 0.015625
0 0.8546875 0.58359375 0.140625 0.0171875
0 0.0875 0.590625 0.0828125 0.01640625
0 0.165625 0.59140625 0.0328125 0.015625
0 0.1921875 0.5921875 0.00625 0.01484375
0 0.24296875 0.59296875 0.06796875 0.015625
0 0.2921875 0.59296875 0.0078125 0.015625
0 0.3484375 0.59375 0.10703125 0.0171875
0 0.8796875 0.59921875 0.0828125 0.0140625
0 0.2984375 0.6109375 0.10234375 0.01796875
0 0.38046875 0.61171875 0.01015625 0.01640625
0 0.43125 0.61171875 0.0484375 0.0171875
0 0.4703125 0.61328125 0.00234375 0.01640625
0 0.509375 0.61328125 0.05 0.0171875
0 0.56328125 0.6140625 0.00625 0.01640625
0 0.46328125 0.62890625 0.17109375 0.015625
0 0.74140625 0.64765625 0.1328125 0.02109375
0 0.46328125 0.6609375 0.16875 0.01953125
0 0.39453125 0.675 0.171875 0.01484375
0 0.55390625 0.67734375 0.06015625 0.01953125
0 0.0734375 0.6859375 0.05 0.01640625
0 0.2828125 0.68828125 0.25234375 0.0171875
0 0.7703125 0.6953125 0.08671875 0.0171875
0 0.88046875 0.696875 0.08671875 0.0171875
0 0.35625 0.70390625 0.06796875 0.01875
0 0.4484375 0.70546875 0.0703125 0.01953125
0 0.59609375 0.7078125 0.10078125 0.01875
0 0.1890625 0.7171875 0.08515625 0.01796875
0 0.33046875 0.7203125 0.1578125 0.01875
0 0.4546875 0.72109375 0.05234375 0.01796875
0 0.53984375 0.72265625 0.06796875 0.01875
0 0.6578125 0.72421875 0.12265625 0.01953125
0 0.78828125 0.72578125 0.08671875 0.01796875
0 0.30625 0.73359375 0.0328125 0.01640625
0 0.40625 0.7359375 0.12109375 0.01796875
0 0.578125 0.73828125 0.17578125 0.01953125
0 0.3125 0.74921875 0.20625 0.0203125
0 0.603125 0.75390625 0.265625 0.02109375
0 0.2671875 0.77734375 0.08515625 0.01796875
0 0.365625 0.77890625 0.06796875 0.01796875
0 0.478125 0.78046875 0.09921875 0.01875
0 0.60625 0.78203125 0.1046875 0.01875
0 0.6890625 0.78515625 0.03203125 0.0140625
0 0.1640625 0.79375 0.19765625 0.01484375
0 0.303125 0.79296875 0.05 0.01796875
0 0.3390625 0.79296875 0.0078125 0.01640625
0 0.41171875 0.79375 0.09296875 0.0125
0 0.51875 0.7953125 0.08671875 0.01875
0 0.6265625 0.796875 0.08515625 0.01875
0 0.70625 0.79765625 0.02578125 0.01796875
0 0.73203125 0.7984375 0.01015625 0.0171875
0 0.7796875 0.80078125 0.0359375 0.0140625
0 0.809375 0.803125 0.0140625 0.0109375
0 0.8546875 0.8015625 0.0328125 0.01328125
0 0.3078125 0.80859375 0.090625 0.01484375
0 0.5203125 0.8109375 0.084375 0.0171875
0 0.578125 0.81171875 0.0078125 0.01640625
0 0.6453125 0.8125 0.11484375 0.01796875
0 0.35390625 0.86640625 0.30703125 0.04140625
0 0.7234375 0.8671875 0.3875 0.04453125
0 0.33203125 0.90390625 0.06484375 0.01640625
0 0.4421875 0.903125 0.10625 0.01640625
0 0.60234375 0.90234375 0.17734375 0.01640625
0 0.10625 0.95078125 0.075 0.01875
0 0.20234375 0.95 0.05234375 0.01875
0 0.24140625 0.95 0.00625 0.01953125
0 0.7 0.946875 0.0203125 0.01484375
0 0.76796875 0.9484375 0.0484375 0.0125
0 0.5921875 0.98046875 0.2140625 0.01640625
0 0.825 0.40390625 0.1328125 0.01953125
0 0.740625 0.40078125 0.03203125 0.01328125
0 0.13515625 0.46875 0.19375 0.01640625
0 0.1859375 0.57578125 0.03671875 0.01015625
0 0.653125 0.6140625 0.12265625 0.0140625
0 0.89765625 0.8 0.021875 0.0125
0 0.7484375 0.7859375 0.034375 0.01171875
0 0.415625 0.8078125 0.0921875 0.0140625
0 0.87421875 0.9484375 0.11640625 0.015625
0 0.309375 0.95078125 0.1109375 0.0140625
0 0.43125 0.9828125 0.0484375 0.015625