0 0.1953125 0.0671875 0.1515625 0.02109375
0 0.37421875 0.0703125 0.11015625 0.01875
0 0.52578125 0.06796875 0.11796875 0.0203125
0 0.7390625 0.06953125 0.21640625 0.01640625
0 0.8703125 0.0703125 0.0078125 0.0140625
0 0.27109375 0.08828125 0.3953125 0.01640625
0 0.57890625 0.08828125 0.14921875 0.01875
0 0.8890625 0.0890625 0.07734375 0.0171875
0 0.20234375 0.10703125 0.1609375 0.0171875
0 0.29140625 0.11015625 0.015625 0.01015625
0 0.3671875 0.1078125 0.12109375 0.01796875
0 0.4515625 0.10703125 0.015625 0.01953125
0 0.6078125 0.11171875 0.0078125 0.01171875
0 0.7640625 0.11328125 0.009375 0.0109375
0 0.25390625 0.128125 0.353125 0.01875
0 0.5140625 0.12890625 0.071875 0.0203125
0 0.74609375 0.1296875 0.38046875 0.02265625
0 0.215625 0.14765625 0.11484375 0.02109375
0 0.2921875 0.153125 0.00546875 0.01015625
0 0.41796875 0.15 0.19375 0.01953125
0 0.609375 0.15234375 0.121875 0.0171875
0 0.75625 0.153125 0.07890625 0.0171875
0 0.8125 0.15703125 0.01015625 0.01015625
0 0.85078125 0.15390625 0.028125 0.01640625
0 0.1140625 0.16796875 0.059375 0.02421875
0 0.26640625 0.1703125 0.24375 0.02578125
0 0.5421875 0.1734375 0.18125 0.02578125
0 0.6609375 0.17421875 0.01015625 0.0234375
0 0.80859375 0.17421875 0.2734375 0.01875
0 0.2515625 0.19296875 0.27734375 0.03203125
0 0.4734375 0.19609375 0.0671875 0.028125
0 0.5296875 0.196875 0.01015625 0.02734375
0 0.75859375 0.19921875 0.38046875 0.0328125
0 0.2328125 0.22890625 0.38515625 0.03125
0 0.878125 0.2390625 0.07109375 0.025
0 0.92890625 0.2375 0.009375 0.02890625
0 0.97578125 0.23828125 0.009375 0.02890625
0 0.11875 0.25625 0.16328125 0.03046875
0 0.20859375 0.25703125 0.0125 0.02890625
0 0.37734375 0.25859375 0.18515625 0.03046875
0 0.15625 0.2921875 0.23359375 0.0265625
0 0.50078125 0.2984375 0.02421875 0.0234375
0 0.53671875 0.296875 0.03671875 0.0203125
0 0.85390625 0.3 0.26171875 0.03125
0 0.49453125 0.32421875 0.01171875 0.0203125
0 0.565625 0.32421875 0.06484375 0.0203125
0 0.8953125 0.328125 0.1703125 0.02578125
0 0.1015625 0.365625 0.11328125 0.040625
0 0.109375 0.41875 0.11328125 0.04140625
0 0.8078125 0.3734375 0.02421875 0.04296875
0 0.9015625 0.37421875 0.14296875 0.04375
0 0.7265625 0.42578125 0.02265625 0.0421875
0 0.85859375 0.42734375 0.215625 0.04296875
0 0.0859375 0.4671875 0.0546875 0.0234375
0 0.22578125 0.46640625 0.17578125 0.021875
0 0.72265625 0.47109375 0.015625 0.0234375
0 0.85 0.471875 0.21953125 0.025
0 0.12734375 0.51875 0.12109375 0.02109375
0 0.21328125 0.51875 0.03359375 0.0203125
0 0.24140625 0.51875 0.00546875 0.0203125
0 0.41171875 0.51953125 0.275 0.02109375
0 0.68828125 0.51953125 0.0515625 0.0203125
0 0.75390625 0.51953125 0.03125 0.02109375
0 0.78671875 0.5203125 0.01640625 0.0203125
0 0.8796875 0.5203125 0.140625 0.0203125
0 0.1140625 0.5390625 0.0859375 0.01796875
0 0.1953125 0.5390625 0.034375 0.01796875
0 0.22421875 0.5390625 0.00546875 0.01796875
0 0.28984375 0.5390625 0.10859375 0.01796875
0 0.42890625 0.5390625 0.0875 0.01796875
0 0.515625 0.5390625 0.034375 0.01796875
0 0.53671875 0.5390625 0.0078125 0.01796875
0 0.90546875 0.5390625 0.08359375 0.0140625
0 0.33828125 0.55625 0.08984375 0.015625
0 0.4140625 0.55625 0.01171875 0.015625
0 0.46875 0.55625 0.0515625 0.015625
0 0.50546875 0.55625 0.0125 0.015625
0 0.54453125 0.55625 0.0515625 0.015625
0 0.59453125 0.55625 0.0125 0.015625
0 0.67578125 0.55625 0.10546875 0.015625
0 0.440625 0.59140625 0.10625 0.015625
0 0.575 0.59140625 0.12265625 0.015625
0 0.4953125 0.61015625 0.16484375 0.01953125
0 0.43515625 0.628125 0.21484375 0.0203125
0 0.62265625 0.628125 0.05078125 0.0203125
0 0.35703125 0.6453125 0.046875 0.01796875
0 0.421875 0.64609375 0.03046875 0.0171875
0 0.45 0.64609375 0.003125 0.0171875
0 0.58984375 0.646875 0.20234375 0.01875
0 0.28515625 0.6625 0.04921875 0.01953125
0 0.33984375 0.6640625 0.00703125 0.01953125
0 0.65234375 0.66640625 0.01015625 0.01953125
0 0.69765625 0.66640625 0.0671875 0.0203125
0 0.74140625 0.66640625 0.01015625 0.01953125
0 0.3296875 0.68359375 0.03046875 0.01796875
0 0.37578125 0.68359375 0.0015625 0.01796875
0 0.290625 0.70234375 0.13515625 0.0203125
0 0.4796875 0.70390625 0.13671875 0.01875
0 0.5671875 0.70390625 0.00859375 0.01953125
0 0.696875 0.7046875 0.20703125 0.02109375
0 0.209375 0.73984375 0.0875 0.02265625
0 0.35390625 0.740625 0.16015625 0.0234375
0 0.8171875 0.74296875 0.09140625 0.0234375
0 0.15859375 0.77890625 0.03125 0.021875
0 0.26015625 0.77890625 0.1234375 0.02265625
0 0.44140625 0.78046875 0.171875 0.02265625
0 0.6375 0.78203125 0.13828125 0.02265625
0 0.7828125 0.7828125 0.12734375 0.021875
0 0.5625 0.81796875 0.47734375 0.0453125
0 0.24140625 0.85078125 0.05 0.01953125
0 0.3546875 0.8515625 0.05 0.0203125
0 0.41015625 0.85234375 0.0078125 0.01953125
0 0.6234375 0.85390625 0.365625 0.0234375
0 0.13125 0.953125 0.10390625 0.021875
0 0.25390625 0.953125 0.0578125 0.021875
0 0.3109375 0.953125 0.01015625 0.021875
0 0.35234375 0.953125 0.01796875 0.021875
0 0.64609375 0.95546875 0.02265625 0.01875
0 0.734375 0.95546875 0.0578125 0.01953125
0 0.7875 0.95546875 0.00859375 0.01953125
0 0.88671875 0.95546875 0.12109375 0.01953125
0 0.2625 0.98203125 0.06875 0.01796875
0 0.5515625 0.98203125 0.4265625 0.01796875
0 0.76015625 0.08828125 0.11484375 0.015625
0 0.8421875 0.10859375 0.11015625 0.01640625
0 0.68671875 0.1078125 0.11796875 0.015625
0 0.53203125 0.10859375 0.109375 0.01640625
0 0.73984375 0.23515625 0.12265625 0.02421875
0 0.1796875 0.3203125 0.27734375 0.025
0 0.590625 0.5390625 0.07265625 0.01171875
0 0.76875 0.57421875 0.13046875 0.01484375
0 0.4953125 0.665625 0.24921875 0.0171875
0 0.546875 0.68359375 0.2984375 0.01640625
0 0.4828125 0.7421875 0.05078125 0.01484375
0 0.56953125 0.74296875 0.07890625 0.015625
0 0.690625 0.74375 0.12578125 0.01640625
0 0.3 0.85234375 0.01953125 0.01640625