0 0.628125 0.234375 0.10546875 0.0375
0 0.44921875 0.27734375 0.13359375 0.03984375
0 0.33515625 0.31953125 0.07890625 0.03984375
0 0.490625 0.31875 0.16328125 0.03984375
0 0.62890625 0.3171875 0.05 0.03984375
0 0.753125 0.31640625 0.13359375 0.03984375
0 0.8953125 0.315625 0.0796875 0.03984375
0 0.21015625 0.36171875 0.0484375 0.0421875
0 0.2546875 0.3609375 0.015625 0.04296875
0 0.3109375 0.36015625 0.08828125 0.0421875
0 0.36796875 0.36015625 0.015625 0.04296875
0 0.3953125 0.359375 0.015625 0.04375
0 0.5359375 0.3578125 0.20546875 0.04140625
0 0.6515625 0.35703125 0.02109375 0.04296875
0 0.7609375 0.35546875 0.20234375 0.04140625
0 0.2796875 0.40234375 0.1890625 0.040625
0 0.434375 0.40078125 0.04765625 0.04140625
0 0.47421875 0.40078125 0.0140625 0.04140625
0 0.67109375 0.39921875 0.3078125 0.03984375
0 0.21171875 0.4640625 0.265625 0.03984375
0 0.6453125 0.4609375 0.07890625 0.04375
0 0.74296875 0.46015625 0.05 0.04296875
0 0.78515625 0.45859375 0.00703125 0.04375
0 0.88203125 0.4578125 0.103125 0.0421875
0 0.12421875 0.50390625 0.1078125 0.0375
0 0.1921875 0.50390625 0.01484375 0.03828125
0 0.28203125 0.50390625 0.1296875 0.0375
0 0.7265625 0.559375 0.015625 0.04140625
0 0.8296875 0.55859375 0.1515625 0.03984375
0 0.115625 0.64921875 0.08828125 0.0390625
0 0.1171875 0.68984375 0.0890625 0.03203125
0 0.84375 0.6390625 0.14375 0.03359375
0 0.72109375 0.68828125 0.021875 0.021875
0 0.82890625 0.684375 0.17109375 0.0375
0 0.14140625 0.76796875 0.121875 0.03515625
0 0.825 0.7625 0.15078125 0.03203125
0 0.178125 0.825 0.1890625 0.0359375
0 0.28515625 0.8296875 0.0109375 0.025
0 0.3421875 0.8234375 0.015625 0.0359375
0 0.371875 0.8234375 0.015625 0.0359375
0 0.47421875 0.82265625 0.1921875 0.0359375
0 0.61171875 0.821875 0.021875 0.03671875
0 0.64375 0.821875 0.015625 0.0359375
0 0.121875 0.884375 0.08125 0.03828125
0 0.25859375 0.890625 0.01015625 0.028125
0 0.32734375 0.88125 0.10078125 0.04375
0 0.696875 0.87734375 0.01953125 0.03671875
0 0.7625 0.87734375 0.04375 0.03671875
0 0.80078125 0.87734375 0.01328125 0.03671875
0 0.87265625 0.87734375 0.10078125 0.03671875
0 0.62265625 0.9171875 0.2109375 0.03828125
0 0.3890625 0.23828125 0.0734375 0.034375
0 0.4875 0.2375 0.10625 0.0328125
0 0.5859375 0.2765625 0.0703125 0.03125
0 0.16640625 0.31875 0.196875 0.03203125
0 0.1625 0.56484375 0.2 0.03984375
0 0.60390625 0.56171875 0.053125 0.034375
0 0.55859375 0.565625 0.02421875 0.0234375
0 0.7515625 0.64375 0.02109375 0.02109375
0 0.72421875 0.7625 0.021875 0.01875
0 0.44609375 0.91796875 0.08515625 0.0328125
0 0.33515625 0.92265625 0.0625 0.0359375
0 0.21953125 0.88203125 0.05625 0.03515625