0 0.48359375 0.16171875 0.1375 0.00859375
0 0.47265625 0.17734375 0.27578125 0.0140625
0 0.2375 0.178125 0.16328125 0.0140625
0 0.66484375 0.178125 0.08671875 0.0140625
0 0.7703125 0.178125 0.08828125 0.0140625
0 0.42734375 0.19609375 0.03359375 0.01015625
0 0.36484375 0.196875 0.04609375 0.0109375
0 0.55234375 0.196875 0.15234375 0.01171875
0 0.3046875 0.21953125 0.0640625 0.0109375
0 0.440625 0.21953125 0.03515625 0.0109375
0 0.59140625 0.21953125 0.20546875 0.01171875
0 0.375 0.2203125 0.0546875 0.0140625
0 0.3875 0.2375 0.03515625 0.0125
0 0.5453125 0.2375 0.04296875 0.0125
0 0.3359375 0.23828125 0.03984375 0.01171875
0 0.46953125 0.23828125 0.08359375 0.01171875
0 0.6171875 0.23828125 0.0765625 0.01171875
0 0.290625 0.25859375 0.09765625 0.01171875
0 0.6515625 0.2609375 0.1390625 0.01484375
0 0.52890625 0.2609375 0.08046875 0.01484375
0 0.4125 0.2609375 0.1234375 0.01484375
0 0.5578125 0.29296875 0.0765625 0.01171875
0 0.4390625 0.29296875 0.13125 0.0109375
0 0.36171875 0.325 0.09453125 0.01171875
0 0.56953125 0.32578125 0.22265625 0.0125
0 0.134375 0.34453125 0.115625 0.01171875
0 0.22578125 0.34453125 0.04140625 0.0109375
0 0.40390625 0.34453125 0.1921875 0.01171875
0 0.57109375 0.365625 0.1234375 0.01171875
0 0.11796875 0.365625 0.071875 0.01171875
0 0.66875 0.365625 0.04296875 0.01171875
0 0.39921875 0.36640625 0.1890625 0.01484375
0 0.33359375 0.38515625 0.0515625 0.01171875
0 0.1375 0.38671875 0.11875 0.01328125
0 0.6765625 0.43046875 0.0765625 0.0109375
0 0.83046875 0.43046875 0.121875 0.0109375
0 0.2421875 0.43125 0.1765625 0.0203125
0 0.53828125 0.43203125 0.0546875 0.0140625
0 0.853125 0.45078125 0.071875 0.0109375
0 0.5578125 0.45078125 0.00625 0.0109375
0 0.14921875 0.45078125 0.03515625 0.0109375
0 0.284375 0.4515625 0.17109375 0.009375
0 0.67734375 0.4515625 0.071875 0.0109375
0 0.10234375 0.4515625 0.00625 0.009375
0 0.26484375 0.46484375 0.1328125 0.0109375
0 0.38984375 0.465625 0.09140625 0.0109375
0 0.51484375 0.49140625 0.06875 0.01171875
0 0.8546875 0.49140625 0.075 0.01328125
0 0.4984375 0.51015625 0.1125 0.01171875
0 0.86171875 0.51171875 0.059375 0.0109375
0 0.3953125 0.53046875 0.0625 0.0109375
0 0.10546875 0.53125 0.0671875 0.0109375
0 0.18828125 0.53125 0.071875 0.0109375
0 0.29375 0.53125 0.1140625 0.009375
0 0.4953125 0.53203125 0.11875 0.0125
0 0.853125 0.53359375 0.075 0.01171875
0 0.3734375 0.5515625 0.0703125 0.01015625
0 0.85234375 0.55234375 0.0765625 0.0109375
0 0.48359375 0.55234375 0.121875 0.0109375
0 0.8625 0.5734375 0.0609375 0.01328125
0 0.4953125 0.57421875 0.09921875 0.0125
0 0.78203125 0.6046875 0.14453125 0.0078125
0 0.2625 0.6046875 0.03203125 0.0078125
0 0.59140625 0.6046875 0.02578125 0.0078125
0 0.42109375 0.6046875 0.03828125 0.0078125
0 0.378125 0.60546875 0.03203125 0.00703125
0 0.46640625 0.60546875 0.02890625 0.00703125
0 0.18515625 0.60546875 0.09453125 0.0109375
0 0.315625 0.60546875 0.0546875 0.0109375
0 0.52890625 0.60546875 0.0765625 0.01015625
0 0.65703125 0.60546875 0.08671875 0.01015625
0 0.1578125 0.61640625 0.09765625 0.00859375
0 0.25 0.61640625 0.0546875 0.00859375
0 0.33359375 0.61640625 0.08671875 0.0078125
0 0.41015625 0.6171875 0.0515625 0.0109375
0 0.865625 0.6171875 0.03515625 0.00703125
0 0.475 0.6171875 0.05625 0.009375
0 0.7109375 0.6171875 0.04296875 0.009375
0 0.790625 0.61796875 0.09140625 0.01015625
0 0.5265625 0.6171875 0.02734375 0.0078125
0 0.61484375 0.61796875 0.1296875 0.01171875
0 0.29609375 0.6296875 0.03515625 0.0078125
0 0.74296875 0.6296875 0.03984375 0.0078125
0 0.8140625 0.6296875 0.08359375 0.0109375
0 0.3578125 0.6296875 0.065625 0.009375
0 0.5640625 0.6296875 0.0515625 0.009375
0 0.70234375 0.6296875 0.02109375 0.009375
0 0.42734375 0.6296875 0.05625 0.009375
0 0.1796875 0.6296875 0.09921875 0.01015625
0 0.49765625 0.63046875 0.065625 0.01015625
0 0.60546875 0.63046875 0.0125 0.00703125
0 0.253125 0.63046875 0.02578125 0.01171875
0 0.6515625 0.63125 0.059375 0.009375
0 0.8625 0.65390625 0.10859375 0.00859375
0 0.2140625 0.6546875 0.03984375 0.00859375
0 0.29375 0.6546875 0.10078125 0.00859375
0 0.08359375 0.6546875 0.02578125 0.00703125
0 0.58046875 0.6546875 0.03828125 0.00859375
0 0.62890625 0.6546875 0.03671875 0.00859375
0 0.6828125 0.6546875 0.0515625 0.00859375
0 0.540625 0.6546875 0.02421875 0.0078125
0 0.14375 0.65546875 0.075 0.0109375
0 0.3734375 0.65546875 0.03828125 0.00703125
0 0.4609375 0.65546875 0.1171875 0.0109375
0 0.75625 0.65546875 0.0765625 0.0109375
0 0.81875 0.69609375 0.03515625 0.00703125
0 0.11171875 0.696875 0.02734375 0.0078125
0 0.87109375 0.69765625 0.05 0.009375
0 0.3453125 0.69765625 0.03984375 0.0078125
0 0.24609375 0.69765625 0.04609375 0.0078125
0 0.72265625 0.69765625 0.13125 0.01015625
0 0.50703125 0.69765625 0.2640625 0.009375
0 0.17109375 0.6984375 0.0734375 0.01015625
0 0.29921875 0.6984375 0.03359375 0.00703125
0 0.4296875 0.709375 0.0125 0.0078125
0 0.68046875 0.709375 0.02421875 0.009375
0 0.74296875 0.709375 0.08828125 0.01015625
0 0.3765625 0.709375 0.0734375 0.009375
0 0.5375 0.709375 0.05 0.009375
0 0.26796875 0.71015625 0.128125 0.01015625
0 0.57734375 0.71015625 0.0140625 0.00703125
0 0.478125 0.7109375 0.0625 0.0078125
0 0.6265625 0.71015625 0.0671875 0.01171875
0 0.7375 0.72109375 0.1828125 0.009375
0 0.32421875 0.72109375 0.0140625 0.009375
0 0.6125 0.72265625 0.04453125 0.00859375
0 0.37265625 0.72265625 0.065625 0.00859375
0 0.5578125 0.72265625 0.0484375 0.00859375
0 0.17109375 0.72265625 0.02578125 0.00703125
0 0.44609375 0.72265625 0.065625 0.0078125
0 0.25078125 0.72265625 0.10703125 0.01171875
0 0.50546875 0.7234375 0.03984375 0.0078125
0 0.2484375 0.734375 0.03203125 0.00859375
0 0.59140625 0.734375 0.0515625 0.00859375
0 0.38671875 0.734375 0.09140625 0.00859375
0 0.3015625 0.734375 0.0578125 0.00859375
0 0.45859375 0.734375 0.03515625 0.01015625
0 0.6890625 0.73515625 0.128125 0.009375
0 0.52109375 0.7359375 0.0671875 0.01015625
0 0.81015625 0.74609375 0.02109375 0.01015625
0 0.159375 0.74765625 0.09140625 0.00859375
0 0.66796875 0.74765625 0.08984375 0.00859375
0 0.54609375 0.74765625 0.134375 0.00859375
0 0.4515625 0.74765625 0.02890625 0.00859375
0 0.41015625 0.74765625 0.03515625 0.00859375
0 0.08828125 0.74765625 0.03203125 0.00859375
0 0.75625 0.7484375 0.0671875 0.0109375
0 0.228125 0.7484375 0.02734375 0.00703125
0 0.8703125 0.7484375 0.08046875 0.0109375
0 0.315625 0.7484375 0.13125 0.0109375
0 0.34140625 0.76015625 0.0765625 0.00859375
0 0.4125 0.76015625 0.03984375 0.00859375
0 0.50625 0.76015625 0.125 0.00859375
0 0.634375 0.7609375 0.10546875 0.0109375
0 0.39609375 0.84140625 0.02578125 0.01171875
0 0.80546875 0.8421875 0.1171875 0.0125
0 0.13359375 0.8421875 0.0625 0.01171875
0 0.2421875 0.84296875 0.125 0.01328125
0 0.603125 0.84296875 0.17109375 0.01328125
0 0.83671875 0.8625 0.0578125 0.0109375
0 0.1234375 0.8625 0.03515625 0.0109375
0 0.38203125 0.8625 0.059375 0.0109375
0 0.6515625 0.86484375 0.075 0.0203125
0 0.2765625 0.90078125 0.09140625 0.0109375
0 0.41875 0.9015625 0.04296875 0.0109375
0 0.69921875 0.9015625 0.1203125 0.0109375
0 0.61484375 0.9015625 0.02421875 0.01015625
0 0.5203125 0.90234375 0.1390625 0.0140625
0 0.36171875 0.903125 0.053125 0.0109375
0 0.4078125 0.915625 0.071875 0.01171875
0 0.5125 0.91640625 0.0640625 0.0109375
0 0.5890625 0.9171875 0.0625 0.01328125
0 0.4640625 0.91796875 0.0140625 0.00859375
0 0.56640625 0.94140625 0.03984375 0.0078125
0 0.31875 0.94140625 0.04140625 0.009375
0 0.4296875 0.94140625 0.0640625 0.009375
0 0.3671875 0.94140625 0.03828125 0.009375
0 0.6453125 0.9421875 0.09453125 0.01171875
0 0.5015625 0.9421875 0.0640625 0.00703125
0 0.259375 0.953125 0.03515625 0.009375
0 0.41875 0.953125 0.1109375 0.009375
0 0.3015625 0.9546875 0.02890625 0.00703125
0 0.34140625 0.9546875 0.02890625 0.00703125
0 0.61796875 0.95546875 0.26796875 0.0109375