0 0.196875 0.0484375 0.06171875 0.0328125
0 0.42578125 0.05078125 0.32109375 0.03515625
0 0.18046875 0.08359375 0.3609375 0.034375
0 0.42890625 0.084375 0.06171875 0.03359375
0 0.47421875 0.084375 0.00546875 0.03359375
0 0.52734375 0.084375 0.06171875 0.03359375
0 0.57265625 0.084375 0.00625 0.03359375
0 0.6234375 0.08515625 0.0578125 0.03359375
0 0.703125 0.08515625 0.0265625 0.03359375
0 0.734375 0.08515625 0.00625 0.03359375
0 0.76953125 0.0859375 0.0265625 0.03359375
0 0.88515625 0.0859375 0.12421875 0.034375
0 0.0640625 0.12265625 0.125 0.034375
0 0.2296875 0.1234375 0.12421875 0.03359375
0 0.46171875 0.125 0.25390625 0.03515625
0 0.60625 0.125 0.01953125 0.03359375
0 0.7546875 0.12578125 0.25 0.03515625
0 0.28203125 0.159375 0.425 0.0359375
0 0.6140625 0.16171875 0.16328125 0.03359375
0 0.796875 0.1609375 0.1453125 0.03515625
0 0.05078125 0.19375 0.09765625 0.03359375
0 0.24375 0.19453125 0.209375 0.034375
0 0.575 0.1953125 0.415625 0.034375
0 0.86796875 0.19609375 0.090625 0.03359375
0 0.9265625 0.19609375 0.00625 0.03359375
0 0.0671875 0.23203125 0.134375 0.03203125
0 0.25234375 0.2328125 0.1578125 0.0328125
0 0.3484375 0.2328125 0.0203125 0.03203125
0 0.478125 0.2328125 0.21640625 0.0328125
0 0.659375 0.23359375 0.05859375 0.03203125
0 0.703125 0.23359375 0.00625 0.03203125
0 0.82890625 0.23359375 0.20859375 0.0328125
0 0.24765625 0.26640625 0.4953125 0.0296875
0 0.5609375 0.26640625 0.0578125 0.0296875
0 0.60390625 0.26640625 0.00625 0.0296875
0 0.7859375 0.26640625 0.3109375 0.0296875
0 0.06484375 0.321875 0.1296875 0.03125
0 0.146875 0.32109375 0.015625 0.02890625
0 0.3296875 0.321875 0.31171875 0.0296875
0 0.6265625 0.321875 0.125 0.02890625
0 0.703125 0.32265625 0.00625 0.02890625
0 0.83359375 0.32265625 0.15703125 0.0296875
0 0.0359375 0.35703125 0.06875 0.028125
0 0.1390625 0.3578125 0.0578125 0.02734375
0 0.1875 0.3578125 0.00625 0.02734375
0 0.2546875 0.35859375 0.09296875 0.028125
0 0.25859375 0.42734375 0.0953125 0.03046875
0 0.4328125 0.4265625 0.1203125 0.03046875
0 0.6125 0.42578125 0.1578125 0.0296875
0 0.0890625 0.49609375 0.16796875 0.03203125
0 0.2421875 0.49609375 0.05859375 0.03203125
0 0.325 0.49609375 0.02734375 0.03203125
0 0.453125 0.49609375 0.15234375 0.03203125
0 0.1234375 0.53046875 0.23203125 0.0359375
0 0.33984375 0.53046875 0.1234375 0.0359375
0 0.46796875 0.53046875 0.0578125 0.0359375
0 0.5484375 0.53046875 0.02578125 0.0359375
0 0.5953125 0.53046875 0.05703125 0.0359375
0 0.73671875 0.53046875 0.021875 0.0359375
0 0.84765625 0.53046875 0.18515625 0.0359375
0 0.09296875 0.5921875 0.16953125 0.025
0 0.184375 0.628125 0.35546875 0.03046875
0 0.76875 0.596875 0.01875 0.03046875
0 0.8171875 0.596875 0.0578125 0.03125
0 0.86015625 0.596875 0.00546875 0.03046875
0 0.91171875 0.59765625 0.0578125 0.03046875
0 0.73828125 0.63125 0.01953125 0.02890625
0 0.84765625 0.63203125 0.1828125 0.03046875
0 0.09140625 0.696875 0.1578125 0.0265625
0 0.734375 0.7 0.02109375 0.03125
0 0.84609375 0.7 0.1890625 0.03125
0 0.06484375 0.76953125 0.1296875 0.034375
0 0.19921875 0.7703125 0.059375 0.03359375
0 0.24375 0.76953125 0.00625 0.03359375
0 0.33984375 0.7703125 0.0796875 0.03359375
0 0.11640625 0.8046875 0.22265625 0.0328125
0 0.12890625 0.8734375 0.0578125 0.02890625
0 0.171875 0.8734375 0.0046875 0.02890625
0 0.2921875 0.87421875 0.1234375 0.0296875
0 0.63515625 0.875 0.02734375 0.03359375
0 0.715625 0.875 0.06015625 0.03359375
0 0.7609375 0.875 0.00625 0.03359375
0 0.87890625 0.875 0.1234375 0.03359375
0 0.41640625 0.94609375 0.0578125 0.02890625
0 0.61640625 0.94609375 0.25703125 0.02890625
0 0.67890625 0.05234375 0.10390625 0.028125
0 0.03203125 0.87265625 0.0640625 0.03125