0 0.53984375 0.20390625 0.13515625 0.01953125
0 0.66328125 0.20390625 0.06796875 0.01953125
0 0.7546875 0.20390625 0.065625 0.01953125
0 0.10703125 0.2046875 0.19140625 0.02109375
0 0.290625 0.2046875 0.14453125 0.02109375
0 0.41484375 0.2046875 0.06953125 0.0171875
0 0.21875 0.22734375 0.09609375 0.021875
0 0.08359375 0.22890625 0.13359375 0.01875
0 0.3609375 0.22890625 0.13515625 0.01875
0 0.63125 0.25234375 0.0453125 0.01875
0 0.5171875 0.25390625 0.13515625 0.01796875
0 0.209375 0.25390625 0.11484375 0.01875
0 0.3578125 0.25390625 0.13359375 0.0171875
0 0.03984375 0.25390625 0.0453125 0.01875
0 0.1078125 0.25546875 0.046875 0.01796875
0 0.08359375 0.278125 0.13359375 0.01875
0 0.22265625 0.27890625 0.0921875 0.01875
0 0.3609375 0.28125 0.13515625 0.0234375
0 0.19609375 0.303125 0.34765625 0.0203125
0 0.4015625 0.325 0.2203125 0.025
0 0.096875 0.32734375 0.16015625 0.01953125
0 0.234375 0.328125 0.06953125 0.0171875
0 0.34609375 0.35234375 0.296875 0.01953125
0 0.04765625 0.35390625 0.06171875 0.01875
0 0.14296875 0.35390625 0.06796875 0.01875
0 0.7203125 0.40234375 0.0453125 0.01875
0 0.91328125 0.42578125 0.0296875 0.01875
0 0.80859375 0.4265625 0.08984375 0.01953125
0 0.38046875 0.428125 0.08828125 0.01875
0 0.50546875 0.428125 0.1125 0.01875
0 0.27890625 0.428125 0.065625 0.01875
0 0.1203125 0.428125 0.203125 0.01953125
0 0.8109375 0.453125 0.08828125 0.01875
0 0.2 0.453125 0.19375 0.0234375
0 0.32265625 0.50390625 0.1109375 0.01796875
0 0.8109375 0.50390625 0.0921875 0.01796875
0 0.078125 0.50390625 0.103125 0.01875
0 0.1953125 0.50390625 0.0828125 0.0171875
0 0.81328125 0.52734375 0.08828125 0.0203125
0 0.06171875 0.52734375 0.1015625 0.021875
0 0.34609375 0.553125 0.2484375 0.0203125
0 0.809375 0.553125 0.0921875 0.01875
0 0.10703125 0.553125 0.18046875 0.01953125
0 0.08515625 0.57734375 0.1375 0.01953125
0 0.209375 0.578125 0.065625 0.01875
0 0.81171875 0.578125 0.08984375 0.0171875
0 0.51484375 0.603125 0.09375 0.02265625
0 0.04921875 0.60390625 0.0640625 0.01875
0 0.68203125 0.60390625 0.06015625 0.0171875
0 0.775 0.60390625 0.065625 0.0171875
0 0.4078125 0.60390625 0.0640625 0.01875
0 0.19609375 0.60390625 0.0921875 0.02109375
0 0.69765625 0.62734375 0.08984375 0.01875
0 0.02890625 0.62734375 0.02421875 0.0171875
0 0.1984375 0.62734375 0.04296875 0.01875
0 0.49609375 0.62734375 0.08984375 0.01875
0 0.278125 0.678125 0.1203125 0.0234375
0 0.39375 0.678125 0.065625 0.01953125
0 0.48125 0.678125 0.0640625 0.01953125
0 0.6296875 0.678125 0.18046875 0.01953125
0 0.35625 0.70390625 0.046875 0.01953125
0 0.4921875 0.70390625 0.18046875 0.01953125
0 0.25546875 0.72890625 0.06796875 0.01875
0 0.38984375 0.72890625 0.16015625 0.01875
0 0.52734375 0.72890625 0.06953125 0.01875
0 0.675 0.72890625 0.0453125 0.01875
0 0.60703125 0.73046875 0.0453125 0.015625
0 0.6375 0.75390625 0.334375 0.01875
0 0.1859375 0.75546875 0.1125 0.01796875
0 0.3109375 0.75546875 0.0921875 0.01796875
0 0.41328125 0.75546875 0.06796875 0.015625
0 0.2546875 0.77890625 0.2046875 0.01953125
0 0.65234375 0.77890625 0.08984375 0.01953125
0 0.48203125 0.7796875 0.20078125 0.01875
0 0.7546875 0.78046875 0.065625 0.0171875
0 0.50078125 0.80390625 0.2421875 0.0203125
0 0.32109375 0.8046875 0.07109375 0.01953125
0 0.41328125 0.8296875 0.06796875 0.01875
0 0.0953125 0.8296875 0.06953125 0.01875
0 0.2546875 0.8296875 0.2046875 0.01875
0 0.55078125 0.8296875 0.1578125 0.01875
0 0.7546875 0.8296875 0.2046875 0.01875
0 0.8328125 0.85390625 0.08984375 0.01953125
0 0.74140625 0.85546875 0.046875 0.0171875
0 0.6515625 0.85546875 0.08828125 0.0171875
0 0.32109375 0.85546875 0.11640625 0.01875
0 0.1515625 0.85546875 0.18203125 0.01875
0 0.4921875 0.85546875 0.18046875 0.01875
0 0.8671875 0.88046875 0.065625 0.01796875
0 0.7203125 0.88046875 0.18046875 0.01875
0 0.515625 0.88046875 0.17890625 0.01875
0 0.35703125 0.88046875 0.08984375 0.01875
0 0.084375 0.88046875 0.13515625 0.01875
0 0.2328125 0.88046875 0.1125 0.01875
0 0.20703125 0.90546875 0.1578125 0.01953125
0 0.46875 0.90546875 0.17890625 0.01953125
0 0.69296875 0.90546875 0.2203125 0.01953125
0 0.334375 0.90703125 0.04140625 0.0171875
0 0.3109375 0.93046875 0.08828125 0.01875
0 0.16328125 0.93046875 0.1578125 0.01875
0 0.70078125 0.93046875 0.26328125 0.01875
0 0.46171875 0.93125 0.15625 0.01953125
0 0.32265625 0.95625 0.1109375 0.01953125
0 0.58203125 0.95625 0.17890625 0.01953125