0 0.39765625 0.05078125 0.32265625 0.01796875
0 0.7125 0.053125 0.2109375 0.0171875
0 0.23203125 0.06796875 0.12578125 0.01796875
0 0.39296875 0.06953125 0.11953125 0.01875
0 0.540625 0.07109375 0.0671875 0.01796875
0 0.59453125 0.071875 0.01640625 0.0171875
0 0.640625 0.071875 0.04765625 0.0171875
0 0.80078125 0.0734375 0.19921875 0.01953125
0 0.21484375 0.08515625 0.14765625 0.0203125
0 0.43828125 0.08828125 0.2125 0.0203125
0 0.703125 0.090625 0.22421875 0.02109375
0 0.88671875 0.09296875 0.0421875 0.01875
0 0.9265625 0.09296875 0.00703125 0.01796875
0 0.1296875 0.10234375 0.04296875 0.0171875
0 0.18203125 0.10234375 0.00703125 0.0171875
0 0.2109375 0.10234375 0.03359375 0.01484375
0 0.3453125 0.10390625 0.08125 0.01484375
0 0.45703125 0.10546875 0.0765625 0.01796875
0 0.5140625 0.11015625 0.0140625 0.009375
0 0.596875 0.10703125 0.12578125 0.01796875
0 0.721875 0.10859375 0.04765625 0.0171875
0 0.765625 0.10859375 0.015625 0.0171875
0 0.8046875 0.109375 0.0359375 0.0171875
0 0.8515625 0.109375 0.015625 0.0171875
0 0.8796875 0.11015625 0.015625 0.0171875
0 0.95078125 0.1109375 0.0453125 0.0171875
0 0.18125 0.1203125 0.0671875 0.01796875
0 0.23359375 0.12109375 0.01796875 0.0171875
0 0.40703125 0.12265625 0.3109375 0.0203125
0 0.7359375 0.12578125 0.00859375 0.01640625
0 0.84140625 0.12734375 0.184375 0.01875
0 0.5234375 0.1421875 0.26953125 0.01796875
0 0.32578125 0.1578125 0.21015625 0.01953125
0 0.57734375 0.16015625 0.21484375 0.01953125
0 0.7703125 0.1625 0.09453125 0.01796875
0 0.13828125 0.18046875 0.1140625 0.015625
0 0.575 0.1859375 0.2625 0.01796875
0 0.1328125 0.1984375 0.0984375 0.0140625
0 0.39609375 0.203125 0.0015625 0.0125
0 0.553125 0.20390625 0.2109375 0.0140625
0 0.39453125 0.22109375 0.0046875 0.01171875
0 0.4921875 0.22109375 0.1046875 0.01171875
0 0.2140625 0.2171875 0.05390625 0.01484375
0 0.2046875 0.246875 0.0109375 0.0171875
0 0.29765625 0.24921875 0.1015625 0.01953125
0 0.134375 0.265625 0.10546875 0.0171875
0 0.284375 0.2671875 0.13203125 0.01796875
0 0.20546875 0.2875 0.02265625 0.01484375
0 0.28515625 0.28828125 0.078125 0.0203125
0 0.23828125 0.3046875 0.315625 0.01953125
0 0.61796875 0.271875 0.015625 0.01796875
0 0.653125 0.27265625 0.03515625 0.01796875
0 0.86328125 0.27578125 0.12734375 0.01953125
0 0.61484375 0.30703125 0.00859375 0.0109375
0 0.65078125 0.30703125 0.040625 0.0109375
0 0.87578125 0.3109375 0.11171875 0.01640625
0 0.184375 0.34140625 0.2125 0.0171875
0 0.18203125 0.3609375 0.21484375 0.01640625
0 0.76171875 0.34765625 0.025 0.01640625
0 0.8578125 0.3484375 0.140625 0.0171875
0 0.725 0.3671875 0.02734375 0.01640625
0 0.84140625 0.36796875 0.1796875 0.01875
0 0.1375 0.39765625 0.13046875 0.01796875
0 0.78671875 0.40625 0.01640625 0.01484375
0 0.87265625 0.40703125 0.134375 0.01640625
0 0.1796875 0.41640625 0.15859375 0.01640625
0 0.490625 0.43828125 0.10546875 0.015625
0 0.28984375 0.4640625 0.02265625 0.015625
0 0.35859375 0.4640625 0.0625 0.015625
0 0.409375 0.4640625 0.0015625 0.01796875
0 0.471875 0.46484375 0.09453125 0.0140625
0 0.58203125 0.465625 0.0828125 0.0140625
0 0.6453125 0.46640625 0 0.01796875
0 0.134375 0.48046875 0.13203125 0.01953125
0 0.41640625 0.4828125 0.365625 0.021875
0 0.3109375 0.50078125 0.48671875 0.02265625
0 0.33203125 0.52109375 0.1078125 0.01796875
0 0.4328125 0.521875 0 0.01640625
0 0.54765625 0.52265625 0.153125 0.01796875
0 0.3109375 0.5390625 0.10546875 0.01796875
0 0.4296875 0.53984375 0.05625 0.01796875
0 0.33828125 0.559375 0.0625 0.0140625
0 0.41875 0.55859375 0.03828125 0.01875
0 0.45546875 0.559375 0.009375 0.01875
0 0.5015625 0.559375 0.05859375 0.01953125
0 0.18203125 0.575 0.21796875 0.02109375
0 0.43203125 0.57734375 0.2015625 0.02109375
0 0.11796875 0.59375 0.078125 0.0203125
0 0.21171875 0.59453125 0.0375 0.0203125
0 0.33828125 0.59609375 0.153125 0.021875
0 0.62578125 0.59921875 0.35703125 0.02421875
0 0.10546875 0.61171875 0.05546875 0.01953125
0 0.19453125 0.6125 0.12578125 0.0203125
0 0.3234375 0.6140625 0.0578125 0.01953125
0 0.375 0.6140625 0.01953125 0.01953125
0 0.48671875 0.615625 0.15625 0.02109375
0 0.11484375 0.65625 0.07109375 0.01875
0 0.21015625 0.65703125 0.046875 0.01796875
0 0.2515625 0.6578125 0 0.0171875
0 0.31953125 0.65859375 0.1015625 0.01953125
0 0.72421875 0.66171875 0.01640625 0.0125
0 0.79296875 0.6625 0.046875 0.0125
0 0.8328125 0.66328125 0.00390625 0.0125
0 0.9046875 0.6640625 0.09921875 0.0140625
0 0.1328125 0.7015625 0.11015625 0.01484375
0 0.2359375 0.70234375 0.03203125 0.0140625
0 0.375 0.70390625 0.21484375 0.01640625
0 0.6796875 0.70703125 0.14609375 0.015625
0 0.771875 0.7078125 0.01328125 0.0140625
0 0.865625 0.70859375 0.15625 0.015625
0 0.0875 0.7140625 0.03125 0.0125
0 0.15078125 0.71484375 0.0359375 0.0125
0 0.21328125 0.715625 0.02890625 0.0125
0 0.3125 0.71640625 0.0921875 0.0125
0 0.4546875 0.71796875 0.13671875 0.0140625
0 0.6015625 0.71953125 0.0984375 0.0125
0 0.9203125 0.7234375 0.05859375 0.0109375
0 0.6765625 0.734375 0.07578125 0.015625
0 0.2984375 0.74375 0.2828125 0.015625
0 0.571875 0.74765625 0.20625 0.01484375
0 0.3484375 0.765625 0.15703125 0.01640625
0 0.4578125 0.76796875 0.0140625 0.01484375
0 0.571875 0.76953125 0.17265625 0.01796875
0 0.740625 0.77109375 0.05859375 0.015625
0 0.27265625 0.778125 0.18125 0.0125
0 0.41640625 0.78125 0.05390625 0.0125
0 0.5109375 0.7828125 0.0765625 0.0125
0 0.63359375 0.784375 0.11640625 0.0140625
0 0.78125 0.7859375 0.11875 0.0140625
0 0.23984375 0.7921875 0.03359375 0.01484375
0 0.48984375 0.79609375 0.1546875 0.01640625
0 0.71015625 0.7984375 0.21953125 0.01640625
0 0.32421875 0.80625 0.03515625 0.0140625
0 0.4359375 0.8078125 0.1328125 0.015625
0 0.63515625 0.81015625 0.19765625 0.01640625
0 0.11796875 0.82578125 0.07578125 0.01484375
0 0.221875 0.82734375 0.0765625 0.01484375
0 0.2734375 0.82734375 0 0.0140625
0 0.346875 0.828125 0.1171875 0.015625
0 0.503125 0.83046875 0.09921875 0.01484375
0 0.565625 0.83203125 0.0015625 0.0140625
0 0.615625 0.83203125 0.07578125 0.01484375
0 0.740625 0.83359375 0.07421875 0.01484375
0 0.82578125 0.83515625 0.03359375 0.01484375
0 0.85703125 0.83515625 0 0.0140625
0 0.91171875 0.83515625 0.07578125 0.01484375
0 0.27578125 0.84140625 0.09375 0.015625
0 0.3921875 0.84296875 0.06953125 0.01484375
0 0.496875 0.84453125 0.0828125 0.01484375
0 0.61484375 0.8453125 0.11640625 0.015625
0 0.7625 0.84765625 0.1171875 0.01484375
0 0.521875 0.87421875 0.2890625 0.0328125
0 0.33046875 0.89765625 0.0296875 0.0125
0 0.578125 0.9015625 0.32578125 0.015625
0 0.11796875 0.91875 0.07109375 0.015625
0 0.26328125 0.92109375 0.1546875 0.01640625
0 0.6125 0.925 0.1796875 0.01796875
0 0.125 0.94375 0.06796875 0.01796875
0 0.21953125 0.9453125 0.0453125 0.01796875
0 0.26015625 0.9453125 0 0.0171875
0 0.32890625 0.946875 0.0984375 0.01875
0 0.734375 0.95234375 0.0203125 0.0140625
0 0.8046875 0.953125 0.05 0.0140625
0 0.84375 0.953125 0.00390625 0.0140625
0 0.91796875 0.953125 0.1015625 0.01484375
0 0.45078125 0.9734375 0.03828125 0.01875
0 0.61796875 0.97578125 0.21015625 0.0203125
0 0.11953125 0.2171875 0.09140625 0.015625
0 0.3984375 0.1859375 0.009375 0.009375
0 0.6484375 0.125 0.128125 0.015625
0 0.11953125 0.28515625 0.09140625 0.015625
0 0.11953125 0.2453125 0.09375 0.0140625
0 0.08671875 0.46015625 0.05390625 0.015625
0 0.19453125 0.46171875 0.11640625 0.015625
0 0.165625 0.51875 0.1890625 0.01484375
0 0.1375 0.53828125 0.1484375 0.01328125
0 0.11796875 0.55546875 0.0921875 0.01640625
0 0.2359375 0.55625 0.096875 0.0140625
0 0.1015625 0.74140625 0.071875 0.0125
0 0.33828125 0.79296875 0.10546875 0.0109375
0 0.43203125 0.9234375 0.12109375 0.01484375
0 0.36328125 0.9734375 0.0625 0.01484375