0 0.2640625 0.04296875 0.10234375 0.01953125
0 0.5578125 0.04296875 0.396875 0.01953125
0 0.42265625 0.06484375 0.13203125 0.01796875
0 0.5609375 0.06484375 0.075 0.0171875
0 0.2125 0.08359375 0.10234375 0.0171875
0 0.35078125 0.08359375 0.10234375 0.01796875
0 0.5453125 0.08359375 0.215625 0.01796875
0 0.728125 0.08359375 0.0734375 0.01796875
0 0.184375 0.10234375 0.05 0.01875
0 0.22421875 0.10234375 0.00703125 0.01875
0 0.2953125 0.10234375 0.096875 0.01875
0 0.46015625 0.10234375 0.1609375 0.01875
0 0.55625 0.10234375 0.01484375 0.01875
0 0.665625 0.10234375 0.18671875 0.01875
0 0.25078125 0.12109375 0.075 0.0171875
0 0.30625 0.12109375 0.0046875 0.0171875
0 0.4046875 0.12109375 0.10625 0.0171875
0 0.53125 0.12109375 0.0765625 0.0171875
0 0.63046875 0.12109375 0.0515625 0.0171875
0 0.715625 0.12109375 0.0484375 0.0171875
0 0.234375 0.1390625 0.1625 0.01875
0 0.3734375 0.13984375 0.05 0.01796875
0 0.4171875 0.14375 0.0078125 0.009375
0 0.61484375 0.140625 0.3015625 0.01953125
0 0.08515625 0.17265625 0.13203125 0.01953125
0 0.33203125 0.1703125 0.00625 0.02109375
0 0.515625 0.1703125 0.2671875 0.0203125
0 0.0734375 0.19453125 0.1015625 0.01875
0 0.49140625 0.19296875 0.215625 0.01796875
0 0.0625 0.2171875 0.0765625 0.0203125
0 0.1578125 0.21640625 0.05078125 0.0203125
0 0.3390625 0.215625 0.0078125 0.01875
0 0.4375 0.2140625 0.109375 0.0171875
0 0.11640625 0.25 0.17890625 0.01796875
0 0.75390625 0.2484375 0.015625 0.01875
0 0.825 0.2484375 0.109375 0.01875
0 0.1375 0.296875 0.21171875 0.02109375
0 0.14140625 0.32109375 0.2140625 0.02109375
0 0.71171875 0.2953125 0.03125 0.0203125
0 0.80546875 0.2953125 0.14453125 0.01953125
0 0.6734375 0.31953125 0.0296875 0.01875
0 0.78984375 0.31953125 0.178125 0.01796875
0 0.8234375 0.365625 0.1328125 0.01875
0 0.103125 0.36484375 0.13203125 0.0203125
0 0.2015625 0.38515625 0.26640625 0.02109375
0 0.1421875 0.43671875 0.1796875 0.02109375
0 0.28984375 0.43671875 0.05078125 0.02109375
0 0.33203125 0.43671875 0.00390625 0.02109375
0 0.42890625 0.43671875 0.103125 0.02109375
0 0.69140625 0.4859375 0.021875 0.01875
0 0.759375 0.48671875 0.04765625 0.01875
0 0.80078125 0.48671875 0.00390625 0.01875
0 0.871875 0.4875 0.10078125 0.01875
0 0.2296875 0.54453125 0.01171875 0.01484375
0 0.3703125 0.54296875 0.271875 0.0125
0 0.67890625 0.54140625 0.0515625 0.015625
0 0.77109375 0.54140625 0.0046875 0.015625
0 0.10234375 0.5609375 0.084375 0.01015625
0 0.184375 0.56015625 0.0359375 0.0109375
0 0.21171875 0.559375 0.01171875 0.01171875
0 0.25703125 0.559375 0.065625 0.0109375
0 0.3078125 0.55859375 0.01171875 0.01171875
0 0.884375 0.55859375 0.0890625 0.0140625
0 0.3140625 0.57421875 0.103125 0.01484375
0 0.3921875 0.5734375 0.0140625 0.01484375
0 0.44453125 0.5734375 0.05 0.01484375
0 0.48515625 0.5734375 0.0109375 0.01484375
0 0.575 0.57265625 0.0109375 0.01484375
0 0.6546875 0.57265625 0.10859375 0.01484375
0 0.746875 0.60546875 0.1328125 0.0140625
0 0.42265625 0.621875 0.1046875 0.0140625
0 0.5578125 0.621875 0.1234375 0.0140625
0 0.47734375 0.63984375 0.16796875 0.01328125
0 0.40703125 0.6546875 0.1671875 0.015625
0 0.56953125 0.6546875 0.0578125 0.015625
0 0.0890625 0.67109375 0.05625 0.0140625
0 0.29765625 0.66953125 0.253125 0.0125
0 0.89609375 0.67109375 0.06953125 0.0140625
0 0.3734375 0.68671875 0.06953125 0.01640625
0 0.4625 0.68671875 0.06953125 0.01640625
0 0.525 0.68671875 0.003125 0.01640625
0 0.6046875 0.68671875 0.1015625 0.01640625
0 0.2 0.703125 0.08671875 0.01640625
0 0.34453125 0.703125 0.159375 0.01640625
0 0.55390625 0.703125 0.0671875 0.01640625
0 0.66875 0.703125 0.1203125 0.01640625
0 0.7953125 0.703125 0.08671875 0.01640625
0 0.31796875 0.71796875 0.034375 0.01484375
0 0.4171875 0.71796875 0.12109375 0.01484375
0 0.5875 0.71796875 0.175 0.01484375
0 0.38046875 0.7484375 0.05 0.015625
0 0.52109375 0.7484375 0.19453125 0.015625
0 0.37890625 0.765625 0.11875 0.01640625
0 0.5015625 0.765625 0.08203125 0.01640625
0 0.58515625 0.76640625 0.03203125 0.01640625
0 0.6125 0.76640625 0.0046875 0.01640625
0 0.66015625 0.76640625 0.0296875 0.01640625
0 0.3578125 0.78125 0.00859375 0.0171875
0 0.4234375 0.78125 0.06875 0.0171875
0 0.49375 0.78203125 0.03046875 0.01796875
0 0.52109375 0.78203125 0.00859375 0.0171875
0 0.56640625 0.7828125 0.0328125 0.01796875
0 0.59375 0.7828125 0.00390625 0.01796875
0 0.640625 0.7828125 0.0296875 0.0171875
0 0.684375 0.7828125 0.00703125 0.0171875
0 0.72265625 0.78359375 0.009375 0.01796875
0 0.80234375 0.784375 0.1046875 0.01875
0 0.4125 0.79921875 0.0859375 0.01640625
0 0.47265625 0.79921875 0.01171875 0.01640625
0 0.5375 0.79921875 0.125 0.01640625
0 0.34375 0.85703125 0.31640625 0.05
0 0.715625 0.86015625 0.3859375 0.05
0 0.59921875 0.89921875 0.17890625 0.02109375
0 0.878125 0.9484375 0.0984375 0.0171875
0 0.425 0.97734375 0.03828125 0.01484375
0 0.5796875 0.978125 0.20703125 0.021875
0 0.3390625 0.1953125 0.0140625 0.0125
0 0.60234375 0.2484375 0.0484375 0.01484375
0 0.565625 0.2484375 0.0265625 0.01484375
0 0.7359375 0.3625 0.025 0.01015625
0 0.45625 0.40625 0.10625 0.0140625
0 0.296875 0.48828125 0.115625 0.015625
0 0.184375 0.4890625 0.0625 0.01484375
0 0.0875 0.48828125 0.08125 0.01640625
0 0.7453125 0.5421875 0.0390625 0.0125
0 0.85625 0.5421875 0.14921875 0.0140625
0 0.47734375 0.59140625 0.17578125 0.01484375
0 0.52265625 0.57265625 0.05390625 0.0125
0 0.36875 0.55859375 0.11015625 0.01171875
0 0.1078125 0.5453125 0.1140625 0.0140625
0 0.2015625 0.54453125 0.0359375 0.01015625
0 0.4703125 0.70234375 0.0546875 0.0140625
0 0.325 0.78125 0.0578125 0.01328125
0 0.2046875 0.78125 0.14453125 0.01484375
0 0.4359375 0.896875 0.1125 0.015625
0 0.32109375 0.89609375 0.078125 0.01484375
0 0.3 0.94375 0.11015625 0.0125
0 0.18828125 0.94296875 0.059375 0.0140625
0 0.0921875 0.9421875 0.08671875 0.015625
0 0.76953125 0.9484375 0.0609375 0.01171875
0 0.6984375 0.94765625 0.0234375 0.01484375