0 0.71796875 0.08203125 0.10390625 0.0234375
0 0.59921875 0.084375 0.10234375 0.021875
0 0.4171875 0.08828125 0.23046875 0.02421875
0 0.2265625 0.09140625 0.12265625 0.021875
0 0.09609375 0.09296875 0.1078125 0.021875
0 0.47421875 0.121875 0.0984375 0.0171875
0 0.36015625 0.125 0.1078125 0.01953125
0 0.2421875 0.1265625 0.09765625 0.0171875
0 0.07265625 0.12890625 0.05625 0.01640625
0 0.14921875 0.12890625 0.065625 0.01953125
0 0.3203125 0.1484375 0.16875 0.01875
0 0.13671875 0.15390625 0.17578125 0.02265625
0 0.62265625 0.1734375 0.2046875 0.01953125
0 0.459375 0.1765625 0.0765625 0.0171875
0 0.2671875 0.18046875 0.20625 0.01953125
0 0.09296875 0.18671875 0.0859375 0.0234375
0 0.4828125 0.20234375 0.1484375 0.01875
0 0.3421875 0.20390625 0.0578125 0.0140625
0 0.2703125 0.20625 0.05625 0.01953125
0 0.1578125 0.20859375 0.1421875 0.01953125
0 0.5234375 0.22890625 0.23046875 0.02109375
0 0.25234375 0.23515625 0.040625 0.0140625
0 0.11875 0.23671875 0.06171875 0.015625
0 0.1921875 0.2375 0.05625 0.0203125
0 0.4828125 0.26640625 0.19453125 0.0265625
0 0.3171875 0.2703125 0.09453125 0.02421875
0 0.2890625 0.309375 0.10234375 0.02109375
0 0.1453125 0.3125 0.10625 0.01953125
0 0.2171875 0.3125 0.00625 0.0140625
0 0.4015625 0.35234375 0.1421875 0.01875
0 0.28515625 0.3546875 0.065625 0.01640625
0 0.1953125 0.35625 0.08828125 0.01640625
0 0.12734375 0.35703125 0.0140625 0.015625
0 0.090625 0.3578125 0.0234375 0.01484375
0 0.88046875 0.36875 0.01640625 0.0140625
0 0.76171875 0.371875 0.084375 0.015625
0 0.1734375 0.384375 0.10625 0.01640625
0 0.33046875 0.409375 0.1046875 0.01796875
0 0.19296875 0.41171875 0.146875 0.01796875
0 0.08984375 0.4140625 0.0359375 0.01640625
0 0.8671875 0.425 0.02578125 0.01328125
0 0.7734375 0.42734375 0.06640625 0.01484375
0 0.1796875 0.440625 0.10078125 0.01640625
0 0.4765625 0.46171875 0.11640625 0.01875
0 0.3421875 0.4640625 0.12578125 0.01875
0 0.22734375 0.46796875 0.07265625 0.01640625
0 0.15390625 0.46953125 0.04609375 0.015625
0 0.0984375 0.4703125 0.02578125 0.01484375
0 0.87734375 0.47890625 0.03828125 0.015625
0 0.77734375 0.48125 0.06640625 0.01640625
0 0.1828125 0.49609375 0.10625 0.0171875
0 0.3234375 0.52109375 0.0578125 0.01640625
0 0.22890625 0.5234375 0.10390625 0.0171875
0 0.1453125 0.52421875 0.03203125 0.01640625
0 0.10078125 0.52578125 0.028125 0.01484375
0 0.88203125 0.534375 0.04609375 0.0140625
0 0.78203125 0.53828125 0.06640625 0.01640625
0 0.1859375 0.55234375 0.11875 0.01953125
0 0.77421875 0.56953125 0.09375 0.01640625
0 0.49140625 0.57578125 0.08203125 0.0203125
0 0.40859375 0.5765625 0.0640625 0.0203125
0 0.2984375 0.58046875 0.14375 0.0171875
0 0.18046875 0.5828125 0.084375 0.01640625
0 0.09296875 0.58515625 0.08046875 0.01796875
0 0.51796875 0.60234375 0.05234375 0.01953125
0 0.434375 0.6046875 0.0984375 0.015625
0 0.7796875 0.63203125 0.09765625 0.01640625
0 0.50546875 0.6375 0.08359375 0.015625
0 0.42109375 0.63984375 0.0765625 0.01875
0 0.78359375 0.67890625 0.09453125 0.01796875
0 0.43359375 0.68671875 0.09375 0.01953125
0 0.7953125 0.70546875 0.07421875 0.0203125
0 0.45859375 0.7140625 0.1328125 0.01953125
0 0.828125 0.73828125 0.13828125 0.0203125
0 0.5125 0.74765625 0.20859375 0.021875
0 0.21484375 0.75546875 0.14609375 0.021875
0 0.0984375 0.75703125 0.071875 0.01796875
0 0.8640625 0.7640625 0.06640625 0.01640625
0 0.5734375 0.77265625 0.084375 0.01640625
0 0.19921875 0.78203125 0.0625 0.0171875
0 0.09453125 0.78515625 0.040625 0.01640625
0 0.1421875 0.78515625 0.028125 0.01796875
0 0.68046875 0.828125 0.178125 0.02109375
0 0.5140625 0.83359375 0.090625 0.015625
0 0.3171875 0.83828125 0.16640625 0.01953125
0 0.17109375 0.84140625 0.04453125 0.0171875
0 0.1078125 0.84296875 0.05625 0.0171875
0 0.14140625 0.8703125 0.10625 0.01875
0 0.5515625 0.94296875 0.09765625 0.02578125
0 0.41484375 0.94765625 0.15625 0.02421875
0 0.6421875 0.9734375 0.146875 0.0296875
0 0.484375 0.97890625 0.1328125 0.02578125
0 0.32421875 0.98125 0.15078125 0.0359375