0 0.39765625 0.06796875 0.17265625 0.01953125
0 0.5859375 0.06640625 0.12734375 0.01953125
0 0.1890625 0.0890625 0.0671875 0.021875
0 0.3953125 0.0875 0.06640625 0.021875
0 0.8046875 0.0828125 0.08046875 0.02109375
0 0.31953125 0.10859375 0.18359375 0.01796875
0 0.49921875 0.10625 0.1140625 0.01875
0 0.68984375 0.1046875 0.178125 0.01796875
0 0.84609375 0.10234375 0.0546875 0.01953125
0 0.2953125 0.12890625 0.125 0.01796875
0 0.51484375 0.12421875 0.09453125 0.0203125
0 0.62421875 0.12421875 0.04765625 0.0203125
0 0.6671875 0.1234375 0.01015625 0.0203125
0 0.7015625 0.12265625 0.01640625 0.0203125
0 0.5828125 0.14453125 0.17578125 0.01796875
0 0.29140625 0.1671875 0.1875 0.02109375
0 0.43828125 0.165625 0.0515625 0.021875
0 0.628125 0.1640625 0.2703125 0.01953125
0 0.31484375 0.18828125 0.06640625 0.01953125
0 0.4765625 0.18671875 0.071875 0.02109375
0 0.5765625 0.1859375 0.04609375 0.0203125
0 0.65859375 0.184375 0.04609375 0.0203125
0 0.48203125 0.20625 0.2875 0.01875
0 0.190625 0.2390625 0.26171875 0.01796875
0 0.69921875 0.234375 0.0796875 0.0203125
0 0.79453125 0.2328125 0.059375 0.0203125
0 0.11015625 0.259375 0.0984375 0.01640625
0 0.13984375 0.28984375 0.1515625 0.01640625
0 0.7578125 0.28203125 0.01640625 0.0203125
0 0.85859375 0.28046875 0.15625 0.01953125
0 0.1671875 0.321875 0.2046875 0.01953125
0 0.83359375 0.3140625 0.14296875 0.0203125
0 0.1609375 0.35 0.21484375 0.01953125
0 0.82890625 0.340625 0.21640625 0.02109375
0 0.10859375 0.38359375 0.12265625 0.01953125
0 0.27265625 0.38203125 0.12578125 0.01953125
0 0.759375 0.37578125 0.0171875 0.021875
0 0.8625 0.375 0.15625 0.0203125
0 0.18046875 0.43671875 0.034375 0.02265625
0 0.20703125 0.43671875 0.00625 0.0234375
0 0.3765625 0.43515625 0.27734375 0.02109375
0 0.6609375 0.43359375 0.053125 0.02109375
0 0.728125 0.43359375 0.03359375 0.02109375
0 0.75546875 0.4328125 0.0046875 0.0203125
0 0.86171875 0.4328125 0.146875 0.0203125
0 0.08203125 0.459375 0.084375 0.0203125
0 0.1640625 0.45859375 0.03359375 0.02109375
0 0.19140625 0.45859375 0.00625 0.02109375
0 0.23671875 0.4578125 0.0703125 0.0203125
0 0.28359375 0.4578125 0.01171875 0.02109375
0 0.34765625 0.45703125 0.10859375 0.02109375
0 0.88984375 0.45390625 0.0890625 0.015625
0 0.30234375 0.4796875 0.08671875 0.01953125
0 0.37734375 0.47890625 0.0140625 0.01953125
0 0.43125 0.47890625 0.04765625 0.01953125
0 0.47109375 0.478125 0.0109375 0.01953125
0 0.5671875 0.47734375 0.01171875 0.01953125
0 0.6515625 0.47734375 0.11328125 0.01953125
0 0.4625 0.50234375 0.17421875 0.0203125
0 0.7453125 0.52109375 0.1390625 0.0203125
0 0.4046875 0.54453125 0.11015625 0.01640625
0 0.54609375 0.54453125 0.12734375 0.01640625
0 0.4640625 0.5671875 0.1765625 0.0203125
0 0.40703125 0.5890625 0.21484375 0.021875
0 0.59453125 0.58828125 0.0625 0.02265625
0 0.07421875 0.61171875 0.05078125 0.02109375
0 0.12421875 0.61171875 0.003125 0.02109375
0 0.27734375 0.61171875 0.2546875 0.02109375
0 0.83984375 0.6078125 0.18671875 0.0140625
0 0.35234375 0.6328125 0.071875 0.015625
0 0.44453125 0.63203125 0.0703125 0.01640625
0 0.51015625 0.63203125 0.00625 0.01640625
0 0.5953125 0.63203125 0.1078125 0.01640625
0 0.17421875 0.65546875 0.08984375 0.021875
0 0.3234375 0.6546875 0.165625 0.0203125
0 0.45390625 0.65390625 0.053125 0.021875
0 0.54140625 0.65390625 0.0703125 0.021875
0 0.659375 0.653125 0.125 0.02109375
0 0.79453125 0.65234375 0.09140625 0.02109375
0 0.29765625 0.6765625 0.034375 0.0203125
0 0.4 0.6765625 0.12578125 0.0203125
0 0.57734375 0.67578125 0.18515625 0.01953125
0 0.265625 0.71953125 0.121875 0.02265625
0 0.4015625 0.71953125 0.09296875 0.02265625
0 0.5328125 0.71796875 0.121875 0.02265625
0 0.6828125 0.71796875 0.12890625 0.02265625
0 0.14140625 0.74140625 0.1609375 0.021875
0 0.26953125 0.740625 0.0515625 0.021875
0 0.30859375 0.740625 0.0046875 0.021875
0 0.371875 0.740625 0.06640625 0.021875
0 0.4953125 0.740625 0.128125 0.021875
0 0.62421875 0.73984375 0.0890625 0.021875
0 0.71796875 0.73984375 0.0484375 0.021875
0 0.7546875 0.73984375 0.01015625 0.021875
0 0.80546875 0.73984375 0.034375 0.02109375
0 0.83203125 0.73984375 0.00625 0.02109375
0 0.88984375 0.73984375 0.0484375 0.02109375
0 0.20625 0.76328125 0.03359375 0.021875
0 0.25234375 0.76328125 0.01171875 0.021875
0 0.36484375 0.7625 0.090625 0.02265625
0 0.4796875 0.7625 0.084375 0.02265625
0 0.58984375 0.76171875 0.09296875 0.021875
0 0.64765625 0.76171875 0.01328125 0.021875
0 0.72109375 0.76171875 0.12734375 0.02265625
0 0.3390625 0.840625 0.31875 0.04921875
0 0.72109375 0.840625 0.415625 0.0484375
0 0.32109375 0.88828125 0.065625 0.01484375
0 0.43359375 0.88984375 0.10546875 0.015625
0 0.56484375 0.890625 0.10859375 0.015625
0 0.6609375 0.89140625 0.05546875 0.01484375
0 0.2015625 0.96484375 0.05078125 0.01796875
0 0.29453125 0.9640625 0.01328125 0.01875
0 0.7015625 0.9640625 0.021875 0.01796875
0 0.76875 0.9640625 0.053125 0.01796875
0 0.8921875 0.9640625 0.07890625 0.01796875
0 0.38671875 0.98046875 0.040625 0.01484375
0 0.57890625 0.97890625 0.26484375 0.0140625
0 0.29296875 0.0875 0.08359375 0.01796875
0 0.371875 0.14609375 0.12890625 0.01796875
0 0.42109375 0.12734375 0.05078125 0.0171875
0 0.61640625 0.084375 0.25078125 0.01875
0 0.14453125 0.11015625 0.09765625 0.01640625
0 0.9109375 0.23046875 0.053125 0.01953125
0 0.56171875 0.28515625 0.02109375 0.015625
0 0.52890625 0.284375 0.03359375 0.01875
0 0.2671875 0.259375 0.12890625 0.01875
0 0.69296875 0.34375 0.0234375 0.01484375
0 0.08984375 0.43671875 0.10703125 0.0171875
0 0.11015625 0.965625 0.0828125 0.01953125
0 0.2890625 0.7625 0.0265625 0.01796875