0 0.6390625 0.20625 0.19296875 0.01953125
0 0.3984375 0.20703125 0.075 0.01796875
0 0.48828125 0.20703125 0.059375 0.01796875
0 0.1984375 0.20703125 0.03828125 0.01875
0 0.28671875 0.20703125 0.09921875 0.01875
0 0.5546875 0.234375 0.0953125 0.01953125
0 0.23046875 0.23515625 0.05703125 0.01796875
0 0.3171875 0.2359375 0.07265625 0.01875
0 0.68046875 0.2359375 0.1109375 0.02421875
0 0.4296875 0.23671875 0.0921875 0.02421875
0 0.3703125 0.26328125 0.09765625 0.01875
0 0.5203125 0.26328125 0.1578125 0.01875
0 0.6046875 0.2921875 0.1578125 0.01875
0 0.31484375 0.2921875 0.0953125 0.01953125
0 0.43984375 0.29453125 0.1125 0.0234375
0 0.5796875 0.3203125 0.11640625 0.01875
0 0.3921875 0.32109375 0.215625 0.01953125
0 0.60546875 0.34921875 0.23828125 0.01875
0 0.33203125 0.34921875 0.046875 0.01953125
0 0.40390625 0.34921875 0.03828125 0.01953125
0 0.25234375 0.34921875 0.05859375 0.01953125
0 0.45078125 0.3515625 0.0125 0.0140625
0 0.61328125 0.4046875 0.2984375 0.01953125
0 0.2703125 0.40625 0.13515625 0.01875
0 0.38046875 0.40625 0.03984375 0.01875
0 0.4296875 0.40859375 0.01015625 0.01171875
0 0.8078125 0.46015625 0.16015625 0.01953125
0 0.18671875 0.4625 0.07265625 0.01796875
0 0.11328125 0.4625 0.05078125 0.01796875
0 0.4859375 0.4625 0.11640625 0.01796875
0 0.45546875 0.51875 0.17734375 0.01875
0 0.59609375 0.51875 0.05859375 0.01796875
0 0.12578125 0.51875 0.075 0.01796875
0 0.7765625 0.51875 0.140625 0.01796875
0 0.2671875 0.51953125 0.153125 0.01875
0 0.87890625 0.51953125 0.0171875 0.01796875
0 0.11328125 0.546875 0.05703125 0.01796875
0 0.5734375 0.546875 0.0953125 0.01875
0 0.78359375 0.546875 0.12109375 0.01875
0 0.23203125 0.546875 0.1375 0.01875
0 0.41171875 0.546875 0.17890625 0.01875
0 0.8734375 0.55 0.01953125 0.015625
0 0.13046875 0.60234375 0.09375 0.01875
0 0.25234375 0.60234375 0.09765625 0.01875
0 0.5828125 0.603125 0.07265625 0.01953125
0 0.42578125 0.603125 0.19296875 0.01953125
0 0.7953125 0.603125 0.09375 0.01953125
0 0.6640625 0.60390625 0.03828125 0.01796875
0 0.6671875 0.63203125 0.03828125 0.01875
0 0.8171875 0.63203125 0.05546875 0.01796875
0 0.5265625 0.63203125 0.19765625 0.0203125
0 0.3265625 0.6328125 0.15625 0.02265625
0 0.6640625 0.659375 0.03828125 0.01875
0 0.7953125 0.66015625 0.09921875 0.01875
0 0.5453125 0.66171875 0.15625 0.02421875
0 0.56640625 0.6875 0.11328125 0.01953125
0 0.66953125 0.6890625 0.03515625 0.01875
0 0.79921875 0.6890625 0.10078125 0.01875
0 0.5640625 0.715625 0.11640625 0.01875
0 0.6640625 0.715625 0.03828125 0.01875
0 0.8171875 0.71640625 0.05859375 0.01875
0 0.11328125 0.7703125 0.05703125 0.01953125
0 0.46171875 0.771875 0.11640625 0.01875
0 0.56640625 0.771875 0.065625 0.01875
0 0.79453125 0.77265625 0.13515625 0.01875
0 0.2328125 0.7734375 0.1390625 0.0234375
0 0.13671875 0.7984375 0.0171875 0.00859375
0 0.1859375 0.7984375 0.03671875 0.01796875
0 0.5578125 0.80078125 0.09765625 0.01875
0 0.09765625 0.80078125 0.015625 0.01328125
0 0.83046875 0.8015625 0.078125 0.01875
0 0.2421875 0.88359375 0.078125 0.01875
0 0.34140625 0.88515625 0.06953125 0.01796875
0 0.46484375 0.8859375 0.11640625 0.01796875
0 0.5859375 0.88828125 0.075 0.01171875
0 0.6953125 0.8890625 0.09765625 0.02109375
0 0.2171875 0.91328125 0.05703125 0.01796875
0 0.3359375 0.9140625 0.1375 0.0171875
0 0.45703125 0.9140625 0.05390625 0.01796875
0 0.12578125 0.91484375 0.078125 0.02265625
0 0.60703125 0.91640625 0.19765625 0.021875
0 0.80078125 0.91640625 0.13671875 0.01484375