0 0.5734375 0.2 0.13515625 0.01796875
0 0.15390625 0.2 0.18046875 0.01953125
0 0.69453125 0.2 0.0734375 0.01953125
0 0.7828125 0.2 0.06875 0.01953125
0 0.33125 0.2 0.13515625 0.01953125
0 0.45234375 0.2 0.07578125 0.01875
0 0.44140625 0.21484375 0.09453125 0.0171875
0 0.15546875 0.21640625 0.18125 0.0171875
0 0.54765625 0.21640625 0.0953125 0.01796875
0 0.31875 0.2171875 0.1125 0.01875
0 0.1078125 0.2375 0.08828125 0.01875
0 0.31796875 0.2375 0.0234375 0.01796875
0 0.22890625 0.2375 0.11015625 0.01875
0 0.1078125 0.259375 0.08828125 0.01875
0 0.21953125 0.259375 0.08828125 0.01875
0 0.23046875 0.2828125 0.33125 0.01875
0 0.14140625 0.3046875 0.15546875 0.01875
0 0.27421875 0.30546875 0.06640625 0.01953125
0 0.44140625 0.30546875 0.2203125 0.01953125
0 0.09921875 0.328125 0.06640625 0.01875
0 0.38515625 0.328125 0.28671875 0.01953125
0 0.18671875 0.328125 0.06484375 0.01875
0 0.75 0.375 0.04375 0.01875
0 0.31953125 0.39609375 0.0671875 0.01875
0 0.47578125 0.39609375 0.0640625 0.01875
0 0.5625 0.396875 0.06640625 0.01875
0 0.6515625 0.396875 0.06484375 0.01875
0 0.39609375 0.396875 0.04296875 0.01875
0 0.165625 0.396875 0.19609375 0.01875
0 0.93671875 0.396875 0.028125 0.0171875
0 0.8390625 0.396875 0.08671875 0.01953125
0 0.47421875 0.41875 0.06640625 0.01875
0 0.39609375 0.41875 0.04296875 0.01875
0 0.31953125 0.41875 0.06484375 0.01875
0 0.165625 0.41875 0.19609375 0.01875
0 0.5625 0.41953125 0.06640625 0.01875
0 0.6515625 0.41953125 0.06484375 0.01875
0 0.8390625 0.41953125 0.08984375 0.01953125
0 0.93984375 0.4203125 0.02421875 0.01796875
0 0.31953125 0.44140625 0.0671875 0.01953125
0 0.1640625 0.44140625 0.19609375 0.0203125
0 0.93671875 0.4421875 0.0234375 0.01875
0 0.47421875 0.4421875 0.0640625 0.01875
0 0.39609375 0.4421875 0.04296875 0.01796875
0 0.60703125 0.4421875 0.153125 0.01875
0 0.8390625 0.44296875 0.08984375 0.01875
0 0.31953125 0.46484375 0.06640625 0.01875
0 0.1640625 0.46484375 0.19609375 0.01875
0 0.60703125 0.46484375 0.153125 0.01875
0 0.39609375 0.46484375 0.04296875 0.01875
0 0.47421875 0.46484375 0.0640625 0.01875
0 0.8390625 0.465625 0.08671875 0.01953125
0 0.93828125 0.46640625 0.02578125 0.01796875
0 0.165625 0.48671875 0.0640625 0.0171875
0 0.375 0.48671875 0.08828125 0.0203125
0 0.28515625 0.4875 0.04140625 0.01875
0 0.08671875 0.4875 0.04765625 0.01875
0 0.23125 0.4875 0.02109375 0.01875
0 0.83984375 0.48828125 0.12890625 0.01875
0 0.240625 0.51015625 0.17734375 0.01875
0 0.828125 0.5109375 0.1078125 0.01875
0 0.1203125 0.55546875 0.1078125 0.01875
0 0.24296875 0.55546875 0.08359375 0.01875
0 0.3640625 0.55546875 0.103125 0.01953125
0 0.82890625 0.55703125 0.109375 0.01875
0 0.109375 0.57734375 0.08984375 0.01953125
0 0.82890625 0.578125 0.109375 0.01953125
0 0.2515625 0.6234375 0.15546875 0.01875
0 0.11015625 0.6234375 0.0859375 0.01875
0 0.49765625 0.6234375 0.10546875 0.01875
0 0.3859375 0.6234375 0.0640625 0.01875
0 0.828125 0.62421875 0.1078125 0.01875
0 0.09765625 0.64453125 0.06640625 0.01875
0 0.4515625 0.6453125 0.0671875 0.0171875
0 0.24296875 0.6453125 0.08828125 0.01875
0 0.71796875 0.64609375 0.0640625 0.01953125
0 0.55234375 0.64609375 0.0859375 0.01953125
0 0.80625 0.646875 0.0640625 0.01796875
0 0.0765625 0.66796875 0.01875 0.01796875
0 0.240625 0.66796875 0.04296875 0.01875
0 0.728125 0.66875 0.08828125 0.01875
0 0.51875 0.66875 0.109375 0.01953125
0 0.43046875 0.7140625 0.0640625 0.01796875
0 0.66328125 0.7140625 0.1765625 0.01875
0 0.31953125 0.7140625 0.1078125 0.01796875
0 0.5171875 0.715625 0.0640625 0.021875
0 0.39609375 0.7359375 0.04296875 0.01875
0 0.52890625 0.7359375 0.17734375 0.01953125
0 0.29765625 0.7578125 0.0640625 0.01875
0 0.4296875 0.75859375 0.153125 0.01953125
0 0.70625 0.759375 0.04296875 0.01796875
0 0.63984375 0.759375 0.04375 0.01796875
0 0.5625 0.759375 0.06640625 0.01796875
0 0.23046875 0.78046875 0.11015625 0.01875
0 0.3515625 0.78125 0.08828125 0.01875
0 0.6703125 0.78203125 0.32578125 0.01875
0 0.4515625 0.7828125 0.06484375 0.015625
0 0.296875 0.803125 0.19609375 0.01953125
0 0.51875 0.803125 0.19765625 0.01953125
0 0.68515625 0.80390625 0.0859375 0.01796875
0 0.7828125 0.80546875 0.0640625 0.0140625
0 0.3625 0.825 0.06640625 0.01953125
0 0.53828125 0.82578125 0.2375 0.01875
0 0.14140625 0.84765625 0.06484375 0.01875
0 0.296875 0.8484375 0.1984375 0.01875
0 0.4515625 0.8484375 0.0671875 0.01875
0 0.58359375 0.8484375 0.15546875 0.01875
0 0.78515625 0.8484375 0.19609375 0.01875
0 0.196875 0.86953125 0.17734375 0.01875
0 0.68359375 0.87109375 0.0859375 0.01796875
0 0.36328125 0.87109375 0.11171875 0.01796875
0 0.52890625 0.87109375 0.17734375 0.01796875
0 0.77421875 0.87109375 0.040625 0.01875
0 0.86015625 0.871875 0.090625 0.01796875
0 0.12890625 0.89296875 0.13359375 0.01875
0 0.27421875 0.89296875 0.11015625 0.01875
0 0.39609375 0.89296875 0.08671875 0.01875
0 0.55 0.89375 0.1765625 0.01953125
0 0.74921875 0.89375 0.17734375 0.01875
0 0.89375 0.89453125 0.0671875 0.01875
0 0.37421875 0.915625 0.04296875 0.01953125
0 0.2515625 0.915625 0.153125 0.01953125
0 0.50703125 0.91640625 0.175 0.01875
0 0.72578125 0.91640625 0.215625 0.01875
0 0.21796875 0.93828125 0.08828125 0.01796875
0 0.32890625 0.93828125 0.08671875 0.01875
0 0.4734375 0.93828125 0.15078125 0.01875
0 0.70625 0.9390625 0.26328125 0.01875
0 0.3625 0.9609375 0.1078125 0.01875
0 0.61796875 0.9609375 0.1765625 0.01875