0 0.0953125 0.21171875 0.09296875 0.0328125
0 0.2328125 0.21171875 0.10078125 0.0328125
0 0.43203125 0.21171875 0.234375 0.0328125
0 0.665625 0.21171875 0.15 0.0328125
0 0.8140625 0.21171875 0.07421875 0.0328125
0 0.8703125 0.21171875 0.00625 0.0328125
0 0.2609375 0.24453125 0.046875 0.03203125
0 0.35546875 0.24453125 0.07578125 0.03203125
0 0.4125 0.24453125 0.00546875 0.0328125
0 0.5484375 0.24453125 0.00625 0.0328125
0 0.62421875 0.2453125 0.06796875 0.03203125
0 0.684375 0.2453125 0.00546875 0.03203125
0 0.15 0.27578125 0.2109375 0.034375
0 0.35625 0.27578125 0.12890625 0.034375
0 0.49140625 0.27578125 0.07734375 0.034375
0 0.5484375 0.27578125 0.00625 0.034375
0 0.69296875 0.27578125 0.2078125 0.034375
0 0.8703125 0.27578125 0.07265625 0.034375
0 0.2328125 0.30703125 0.04921875 0.0328125
0 0.2734375 0.30703125 0.00546875 0.0328125
0 0.32890625 0.30703125 0.07265625 0.0328125
0 0.47109375 0.30703125 0.1328125 0.0328125
0 0.55 0.30703125 0.015625 0.0328125
0 0.6515625 0.30703125 0.18203125 0.0328125
0 0.246875 0.340625 0.1828125 0.034375
0 0.3984375 0.340625 0.04765625 0.034375
0 0.46640625 0.340625 0.01796875 0.034375
0 0.64296875 0.340625 0.2640625 0.034375
0 0.1859375 0.40703125 0.259375 0.034375
0 0.10234375 0.4375 0.09609375 0.02890625
0 0.171875 0.4375 0.00625 0.02890625
0 0.21484375 0.4375 0.04296875 0.02890625
0 0.25234375 0.43671875 0.00546875 0.02890625
0 0.29296875 0.43671875 0.04296875 0.02890625
0 0.696875 0.4078125 0.05078125 0.034375
0 0.7359375 0.4078125 0.009375 0.034375
0 0.83046875 0.40703125 0.10234375 0.03359375
0 0.1375 0.50390625 0.15 0.0328125
0 0.76640625 0.5015625 0.178125 0.0296875
0 0.1234375 0.578125 0.12421875 0.0328125
0 0.121875 0.6171875 0.12265625 0.0328125
0 0.65703125 0.57890625 0.028125 0.03515625
0 0.7703125 0.57890625 0.16015625 0.03515625
0 0.56796875 0.6171875 0.03125 0.03359375
0 0.725 0.6171875 0.25390625 0.0328125
0 0.11953125 0.68203125 0.12265625 0.03046875
0 0.6859375 0.68125 0.015625 0.028125
0 0.7828125 0.68125 0.14765625 0.028125
0 0.1453125 0.7828125 0.184375 0.03515625
0 0.253125 0.78203125 0.00546875 0.03515625
0 0.309375 0.78203125 0.01953125 0.03515625
0 0.3359375 0.78203125 0.01953125 0.03515625
0 0.44453125 0.78203125 0.18203125 0.03515625
0 0.57734375 0.78203125 0.01953125 0.03515625
0 0.60703125 0.78203125 0.015625 0.03515625
0 0.1859375 0.846875 0.05 0.0328125
0 0.22734375 0.846875 0.00546875 0.0328125
0 0.2953125 0.846875 0.103125 0.0328125
0 0.65546875 0.84453125 0.01875 0.03046875
0 0.721875 0.84453125 0.04453125 0.03046875
0 0.7609375 0.84453125 0.00703125 0.03046875
0 0.8265625 0.84296875 0.10078125 0.0296875
0 0.3015625 0.9109375 0.06484375 0.03046875
0 0.4109375 0.9109375 0.075 0.03046875
0 0.49140625 0.24453125 0.08515625 0.0265625
0 0.60390625 0.409375 0.08515625 0.03203125
0 0.56484375 0.503125 0.05078125 0.02734375
0 0.525 0.50390625 0.028125 0.02578125
0 0.584375 0.91171875 0.2109375 0.0265625
0 0.09140625 0.8484375 0.08203125 0.02578125