0 0.2859375 0.07890625 0.13046875 0.01796875
0 0.54375 0.07421875 0.325 0.01484375
0 0.17421875 0.1 0.246875 0.015625
0 0.3796875 0.09609375 0.1046875 0.01796875
0 0.50546875 0.09375 0.08046875 0.01875
0 0.5578125 0.09296875 0.02890625 0.0203125
0 0.61640625 0.09140625 0.0828125 0.01875
0 0.72578125 0.08984375 0.08359375 0.01875
0 0.8375 0.0875 0.0765625 0.01875
0 0.04453125 0.11953125 0.02265625 0.0203125
0 0.159375 0.11796875 0.16484375 0.01796875
0 0.29765625 0.115625 0.05703125 0.01953125
0 0.40234375 0.11328125 0.09921875 0.01875
0 0.5328125 0.1109375 0.13671875 0.01796875
0 0.7125 0.1078125 0.1609375 0.0171875
0 0.8671875 0.10546875 0.07578125 0.01875
0 0.21328125 0.1359375 0.05390625 0.01875
0 0.253125 0.13515625 0.009375 0.01953125
0 0.29609375 0.13359375 0.0484375 0.01875
0 0.42265625 0.13203125 0.1359375 0.01796875
0 0.50234375 0.13046875 0.02265625 0.01875
0 0.61328125 0.128125 0.19453125 0.01640625
0 0.253125 0.153125 0.18828125 0.01875
0 0.57578125 0.14765625 0.38828125 0.0203125
0 0.28046875 0.190625 0.0859375 0.02109375
0 0.51796875 0.18828125 0.33046875 0.01796875
0 0.6140625 0.22890625 0.08359375 0.021875
0 0.7125 0.228125 0.0546875 0.021875
0 0.753125 0.228125 0.00859375 0.02265625
0 0.8515625 0.2265625 0.10703125 0.021875
0 0.153125 0.23515625 0.27265625 0.01796875
0 0.07578125 0.25625 0.1140625 0.01953125
0 0.13984375 0.25625 0.01484375 0.0203125
0 0.25234375 0.2546875 0.13125 0.01875
0 0.08984375 0.29921875 0.1328125 0.0203125
0 0.50078125 0.29375 0.02578125 0.02109375
0 0.73359375 0.29140625 0.159375 0.0203125
0 0.09453125 0.34296875 0.13125 0.02109375
0 0.63671875 0.33515625 0.034375 0.0234375
0 0.7453125 0.33359375 0.1703125 0.021875
0 0.16484375 0.365625 0.26328125 0.0203125
0 0.5453125 0.3609375 0.03515625 0.0234375
0 0.7015625 0.35859375 0.259375 0.0203125
0 0.1171875 0.40625 0.153125 0.0203125
0 0.31328125 0.40390625 0.17890625 0.0203125
0 0.1015625 0.4265625 0.13046875 0.01875
0 0.640625 0.4171875 0.02109375 0.01875
0 0.73671875 0.415625 0.14921875 0.0171875
0 0.14140625 0.46328125 0.15625 0.01953125
0 0.27421875 0.4609375 0.0546875 0.021875
0 0.3125 0.46015625 0.01171875 0.02265625
0 0.79765625 0.45 0.13359375 0.0203125
0 0.43203125 0.4765625 0.05390625 0.0203125
0 0.471875 0.475 0.00859375 0.02109375
0 0.5828125 0.4734375 0.1296875 0.01875
0 0.478125 0.53046875 0.13984375 0.01171875
0 0.603125 0.52734375 0.0625 0.0125
0 0.14921875 0.54921875 0.00625 0.015625
0 0.334375 0.54609375 0.30390625 0.01015625
0 0.64765625 0.540625 0.06015625 0.0140625
0 0.6875 0.53984375 0.00703125 0.015625
0 0.784375 0.53828125 0.16796875 0.0125
0 0.06796875 0.56171875 0.10078125 0.01171875
0 0.159375 0.5609375 0.040625 0.01171875
0 0.18671875 0.56015625 0.00703125 0.0125
0 0.259375 0.559375 0.11953125 0.0109375
0 0.840625 0.55078125 0.0609375 0.0125
0 0.15546875 0.5734375 0.0390625 0.0125
0 0.1859375 0.57265625 0.00703125 0.01328125
0 0.259375 0.571875 0.12109375 0.01171875
0 0.67890625 0.565625 0.08203125 0.01328125
0 0.7328125 0.565625 0.00390625 0.0140625
0 0.80703125 0.56484375 0.12109375 0.01328125
0 0.02890625 0.58671875 0.03515625 0.01484375
0 0.059375 0.58671875 0.015625 0.015625
0 0.37109375 0.5828125 0.0578125 0.01484375
0 0.4171875 0.5828125 0.01171875 0.015625
0 0.45625 0.58203125 0.0578125 0.01484375
0 0.68984375 0.5796875 0.0625 0.0140625
0 0.7375 0.57890625 0.015625 0.0140625
0 0.809375 0.578125 0.13046875 0.0125
0 0.44375 0.61171875 0.19609375 0.01875
0 0.56796875 0.625 0.0890625 0.01640625
0 0.2515625 0.6421875 0.21171875 0.015625
0 0.371875 0.64140625 0.015625 0.0171875
0 0.4328125 0.63984375 0.1078125 0.01640625
0 0.5015625 0.63984375 0.01484375 0.01640625
0 0.5484375 0.63984375 0.08359375 0.01640625
0 0.640625 0.63828125 0.075 0.01640625
0 0.27421875 0.65859375 0.19765625 0.01875
0 0.55 0.65625 0.24140625 0.01875
0 0.37890625 0.67578125 0.2453125 0.01640625
0 0.59296875 0.67421875 0.06953125 0.0171875
0 0.03671875 0.69453125 0.0734375 0.0140625
0 0.13984375 0.69453125 0.0828125 0.0140625
0 0.19375 0.69375 0.00234375 0.01484375
0 0.27109375 0.69375 0.1234375 0.0140625
0 0.5609375 0.69140625 0.0625 0.0125
0 0.60546875 0.69140625 0.00703125 0.0125
0 0.74921875 0.690625 0.25703125 0.01171875
0 0.128125 0.7078125 0.1015625 0.01328125
0 0.28984375 0.70625 0.1703125 0.01328125
0 0.3859375 0.70625 0.009375 0.01328125
0 0.5765625 0.70546875 0.3515625 0.01328125
0 0.34453125 0.7203125 0.10703125 0.01484375
0 0.47578125 0.71953125 0.10390625 0.0140625
0 0.02734375 0.7375 0.0546875 0.015625
0 0.06796875 0.73671875 0.01171875 0.0140625
0 0.228125 0.7359375 0.2984375 0.0125
0 0.45234375 0.734375 0.0609375 0.0140625
0 0.49765625 0.734375 0.00390625 0.0140625
0 0.19453125 0.75078125 0.10078125 0.015625
0 0.35625 0.75 0.1703125 0.01484375
0 0.5859375 0.74921875 0.2375 0.01484375
0 0.334375 0.76328125 0.16484375 0.01328125
0 0.4640625 0.76328125 0.03515625 0.01328125
0 0.49609375 0.76328125 0.00546875 0.01328125
0 0.5515625 0.76328125 0.08359375 0.01328125
0 0.075 0.77265625 0.09765625 0.0140625
0 0.240625 0.77421875 0.18515625 0.0140625
0 0.390625 0.775 0.0578125 0.01328125
0 0.48984375 0.775 0.0828125 0.0140625
0 0.62109375 0.7765625 0.12421875 0.0140625
0 0.7640625 0.77734375 0.10234375 0.0140625
0 0.153125 0.7953125 0.18828125 0.021875
0 0.60390625 0.8015625 0.6 0.02109375
0 0.3359375 0.81171875 0.13984375 0.01484375
0 0.50859375 0.81328125 0.1515625 0.0140625
0 0.22421875 0.81953125 0.046875 0.0140625
0 0.33984375 0.82265625 0.140625 0.015625
0 0.5390625 0.82421875 0.20859375 0.015625
0 0.36875 0.84453125 0.19921875 0.02109375
0 0.62265625 0.84765625 0.26953125 0.021875
0 0.1359375 0.87578125 0.18515625 0.01640625
0 0.24375 0.875 0.00859375 0.01875
0 0.29765625 0.87578125 0.01171875 0.01796875
0 0.32421875 0.87578125 0.0125 0.01796875
0 0.378125 0.87578125 0.07890625 0.01953125
0 0.459375 0.8765625 0.015625 0.01875
0 0.09453125 0.903125 0.0734375 0.015625
0 0.18828125 0.90390625 0.0484375 0.015625
0 0.228125 0.90390625 0.003125 0.015625
0 0.6828125 0.90703125 0.01484375 0.0125
0 0.7484375 0.9078125 0.04765625 0.01328125
0 0.79765625 0.909375 0.00859375 0.0125
0 0.8609375 0.91015625 0.10390625 0.0140625
0 0.30546875 0.9421875 0.0765625 0.01796875
0 0.41875 0.9421875 0.08046875 0.0171875
0 0.58984375 0.940625 0.20859375 0.01796875
0 0.54375 0.29375 0.0484375 0.0171875
0 0.64140625 0.2890625 0.01875 0.009375
0 0.40390625 0.45859375 0.11484375 0.01328125
0 0.528125 0.45625 0.0828125 0.01328125
0 0.64921875 0.453125 0.10859375 0.01484375
0 0.309375 0.47890625 0.1375 0.0171875
0 0.2171875 0.5359375 0.0671875 0.0109375
0 0.3296875 0.5328125 0.11640625 0.01015625
0 0.18359375 0.58515625 0.22265625 0.00859375
0 0.071875 0.575 0.1046875 0.00859375
0 0.08203125 0.55 0.11484375 0.009375
0 0.68984375 0.7328125 0.3546875 0.01171875
0 0.29453125 0.90390625 0.1078125 0.01171875