0 0.32734375 0.04453125 0.1 0.02421875
0 0.61796875 0.04609375 0.38984375 0.02578125
0 0.4796875 0.06796875 0.1171875 0.02109375
0 0.24921875 0.08671875 0.09765625 0.021875
0 0.3859375 0.0875 0.1 0.021875
0 0.50625 0.0890625 0.0640625 0.021875
0 0.56015625 0.08984375 0.01015625 0.02109375
0 0.659375 0.090625 0.1015625 0.021875
0 0.78203125 0.0921875 0.06875 0.021875
0 0.25390625 0.1078125 0.05859375 0.0203125
0 0.29765625 0.10859375 0.01640625 0.02109375
0 0.36875 0.10859375 0.08828125 0.021875
0 0.52421875 0.1109375 0.16953125 0.021875
0 0.62265625 0.11171875 0.01640625 0.01953125
0 0.72578125 0.1125 0.1890625 0.02265625
0 0.31875 0.1296875 0.075 0.02109375
0 0.36796875 0.1296875 0.01015625 0.02109375
0 0.46796875 0.13125 0.10078125 0.021875
0 0.590625 0.13203125 0.07265625 0.02109375
0 0.6859375 0.13359375 0.04765625 0.02109375
0 0.775 0.134375 0.046875 0.02109375
0 0.31015625 0.15234375 0.16015625 0.0234375
0 0.44375 0.153125 0.05234375 0.021875
0 0.48671875 0.153125 0.01875 0.021875
0 0.159375 0.1828125 0.12578125 0.02109375
0 0.57421875 0.1859375 0.2546875 0.01796875
0 0.1453125 0.20546875 0.09765625 0.01953125
0 0.4 0.20625 0.003125 0.01796875
0 0.54921875 0.20625 0.2046875 0.01796875
0 0.22421875 0.2265625 0.04609375 0.01953125
0 0.39921875 0.228125 0.00390625 0.01484375
0 0.490625 0.22734375 0.1015625 0.01328125
0 0.17890625 0.259375 0.16875 0.0203125
0 0.609375 0.2625 0.009375 0.02109375
0 0.65 0.26328125 0.03515625 0.021875
0 0.77265625 0.26484375 0.0125 0.021875
0 0.8515625 0.265625 0.125 0.0234375
0 0.19453125 0.30546875 0.20703125 0.02109375
0 0.19296875 0.32734375 0.20703125 0.01953125
0 0.71484375 0.31171875 0.025 0.01875
0 0.825 0.3125 0.1671875 0.01953125
0 0.678125 0.334375 0.025 0.01953125
0 0.80703125 0.3359375 0.20390625 0.021875
0 0.74140625 0.38125 0.01484375 0.01796875
0 0.8390625 0.3828125 0.15078125 0.0203125
0 0.1453125 0.36953125 0.1265625 0.0203125
0 0.23671875 0.390625 0.26171875 0.02421875
0 0.48359375 0.415625 0.0984375 0.02109375
0 0.0859375 0.4359375 0.03515625 0.02265625
0 0.18828125 0.4375 0.1234375 0.025
0 0.3140625 0.43984375 0.04609375 0.0234375
0 0.35625 0.440625 0.00078125 0.021875
0 0.45234375 0.44296875 0.0984375 0.02421875
0 0.09765625 0.48671875 0.07265625 0.025
0 0.19296875 0.4890625 0.04609375 0.025
0 0.23359375 0.4890625 0.00390625 0.0234375
0 0.3046875 0.490625 0.10390625 0.025
0 0.715625 0.49765625 0.01796875 0.01328125
0 0.7875 0.49921875 0.05078125 0.0140625
0 0.82890625 0.5 0.003125 0.01328125
0 0.89921875 0.5015625 0.1 0.01484375
0 0.20546875 0.54609375 0.03203125 0.01484375
0 0.23046875 0.54609375 0.00390625 0.01328125
0 0.38046875 0.5484375 0.2703125 0.01796875
0 0.6984375 0.553125 0.05390625 0.0140625
0 0.76171875 0.5546875 0.02734375 0.0125
0 0.79765625 0.55546875 0.00703125 0.0125
0 0.87890625 0.55625 0.14453125 0.015625
0 0.1078125 0.559375 0.0828125 0.015625
0 0.18515625 0.5609375 0.02890625 0.01484375
0 0.21171875 0.5609375 0.00859375 0.01328125
0 0.2640625 0.56171875 0.0703125 0.015625
0 0.31015625 0.5625 0.00703125 0.01328125
0 0.3703125 0.5640625 0.1046875 0.01484375
0 0.9078125 0.57265625 0.0875 0.01328125
0 0.34921875 0.58046875 0.05 0.01796875
0 0.45078125 0.58125 0.04765625 0.0171875
0 0.490625 0.58203125 0.00234375 0.015625
0 0.5265625 0.5828125 0.04921875 0.0171875
0 0.584375 0.584375 0.01015625 0.01640625
0 0.48046875 0.59921875 0.1671875 0.01953125
0 0.7578125 0.61875 0.13515625 0.01796875
0 0.48046875 0.63046875 0.1703125 0.01796875
0 0.428125 0.64609375 0.20078125 0.01875
0 0.6078125 0.64765625 0.05703125 0.01640625
0 0.09296875 0.65703125 0.04921875 0.0140625
0 0.146875 0.6578125 0.00546875 0.01328125
0 0.30234375 0.659375 0.2484375 0.015625
0 0.78515625 0.66484375 0.0875 0.0125
0 0.8953125 0.66640625 0.0875 0.01328125
0 0.3734375 0.67578125 0.06875 0.0140625
0 0.4640625 0.6765625 0.06953125 0.0140625
0 0.5265625 0.67734375 0.003125 0.0125
0 0.609375 0.678125 0.1 0.01484375
0 0.20546875 0.68984375 0.08203125 0.01484375
0 0.34609375 0.690625 0.15625 0.015625
0 0.46875 0.69296875 0.04609375 0.01484375
0 0.55390625 0.69296875 0.06875 0.01484375
0 0.671875 0.6953125 0.1203125 0.01484375
0 0.8 0.69609375 0.0859375 0.01484375
0 0.321875 0.70546875 0.03125 0.015625
0 0.41875 0.70625 0.11875 0.01796875
0 0.5890625 0.70859375 0.175 0.01875
0 0.325 0.721875 0.20546875 0.015625
0 0.6125 0.72421875 0.2640625 0.015625
0 0.3859375 0.7515625 0.05 0.0125
0 0.52890625 0.75234375 0.19140625 0.01328125
0 0.3859375 0.76640625 0.11640625 0.01484375
0 0.5109375 0.76796875 0.0796875 0.0140625
0 0.590625 0.76875 0.03046875 0.0140625
0 0.61640625 0.76875 0.00859375 0.01328125
0 0.665625 0.76875 0.03125 0.01484375
0 0.21796875 0.7828125 0.1328125 0.015625
0 0.33046875 0.78359375 0.04140625 0.01484375
0 0.4328125 0.78359375 0.06875 0.01484375
0 0.5 0.784375 0.025 0.0140625
0 0.52734375 0.784375 0.00859375 0.0140625
0 0.571875 0.78515625 0.03046875 0.0140625
0 0.59921875 0.78515625 0.00703125 0.01328125
0 0.64765625 0.7859375 0.02890625 0.0140625
0 0.7265625 0.7859375 0.01015625 0.01328125
0 0.80546875 0.78671875 0.1015625 0.01484375
0 0.42265625 0.8 0.084375 0.01328125
0 0.47890625 0.80078125 0.0125 0.0125
0 0.54609375 0.80078125 0.125 0.01328125
0 0.3578125 0.85859375 0.3046875 0.040625
0 0.72265625 0.86015625 0.384375 0.04140625
0 0.33984375 0.9 0.06640625 0.01796875
0 0.575 0.90078125 0.1015625 0.01796875
0 0.66875 0.9015625 0.0625 0.01796875
0 0.115625 0.940625 0.071875 0.01953125
0 0.21015625 0.9421875 0.04609375 0.01953125
0 0.24921875 0.94296875 0 0.01875
0 0.70546875 0.94609375 0.01875 0.0125
0 0.77265625 0.94609375 0.04765625 0.01328125
0 0.81171875 0.94609375 0.00234375 0.0125
0 0.8828125 0.946875 0.09765625 0.0140625
0 0.3484375 0.9765625 0.05234375 0.0171875
0 0.59375 0.97734375 0.20390625 0.01796875
0 0.615625 0.06875 0.0796875 0.015625
0 0.6765625 0.15546875 0.30078125 0.01953125
0 0.4015625 0.1875 0.0125 0.01484375
0 0.1140625 0.54296875 0.10703125 0.01484375
0 0.6703125 0.58515625 0.125 0.01484375
0 0.45234375 0.9015625 0.10703125 0.01484375
0 0.3203125 0.94609375 0.1078125 0.01875
0 0.4390625 0.978125 0.05546875 0.01640625