0 0.06953125 0.00546875 0.0828125 0.0109375
0 0.29140625 0.01328125 0.10078125 0.02109375
0 0.44765625 0.01328125 0.171875 0.021875
0 0.62265625 0.0125 0.07109375 0.02109375
0 0.27890625 0.02890625 0.0734375 0.02265625
0 0.48203125 0.03046875 0.296875 0.02265625
0 0.20703125 0.1078125 0.33671875 0.02109375
0 0.45546875 0.11171875 0.109375 0.0265625
0 0.66796875 0.115625 0.2390625 0.028125
0 0.13125 0.125 0.175 0.028125
0 0.3 0.12890625 0.13203125 0.028125
0 0.471875 0.134375 0.09765625 0.01796875
0 0.68828125 0.1390625 0.05 0.02109375
0 0.78671875 0.13828125 0.071875 0.0265625
0 0.29609375 0.1484375 0.0734375 0.02265625
0 0.34609375 0.15 0.003125 0.02109375
0 0.41171875 0.15078125 0.078125 0.02265625
0 0.47109375 0.15234375 0.0125 0.021875
0 0.584375 0.15390625 0.01171875 0.021875
0 0.24765625 0.16953125 0.28828125 0.02265625
0 0.47421875 0.171875 0.0828125 0.025
0 0.52578125 0.1734375 0.01171875 0.0234375
0 0.56953125 0.1734375 0.04609375 0.02421875
0 0.6046875 0.1734375 0.00703125 0.02265625
0 0.675 0.175 0.0765625 0.02421875
0 0.72890625 0.1765625 0.0109375 0.02265625
0 0.76015625 0.1765625 0.02265625 0.0234375
0 0.25234375 0.18984375 0.1171875 0.02421875
0 0.38125 0.19140625 0.140625 0.0234375
0 0.4703125 0.19296875 0.01484375 0.02265625
0 0.2296875 0.20859375 0.1984375 0.0265625
0 0.39453125 0.2109375 0.05390625 0.025
0 0.6 0.21328125 0.28671875 0.028125
0 0.13515625 0.2375 0.25703125 0.02578125
0 0.67421875 0.2453125 0.0828125 0.0234375
0 0.775 0.2453125 0.0421875 0.0234375
0 0.8890625 0.24609375 0.05 0.0234375
0 0.09921875 0.25859375 0.0078125 0.01953125
0 0.04609375 0.2859375 0.08203125 0.0234375
0 0.19375 0.28828125 0.13671875 0.02421875
0 0.521875 0.2921875 0.0234375 0.01484375
0 0.759375 0.2953125 0.0109375 0.0203125
0 0.84765625 0.2953125 0.13984375 0.01953125
0 0.10703125 0.32265625 0.19453125 0.025
0 0.74453125 0.328125 0.02265625 0.025
0 0.84140625 0.328125 0.14140625 0.02578125
0 0.10703125 0.34921875 0.1984375 0.025
0 0.70234375 0.35390625 0.01875 0.025
0 0.82265625 0.3546875 0.175 0.0265625
0 0.2171875 0.3828125 0.1328125 0.021875
0 0.76015625 0.38828125 0.015625 0.0203125
0 0.8453125 0.38828125 0.121875 0.02109375
0 0.040625 0.43515625 0.08046875 0.01953125
0 0.12578125 0.4359375 0.03515625 0.01875
0 0.15546875 0.4359375 0.00625 0.01796875
0 0.33671875 0.4375 0.290625 0.02109375
0 0.63125 0.43984375 0.0515625 0.01875
0 0.7 0.43984375 0.034375 0.01875
0 0.728125 0.43984375 0.00625 0.01796875
0 0.834375 0.44140625 0.1484375 0.01953125
0 0.0328125 0.4546875 0.06484375 0.01796875
0 0.10859375 0.4546875 0.03359375 0.01796875
0 0.14140625 0.45546875 0.01171875 0.01796875
0 0.1890625 0.45546875 0.07265625 0.01796875
0 0.23828125 0.45546875 0.01171875 0.01796875
0 0.3078125 0.45546875 0.11640625 0.01875
0 0.86328125 0.459375 0.090625 0.01484375
0 0.25625 0.475 0.09375 0.01640625
0 0.3375 0.47578125 0.01171875 0.01484375
0 0.39375 0.47578125 0.0515625 0.01640625
0 0.47578125 0.4765625 0.04921875 0.01640625
0 0.53125 0.47734375 0.00859375 0.015625
0 0.61953125 0.47734375 0.11328125 0.01640625
0 0.425 0.49609375 0.18125 0.01875
0 0.128125 0.5125 0.1515625 0.0265625
0 0.32265625 0.51328125 0.14453125 0.0265625
0 0.521875 0.5140625 0.14375 0.0265625
0 0.71328125 0.5140625 0.140625 0.0265625
0 0.42421875 0.53359375 0.17890625 0.01640625
0 0.34609375 0.553125 0.1828125 0.0203125
0 0.52109375 0.553125 0.0640625 0.0203125
0 0.0109375 0.57265625 0.021875 0.01640625
0 0.0578125 0.57265625 0.0078125 0.01640625
0 0.22578125 0.57265625 0.2765625 0.01640625
0 0.74140625 0.57109375 0.090625 0.01640625
0 0.8546875 0.57109375 0.09140625 0.01640625
0 0.3046875 0.59296875 0.07578125 0.01796875
0 0.40390625 0.59296875 0.07578125 0.01796875
0 0.47109375 0.5921875 0.0078125 0.01796875
0 0.55859375 0.5921875 0.1109375 0.01796875
0 0.11484375 0.61328125 0.09140625 0.021875
0 0.27109375 0.6125 0.171875 0.021875
0 0.41015625 0.6125 0.05390625 0.02265625
0 0.50234375 0.6125 0.0734375 0.02265625
0 0.62421875 0.6125 0.12890625 0.021875
0 0.7609375 0.61171875 0.09140625 0.021875
0 0.240625 0.63515625 0.03828125 0.0203125
0 0.35 0.63515625 0.1328125 0.0203125
0 0.53828125 0.634375 0.1921875 0.0203125
0 0.00703125 0.65859375 0.0140625 0.021875
0 0.23984375 0.6578125 0.228125 0.02109375
0 0.56015625 0.65546875 0.296875 0.01953125
0 0.24609375 0.69921875 0.22265625 0.021875
0 0.4171875 0.69765625 0.07578125 0.02265625
0 0.565625 0.69765625 0.1765625 0.0203125
0 0.7015625 0.69609375 0.05546875 0.021875
0 0.1234375 0.72265625 0.06171875 0.021875
0 0.2953125 0.72109375 0.203125 0.02109375
0 0.43671875 0.71953125 0.0375 0.021875
0 0.4671875 0.71953125 0.0078125 0.02265625
0 0.51484375 0.71875 0.03515625 0.021875
0 0.5453125 0.71796875 0.01171875 0.02265625
0 0.6078125 0.71796875 0.05390625 0.02265625
0 0.6640625 0.71640625 0.01875 0.02265625
0 0.703125 0.71640625 0.0140625 0.02265625
0 0.740625 0.71640625 0.01875 0.02265625
0 0.81875 0.715625 0.09375 0.021875
0 0.23203125 0.74296875 0.06171875 0.021875
0 0.31875 0.74140625 0.1171875 0.021875
0 0.44609375 0.73984375 0.09921875 0.021875
0 0.5125 0.7390625 0.0140625 0.02265625
0 0.58359375 0.7375 0.13359375 0.02109375
0 0.26796875 0.8234375 0.3640625 0.053125
0 0.67421875 0.815625 0.4328125 0.0515625
0 0.24765625 0.87265625 0.0765625 0.021875
0 0.36953125 0.87109375 0.1171875 0.02109375
0 0.55390625 0.86796875 0.2 0.0203125
0 0.0953125 0.96796875 0.059375 0.0203125
0 0.20390625 0.96796875 0.0125 0.02109375
0 0.65859375 0.95859375 0.02734375 0.02265625
0 0.73203125 0.9578125 0.05390625 0.02265625
0 0.77109375 0.9578125 0.0125 0.02265625
0 0.86640625 0.95625 0.0859375 0.021875
0 0.3078125 0.98671875 0.05390625 0.0203125
0 0.521875 0.98359375 0.3 0.01796875
0 0.5921875 0.1359375 0.07890625 0.01796875
0 0.49375 0.29140625 0.02578125 0.015625
0 0.053125 0.38203125 0.10625 0.0234375
0 0.20625 0.25859375 0.146875 0.01875
0 0.03515625 0.7234375 0.06953125 0.01484375
0 0.22109375 0.98671875 0.06328125 0.0140625