0 0.7625 0.17734375 0.23203125 0.0234375
0 0.48046875 0.178125 0.30390625 0.02421875
0 0.11796875 0.178125 0.11171875 0.0234375
0 0.25078125 0.17890625 0.12421875 0.02421875
0 0.66640625 0.20703125 0.23984375 0.01953125
0 0.471875 0.20703125 0.06328125 0.01875
0 0.38046875 0.209375 0.08125 0.02421875
0 0.23515625 0.209375 0.17890625 0.0234375
0 0.61640625 0.23359375 0.14765625 0.01875
0 0.41953125 0.23359375 0.12734375 0.01875
0 0.09375 0.23359375 0.0609375 0.01875
0 0.275 0.23359375 0.125 0.01953125
0 0.5140625 0.23515625 0.0328125 0.02109375
0 0.784375 0.23515625 0.15390625 0.02109375
0 0.1671875 0.23515625 0.05546875 0.02109375
0 0.18671875 0.2609375 0.11484375 0.01875
0 0.7046875 0.2609375 0.1828125 0.01875
0 0.528125 0.2609375 0.1375 0.01875
0 0.35078125 0.26171875 0.18359375 0.021875
0 0.3828125 0.2875 0.1484375 0.01875
0 0.48984375 0.2875 0.04296875 0.01875
0 0.5734375 0.28828125 0.0921875 0.01875
0 0.27890625 0.31640625 0.0765625 0.0171875
0 0.553125 0.3171875 0.25078125 0.0171875
0 0.36328125 0.31875 0.06640625 0.0203125
0 0.52109375 0.35546875 0.19140625 0.021875
0 0.3703125 0.35625 0.0890625 0.02109375
0 0.23046875 0.4015625 0.1015625 0.01796875
0 0.1015625 0.4015625 0.07734375 0.01796875
0 0.76640625 0.40390625 0.1203125 0.01875
0 0.86640625 0.40390625 0.0578125 0.0171875
0 0.5984375 0.40390625 0.18359375 0.01875
0 0.0890625 0.42578125 0.05625 0.01796875
0 0.2296875 0.42578125 0.1015625 0.01796875
0 0.128125 0.45390625 0.13046875 0.0203125
0 0.2828125 0.4546875 0.09921875 0.021875
0 0.6625 0.48984375 0.0859375 0.0171875
0 0.09140625 0.49140625 0.059375 0.021875
0 0.24375 0.49140625 0.18828125 0.021875
0 0.834375 0.4921875 0.16015625 0.0203125
0 0.09296875 0.51953125 0.059375 0.01875
0 0.17421875 0.5203125 0.0640625 0.0171875
0 0.32265625 0.5203125 0.2125 0.01875
0 0.6703125 0.5203125 0.0734375 0.0171875
0 0.8015625 0.5203125 0.08984375 0.0171875
0 0.88828125 0.5203125 0.0515625 0.0171875
0 0.48125 0.5203125 0.08203125 0.01875
0 0.85390625 0.54921875 0.06328125 0.015625
0 0.259375 0.55078125 0.1296875 0.01953125
0 0.15625 0.55078125 0.0640625 0.01953125
0 0.09375 0.575 0.0609375 0.01796875
0 0.2921875 0.575 0.0125 0.01640625
0 0.4265625 0.575 0.08125 0.01640625
0 0.8015625 0.575 0.08984375 0.01640625
0 0.19609375 0.5765625 0.0921875 0.02265625
0 0.81171875 0.6140625 0.07109375 0.0171875
0 0.13828125 0.615625 0.15078125 0.02734375
0 0.809375 0.65 0.07109375 0.01640625
0 0.14453125 0.65078125 0.1640625 0.021875
0 0.2671875 0.65078125 0.05625 0.01875
0 0.790625 0.68671875 0.1125 0.021875
0 0.2296875 0.6875 0.14453125 0.0171875
0 0.1046875 0.6875 0.08125 0.0171875
0 0.3578125 0.6875 0.08671875 0.0171875
0 0.11640625 0.725 0.10703125 0.021875
0 0.790625 0.72578125 0.11015625 0.02109375
0 0.10859375 0.76953125 0.09375 0.02578125
0 0.2734375 0.77109375 0.1984375 0.02265625
0 0.10625 0.8046875 0.084375 0.01796875
0 0.43828125 0.8046875 0.06953125 0.0171875
0 0.209375 0.8046875 0.03125 0.0171875
0 0.36640625 0.8046875 0.0578125 0.0171875
0 0.6234375 0.8046875 0.07578125 0.0171875
0 0.809375 0.80703125 0.16328125 0.02109375
0 0.84375 0.83984375 0.08984375 0.0171875
0 0.621875 0.83984375 0.065625 0.0171875
0 0.09296875 0.83984375 0.053125 0.0171875
0 0.21328125 0.83984375 0.05078125 0.0171875
0 0.421875 0.83984375 0.09609375 0.01953125
0 0.1078125 0.86953125 0.0859375 0.02109375
0 0.84375 0.871875 0.09140625 0.0171875
0 0.41796875 0.871875 0.0890625 0.0234375
0 0.621875 0.871875 0.06640625 0.01796875
0 0.36484375 0.9265625 0.03359375 0.0234375
0 0.475 0.9265625 0.15625 0.0234375
0 0.1359375 0.9265625 0.14296875 0.0234375
0 0.6296875 0.9296875 0.125 0.01796875
0 0.77265625 0.9296875 0.12421875 0.0265625
0 0.26015625 0.9328125 0.07890625 0.021875
0 0.6765625 0.95625 0.03046875 0.0203125
0 0.20703125 0.95625 0.065625 0.0203125
0 0.32734375 0.95625 0.0453125 0.015625
0 0.43125 0.95625 0.1484375 0.015625
0 0.60625 0.95625 0.09140625 0.015625
0 0.86171875 0.95625 0.01484375 0.0140625
0 0.1203125 0.95703125 0.1 0.021875
0 0.53125 0.95703125 0.03828125 0.0140625
0 0.271875 0.9578125 0.0484375 0.01328125
0 0.7703125 0.9578125 0.14609375 0.01875