0 0.19453125 0.0984375 0.20625 0.0390625
0 0.40703125 0.1 0.15390625 0.0390625
0 0.6671875 0.10078125 0.2921875 0.04140625
0 0.8296875 0.1015625 0.0078125 0.03828125
0 0.27265625 0.134375 0.26015625 0.03515625
0 0.58046875 0.13359375 0.28984375 0.03671875
0 0.75 0.1328125 0.0125 0.03671875
0 0.1953125 0.171875 0.20703125 0.03515625
0 0.51484375 0.16875 0.37890625 0.03515625
0 0.77578125 0.1671875 0.0765625 0.03515625
0 0.8296875 0.1671875 0.0078125 0.03671875
0 0.1828125 0.2078125 0.00859375 0.03984375
0 0.2578125 0.20625 0.125 0.0390625
0 0.47578125 0.20390625 0.23046875 0.03671875
0 0.61484375 0.20234375 0.01953125 0.03984375
0 0.72421875 0.20078125 0.18671875 0.0375
0 0.26328125 0.24296875 0.18046875 0.0375
0 0.55625 0.23984375 0.3484375 0.0359375
0 0.1 0.3109375 0.13203125 0.0390625
0 0.1890625 0.31015625 0.0140625 0.040625
0 0.3296875 0.309375 0.25078125 0.03828125
0 0.67734375 0.30625 0.05 0.040625
0 0.71953125 0.30625 0.00703125 0.040625
0 0.8140625 0.30625 0.0984375 0.0390625
0 0.0859375 0.346875 0.10234375 0.0328125
0 0.18125 0.3484375 0.0109375 0.0328125
0 0.22265625 0.346875 0.04453125 0.03359375
0 0.2640625 0.346875 0.00859375 0.0328125
0 0.30390625 0.346875 0.04453125 0.0328125
0 0.27578125 0.4515625 0.09140625 0.03984375
0 0.4390625 0.45078125 0.09296875 0.0390625
0 0.6234375 0.44921875 0.13984375 0.03828125
0 0.2359375 0.5265625 0.18671875 0.03359375
0 0.3703125 0.525 0.025 0.03359375
0 0.17890625 0.5625 0.2953125 0.03359375
0 0.38515625 0.56015625 0.04765625 0.03515625
0 0.7890625 0.52421875 0.15390625 0.034375
0 0.69453125 0.5609375 0.01328125 0.03359375
0 0.77578125 0.56171875 0.12109375 0.03359375
0 0.11015625 0.634375 0.15234375 0.03046875
0 0.11015625 0.6703125 0.15234375 0.03046875
0 0.7234375 0.6265625 0.01484375 0.03046875
0 0.79140625 0.62734375 0.0953125 0.0328125
0 0.696875 0.6609375 0.01328125 0.0296875
0 0.77890625 0.66171875 0.125 0.03203125
0 0.16484375 0.73984375 0.26640625 0.03671875
0 0.69765625 0.73359375 0.01484375 0.03046875
0 0.77734375 0.73359375 0.1234375 0.03046875
0 0.87265625 0.80703125 0.04765625 0.0328125
0 0.065625 0.88515625 0.07421875 0.03828125
0 0.1640625 0.88515625 0.0484375 0.03828125
0 0.20390625 0.88515625 0.00703125 0.03828125
0 0.2734375 0.88515625 0.10078125 0.03828125
0 0.7359375 0.8765625 0.0453125 0.0296875
0 0.7765625 0.8765625 0.00859375 0.02890625
0 0.8421875 0.878125 0.0953125 0.0296875
0 0.3953125 0.95546875 0.07890625 0.02734375
0 0.5734375 0.95078125 0.2078125 0.02578125
0 0.57890625 0.30625 0.07734375 0.03515625
0 0.49453125 0.559375 0.05078125 0.028125
0 0.45078125 0.55859375 0.025 0.02578125
0 0.66953125 0.8765625 0.02890625 0.0265625