0 0.340625 0.1671875 0.15078125 0.01953125
0 0.559375 0.1671875 0.0921875 0.02109375
0 0.4640625 0.1671875 0.05546875 0.0203125
0 0.42578125 0.19296875 0.2078125 0.02109375
0 0.33125 0.21796875 0.0921875 0.01875
0 0.21484375 0.21953125 0.0875 0.0203125
0 0.49296875 0.21953125 0.1875 0.02265625
0 0.65390625 0.21953125 0.08359375 0.021875
0 0.39609375 0.24375 0.1125 0.02109375
0 0.53984375 0.24375 0.13203125 0.021875
0 0.1984375 0.24453125 0.13046875 0.021875
0 0.6859375 0.24453125 0.11640625 0.021875
0 0.29921875 0.24453125 0.0328125 0.021875
0 0.2734375 0.26875 0.09375 0.0203125
0 0.56796875 0.2703125 0.14921875 0.02421875
0 0.4046875 0.2703125 0.1265625 0.021875
0 0.38671875 0.29453125 0.0484375 0.0203125
0 0.23671875 0.29453125 0.05234375 0.0203125
0 0.3109375 0.29453125 0.05703125 0.021875
0 0.5484375 0.2953125 0.22578125 0.0203125
0 0.26328125 0.34609375 0.10546875 0.0203125
0 0.49296875 0.34609375 0.25625 0.0203125
0 0.084375 0.3953125 0.05234375 0.01875
0 0.29375 0.39609375 0.1265625 0.01953125
0 0.47109375 0.39609375 0.14296875 0.0203125
0 0.63828125 0.396875 0.13046875 0.0203125
0 0.15234375 0.39765625 0.0390625 0.02109375
0 0.0921875 0.4203125 0.0734375 0.01953125
0 0.5125 0.42109375 0.14609375 0.0203125
0 0.3234375 0.42265625 0.19375 0.02265625
0 0.15859375 0.47109375 0.20546875 0.02265625
0 0.68984375 0.4734375 0.08125 0.0171875
0 0.78671875 0.4734375 0.053125 0.01875
0 0.36640625 0.4734375 0.05078125 0.021875
0 0.5390625 0.47421875 0.13046875 0.021875
0 0.084375 0.52109375 0.0546875 0.0203125
0 0.159375 0.521875 0.05078125 0.021875
0 0.34921875 0.546875 0.0546875 0.01875
0 0.53046875 0.546875 0.071875 0.01875
0 0.70078125 0.546875 0.0734375 0.0203125
0 0.79609375 0.546875 0.03515625 0.01953125
0 0.0921875 0.5703125 0.0734375 0.0203125
0 0.1875 0.571875 0.0734375 0.021875
0 0.52421875 0.5953125 0.06484375 0.01875
0 0.34921875 0.5953125 0.0546875 0.01953125
0 0.70078125 0.5953125 0.0734375 0.01953125
0 0.79609375 0.59609375 0.03515625 0.01796875
0 0.09921875 0.64453125 0.0875 0.01875
0 0.203125 0.6453125 0.06953125 0.0203125
0 0.27265625 0.6453125 0.01796875 0.01953125
0 0.09921875 0.66953125 0.0875 0.0203125
0 0.26484375 0.67109375 0.18515625 0.02265625
0 0.421875 0.67109375 0.0890625 0.021875
0 0.7765625 0.6703125 0.071875 0.01953125
0 0.08125 0.69375 0.05546875 0.0203125
0 0.19609375 0.6953125 0.13203125 0.02265625
0 0.32890625 0.6953125 0.08515625 0.021875
0 0.7765625 0.6953125 0.075 0.01953125
0 0.09921875 0.71875 0.0890625 0.0203125
0 0.26484375 0.71953125 0.18515625 0.02265625
0 0.3953125 0.71953125 0.0328125 0.0203125
0 0.7765625 0.72109375 0.075 0.0203125
0 0.47265625 0.721875 0.07109375 0.021875
0 0.1625 0.74453125 0.21171875 0.01953125
0 0.73671875 0.74609375 0.146875 0.0203125
0 0.0921875 0.79453125 0.0734375 0.01875
0 0.7765625 0.79609375 0.075 0.01875
0 0.0828125 0.86875 0.0546875 0.0203125
0 0.19609375 0.8703125 0.13203125 0.021875
0 0.52890625 0.8703125 0.1828125 0.02109375
0 0.7453125 0.8703125 0.12890625 0.02265625
0 0.07265625 0.89375 0.03671875 0.0203125
0 0.7765625 0.89453125 0.071875 0.01953125
0 0.5859375 0.89453125 0.075 0.01953125
0 0.3 0.896875 0.109375 0.02578125