0 0.1625 0.09296875 0.26015625 0.025
0 0.40625 0.09609375 0.16484375 0.02734375
0 0.609375 0.1015625 0.1921875 0.025
0 0.80078125 0.10703125 0.11171875 0.028125
0 0.109375 0.1265625 0.13984375 0.01640625
0 0.321875 0.13203125 0.215625 0.02421875
0 0.0984375 0.15390625 0.13125 0.01875
0 0.25234375 0.16015625 0.1265625 0.021875
0 0.3890625 0.1609375 0.0875 0.01875
0 0.47109375 0.1640625 0.01796875 0.0140625
0 0.51796875 0.1640625 0.01953125 0.01875
0 0.08515625 0.1828125 0.11171875 0.0171875
0 0.25234375 0.18828125 0.16953125 0.02421875
0 0.08515625 0.21171875 0.10546875 0.01953125
0 0.2328125 0.21484375 0.1296875 0.01953125
0 0.375 0.2203125 0.10234375 0.0203125
0 0.55625 0.221875 0.1875 0.01953125
0 0.0671875 0.240625 0.07890625 0.0171875
0 0.24453125 0.24296875 0.23515625 0.021875
0 0.09140625 0.29765625 0.1296875 0.01875
0 0.26171875 0.3015625 0.0625 0.01875
0 0.1 0.328125 0.1546875 0.02265625
0 0.225 0.3296875 0.04296875 0.015625
0 0.37265625 0.33203125 0.10390625 0.01875
0 0.125 0.35546875 0.19375 0.0203125
0 0.3015625 0.3609375 0.096875 0.021875
0 0.7015625 0.36875 0.17265625 0.01875
0 0.865625 0.3734375 0.096875 0.0203125
0 0.146875 0.38359375 0.2484375 0.02421875
0 0.7640625 0.39765625 0.17578125 0.01953125
0 0.90234375 0.40078125 0.04453125 0.0171875
0 0.1078125 0.44140625 0.1296875 0.01953125
0 0.2875 0.44453125 0.128125 0.01953125
0 0.09375 0.4703125 0.10859375 0.0171875
0 0.4671875 0.478125 0.0359375 0.015625
0 0.7921875 0.48359375 0.11015625 0.01953125
0 0.103125 0.49765625 0.13359375 0.01953125
0 0.284375 0.50234375 0.128125 0.01640625
0 0.09140625 0.5265625 0.11015625 0.01875
0 0.4625 0.53515625 0.03984375 0.0171875
0 0.79296875 0.54140625 0.10546875 0.01953125
0 0.078125 0.58359375 0.1296875 0.02265625
0 0.225 0.58671875 0.01953125 0.02265625
0 0.31484375 0.58984375 0.11015625 0.0203125
0 0.04296875 0.64140625 0.065625 0.0171875
0 0.15703125 0.64453125 0.11015625 0.02265625
0 0.8328125 0.6578125 0.159375 0.02421875
0 0.1 0.6734375 0.184375 0.02265625
0 0.24375 0.67734375 0.07265625 0.021875
0 0.84375 0.68828125 0.13515625 0.021875
0 0.05859375 0.69921875 0.1 0.0171875
0 0.8328125 0.7171875 0.15625 0.0203125
0 0.08203125 0.73125 0.1546875 0.021875
0 0.23046875 0.734375 0.08515625 0.021875
0 0.8640625 0.74765625 0.1 0.021875
0 0.09375 0.75859375 0.17734375 0.0203125
0 0.25078125 0.7625 0.0875 0.0171875
0 0.82890625 0.775 0.1609375 0.0203125
0 0.06953125 0.78984375 0.1296875 0.021875
0 0.82890625 0.803125 0.1546875 0.021875
0 0.1703125 0.84765625 0.11328125 0.01875
0 0.28125 0.85078125 0.065625 0.0171875
0 0.41796875 0.85390625 0.0625 0.0171875
0 0.51953125 0.85625 0.08515625 0.01953125
0 0.6453125 0.8609375 0.11328125 0.021875
0 0.1453125 0.8765625 0.10703125 0.0171875
0 0.271875 0.88046875 0.08359375 0.0171875
0 0.37265625 0.88203125 0.0640625 0.01875
0 0.4625 0.884375 0.065625 0.0171875
0 0.63125 0.88828125 0.2234375 0.01875
0 0.78125 0.89140625 0.003125 0.0140625
0 0.03515625 0.90390625 0.05390625 0.015625
0 0.15625 0.90625 0.13828125 0.01953125
0 0.2953125 0.9109375 0.0875 0.0171875
0 0.40703125 0.9109375 0.0875 0.0203125
0 0.540625 0.915625 0.13359375 0.01875
0 0.7125 0.91875 0.1578125 0.01875
0 0.8484375 0.9203125 0.0625 0.0171875