0 0.16328125 0.0890625 0.10390625 0.021875
0 0.28515625 0.08828125 0.071875 0.021875
0 0.33671875 0.0875 0.00859375 0.021875
0 0.3953125 0.0875 0.07578125 0.021875
0 0.44609375 0.08671875 0.0125 0.021875
0 0.48828125 0.08671875 0.04453125 0.021875
0 0.6875 0.0859375 0.28515625 0.0203125
0 0.22890625 0.11171875 0.18046875 0.01953125
0 0.43515625 0.11015625 0.1546875 0.0203125
0 0.6421875 0.1078125 0.0265625 0.021875
0 0.73515625 0.10703125 0.153125 0.0203125
0 0.19296875 0.134375 0.15703125 0.0203125
0 0.396875 0.1328125 0.1828125 0.0203125
0 0.62421875 0.13125 0.2109375 0.0203125
0 0.78828125 0.1296875 0.04921875 0.02109375
0 0.8265625 0.1296875 0.01015625 0.021875
0 0.1375 0.15703125 0.15703125 0.01953125
0 0.340625 0.15546875 0.1796875 0.01953125
0 0.50234375 0.15390625 0.0765625 0.01953125
0 0.61015625 0.153125 0.01015625 0.0203125
0 0.6515625 0.15234375 0.04609375 0.0203125
0 0.7328125 0.1515625 0.04921875 0.0203125
0 0.7734375 0.15078125 0.01484375 0.0203125
0 0.8421875 0.15078125 0.1046875 0.01953125
0 0.44921875 0.17734375 0.23359375 0.0203125
0 0.5859375 0.1765625 0.02578125 0.02109375
0 0.6921875 0.17578125 0.1890625 0.0203125
0 0.2890625 0.20078125 0.184375 0.01796875
0 0.58671875 0.2 0.3375 0.0203125
0 0.19375 0.22265625 0.259375 0.01875
0 0.63984375 0.22109375 0.0796875 0.021875
0 0.73828125 0.2203125 0.0671875 0.02265625
0 0.784375 0.21953125 0.0296875 0.02265625
0 0.8671875 0.21953125 0.10390625 0.02265625
0 0.11484375 0.24609375 0.09921875 0.01953125
0 0.18125 0.24609375 0.00859375 0.01953125
0 0.2890625 0.2453125 0.12734375 0.01875
0 0.3046875 0.2796875 0.0453125 0.02109375
0 0.34453125 0.2796875 0.00625 0.02109375
0 0.62734375 0.278125 0.04609375 0.0203125
0 0.13203125 0.31640625 0.12734375 0.01875
0 0.13046875 0.33828125 0.1265625 0.02109375
0 0.14296875 0.3609375 0.15546875 0.01796875
0 0.809375 0.353125 0.13203125 0.0171875
0 0.13125 0.38203125 0.128125 0.01953125
0 0.13203125 0.40390625 0.128125 0.0171875
0 0.78515625 0.39921875 0.13984375 0.01796875
0 0.14765625 0.4265625 0.15859375 0.0203125
0 0.79453125 0.42109375 0.15390625 0.0203125
0 0.1328125 0.4484375 0.128125 0.0203125
0 0.1359375 0.4703125 0.12890625 0.0203125
0 0.56875 0.4671875 0.07578125 0.0203125
0 0.1359375 0.49296875 0.1265625 0.02109375
0 0.13671875 0.515625 0.13125 0.01953125
0 0.13671875 0.5375 0.13046875 0.01953125
0 0.14765625 0.5828125 0.1515625 0.01953125
0 0.23203125 0.603125 0.309375 0.01796875
0 0.7828125 0.57578125 0.13046875 0.0203125
0 0.67578125 0.5984375 0.01875 0.0203125
0 0.76953125 0.5984375 0.15390625 0.0203125
0 0.13671875 0.64609375 0.12734375 0.01640625
0 0.1703125 0.69296875 0.1765625 0.021875
0 0.275 0.69296875 0.025 0.021875
0 0.32578125 0.69296875 0.01640625 0.021875
0 0.35234375 0.69296875 0.01875 0.021875
0 0.4609375 0.69296875 0.178125 0.021875
0 0.62109375 0.69296875 0.01484375 0.021875
0 0.2640625 0.72421875 0.01015625 0.01328125
0 0.42578125 0.72421875 0.296875 0.01328125
0 0.68671875 0.72421875 0.096875 0.01328125
0 0.74765625 0.72421875 0.00859375 0.01328125
0 0.840625 0.72421875 0.1640625 0.01328125
0 0.12109375 0.73671875 0.09296875 0.01171875
0 0.20859375 0.73671875 0.03671875 0.01171875
0 0.2375 0.73671875 0.00859375 0.01171875
0 0.2890625 0.73671875 0.078125 0.01171875
0 0.70703125 0.73828125 0.10078125 0.009375
0 0.8 0.73828125 0.03515625 0.009375
0 0.83203125 0.73828125 0.00859375 0.009375
0 0.8859375 0.73828125 0.075 0.009375
0 0.115625 0.75078125 0.090625 0.0109375
0 0.1765625 0.75078125 0.01015625 0.0109375
0 0.309375 0.75078125 0.19921875 0.0109375
0 0.73828125 0.7515625 0.078125 0.01015625
0 0.78828125 0.7515625 0.00859375 0.01015625
0 0.87421875 0.7515625 0.1015625 0.01015625
0 0.0953125 0.7640625 0.06015625 0.00859375
0 0.13203125 0.7640625 0.00625 0.009375
0 0.7796875 0.76484375 0.30078125 0.0109375
0 0.4921875 0.78984375 0.19921875 0.0171875
0 0.8 0.803125 0.15859375 0.01796875
0 0.4125 0.81484375 0.12265625 0.01015625
0 0.56171875 0.815625 0.13671875 0.01015625
0 0.37890625 0.828125 0.1328125 0.0109375
0 0.5140625 0.828125 0.08125 0.01015625
0 0.62265625 0.82890625 0.09375 0.0109375
0 0.2890625 0.84140625 0.1984375 0.0125
0 0.5546875 0.84140625 0.23984375 0.0125
0 0.7578125 0.84140625 0.0578125 0.01171875
0 0.0953125 0.85546875 0.05703125 0.01328125
0 0.16640625 0.85546875 0.03828125 0.01328125
0 0.19453125 0.85546875 0.01015625 0.01328125
0 0.35078125 0.85546875 0.24453125 0.01328125
0 0.6171875 0.85546875 0.078125 0.01328125
0 0.7171875 0.85546875 0.07578125 0.01328125
0 0.76953125 0.85546875 0.00859375 0.01328125
0 0.86484375 0.85546875 0.1203125 0.01328125
0 0.15703125 0.86796875 0.096875 0.01328125
0 0.31796875 0.86796875 0.178125 0.0125
0 0.4625 0.86796875 0.05703125 0.01328125
0 0.55546875 0.86796875 0.0765625 0.01328125
0 0.6765625 0.86796875 0.11796875 0.01328125
0 0.8109375 0.86796875 0.1015625 0.01328125
0 0.090625 0.87890625 0.0265625 0.01484375
0 0.2984375 0.8796875 0.0953125 0.015625
0 0.40078125 0.8796875 0.0640625 0.015625
0 0.53984375 0.8796875 0.184375 0.015625
0 0.77109375 0.88046875 0.22421875 0.015625
0 0.8921875 0.88046875 0.0078125 0.01484375
0 0.290625 0.89453125 0.040625 0.0109375
0 0.3984375 0.89453125 0.13828125 0.01171875
0 0.59609375 0.89453125 0.20234375 0.01171875
0 0.3109375 0.90703125 0.034375 0.01171875
0 0.340625 0.90625 0.0046875 0.01171875
0 0.53515625 0.9078125 0.32265625 0.01328125
0 0.33203125 0.9171875 0.07578125 0.01171875
0 0.4734375 0.91953125 0.1578125 0.0125
0 0.44453125 0.94296875 0.46484375 0.0265625
0 0.15625 0.28203125 0.1921875 0.01953125
0 0.5765625 0.31328125 0.04921875 0.0171875
0 0.53515625 0.3140625 0.025 0.0125
0 0.5375 0.33671875 0.02734375 0.01171875
0 0.58046875 0.3359375 0.04609375 0.0171875
0 0.7796875 0.3109375 0.13125 0.0171875
0 0.7828125 0.33203125 0.13203125 0.015625
0 0.70078125 0.334375 0.0265625 0.01171875
0 0.69296875 0.31328125 0.02109375 0.01171875
0 0.78359375 0.37734375 0.13125 0.01640625
0 0.7015625 0.39921875 0.0234375 0.01328125
0 0.70078125 0.37734375 0.0265625 0.0109375
0 0.58203125 0.37890625 0.0515625 0.01875
0 0.534375 0.38046875 0.0296875 0.0125
0 0.53828125 0.40234375 0.03046875 0.01171875
0 0.57890625 0.4015625 0.04765625 0.01796875
0 0.765625 0.44375 0.15859375 0.01796875
0 0.67109375 0.44609375 0.02265625 0.01171875
0 0.70078125 0.4671875 0.025 0.01328125
0 0.78359375 0.465625 0.1328125 0.0171875
0 0.784375 0.4875 0.13203125 0.01640625
0 0.70234375 0.4890625 0.03046875 0.01171875
0 0.70234375 0.5109375 0.03046875 0.01171875
0 0.78828125 0.51015625 0.13984375 0.01953125
0 0.58125 0.44453125 0.05703125 0.01796875
0 0.53828125 0.446875 0.02890625 0.0125
0 0.78515625 0.5328125 0.13671875 0.0203125
0 0.70625 0.53359375 0.0328125 0.0109375
0 0.5859375 0.534375 0.04609375 0.01796875
0 0.5390625 0.53515625 0.034375 0.01328125
0 0.54296875 0.51328125 0.02890625 0.0125
0 0.58359375 0.5125 0.05234375 0.01875
0 0.5859375 0.490625 0.0515625 0.0203125
0 0.540625 0.49140625 0.02734375 0.01328125
0 0.7015625 0.57734375 0.02578125 0.01328125
0 0.775 0.64296875 0.1734375 0.0203125
0 0.678125 0.64375 0.02890625 0.01328125
0 0.596875 0.69375 0.0296875 0.01640625
0 0.13203125 0.72421875 0.11640625 0.01171875
0 0.23203125 0.7234375 0.0421875 0.009375
0 0.18515625 0.88125 0.10234375 0.01171875