0 0.25234375 0.13359375 0.33671875 0.0203125
0 0.496875 0.134375 0.11796875 0.01953125
0 0.7 0.134375 0.2453125 0.01953125
0 0.14296875 0.1703125 0.1234375 0.01484375
0 0.33515625 0.1703125 0.1609375 0.01484375
0 0.48203125 0.17109375 0.0359375 0.01484375
0 0.69375 0.17109375 0.28828125 0.01484375
0 0.121875 0.18671875 0.078125 0.0140625
0 0.3265625 0.18671875 0.275 0.0140625
0 0.378125 0.203125 0.25234375 0.0140625
0 0.1140625 0.203125 0.0625 0.0140625
0 0.196875 0.203125 0.05625 0.0140625
0 0.134375 0.21875 0.103125 0.01484375
0 0.27265625 0.21875 0.08125 0.0140625
0 0.40859375 0.2203125 0.14609375 0.01796875
0 0.5578125 0.22109375 0.09765625 0.01796875
0 0.18125 0.234375 0.09921875 0.0140625
0 0.26171875 0.25 0.103125 0.015625
0 0.134375 0.25078125 0.10390625 0.0140625
0 0.3984375 0.25078125 0.128125 0.0140625
0 0.12265625 0.26640625 0.08046875 0.01484375
0 0.2625 0.26640625 0.14453125 0.01484375
0 0.503125 0.2671875 0.07890625 0.0140625
0 0.39921875 0.2671875 0.08359375 0.0140625
0 0.7796875 0.2671875 0.0828125 0.0140625
0 0.6421875 0.2671875 0.14140625 0.0140625
0 0.17265625 0.28359375 0.17734375 0.0125
0 0.403125 0.2859375 0.26328125 0.01640625
0 0.12578125 0.29921875 0.08125 0.0125
0 0.3109375 0.30078125 0.2625 0.0140625
0 0.12421875 0.33046875 0.08359375 0.01484375
0 0.41953125 0.36171875 0.2078125 0.0140625
0 0.1546875 0.3625 0.146875 0.0140625
0 0.27109375 0.3625 0.03515625 0.0140625
0 0.5984375 0.3625 0.09765625 0.01328125
0 0.7796875 0.3625 0.20703125 0.01484375
0 0.19765625 0.378125 0.23046875 0.0140625
0 0.3875 0.378125 0.0171875 0.0140625
0 0.596875 0.378125 0.0984375 0.0140625
0 0.7578125 0.37890625 0.16484375 0.0140625
0 0.3453125 0.3796875 0.0109375 0.01015625
0 0.15625 0.39375 0.146875 0.0140625
0 0.33671875 0.39375 0.08046875 0.0140625
0 0.2625 0.3953125 0.009375 0.0109375
0 0.12578125 0.42578125 0.08125 0.0140625
0 0.515625 0.42578125 0.0625 0.0140625
0 0.68359375 0.42578125 0.06015625 0.0140625
0 0.84140625 0.4265625 0.1234375 0.0140625
0 0.65234375 0.45703125 0.1234375 0.0171875
0 0.49375 0.45703125 0.0171875 0.0125
0 0.20703125 0.4578125 0.24921875 0.0140625
0 0.85234375 0.4578125 0.14375 0.0140625
0 0.134375 0.47421875 0.103125 0.0140625
0 0.27109375 0.47421875 0.12578125 0.0140625
0 0.41796875 0.47421875 0.12578125 0.0140625
0 0.55625 0.47421875 0.10546875 0.0140625
0 0.1328125 0.50546875 0.103125 0.0140625
0 0.29140625 0.50625 0.16640625 0.01328125
0 0.61953125 0.50625 0.01328125 0.01328125
0 0.6265625 0.55390625 0.18515625 0.0140625
0 0.86875 0.5546875 0.11953125 0.0140625
0 0.5734375 0.56875 0.08359375 0.01484375
0 0.88828125 0.5703125 0.08515625 0.01484375
0 0.56640625 0.58515625 0.0578125 0.01484375
0 0.8875 0.58671875 0.08046875 0.01484375
0 0.6140625 0.60234375 0.1671875 0.0140625
0 0.8875 0.60234375 0.08515625 0.0140625
0 0.2390625 0.61796875 0.2 0.01484375
0 0.80859375 0.61796875 0.23984375 0.0140625
0 0.2140625 0.63359375 0.1640625 0.0140625
0 0.8078125 0.634375 0.24453125 0.01484375
0 0.2578125 0.64921875 0.246875 0.0140625
0 0.846875 0.65 0.159375 0.01484375
0 0.42265625 0.7109375 0.06015625 0.01640625
0 0.55234375 0.7125 0.14921875 0.015625
0 0.13828125 0.74296875 0.08046875 0.0140625
0 0.49609375 0.74375 0.1234375 0.0140625
0 0.84375 0.74375 0.146875 0.0140625
0 0.67578125 0.7453125 0.01953125 0.01640625
0 0.1171875 0.775 0.03984375 0.0140625
0 0.496875 0.775 0.121875 0.01328125
0 0.675 0.77578125 0.01796875 0.0140625
0 0.87578125 0.77578125 0.08359375 0.0140625
0 0.52734375 0.82265625 0.06015625 0.0140625
0 0.6421875 0.8234375 0.11875 0.0140625
0 0.87578125 0.82421875 0.08359375 0.0140625
0 0.2421875 0.88671875 0.1015625 0.0140625
0 0.35859375 0.88671875 0.08125 0.0140625
0 0.453125 0.88671875 0.06015625 0.0140625
0 0.53828125 0.88671875 0.05859375 0.0140625
0 0.70390625 0.88828125 0.225 0.01796875
0 0.45390625 0.90234375 0.10078125 0.0140625
0 0.56875 0.90234375 0.0765625 0.0140625