0 0.16796875 0.06328125 0.2125 0.01484375
0 0.63203125 0.06328125 0.0765625 0.0171875
0 0.38984375 0.06328125 0.2109375 0.0203125
0 0.72578125 0.06484375 0.08125 0.01640625
0 0.54296875 0.06484375 0.0796875 0.01875
0 0.871875 0.065625 0.165625 0.01875
0 0.56640625 0.0828125 0.1296875 0.0171875
0 0.67578125 0.0828125 0.06328125 0.01640625
0 0.44453125 0.08359375 0.090625 0.0203125
0 0.3375 0.084375 0.09453125 0.01875
0 0.31328125 0.103125 0.0875 0.01484375
0 0.41328125 0.103125 0.0796875 0.01484375
0 0.51640625 0.1046875 0.10078125 0.0171875
0 0.65859375 0.1046875 0.14765625 0.01484375
0 0.23828125 0.121875 0.05546875 0.01484375
0 0.3015625 0.121875 0.0515625 0.01484375
0 0.41796875 0.121875 0.15078125 0.0171875
0 0.58515625 0.12265625 0.11875 0.01484375
0 0.73671875 0.12265625 0.15234375 0.01640625
0 0.35390625 0.14140625 0.078125 0.01484375
0 0.43203125 0.14140625 0.0515625 0.01484375
0 0.584375 0.14140625 0.23046875 0.01640625
0 0.25703125 0.18125 0.05390625 0.0265625
0 0.371875 0.18125 0.1296875 0.02734375
0 0.46796875 0.18125 0.01484375 0.0265625
0 0.59296875 0.1828125 0.19296875 0.02734375
0 0.746875 0.1828125 0.07109375 0.02734375
0 0.44140625 0.23125 0.075 0.02734375
0 0.52734375 0.23203125 0.05546875 0.02734375
0 0.74921875 0.23203125 0.15078125 0.02734375
0 0.59609375 0.23359375 0.0390625 0.0234375
0 0.11328125 0.2578125 0.1265625 0.01640625
0 0.56953125 0.2625 0.084375 0.0125
0 0.73359375 0.2625 0.19140625 0.0125
0 0.121875 0.2890625 0.15234375 0.0265625
0 0.26796875 0.290625 0.090625 0.025
0 0.39140625 0.290625 0.11328125 0.025
0 0.49609375 0.290625 0.05390625 0.02734375
0 0.571875 0.290625 0.05703125 0.02734375
0 0.103125 0.31875 0.11171875 0.0125
0 0.3328125 0.31953125 0.0359375 0.01328125
0 0.43671875 0.31953125 0.01953125 0.01328125
0 0.47578125 0.31953125 0.01640625 0.01328125
0 0.2359375 0.3203125 0.10546875 0.0171875
0 0.4 0.3203125 0.01171875 0.0109375
0 0.09296875 0.3375 0.09609375 0.0140625
0 0.18203125 0.3390625 0.0328125 0.01171875
0 0.275 0.3390625 0.10234375 0.01796875
0 0.21796875 0.35859375 0.11171875 0.0125
0 0.09296875 0.35859375 0.0921875 0.0125
0 0.4859375 0.35859375 0.14453125 0.0140625
0 0.33984375 0.36015625 0.0859375 0.0171875
0 0.0984375 0.37578125 0.10234375 0.0171875
0 0.2625 0.37734375 0.2 0.01875
0 0.44921875 0.396875 0.05703125 0.0171875
0 0.74765625 0.396875 0.0859375 0.0171875
0 0.57734375 0.396875 0.1734375 0.0171875
0 0.3140625 0.42109375 0.05703125 0.0140625
0 0.6109375 0.42109375 0.0734375 0.01484375
0 0.54375 0.42109375 0.01953125 0.0140625
0 0.14453125 0.42109375 0.2109375 0.01484375
0 0.39375 0.42109375 0.05390625 0.0171875
0 0.46796875 0.42109375 0.05390625 0.01484375
0 0.7546875 0.4234375 0.1328125 0.01875
0 0.13203125 0.45234375 0.18984375 0.0140625
0 0.30390625 0.45234375 0.075 0.0140625
0 0.41015625 0.45234375 0.01484375 0.0140625
0 0.4859375 0.45234375 0.01484375 0.0140625
0 0.54296875 0.45234375 0.01796875 0.01328125
0 0.7828125 0.45390625 0.075 0.0125
0 0.63984375 0.45390625 0.02265625 0.01796875
0 0.121875 0.47109375 0.171875 0.01484375
0 0.3046875 0.471875 0.0734375 0.01484375
0 0.41015625 0.47265625 0.01484375 0.0140625
0 0.4859375 0.47265625 0.01484375 0.0140625
0 0.54296875 0.47265625 0.01796875 0.0140625
0 0.6296875 0.47265625 0.0328125 0.0140625
0 0.775 0.47421875 0.0921875 0.0125
0 0.12421875 0.4921875 0.1703125 0.01328125
0 0.30703125 0.4921875 0.07109375 0.01484375
0 0.41015625 0.4921875 0.01484375 0.01484375
0 0.48828125 0.49375 0.01640625 0.0125
0 0.54296875 0.49375 0.01796875 0.0125
0 0.63984375 0.49375 0.01640625 0.0125
0 0.79375 0.49296875 0.0515625 0.01484375
0 0.759375 0.496875 0.02578125 0.025
0 0.35 0.525 0.0921875 0.02890625
0 0.4375 0.5265625 0.040625 0.02734375
0 0.775 0.528125 0.0921875 0.025
0 0.55390625 0.52890625 0.14921875 0.034375
0 0.121875 0.56171875 0.16875 0.01484375
0 0.6390625 0.56171875 0.01484375 0.0140625
0 0.4859375 0.56171875 0.01484375 0.0140625
0 0.54296875 0.56171875 0.01796875 0.0140625
0 0.3015625 0.56171875 0.075 0.0140625
0 0.4 0.56171875 0.034375 0.0140625
0 0.7828125 0.56328125 0.075 0.01328125
0 0.12109375 0.59453125 0.0921875 0.03046875
0 0.21015625 0.59609375 0.040625 0.028125
0 0.7828125 0.59609375 0.075 0.02734375
0 0.321875 0.5984375 0.15078125 0.03359375
0 0.4734375 0.5984375 0.10546875 0.03359375
0 0.5984375 0.5984375 0.0859375 0.03515625
0 0.60625 0.6359375 0.06953125 0.02734375
0 0.78046875 0.6359375 0.075 0.02734375
0 0.13984375 0.67890625 0.090625 0.0296875
0 0.228125 0.6796875 0.040625 0.02734375
0 0.78359375 0.68125 0.0765625 0.0265625
0 0.340625 0.6828125 0.14921875 0.03515625
0 0.48359375 0.6828125 0.084375 0.03515625
0 0.59765625 0.6828125 0.0875 0.03515625
0 0.43671875 0.71953125 0.0421875 0.02734375
0 0.775 0.72109375 0.0921875 0.02421875
0 0.3515625 0.72109375 0.09609375 0.02734375
0 0.559375 0.721875 0.1609375 0.03359375
0 0.42578125 0.7609375 0.0921875 0.02890625
0 0.5640625 0.7625 0.134375 0.0296875
0 0.78046875 0.76328125 0.084375 0.028125
0 0.11640625 0.809375 0.14453125 0.01484375
0 0.2640625 0.83046875 0.0921875 0.01328125
0 0.11953125 0.83046875 0.15078125 0.01328125
0 0.6453125 0.83046875 0.0921875 0.0125
0 0.80703125 0.83046875 0.18203125 0.0140625
0 0.46484375 0.83125 0.034375 0.0109375
0 0.3765625 0.83203125 0.090625 0.0171875
0 0.540625 0.8328125 0.075 0.0171875
0 0.3328125 0.85 0.0359375 0.01484375
0 0.071875 0.85 0.05390625 0.0140625
0 0.4625 0.85078125 0.18828125 0.01484375
0 0.771875 0.85234375 0.03046875 0.0109375
0 0.2078125 0.853125 0.165625 0.01484375
0 0.65546875 0.853125 0.14921875 0.01484375
0 0.31171875 0.871875 0.075 0.01328125
0 0.2359375 0.871875 0.034375 0.01328125
0 0.87734375 0.871875 0.05390625 0.01328125
0 0.809375 0.871875 0.0375 0.01328125
0 0.665625 0.8734375 0.2078125 0.0171875
0 0.12109375 0.8734375 0.15078125 0.0171875
0 0.45546875 0.87421875 0.1671875 0.0125
0 0.65859375 0.89140625 0.0375 0.01484375
0 0.72578125 0.89140625 0.0515625 0.01484375
0 0.1890625 0.89296875 0.046875 0.01171875
0 0.47578125 0.89296875 0.0515625 0.01171875
0 0.56953125 0.89296875 0.09453125 0.01171875
0 0.30078125 0.89296875 0.125 0.01875
0 0.40859375 0.89296875 0.0375 0.0109375
0 0.09296875 0.89453125 0.0890625 0.01484375
0 0.78046875 0.9109375 0.01640625 0.01171875
0 0.68828125 0.9109375 0.1265625 0.01484375
0 0.484375 0.9109375 0.0734375 0.01484375
0 0.56875 0.9125 0.05390625 0.0125
0 0.321875 0.9125 0.09609375 0.0125
0 0.4109375 0.91328125 0.0328125 0.01171875
0 0.14921875 0.9140625 0.2078125 0.0171875
0 0.29375 0.9328125 0.075 0.0125
0 0.1375 0.93515625 0.19609375 0.01953125
0 0.44453125 0.95234375 0.259375 0.021875
0 0.63984375 0.95234375 0.11015625 0.0171875