0 0.2265625 0.19296875 0.07734375 0.02109375
0 0.7234375 0.19296875 0.059375 0.02109375
0 0.809375 0.19375 0.0609375 0.0203125
0 0.48359375 0.19375 0.38359375 0.02109375
0 0.503125 0.2203125 0.20234375 0.02578125
0 0.17421875 0.24296875 0.0578125 0.02109375
0 0.4703125 0.24375 0.14375 0.02265625
0 0.246875 0.24375 0.040625 0.0203125
0 0.321875 0.24453125 0.0625 0.0203125
0 0.6484375 0.24453125 0.165625 0.0203125
0 0.82734375 0.24765625 0.1421875 0.0265625
0 0.21953125 0.2703125 0.1015625 0.01953125
0 0.35703125 0.2703125 0.1265625 0.01953125
0 0.5671875 0.2703125 0.25 0.01953125
0 0.775 0.27265625 0.11796875 0.02578125
0 0.6609375 0.29453125 0.103125 0.02109375
0 0.525 0.2953125 0.08125 0.02265625
0 0.37578125 0.29609375 0.1671875 0.0234375
0 0.5046875 0.32265625 0.17265625 0.02421875
0 0.5578125 0.371875 0.1421875 0.01953125
0 0.428125 0.371875 0.059375 0.01953125
0 0.69453125 0.396875 0.25 0.02109375
0 0.15546875 0.396875 0.0609375 0.02109375
0 0.365625 0.396875 0.13984375 0.02109375
0 0.240625 0.4 0.059375 0.02578125
0 0.87421875 0.446875 0.103125 0.02109375
0 0.18828125 0.446875 0.2046875 0.02109375
0 0.11171875 0.47109375 0.0609375 0.02109375
0 0.3203125 0.471875 0.05546875 0.0203125
0 0.21796875 0.471875 0.1015625 0.0203125
0 0.471875 0.471875 0.184375 0.02109375
0 0.134375 0.49609375 0.103125 0.02109375
0 0.45078125 0.49609375 0.2296875 0.02109375
0 0.6421875 0.49609375 0.1015625 0.02109375
0 0.778125 0.49765625 0.1234375 0.02109375
0 0.89453125 0.4984375 0.0625 0.01953125
0 0.26953125 0.49921875 0.07578125 0.015625
0 0.56328125 0.52265625 0.0796875 0.0203125
0 0.82421875 0.52265625 0.20625 0.0203125
0 0.11171875 0.52265625 0.0171875 0.0203125
0 0.32421875 0.52265625 0.3546875 0.0203125
0 0.66953125 0.5234375 0.07578125 0.01796875
0 0.41796875 0.57265625 0.0828125 0.02109375
0 0.5546875 0.57265625 0.146875 0.02109375
0 0.12421875 0.5984375 0.0828125 0.02109375
0 0.78046875 0.6 0.121875 0.0203125
0 0.25078125 0.6 0.1265625 0.0203125
0 0.215625 0.625 0.103125 0.02109375
0 0.11171875 0.625 0.0609375 0.02109375
0 0.35546875 0.62578125 0.1203125 0.01953125
0 0.778125 0.62578125 0.1234375 0.01953125
0 0.134375 0.65 0.103125 0.02109375
0 0.271875 0.65 0.125 0.02109375
0 0.78046875 0.6515625 0.121875 0.02109375
0 0.14296875 0.67578125 0.1265625 0.02109375
0 0.26953125 0.67578125 0.0828125 0.02109375
0 0.7765625 0.67734375 0.1265625 0.01953125
0 0.18671875 0.7015625 0.1234375 0.0203125
0 0.31484375 0.70234375 0.0828125 0.01953125
0 0.4640625 0.70234375 0.1640625 0.02109375
0 0.61171875 0.70234375 0.07734375 0.02109375
0 0.715625 0.70234375 0.0828125 0.02109375
0 0.8203125 0.70234375 0.0828125 0.02109375
0 0.1328125 0.75234375 0.1 0.02265625
0 0.44921875 0.753125 0.1890625 0.02109375
0 0.26953125 0.753125 0.1265625 0.02109375
0 0.778125 0.7546875 0.1296875 0.02421875
0 0.165625 0.7796875 0.165625 0.02109375
0 0.321875 0.7796875 0.103125 0.02109375
0 0.4328125 0.7796875 0.0578125 0.02109375
0 0.525 0.7796875 0.08125 0.02109375
0 0.6296875 0.7796875 0.07734375 0.02109375
0 0.14296875 0.8046875 0.1234375 0.02265625
0 0.26796875 0.80546875 0.07578125 0.02265625
0 0.45078125 0.80546875 0.2296875 0.02265625
0 0.1546875 0.83125 0.14375 0.02109375
0 0.290625 0.8328125 0.07734375 0.01953125
0 0.4953125 0.8328125 0.2671875 0.02109375
0 0.459375 0.8578125 0.165625 0.02265625
0 0.60859375 0.86015625 0.0828125 0.028125
0 0.471875 0.90859375 0.1 0.02109375
0 0.57578125 0.91015625 0.0640625 0.01953125
0 0.396875 0.934375 0.084375 0.02109375
0 0.54453125 0.934375 0.0828125 0.02109375
0 0.64140625 0.93515625 0.05546875 0.0265625
0 0.471875 0.9375 0.021875 0.015625
0 0.50078125 0.96015625 0.42421875 0.0234375