0 0.215625 0.10859375 0.24140625 0.03046875
0 0.52265625 0.1109375 0.27734375 0.03125
0 0.7875 0.1140625 0.15 0.02890625
0 0.1125 0.134375 0.034375 0.02734375
0 0.20625 0.134375 0.09921875 0.02734375
0 0.31015625 0.1359375 0.05703125 0.02734375
0 0.43203125 0.13671875 0.13671875 0.028125
0 0.5859375 0.1375 0.11875 0.028125
0 0.7390625 0.13828125 0.0984375 0.028125
0 0.8625 0.13984375 0.0578125 0.02734375
0 0.90390625 0.13984375 0.0046875 0.02734375
0 0.1546875 0.159375 0.11875 0.02734375
0 0.259375 0.16015625 0.03671875 0.02734375
0 0.2890625 0.16015625 0.003125 0.0265625
0 0.36015625 0.16015625 0.078125 0.02734375
0 0.5140625 0.1609375 0.18046875 0.02734375
0 0.69765625 0.1625 0.13828125 0.02734375
0 0.8109375 0.16328125 0.0375 0.0265625
0 0.8421875 0.16328125 0.00390625 0.0265625
0 0.8625 0.16328125 0.01796875 0.0265625
0 0.10390625 0.18203125 0.0171875 0.025
0 0.12421875 0.18203125 0.00390625 0.025
0 0.15703125 0.18203125 0.0375 0.02578125
0 0.24765625 0.1828125 0.09609375 0.02578125
0 0.31015625 0.18359375 0.015625 0.025
0 0.390625 0.18359375 0.1375 0.02578125
0 0.51484375 0.184375 0.05703125 0.025
0 0.55546875 0.184375 0.00390625 0.02421875
0 0.575 0.18515625 0.0171875 0.02421875
0 0.6375 0.18671875 0.08984375 0.021875
0 0.71875 0.18515625 0.05625 0.02578125
0 0.8109375 0.1859375 0.0796875 0.025
0 0.1453125 0.20546875 0.09921875 0.02421875
0 0.33046875 0.20625 0.22109375 0.02578125
0 0.609375 0.20859375 0.2875 0.0203125
0 0.3421875 0.23203125 0.49453125 0.02109375
0 0.15625 0.253125 0.11875 0.0265625
0 0.2984375 0.25390625 0.11640625 0.0265625
0 0.47421875 0.2546875 0.1390625 0.0265625
0 0.59609375 0.2546875 0.05703125 0.02578125
0 0.72734375 0.25546875 0.1171875 0.0265625
0 0.85234375 0.25625 0.078125 0.02578125
0 0.13515625 0.2765625 0.07734375 0.02578125
0 0.18671875 0.2765625 0.00390625 0.025
0 0.23828125 0.27734375 0.0375 0.02578125
0 0.26875 0.27734375 0.00390625 0.025
0 0.28984375 0.278125 0.01484375 0.025
0 0.40234375 0.278125 0.159375 0.0265625
0 0.49453125 0.27890625 0.01484375 0.025
0 0.5859375 0.2796875 0.159375 0.02578125
0 0.15546875 0.30078125 0.11953125 0.0265625
0 0.259375 0.3015625 0.03671875 0.02578125
0 0.28984375 0.3015625 0.003125 0.025
0 0.484375 0.303125 0.321875 0.028125
0 0.146875 0.3453125 0.09921875 0.0265625
0 0.26953125 0.34609375 0.00546875 0.02578125
0 0.38203125 0.346875 0.19921875 0.02734375
0 0.19765625 0.3703125 0.0375 0.02578125
0 0.2703125 0.37109375 0.00234375 0.02578125
0 0.32109375 0.37109375 0.078125 0.0265625
0 0.13515625 0.3921875 0.075 0.0265625
0 0.26953125 0.39453125 0.00390625 0.02578125
0 0.3015625 0.39453125 0.0359375 0.0265625
0 0.33203125 0.39453125 0.0046875 0.02578125
0 0.3625 0.3953125 0.03671875 0.0265625
0 0.10390625 0.43984375 0.015625 0.0234375
0 0.27890625 0.440625 0.3234375 0.025
0 0.165625 0.46328125 0.1390625 0.02578125
0 0.340625 0.4640625 0.16015625 0.02578125
0 0.475 0.4640625 0.05703125 0.025
0 0.596875 0.46484375 0.015625 0.025
0 0.6171875 0.46484375 0.01796875 0.02421875
0 0.82109375 0.46796875 0.01640625 0.0234375
0 0.87265625 0.4671875 0.07890625 0.021875
0 0.21796875 0.51171875 0.2375 0.02578125
0 0.2171875 0.534375 0.23984375 0.025
0 0.83046875 0.5140625 0.159375 0.0234375
0 0.8265625 0.53828125 0.1546875 0.025
0 0.15625 0.60546875 0.12265625 0.025
0 0.38359375 0.60625 0.078125 0.02421875
0 0.5359375 0.60703125 0.09921875 0.02421875
0 0.6390625 0.60703125 0.0578125 0.02421875
0 0.82109375 0.6078125 0.015625 0.021875
0 0.8734375 0.6078125 0.08046875 0.02109375
0 0.12421875 0.6515625 0.059375 0.0203125
0 0.10390625 0.675 0.0171875 0.021875
0 0.12421875 0.675 0.0171875 0.021875
0 0.43359375 0.65234375 0.05625 0.025
0 0.5453125 0.653125 0.1140625 0.02578125
0 0.7078125 0.65390625 0.1171875 0.02578125
0 0.85234375 0.65390625 0.11875 0.02578125
0 0.51484375 0.678125 0.015625 0.02578125
0 0.5671875 0.678125 0.078125 0.02578125
0 0.82109375 0.67890625 0.015625 0.0234375
0 0.87421875 0.67890625 0.078125 0.0234375
0 0.165625 0.74453125 0.140625 0.028125
0 0.50546875 0.74609375 0.078125 0.02734375
0 0.5765625 0.74609375 0.01640625 0.0265625
0 0.13515625 0.76875 0.0796875 0.0265625
0 0.31953125 0.76953125 0.24453125 0.02734375
0 0.47421875 0.7703125 0.01484375 0.02578125
0 0.58828125 0.7703125 0.16015625 0.02578125
0 0.74140625 0.77109375 0.09609375 0.02578125
0 0.83203125 0.771875 0.0375 0.02578125
0 0.8640625 0.771875 0.01171875 0.02578125
0 0.89375 0.771875 0.03671875 0.02578125
0 0.403125 0.79453125 0.07890625 0.025
0 0.54609375 0.79453125 0.16015625 0.025
0 0.13359375 0.84140625 0.08046875 0.028125
0 0.309375 0.84140625 0.22265625 0.028125
0 0.49453125 0.84140625 0.0984375 0.028125
0 0.63828125 0.84140625 0.13984375 0.028125
0 0.7203125 0.84140625 0.0046875 0.028125
0 0.80078125 0.84140625 0.096875 0.028125
0 0.14296875 0.86484375 0.1 0.02578125
0 0.3 0.86484375 0.1625 0.02578125
0 0.47109375 0.86484375 0.11640625 0.02578125
0 0.67890625 0.86484375 0.2609375 0.02578125
0 0.12265625 0.89140625 0.059375 0.03046875
0 0.22265625 0.89140625 0.09375 0.03046875
0 0.3203125 0.89140625 0.03671875 0.03046875
0 0.5046875 0.89140625 0.284375 0.03046875
0 0.71171875 0.89140625 0.07421875 0.03046875
0 0.84375 0.89140625 0.1390625 0.03046875
0 0.16953125 0.93671875 0.1546875 0.03046875
0 0.3296875 0.9359375 0.10234375 0.03046875
0 0.4953125 0.9359375 0.18125 0.03046875
0 0.69921875 0.93515625 0.18125 0.0296875
0 0.80234375 0.93515625 0.00625 0.03046875
0 0.15859375 0.9625 0.13515625 0.028125
0 0.34921875 0.9625 0.17890625 0.028125
0 0.50390625 0.9625 0.0703125 0.028125
0 0.553125 0.9625 0.01328125 0.028125
0 0.628125 0.9625 0.0796875 0.028125
0 0.73359375 0.9625 0.08125 0.028125
0 0.19375 0.9828125 0.2078125 0.028125
0 0.40703125 0.98359375 0.16015625 0.028125
0 0.56015625 0.984375 0.0953125 0.028125
0 0.746875 0.984375 0.2171875 0.028125
0 0.896875 0.98515625 0.03671875 0.02734375
0 0.7265625 0.53671875 0.034375 0.0171875
0 0.72734375 0.51484375 0.03359375 0.01328125
0 0.41640625 0.746875 0.0578125 0.02109375
0 0.35078125 0.74921875 0.01015625 0.0125