0 0.3171875 0.06328125 0.209375 0.0234375
0 0.57265625 0.06484375 0.2109375 0.0234375
0 0.7390625 0.065625 0.02109375 0.021875
0 0.365625 0.08515625 0.18671875 0.02265625
0 0.58515625 0.0875 0.1859375 0.0234375
0 0.12890625 0.1046875 0.15390625 0.02734375
0 0.29375 0.10703125 0.10078125 0.0265625
0 0.41796875 0.10859375 0.071875 0.0265625
0 0.46953125 0.10859375 0.00859375 0.025
0 0.64296875 0.1109375 0.303125 0.02890625
0 0.87109375 0.11328125 0.0765625 0.02578125
0 0.184375 0.12890625 0.0484375 0.025
0 0.22578125 0.12890625 0.0015625 0.02421875
0 0.2671875 0.1296875 0.04765625 0.025
0 0.30625 0.1296875 0.009375 0.025
0 0.3328125 0.13046875 0.02109375 0.025
0 0.459375 0.13125 0.1625 0.0265625
0 0.5625 0.13203125 0.01328125 0.025
0 0.6640625 0.13359375 0.1859375 0.0265625
0 0.23828125 0.15390625 0.15078125 0.02734375
0 0.3765625 0.15546875 0.0484375 0.025
0 0.41796875 0.15625 0 0.025
0 0.61484375 0.15859375 0.2953125 0.0296875
0 0.09609375 0.1875 0.121875 0.021875
0 0.33515625 0.1921875 0.0046875 0.02109375
0 0.515625 0.19296875 0.26484375 0.02265625
0 0.08125 0.2125 0.09375 0.021875
0 0.3359375 0.2171875 0.00546875 0.02109375
0 0.490625 0.21796875 0.21328125 0.0234375
0 0.06953125 0.2390625 0.0734375 0.021875
0 0.1625 0.23828125 0.04921875 0.021875
0 0.33671875 0.240625 0.00234375 0.02109375
0 0.4328125 0.24140625 0.103125 0.021875
0 0.08828125 0.27578125 0.10078125 0.02265625
0 0.209375 0.2765625 0.08046875 0.021875
0 0.55390625 0.28203125 0.00859375 0.02421875
0 0.5921875 0.2828125 0.0359375 0.02421875
0 0.740625 0.28515625 0.0140625 0.02421875
0 0.8125 0.2859375 0.10078125 0.02578125
0 0.1375 0.3265625 0.2 0.025
0 0.00859375 0.35078125 0.015625 0.02421875
0 0.140625 0.35234375 0.20078125 0.0265625
0 0.6953125 0.33671875 0.02421875 0.02109375
0 0.78828125 0.33828125 0.1359375 0.021875
0 0.6578125 0.3625 0.021875 0.02421875
0 0.7671875 0.36484375 0.16953125 0.02734375
0 0.7140625 0.4140625 0.01484375 0.0203125
0 0.8 0.41484375 0.1296875 0.02109375
0 0.0984375 0.40234375 0.12109375 0.0234375
0 0.13359375 0.425 0.1421875 0.02421875
0 0.43203125 0.45390625 0.10859375 0.01875
0 0.0484375 0.47421875 0.0265625 0.025
0 0.1453125 0.47734375 0.11640625 0.02734375
0 0.2671875 0.48046875 0.04375 0.025
0 0.3046875 0.48203125 0.003125 0.02421875
0 0.3875 0.48359375 0.0703125 0.0265625
0 0.05078125 0.5265625 0.0703125 0.02265625
0 0.1453125 0.52890625 0.04375 0.021875
0 0.18515625 0.5296875 0.00703125 0.021875
0 0.2546875 0.53046875 0.09765625 0.0234375
0 0.1625 0.58828125 0.03359375 0.0171875
0 0.1875 0.5890625 0.00078125 0.0203125
0 0.33046875 0.5921875 0.27578125 0.021875
0 0.64375 0.5984375 0.0515625 0.02109375
0 0.71328125 0.6 0.03515625 0.02109375
0 0.74453125 0.6 0.00625 0.01953125
0 0.06328125 0.60390625 0.08046875 0.021875
0 0.14296875 0.60546875 0.028125 0.0203125
0 0.1703125 0.60625 0.00625 0.01953125
0 0.85625 0.62109375 0.084375 0.01640625
0 0.11875 0.62421875 0.09375 0.021875
0 0.17421875 0.625 0.01328125 0.0203125
0 0.246875 0.6265625 0.08515625 0.021875
0 0.3171875 0.628125 0.00625 0.0203125
0 0.5296875 0.63359375 0.065625 0.01796875
0 0.58984375 0.634375 0.00546875 0.0203125
0 0.671875 0.6359375 0.0890625 0.021875
0 0.434375 0.6484375 0.16640625 0.021875
0 0.71328125 0.67109375 0.13125 0.02265625
0 0.43828125 0.68203125 0.1671875 0.021875
0 0.36796875 0.6984375 0.1609375 0.0234375
0 0.528125 0.7015625 0.05546875 0.02109375
0 0.44921875 0.71640625 0.08359375 0.0203125
0 0.30859375 0.7296875 0.04765625 0.01953125
0 0.3625 0.73125 0.00234375 0.01796875
0 0.51328125 0.73515625 0.24609375 0.025
0 0.1765625 0.74296875 0.0640625 0.01953125
0 0.30078125 0.7484375 0.13828125 0.0171875
0 0.4078125 0.75078125 0.03359375 0.015625
0 0.4515625 0.75 0.0015625 0.0171875
0 0.2484375 0.76171875 0.1234375 0.021875
0 0.42578125 0.76640625 0.128125 0.021875
0 0.5171875 0.76875 0.01171875 0.01875
0 0.64296875 0.77265625 0.2109375 0.01640625
0 0.171875 0.77734375 0.07890625 0.01953125
0 0.30859375 0.78125 0.153125 0.021875
0 0.434375 0.784375 0.04765625 0.01953125
0 0.515625 0.7859375 0.06640625 0.01953125
0 0.3578125 0.8015625 0.26171875 0.02734375
0 0.62734375 0.80703125 0.16015625 0.025
0 0.465625 0.884375 0.5640625 0.0421875
0 0.38359375 0.903125 0.11640625 0.0203125
0 0.52734375 0.90625 0.11953125 0.02109375
0 0.08515625 0.94609375 0.06640625 0.02265625
0 0.215625 0.95 0 0.02109375
0 0.28359375 0.95234375 0.09765625 0.02421875
0 0.67265625 0.96171875 0.01640625 0.01953125
0 0.7484375 0.9640625 0.06875 0.021875
0 0.80859375 0.965625 0.01875 0.0203125
0 0.8625 0.9671875 0.0734375 0.021875
0 0.55859375 0.98984375 0.20234375 0.01875
0 0.296875 0.42890625 0.1078125 0.01953125
0 0.6625 0.540625 0.01640625 0.01875
0 0.73203125 0.5421875 0.05 0.0171875
0 0.84765625 0.5453125 0.1109375 0.01796875
0 0.07109375 0.58671875 0.103125 0.01640625
0 0.82578125 0.603125 0.15625 0.0171875
0 0.375 0.61171875 0.09765625 0.0171875
0 0.45078125 0.61328125 0.034375 0.01328125
0 0.53203125 0.61484375 0.06640625 0.01484375
0 0.415625 0.63125 0.14453125 0.015625
0 0.234375 0.60859375 0.11015625 0.0140625
0 0.7921875 0.63984375 0.1203125 0.015625
0 0.621875 0.75546875 0.2890625 0.02109375
0 0.75859375 0.79296875 0.09609375 0.015625
0 0.6390625 0.78828125 0.128125 0.01640625
0 0.17421875 0.95078125 0.05625 0.02109375