0 0.2890625 0.07421875 0.25078125 0.01796875
0 0.55703125 0.075 0.084375 0.01640625
0 0.46328125 0.07578125 0.05234375 0.015625
0 0.70859375 0.0765625 0.16875 0.02109375
0 0.4796875 0.121875 0.63125 0.0453125
0 0.79609375 0.16328125 0.09765625 0.01328125
0 0.41328125 0.1640625 0.16640625 0.0109375
0 0.5390625 0.1640625 0.06171875 0.0109375
0 0.609375 0.1640625 0.06640625 0.0109375
0 0.69609375 0.1640625 0.084375 0.0125
0 0.22421875 0.1640625 0.1890625 0.01171875
0 0.528125 0.1796875 0.0953125 0.01171875
0 0.63671875 0.1796875 0.0796875 0.01171875
0 0.41484375 0.1796875 0.1046875 0.0109375
0 0.15 0.18046875 0.0453125 0.01171875
0 0.21875 0.18046875 0.0546875 0.01171875
0 0.3078125 0.18125 0.08671875 0.01171875
0 0.76328125 0.18125 0.1546875 0.01328125
0 0.7109375 0.1953125 0.05 0.01015625
0 0.37265625 0.19609375 0.0796875 0.01015625
0 0.27109375 0.19609375 0.1 0.01015625
0 0.4671875 0.19609375 0.09140625 0.0125
0 0.6015625 0.196875 0.15 0.0125
0 0.3265625 0.2125 0.06171875 0.01015625
0 0.38515625 0.2125 0.03203125 0.01015625
0 0.5515625 0.2125 0.24140625 0.01015625
0 0.41796875 0.21328125 0.00703125 0.0078125
0 0.2984375 0.23515625 0.12734375 0.015625
0 0.4578125 0.23515625 0.12734375 0.015625
0 0.64609375 0.23515625 0.1796875 0.015625
0 0.40078125 0.2625 0.07265625 0.01796875
0 0.51015625 0.26328125 0.06796875 0.01640625
0 0.37734375 0.290625 0.075 0.0171875
0 0.5421875 0.290625 0.17734375 0.0171875
0 0.79296875 0.33515625 0.25546875 0.01796875
0 0.4375 0.3359375 0.12265625 0.01640625
0 0.209375 0.33671875 0.25546875 0.01953125
0 0.3375 0.36484375 0.0953125 0.0171875
0 0.528125 0.36484375 0.209375 0.01796875
0 0.12265625 0.365625 0.0953125 0.01640625
0 0.23359375 0.365625 0.05234375 0.01640625
0 0.328125 0.39375 0.12734375 0.01640625
0 0.15 0.39453125 0.15 0.01640625
0 0.75625 0.43125 0.07265625 0.015625
0 0.878125 0.43125 0.09375 0.01875
0 0.08671875 0.43125 0.02265625 0.0171875
0 0.13984375 0.43359375 0.075 0.0125
0 0.8515625 0.48515625 0.1546875 0.01640625
0 0.14140625 0.48671875 0.13203125 0.015625
0 0.515625 0.48671875 0.34375 0.01796875
0 0.278125 0.48671875 0.07265625 0.01796875
0 0.5296875 0.5421875 0.09375 0.01796875
0 0.8265625 0.54296875 0.1046875 0.01796875
0 0.11484375 0.54296875 0.0796875 0.01796875
0 0.25390625 0.54296875 0.1296875 0.0171875
0 0.403125 0.54296875 0.0953125 0.0171875
0 0.1421875 0.58125 0.1296875 0.0328125
0 0.82890625 0.5828125 0.109375 0.03046875
0 0.13125 0.62421875 0.10234375 0.01640625
0 0.82578125 0.62421875 0.10234375 0.01640625
0 0.8265625 0.653125 0.1 0.01640625
0 0.15703125 0.653125 0.1546875 0.01640625
0 0.3453125 0.68046875 0.10234375 0.01640625
0 0.19921875 0.68046875 0.125 0.01640625
0 0.46953125 0.68125 0.01328125 0.015625
0 0.09140625 0.68125 0.01796875 0.015625
0 0.2390625 0.715625 0.1 0.01640625
0 0.11953125 0.71640625 0.075 0.015625
0 0.7859375 0.71640625 0.17734375 0.01875
0 0.54296875 0.7171875 0.1796875 0.01796875
0 0.828125 0.7421875 0.10703125 0.015625
0 0.58671875 0.7421875 0.10234375 0.015625
0 0.10625 0.74296875 0.04765625 0.0140625
0 0.21328125 0.74296875 0.09375 0.01640625
0 0.1734375 0.77734375 0.12734375 0.015625
0 0.815625 0.77734375 0.12734375 0.015625
0 0.30546875 0.77734375 0.07734375 0.0171875
0 0.66484375 0.77734375 0.1046875 0.0171875
0 0.50546875 0.77734375 0.1546875 0.0171875
0 0.3875 0.77890625 0.02265625 0.0140625
0 0.828125 0.83203125 0.14375 0.01640625
0 0.13203125 0.8328125 0.05 0.015625
0 0.49296875 0.8328125 0.075 0.015625
0 0.6421875 0.8328125 0.1546875 0.015625
0 0.4 0.8328125 0.04765625 0.015625
0 0.29140625 0.8328125 0.1 0.015625
0 0.19921875 0.8328125 0.0203125 0.0140625
0 0.29375 0.859375 0.2046875 0.015625
0 0.64140625 0.86015625 0.31640625 0.01953125
0 0.45546875 0.88671875 0.259375 0.01953125
0 0.26171875 0.8875 0.0953125 0.0125
0 0.6859375 0.88828125 0.1734375 0.01484375