0 0.7734375 0.17265625 0.16015625 0.01796875
0 0.63359375 0.17265625 0.08046875 0.025
0 0.390625 0.175 0.2046875 0.0265625
0 0.54140625 0.175 0.07734375 0.02578125
0 0.1734375 0.175 0.203125 0.02578125
0 0.31953125 0.19609375 0.065625 0.01953125
0 0.54296875 0.19765625 0.10625 0.02109375
0 0.23671875 0.19765625 0.05 0.01953125
0 0.62265625 0.1984375 0.03046875 0.02109375
0 0.70546875 0.19921875 0.11015625 0.021875
0 0.42734375 0.19921875 0.09296875 0.021875
0 0.23046875 0.22265625 0.12890625 0.01875
0 0.38046875 0.22265625 0.1390625 0.025
0 0.715625 0.2234375 0.1421875 0.02109375
0 0.54140625 0.22578125 0.1546875 0.02265625
0 0.35390625 0.24609375 0.09765625 0.02265625
0 0.2328125 0.246875 0.11875 0.01875
0 0.6078125 0.24765625 0.16171875 0.0203125
0 0.46015625 0.2484375 0.09453125 0.0203125
0 0.73671875 0.24921875 0.08203125 0.0234375
0 0.478125 0.27109375 0.24921875 0.02109375
0 0.24609375 0.296875 0.08046875 0.0234375
0 0.609375 0.2984375 0.28515625 0.02265625
0 0.3359375 0.29921875 0.08203125 0.025
0 0.4125 0.29921875 0.05703125 0.02265625
0 0.42265625 0.33984375 0.071875 0.0234375
0 0.5515625 0.340625 0.16015625 0.01953125
0 0.0921875 0.3640625 0.05625 0.01875
0 0.15390625 0.3640625 0.05625 0.021875
0 0.38671875 0.36953125 0.20078125 0.02109375
0 0.10546875 0.39453125 0.084375 0.01640625
0 0.675 0.39453125 0.05703125 0.01796875
0 0.56484375 0.3953125 0.12890625 0.02109375
0 0.3828125 0.39609375 0.20625 0.0203125
0 0.1296875 0.4203125 0.12734375 0.01953125
0 0.340625 0.421875 0.1046875 0.0203125
0 0.21953125 0.4609375 0.2078125 0.0203125
0 0.63046875 0.4640625 0.09453125 0.01953125
0 0.48359375 0.4640625 0.06484375 0.01953125
0 0.771875 0.46484375 0.1375 0.01796875
0 0.2890625 0.4875 0.18359375 0.01875
0 0.14453125 0.48984375 0.0515625 0.01796875
0 0.0734375 0.490625 0.0203125 0.01640625
0 0.78671875 0.49140625 0.1 0.015625
0 0.50078125 0.49296875 0.02734375 0.0203125
0 0.6328125 0.49375 0.1078125 0.01953125
0 0.215625 0.50625 0.04765625 0.01640625
0 0.271875 0.50703125 0.0546875 0.0140625
0 0.3453125 0.5078125 0.065625 0.01640625
0 0.46953125 0.54765625 0.09765625 0.01875
0 0.8171875 0.54765625 0.09921875 0.01875
0 0.2328125 0.575 0.084375 0.01796875
0 0.4578125 0.57578125 0.15078125 0.01796875
0 0.328125 0.5765625 0.0828125 0.0203125
0 0.821875 0.5765625 0.09296875 0.01875
0 0.225 0.615625 0.0828125 0.01875
0 0.35546875 0.615625 0.14921875 0.01875
0 0.47890625 0.61640625 0.0671875 0.0171875
0 0.81875 0.61640625 0.09296875 0.0171875
0 0.12734375 0.61796875 0.0890625 0.01953125
0 0.81953125 0.65625 0.09765625 0.02109375
0 0.44296875 0.65625 0.14296875 0.01953125
0 0.31328125 0.65703125 0.0875 0.01875
0 0.10390625 0.70859375 0.0734375 0.02265625
0 0.23359375 0.709375 0.16640625 0.0203125
0 0.09921875 0.7375 0.0671875 0.021875
0 0.18984375 0.73828125 0.090625 0.0171875
0 0.2765625 0.73828125 0.03984375 0.0171875
0 0.75078125 0.73984375 0.071875 0.02109375
0 0.45546875 0.740625 0.1234375 0.01640625
0 0.60625 0.74140625 0.134375 0.01953125
0 0.12265625 0.765625 0.04453125 0.01875
0 0.2953125 0.765625 0.071875 0.01640625
0 0.7453125 0.765625 0.0734375 0.02109375
0 0.575 0.76640625 0.1015625 0.01953125
0 0.10390625 0.80703125 0.07578125 0.01640625
0 0.31953125 0.8078125 0.08046875 0.0171875
0 0.2484375 0.83203125 0.121875 0.0171875
0 0.13828125 0.8328125 0.0703125 0.0203125
0 0.36640625 0.83671875 0.0859375 0.01640625
0 0.30859375 0.91484375 0.1015625 0.01796875
0 0.62421875 0.9171875 0.090625 0.021875
0 0.51328125 0.91796875 0.10625 0.0203125
0 0.40546875 0.91796875 0.06328125 0.01640625
0 0.73671875 0.921875 0.1046875 0.02421875