0 0.2515625 0.09609375 0.1375 0.0390625
0 0.4703125 0.09609375 0.21484375 0.0390625
0 0.74609375 0.09609375 0.24921875 0.0390625
0 0.1546875 0.1515625 0.04296875 0.046875
0 0.23515625 0.1515625 0.04296875 0.04765625
0 0.34375 0.15234375 0.10390625 0.04765625
0 0.5375 0.153125 0.221875 0.04765625
0 0.73828125 0.1546875 0.09375 0.046875
0 0.8078125 0.1546875 0.01875 0.046875
0 0.91953125 0.15625 0.0109375 0.046875
0 0.2609375 0.20078125 0.0828125 0.05078125
0 0.309375 0.2015625 0.021875 0.05
0 0.4125 0.20234375 0.16484375 0.05234375
0 0.66796875 0.20390625 0.30859375 0.053125
0 0.825 0.2046875 0.0171875 0.05
0 0.184375 0.24921875 0.15625 0.0390625
0 0.403125 0.25078125 0.20859375 0.0390625
0 0.63359375 0.253125 0.1875 0.0390625
0 0.8609375 0.2546875 0.1828125 0.0390625
0 0.62421875 0.3015625 0.271875 0.04140625
0 0.84765625 0.3046875 0.10859375 0.040625
0 0.296875 0.34921875 0.1078125 0.0390625
0 0.42734375 0.35078125 0.09765625 0.0390625
0 0.671875 0.35234375 0.29765625 0.04140625
0 0.15390625 0.41875 0.11171875 0.0421875
0 0.39453125 0.425 0.0046875 0.03828125
0 0.57421875 0.425 0.2640625 0.0390625
0 0.1421875 0.465625 0.0984375 0.03359375
0 0.396875 0.47421875 0.0046875 0.0375
0 0.55 0.47578125 0.21015625 0.03984375
0 0.13203125 0.51484375 0.07265625 0.0421875
0 0.225 0.515625 0.04921875 0.04375
0 0.39765625 0.52109375 0.00625 0.0359375
0 0.49375 0.52109375 0.10390625 0.0359375
0 0.14453125 0.5921875 0.10234375 0.04140625
0 0.62265625 0.6015625 0.0203125 0.03359375
0 0.659375 0.6015625 0.040625 0.03359375
0 0.80703125 0.6109375 0.01484375 0.0421875
0 0.88046875 0.61171875 0.1109375 0.04375
0 0.19921875 0.69921875 0.20625 0.0421875
0 0.20546875 0.75390625 0.203125 0.0484375
0 0.76796875 0.721875 0.02734375 0.04921875
0 0.86328125 0.721875 0.14453125 0.05
0 0.846875 0.778125 0.1828125 0.05546875
0 0.39921875 0.81796875 0.0140625 0.0015625
0 0.1625 0.85625 0.125 0.040625
0 0.16328125 0.9046875 0.078125 0.03359375
0 0.5078125 0.9734375 0.09296875 0.0453125
0 0.88046875 0.88515625 0.1359375 0.03828125
0 0.79453125 0.87890625 0.02734375 0.03046875
0 0.73125 0.7671875 0.03671875 0.028125
0 0.85625 0.15390625 0.0828125 0.04296875
0 0.31328125 0.3015625 0.3109375 0.040625