0 0.45625 0.05 0.184375 0.02109375
0 0.64453125 0.04921875 0.10703125 0.021875
0 0.415625 0.07421875 0.140625 0.01875
0 0.54140625 0.07265625 0.0453125 0.0203125
0 0.4171875 0.0953125 0.1359375 0.0203125
0 0.61640625 0.09453125 0.190625 0.01953125
0 0.19921875 0.11796875 0.16875 0.02265625
0 0.3734375 0.11640625 0.10703125 0.02265625
0 0.50703125 0.11640625 0.0921875 0.02265625
0 0.88125 0.11328125 0.05234375 0.0234375
0 0.921875 0.1125 0.003125 0.0234375
0 0.29296875 0.13984375 0.05703125 0.021875
0 0.33359375 0.1390625 0.009375 0.02265625
0 0.36328125 0.1390625 0.02109375 0.021875
0 0.490625 0.1375 0.16640625 0.0203125
0 0.7015625 0.13515625 0.1890625 0.0203125
0 0.29140625 0.16015625 0.16640625 0.0203125
0 0.46171875 0.15859375 0.1015625 0.02109375
0 0.7046875 0.15703125 0.296875 0.01875
0 0.1375 0.19609375 0.134375 0.01875
0 0.58046875 0.18984375 0.2703125 0.01484375
0 0.125 0.21796875 0.11015625 0.0203125
0 0.3984375 0.2140625 0.0078125 0.01796875
0 0.553125 0.21171875 0.2203125 0.0140625
0 0.2140625 0.2375 0.05625 0.021875
0 0.39921875 0.2359375 0.009375 0.015625
0 0.49921875 0.23359375 0.109375 0.01484375
0 0.1546875 0.27265625 0.16328125 0.0203125
0 0.625 0.26328125 0.0140625 0.01484375
0 0.6671875 0.26328125 0.04140625 0.0140625
0 0.8171875 0.2609375 0.01875 0.01796875
0 0.8859375 0.259375 0.11015625 0.0171875
0 0.19140625 0.31875 0.23125 0.0171875
0 0.18984375 0.3421875 0.22890625 0.01796875
0 0.77578125 0.30703125 0.03125 0.01796875
0 0.86875 0.30546875 0.1375 0.0171875
0 0.7421875 0.3296875 0.03359375 0.01796875
0 0.8546875 0.328125 0.1765625 0.015625
0 0.803125 0.37265625 0.021875 0.01875
0 0.88671875 0.371875 0.13671875 0.01796875
0 0.14453125 0.38828125 0.14609375 0.01796875
0 0.24921875 0.40859375 0.29765625 0.02109375
0 0.5109375 0.4203125 0.103125 0.01875
0 0.0875 0.46015625 0.04296875 0.0203125
0 0.1890625 0.4578125 0.1296875 0.01875
0 0.3265625 0.45625 0.05859375 0.01640625
0 0.37265625 0.453125 0.01640625 0.02109375
0 0.46171875 0.45078125 0.08984375 0.01953125
0 0.13671875 0.48046875 0.075 0.01953125
0 0.1953125 0.47890625 0.0265625 0.02109375
0 0.275 0.4765625 0.1265625 0.01796875
0 0.39921875 0.47265625 0.0890625 0.01875
0 0.53203125 0.46953125 0.11484375 0.01796875
0 0.0890625 0.50703125 0.09453125 0.01875
0 0.19296875 0.5046875 0.0609375 0.01875
0 0.23984375 0.503125 0.01484375 0.01953125
0 0.315625 0.50234375 0.11640625 0.01796875
0 0.75390625 0.49140625 0.0296875 0.01796875
0 0.8265625 0.4890625 0.0578125 0.01796875
0 0.8703125 0.48828125 0.009375 0.01875
0 0.94140625 0.48671875 0.11328125 0.0171875
0 0.0984375 0.56640625 0.125 0.01328125
0 0.20390625 0.56484375 0.0453125 0.0109375
0 0.23359375 0.5609375 0.0140625 0.01796875
0 0.40078125 0.5546875 0.31015625 0.021875
0 0.73125 0.54140625 0.0578125 0.01171875
0 0.7984375 0.53984375 0.03671875 0.0125
0 0.82890625 0.5390625 0.01171875 0.0125
0 0.91328125 0.5375 0.15078125 0.01015625
0 0.1828125 0.57734375 0.03984375 0.01015625
0 0.21640625 0.57578125 0.01328125 0.0109375
0 0.27109375 0.5734375 0.084375 0.0078125
0 0.38984375 0.56796875 0.12421875 0.00625
0 0.9390625 0.553125 0.09140625 0.01171875
0 0.421875 0.58125 0.01640625 0.01328125
0 0.4765625 0.5796875 0.0515625 0.01171875
0 0.51640625 0.578125 0.009375 0.01328125
0 0.55625 0.57734375 0.0578125 0.0125
0 0.61640625 0.57578125 0.01640625 0.0125
0 0.7 0.57265625 0.11796875 0.0109375
0 0.50859375 0.5953125 0.18984375 0.015625
0 0.79375 0.60078125 0.13828125 0.015625
0 0.41328125 0.62890625 0.11640625 0.0125
0 0.58671875 0.62265625 0.19375 0.01640625
0 0.51484375 0.640625 0.18125 0.01484375
0 0.43515625 0.6578125 0.178125 0.0109375
0 0.60390625 0.65234375 0.06171875 0.01484375
0 0.09765625 0.68125 0.05859375 0.01171875
0 0.15703125 0.6796875 0.01015625 0.0125
0 0.31875 0.67578125 0.27734375 0.0171875
0 0.87890625 0.65703125 0.1859375 0.015625
0 0.3984375 0.6890625 0.0796875 0.0125
0 0.490625 0.6859375 0.07890625 0.01171875
0 0.5578125 0.6828125 0.01328125 0.0140625
0 0.640625 0.68046875 0.11484375 0.0109375
0 0.2203125 0.709375 0.09453125 0.01171875
0 0.36953125 0.70390625 0.171875 0.00859375
0 0.50078125 0.69921875 0.05859375 0.0125
0 0.58671875 0.69609375 0.07421875 0.01171875
0 0.703125 0.6921875 0.12734375 0.01484375
0 0.83046875 0.68828125 0.09296875 0.01171875
0 0.34375 0.7203125 0.04296875 0.01484375
0 0.4453125 0.71640625 0.1296875 0.0125
0 0.62265625 0.7109375 0.1875 0.01015625
0 0.409375 0.7453125 0.1 0.0140625
0 0.52109375 0.7421875 0.0984375 0.0140625
0 0.6421875 0.7375 0.11171875 0.0140625
0 0.3734375 0.76328125 0.12734375 0.0125
0 0.5015625 0.75859375 0.09375 0.01328125
0 0.58515625 0.75546875 0.040625 0.01484375
0 0.61171875 0.7546875 0.01640625 0.015625
0 0.696875 0.7515625 0.1109375 0.0125
0 0.196875 0.78671875 0.11640625 0.01484375
0 0.3109375 0.78203125 0.0765625 0.015625
0 0.396875 0.77890625 0.06015625 0.01640625
0 0.4328125 0.77734375 0.025 0.01796875
0 0.5234375 0.77421875 0.1640625 0.01328125
0 0.640625 0.76953125 0.040625 0.0171875
0 0.66171875 0.76875 0.0203125 0.01796875
0 0.7109375 0.7671875 0.040625 0.01796875
0 0.73828125 0.76640625 0.0140625 0.01796875
0 0.7734375 0.7640625 0.02109375 0.01796875
0 0.85390625 0.76171875 0.1078125 0.01484375
0 0.45 0.7921875 0.1 0.01015625
0 0.50859375 0.78984375 0.0171875 0.0140625
0 0.578125 0.7875 0.13671875 0.01640625
0 0.37109375 0.8546875 0.33984375 0.03984375
0 0.753125 0.8390625 0.39296875 0.03515625
0 0.36875 0.88828125 0.08046875 0.015625
0 0.640625 0.8796875 0.17734375 0.021875
0 0.13125 0.9421875 0.0875 0.01875
0 0.22890625 0.9375 0.06484375 0.0203125
0 0.27265625 0.93515625 0.01875 0.02265625
0 0.73515625 0.91640625 0.03125 0.01953125
0 0.79765625 0.9140625 0.05703125 0.01875
0 0.84296875 0.9125 0.0203125 0.0203125
0 0.9078125 0.91015625 0.0984375 0.01796875
0 0.4625 0.9578125 0.06015625 0.01875
0 0.62734375 0.95234375 0.2203125 0.021875
0 0.7 0.11484375 0.26171875 0.01640625
0 0.396875 0.19453125 0.0140625 0.0109375
0 0.1140625 0.23984375 0.0875 0.01875
0 0.09375 0.58125 0.1046875 0.01171875
0 0.33515625 0.584375 0.1203125 0.015625
0 0.4765625 0.8828125 0.11015625 0.0171875
0 0.34375 0.93359375 0.11328125 0.01484375
0 0.375 0.96171875 0.05703125 0.01953125