0 0.2484375 0.04140625 0.46796875 0.04140625
0 0.70859375 0.13203125 0.21953125 0.02265625
0 0.32109375 0.159375 0.128125 0.01953125
0 0.53046875 0.159375 0.25703125 0.01953125
0 0.16796875 0.16015625 0.02578125 0.0171875
0 0.21640625 0.16015625 0.0453125 0.0171875
0 0.72109375 0.16015625 0.08984375 0.01875
0 0.83125 0.16015625 0.090625 0.01875
0 0.346875 0.18203125 0.09765625 0.015625
0 0.47890625 0.18203125 0.09921875 0.015625
0 0.57578125 0.18203125 0.0578125 0.015625
0 0.67578125 0.18359375 0.1109375 0.0203125
0 0.45625 0.20546875 0.26640625 0.01640625
0 0.22734375 0.20546875 0.1578125 0.01640625
0 0.65625 0.20625 0.09921875 0.01640625
0 0.80078125 0.20859375 0.165625 0.01875
0 0.20078125 0.23046875 0.0484375 0.01640625
0 0.36875 0.23046875 0.2109375 0.015625
0 0.57265625 0.23046875 0.05234375 0.015625
0 0.740625 0.23125 0.2140625 0.01640625
0 0.30703125 0.25390625 0.0625 0.01640625
0 0.45078125 0.25390625 0.0453125 0.01640625
0 0.63359375 0.2546875 0.24296875 0.01640625
0 0.38203125 0.25625 0.05625 0.02109375
0 0.5265625 0.29453125 0.14453125 0.0171875
0 0.40703125 0.29453125 0.07109375 0.0171875
0 0.1265625 0.3328125 0.11328125 0.01484375
0 0.22109375 0.3328125 0.046875 0.01484375
0 0.35390625 0.3328125 0.03984375 0.01640625
0 0.47734375 0.33515625 0.17109375 0.01953125
0 0.5546875 0.35703125 0.12265625 0.01640625
0 0.40625 0.35703125 0.14453125 0.01640625
0 0.10625 0.35703125 0.0734375 0.01640625
0 0.6546875 0.3578125 0.04140625 0.01484375
0 0.1265625 0.38203125 0.11328125 0.015625
0 0.221875 0.38203125 0.0484375 0.015625
0 0.3703125 0.38203125 0.071875 0.015625
0 0.1296875 0.40703125 0.12265625 0.01484375
0 0.23203125 0.4078125 0.046875 0.015625
0 0.3484375 0.40859375 0.03359375 0.0140625
0 0.1265625 0.434375 0.10859375 0.015625
0 0.23203125 0.43515625 0.07109375 0.01640625
0 0.40546875 0.43515625 0.14296875 0.01640625
0 0.5546875 0.43515625 0.12265625 0.01640625
0 0.6546875 0.43515625 0.04140625 0.01640625
0 0.10546875 0.4640625 0.075 0.0171875
0 0.48359375 0.46484375 0.06171875 0.0171875
0 0.20234375 0.46484375 0.08984375 0.01796875
0 0.565625 0.465625 0.075 0.01640625
0 0.7671875 0.465625 0.12265625 0.01640625
0 0.359375 0.465625 0.05859375 0.01875
0 0.09453125 0.49140625 0.06171875 0.01640625
0 0.215625 0.4921875 0.15625 0.01640625
0 0.321875 0.49296875 0.03359375 0.0203125
0 0.36171875 0.49296875 0.01171875 0.0171875
0 0.37734375 0.52421875 0.0203125 0.01875
0 0.5640625 0.525 0.075 0.0171875
0 0.7828125 0.525 0.0921875 0.0171875
0 0.865625 0.5265625 0.04140625 0.01640625
0 0.41328125 0.56328125 0.06953125 0.015625
0 0.0765625 0.56328125 0.0171875 0.015625
0 0.78125 0.56328125 0.08984375 0.01640625
0 0.16953125 0.56484375 0.11796875 0.02109375
0 0.5171875 0.56484375 0.09609375 0.02109375
0 0.42578125 0.59609375 0.0625 0.015625
0 0.5390625 0.59609375 0.053125 0.015625
0 0.79296875 0.596875 0.0671875 0.01484375
0 0.484375 0.596875 0.03046875 0.01796875
0 0.340625 0.63359375 0.05078125 0.015625
0 0.41171875 0.63359375 0.071875 0.015625
0 0.7828125 0.63359375 0.0921875 0.015625
0 0.5171875 0.6359375 0.09609375 0.01875
0 0.79140625 0.66640625 0.06953125 0.015625
0 0.41796875 0.6671875 0.1484375 0.01953125
0 0.534375 0.6671875 0.06015625 0.01953125
0 0.26328125 0.70234375 0.07734375 0.01640625
0 0.18828125 0.703125 0.05078125 0.015625
0 0.38515625 0.703125 0.13671875 0.015625
0 0.7828125 0.70390625 0.0921875 0.01484375
0 0.51875 0.70625 0.09921875 0.01875
0 0.10546875 0.73203125 0.075 0.01640625
0 0.78125 0.7328125 0.08984375 0.01484375
0 0.79296875 0.76953125 0.071875 0.015625
0 0.12890625 0.7703125 0.121875 0.01953125
0 0.09453125 0.83125 0.05625 0.015625
0 0.47109375 0.8328125 0.06796875 0.01640625
0 0.83515625 0.8328125 0.1484375 0.01875
0 0.20078125 0.83359375 0.13359375 0.0171875
0 0.6296875 0.83359375 0.20625 0.0203125
0 0.17578125 0.865625 0.046875 0.01484375
0 0.0859375 0.865625 0.0359375 0.01484375
0 0.69296875 0.86640625 0.0765625 0.01484375
0 0.49765625 0.86640625 0.01484375 0.015625
0 0.12734375 0.86640625 0.02578125 0.015625
0 0.87890625 0.8671875 0.06015625 0.01484375
0 0.25859375 0.94921875 0.09765625 0.01640625
0 0.35234375 0.94921875 0.06796875 0.01640625
0 0.4515625 0.94921875 0.09921875 0.01640625
0 0.72109375 0.95 0.00390625 0.01484375
0 0.5578125 0.95 0.08984375 0.01484375
0 0.6578125 0.9515625 0.08828125 0.01953125