0 0.53125 0.14453125 0.21484375 0.0546875
0 0.471875 0.18984375 0.09609375 0.0453125
0 0.6109375 0.190625 0.096875 0.04453125
0 0.20234375 0.23125 0.11640625 0.04609375
0 0.33203125 0.2328125 0.0953125 0.04609375
0 0.390625 0.2328125 0.009375 0.0453125
0 0.43046875 0.2328125 0.05625 0.0453125
0 0.559375 0.234375 0.15625 0.046875
0 0.759375 0.2359375 0.19453125 0.046875
0 0.9078125 0.23671875 0.0546875 0.04609375
0 0.31875 0.2765625 0.03671875 0.04453125
0 0.3484375 0.2765625 0.00390625 0.04453125
0 0.37890625 0.27734375 0.03671875 0.04453125
0 0.51015625 0.278125 0.175 0.04609375
0 0.609375 0.278125 0.0171875 0.04453125
0 0.6875 0.2796875 0.13359375 0.0453125
0 0.26875 0.32109375 0.13515625 0.04609375
0 0.4078125 0.321875 0.0953125 0.04609375
0 0.5671875 0.3234375 0.13515625 0.046875
0 0.646875 0.32421875 0.00390625 0.0453125
0 0.7671875 0.32421875 0.2171875 0.04765625
0 0.21328125 0.390625 0.2 0.04296875
0 0.70625 0.3953125 0.05703125 0.04609375
0 0.7765625 0.3953125 0.0359375 0.04609375
0 0.80703125 0.39609375 0.00625 0.0453125
0 0.89765625 0.39609375 0.115625 0.04609375
0 0.153125 0.4359375 0.08359375 0.04609375
0 0.19375 0.4359375 0.0171875 0.0453125
0 0.2828125 0.4359375 0.0984375 0.04609375
0 0.21015625 0.5078125 0.20546875 0.03828125
0 0.32421875 0.5078125 0.0171875 0.03828125
0 0.3828125 0.5109375 0.0984375 0.0375
0 0.44140625 0.5078125 0.01953125 0.03828125
0 0.4875 0.5078125 0.0546875 0.03828125
0 0.18359375 0.60078125 0.15703125 0.04296875
0 0.5734375 0.60234375 0.04140625 0.03828125
0 0.134375 0.64609375 0.05859375 0.04296875
0 0.24453125 0.6453125 0.1140625 0.04296875
0 0.803125 0.51484375 0.02109375 0.0421875
0 0.86953125 0.51484375 0.090625 0.0421875
0 0.875 0.5578125 0.1140625 0.04296875
0 0.875 0.60390625 0.08046875 0.0421875
0 0.21796875 0.7390625 0.24296875 0.046875
0 0.215625 0.7875 0.24140625 0.0515625
0 0.8671875 0.78984375 0.09140625 0.04921875
0 0.86328125 0.8859375 0.10390625 0.04765625
0 0.1171875 0.93359375 0.0640625 0.0390625
0 0.1609375 0.93359375 0.0140625 0.03828125
0 0.17890625 0.93359375 0.0140625 0.03828125
0 0.20390625 0.934375 0.01484375 0.03828125
0 0.284375 0.934375 0.13515625 0.03984375
0 0.803125 0.5578125 0.02265625 0.0234375
0 0.82421875 0.6046875 0.02109375 0.02265625
0 0.803125 0.65 0.0203125 0.0265625
0 0.86640625 0.6515625 0.09921875 0.04296875
0 0.53671875 0.60390625 0.025 0.028125
0 0.5421875 0.5140625 0.021875 0.03515625
0 0.5734375 0.5125 0.03984375 0.0390625
0 0.1796875 0.55390625 0.14140625 0.040625
0 0.8734375 0.7421875 0.08359375 0.0421875
0 0.821875 0.7421875 0.0234375 0.0234375
0 0.80078125 0.79140625 0.02109375 0.0296875
0 0.26015625 0.88515625 0.10703125 0.04453125
0 0.1359375 0.88515625 0.10234375 0.04375
0 0.80078125 0.88671875 0.02265625 0.028125