0 0.39453125 0.17265625 0.1890625 0.03828125
0 0.71171875 0.17421875 0.3453125 0.0390625
0 0.31953125 0.228125 0.14140625 0.0390625
0 0.52578125 0.228125 0.1984375 0.0390625
0 0.77734375 0.228125 0.23515625 0.0390625
0 0.55390625 0.278125 0.31796875 0.04921875
0 0.7296875 0.27890625 0.0046875 0.046875
0 0.38125 0.325 0.215625 0.03671875
0 0.58046875 0.325 0.0859375 0.03671875
0 0.68671875 0.325 0.05390625 0.03671875
0 0.728125 0.325 0.0046875 0.03671875
0 0.75859375 0.325 0.01640625 0.03671875
0 0.78515625 0.325 0.00546875 0.03671875
0 0.815625 0.325 0.02421875 0.03671875
0 0.84609375 0.325 0.01640625 0.03671875
0 0.87265625 0.325 0.0171875 0.03671875
0 0.2546875 0.37421875 0.02421875 0.040625
0 0.284375 0.37421875 0.00546875 0.040625
0 0.3453125 0.37421875 0.0765625 0.040625
0 0.45234375 0.37421875 0.05 0.040625
0 0.58359375 0.37421875 0.20234375 0.040625
0 0.6984375 0.37421875 0.01953125 0.040625
0 0.79921875 0.37421875 0.16875 0.040625
0 0.32890625 0.421875 0.23125 0.0390625
0 0.52578125 0.421875 0.1015625 0.0390625
0 0.76953125 0.421875 0.28515625 0.0390625
0 0.15546875 0.54296875 0.09765625 0.0296875
0 0.2296875 0.5921875 0.05625 0.0375
0 0.615625 0.4953125 0.2796875 0.0390625
0 0.42265625 0.54453125 0.00703125 0.0375
0 0.5875 0.54296875 0.2265625 0.0375
0 0.42109375 0.59296875 0.0109375 0.03359375
0 0.521875 0.58984375 0.1125 0.03125
0 0.1828125 0.6640625 0.13984375 0.0390625
0 0.69140625 0.6640625 0.04296875 0.040625
0 0.91875 0.6671875 0.11171875 0.04375
0 0.21015625 0.76171875 0.21484375 0.03515625
0 0.2109375 0.80859375 0.2140625 0.03515625
0 0.79453125 0.75859375 0.03046875 0.040625
0 0.88671875 0.75859375 0.14140625 0.040625
0 0.75390625 0.8078125 0.025 0.0375
0 0.865625 0.8078125 0.17734375 0.0390625
0 0.80390625 0.9 0.01875 0.03984375
0 0.8859375 0.9 0.13125 0.03984375
0 0.28046875 0.9421875 0.22578125 0.0375
0 0.51015625 0.9828125 0.11015625 0.03359375
0 0.42578125 0.50234375 0.0109375 0.02578125
0 0.16796875 0.4953125 0.146875 0.03515625
0 0.128125 0.59375 0.09296875 0.04453125
0 0.65078125 0.66328125 0.0296875 0.02890625
0 0.846875 0.65859375 0.02265625 0.01875
0 0.18203125 0.90078125 0.10859375 0.040625