0 0.446875 0.1125 0.08046875 0.028125
0 0.5640625 0.1109375 0.103125 0.0265625
0 0.24453125 0.15 0.06328125 0.03125
0 0.41640625 0.14921875 0.234375 0.028125
0 0.67109375 0.14453125 0.23046875 0.028125
0 0.24296875 0.18828125 0.15 0.03125
0 0.3609375 0.1859375 0.04296875 0.0328125
0 0.39453125 0.19296875 0.00625 0.01796875
0 0.5578125 0.1828125 0.25546875 0.0296875
0 0.69453125 0.18125 0.015625 0.0328125
0 0.72578125 0.18046875 0.046875 0.03203125
0 0.759375 0.184375 0.0078125 0.02421875
0 0.82578125 0.17890625 0.01484375 0.0328125
0 0.84609375 0.17890625 0.01484375 0.0328125
0 0.26484375 0.22265625 0.059375 0.03203125
0 0.31171875 0.22265625 0.01171875 0.0328125
0 0.39453125 0.22109375 0.14453125 0.03125
0 0.56484375 0.21796875 0.103125 0.03125
0 0.6296875 0.2171875 0.01796875 0.03203125
0 0.71328125 0.215625 0.1453125 0.03046875
0 0.28515625 0.259375 0.15 0.028125
0 0.415625 0.25703125 0.06328125 0.03046875
0 0.5109375 0.25546875 0.08515625 0.0296875
0 0.56640625 0.2546875 0.00703125 0.03125
0 0.68515625 0.25234375 0.21015625 0.02734375
0 0.425 0.29296875 0.16796875 0.0265625
0 0.596875 0.28984375 0.1234375 0.028125
0 0.896875 0.3546875 0.08125 0.0296875
0 0.13359375 0.3671875 0.10546875 0.03125
0 0.2 0.36640625 0.0046875 0.03125
0 0.33828125 0.36484375 0.2125 0.02890625
0 0.121875 0.4046875 0.084375 0.03203125
0 0.2 0.403125 0.00625 0.0328125
0 0.31875 0.4015625 0.1671875 0.03125
0 0.18515625 0.475 0.21640625 0.02734375
0 0.36875 0.47109375 0.1078125 0.0296875
0 0.47734375 0.46875 0.06484375 0.03125
0 0.13046875 0.51171875 0.103125 0.0296875
0 0.25078125 0.509375 0.0859375 0.0296875
0 0.35703125 0.50703125 0.0828125 0.0296875
0 0.4328125 0.50546875 0.01171875 0.03125
0 0.46640625 0.50546875 0.04296875 0.03125
0 0.58203125 0.503125 0.0109375 0.03125
0 0.61953125 0.50234375 0.04140625 0.03125
0 0.128125 0.54765625 0.1078125 0.02890625
0 0.3265625 0.54375 0.2375 0.0265625
0 0.89296875 0.4625 0.103125 0.028125
0 0.82578125 0.4984375 0.01796875 0.0296875
0 0.89453125 0.4984375 0.0984375 0.0296875
0 0.8234375 0.5328125 0.01796875 0.02734375
0 0.8890625 0.5328125 0.1046875 0.02734375
0 0.20703125 0.615625 0.253125 0.03203125
0 0.209375 0.6484375 0.25234375 0.028125
0 0.74296875 0.60546875 0.03671875 0.03125
0 0.85078125 0.60390625 0.16796875 0.028125
0 0.69296875 0.64140625 0.0203125 0.0296875
0 0.82890625 0.6390625 0.20703125 0.0265625
0 0.81875 0.70859375 0.01796875 0.02734375
0 0.8828125 0.7078125 0.1046875 0.0265625
0 0.1484375 0.7234375 0.12578125 0.03203125
0 0.115625 0.79375 0.0578125 0.03359375
0 0.16171875 0.79296875 0.01953125 0.034375
0 0.2125 0.79140625 0.078125 0.03359375
0 0.26796875 0.78984375 0.0203125 0.03515625
0 0.35234375 0.7875 0.146875 0.03203125
0 0.4375 0.7859375 0.0125 0.034375
0 0.45859375 0.78515625 0.009375 0.034375
0 0.73203125 0.8953125 0.01796875 0.0265625
0 0.78671875 0.8953125 0.0375 0.0265625
0 0.81875 0.89453125 0.0046875 0.0265625
0 0.89453125 0.89296875 0.08046875 0.0265625
0 0.19609375 0.9078125 0.03828125 0.02890625
0 0.30078125 0.90625 0.0828125 0.028125
0 0.59609375 0.96953125 0.1703125 0.0265625
0 0.79296875 0.18046875 0.0375 0.025
0 0.79140625 0.3578125 0.04296875 0.028125
0 0.825 0.36171875 0.0109375 0.0203125
0 0.71640625 0.36171875 0.06484375 0.03125
0 0.61875 0.46796875 0.0390625 0.025
0 0.58671875 0.46796875 0.0203125 0.03046875
0 0.82578125 0.465625 0.0203125 0.02109375
0 0.1234375 0.909375 0.06953125 0.028125
0 0.4515625 0.97734375 0.0453125 0.03046875