0 0.4828125 0.13515625 0.21875 0.0140625
0 0.190625 0.1453125 0.09921875 0.0171875
0 0.296875 0.14765625 0.059375 0.01328125
0 0.4203125 0.14765625 0.13984375 0.0140625
0 0.546875 0.14765625 0.05859375 0.01640625
0 0.59140625 0.1484375 0.0109375 0.015625
0 0.61953125 0.1484375 0.034375 0.01640625
0 0.73828125 0.1484375 0.1515625 0.0125
0 0.15859375 0.1609375 0.12109375 0.01171875
0 0.2671875 0.16171875 0.04140625 0.0125
0 0.37109375 0.1625 0.08125 0.01171875
0 0.5234375 0.16328125 0.175 0.0125
0 0.65859375 0.1625 0.03671875 0.01640625
0 0.73984375 0.16328125 0.02890625 0.01640625
0 0.83671875 0.165625 0.1 0.0125
0 0.19140625 0.17578125 0.05859375 0.0109375
0 0.2984375 0.1765625 0.1 0.0109375
0 0.40234375 0.1765625 0.059375 0.0109375
0 0.47421875 0.17734375 0.0390625 0.0109375
0 0.5046875 0.17578125 0.0015625 0.015625
0 0.52421875 0.1765625 0.01484375 0.015625
0 0.61015625 0.17734375 0.09375 0.0109375
0 0.753125 0.178125 0.14140625 0.01328125
0 0.178125 0.1890625 0.159375 0.0171875
0 0.36953125 0.18984375 0.16171875 0.0171875
0 0.5109375 0.190625 0.06875 0.01640625
0 0.59453125 0.190625 0.02578125 0.015625
0 0.62890625 0.19140625 0.0140625 0.015625
0 0.65 0.19140625 0.0015625 0.015625
0 0.76328125 0.1921875 0.20078125 0.0171875
0 0.17265625 0.21796875 0.09765625 0.015625
0 0.41171875 0.21953125 0.20390625 0.015625
0 0.159375 0.23203125 0.0765625 0.015625
0 0.3578125 0.23359375 0.090625 0.01640625
0 0.1515625 0.246875 0.05625 0.015625
0 0.2234375 0.246875 0.03671875 0.015625
0 0.278125 0.24765625 0.00234375 0.015625
0 0.35 0.24765625 0.07734375 0.015625
0 0.2390625 0.2765625 0.26484375 0.015625
0 0.165625 0.290625 0.11953125 0.0125
0 0.48515625 0.29140625 0.015625 0.01015625
0 0.51640625 0.2921875 0.03515625 0.01015625
0 0.234375 0.3046875 0.25859375 0.0140625
0 0.11171875 0.31875 0.01484375 0.0125
0 0.1859375 0.31875 0.07734375 0.01328125
0 0.321875 0.31953125 0.13828125 0.01328125
0 0.48671875 0.3203125 0.0140625 0.01328125
0 0.51796875 0.3203125 0.03515625 0.01328125
0 0.73203125 0.29296875 0.0125 0.01328125
0 0.79375 0.29296875 0.09765625 0.01328125
0 0.7328125 0.3203125 0.01328125 0.0125
0 0.79453125 0.3203125 0.096875 0.0125
0 0.20703125 0.36015625 0.11796875 0.0125
0 0.20625 0.375 0.11875 0.0125
0 0.73359375 0.3625 0.0140625 0.01328125
0 0.7953125 0.3625 0.09375 0.01328125
0 0.7125 0.3765625 0.01328125 0.0109375
0 0.78515625 0.3765625 0.1140625 0.0109375
0 0.19296875 0.4171875 0.09765625 0.015625
0 0.31953125 0.4171875 0.09765625 0.015625
0 0.15234375 0.43203125 0.09765625 0.015625
0 0.25859375 0.43203125 0.05625 0.015625
0 0.36171875 0.43203125 0.09765625 0.015625
0 0.42421875 0.43203125 0.00390625 0.015625
0 0.48828125 0.4328125 0.05703125 0.015625
0 0.7125 0.41953125 0.01328125 0.0125
0 0.78515625 0.41953125 0.1140625 0.0125
0 0.17421875 0.4609375 0.0578125 0.0140625
0 0.278125 0.4609375 0.09609375 0.0140625
0 0.40390625 0.4609375 0.05625 0.0140625
0 0.50703125 0.4609375 0.09296875 0.0140625
0 0.63125 0.4609375 0.09765625 0.0140625
0 0.153125 0.47578125 0.01484375 0.01171875
0 0.17421875 0.47578125 0.01484375 0.01171875
0 0.40234375 0.47578125 0.01328125 0.015625
0 0.478125 0.475 0.11796875 0.01484375
0 0.81484375 0.4609375 0.05703125 0.0109375
0 0.73359375 0.475 0.01328125 0.015625
0 0.7953125 0.475 0.09375 0.015625
0 0.16328125 0.5046875 0.12109375 0.01328125
0 0.271875 0.5046875 0.0421875 0.01328125
0 0.303125 0.5046875 0.0109375 0.01328125
0 0.50859375 0.50390625 0.3890625 0.0125
0 0.14453125 0.5171875 0.07421875 0.015625
0 0.35234375 0.5171875 0.28125 0.01484375
0 0.56953125 0.51640625 0.09921875 0.01484375
0 0.73203125 0.51640625 0.17421875 0.01484375
0 0.86484375 0.51640625 0.0328125 0.01484375
0 0.15234375 0.53203125 0.09609375 0.0140625
0 0.278125 0.53125 0.09453125 0.0140625
0 0.44375 0.53125 0.1765625 0.01328125
0 0.6515625 0.53125 0.17734375 0.01328125
0 0.165625 0.54609375 0.11953125 0.01484375
0 0.28046875 0.54609375 0.0578125 0.01484375
0 0.39453125 0.54609375 0.11953125 0.015625
0 0.51484375 0.5453125 0.071875 0.015625
0 0.6 0.54453125 0.0390625 0.0140625
0 0.68203125 0.54453125 0.07578125 0.015625
0 0.1453125 0.5609375 0.0796875 0.0140625
0 0.23125 0.56015625 0.034375 0.0140625
0 0.34375 0.56015625 0.1390625 0.01328125
0 0.47734375 0.559375 0.0765625 0.0140625
0 0.58125 0.56015625 0.08046875 0.01328125
0 0.1546875 0.57421875 0.0984375 0.01484375
0 0.3921875 0.57421875 0.325 0.0140625
0 0.621875 0.5734375 0.071875 0.01484375
0 0.72265625 0.57265625 0.0734375 0.01484375
0 0.834375 0.57265625 0.09765625 0.01484375
0 0.23828125 0.58828125 0.2640625 0.0109375
0 0.1375 0.60234375 0.05625 0.0140625
0 0.178125 0.60234375 0.0109375 0.01328125
0 0.23046875 0.60234375 0.07890625 0.0140625
0 0.32109375 0.60234375 0.05703125 0.0140625
0 0.39296875 0.6015625 0.03671875 0.01328125
0 0.45625 0.6015625 0.03671875 0.01328125
0 0.13125 0.61875 0.06484375 0.0171875
0 0.178125 0.61796875 0.0140625 0.01640625
0 0.25859375 0.6171875 0.1484375 0.01640625
0 0.39296875 0.6171875 0.078125 0.0171875
0 0.475 0.61640625 0.0375 0.01640625
0 0.5078125 0.61640625 0.0015625 0.01640625
0 0.52890625 0.61640625 0.01640625 0.01640625
0 0.61953125 0.61640625 0.11796875 0.0171875
0 0.6921875 0.615625 0.01328125 0.0171875
0 0.73359375 0.615625 0.0515625 0.0171875
0 0.1296875 0.6609375 0.06015625 0.0171875
0 0.25390625 0.6609375 0.13984375 0.0171875
0 0.38203125 0.66015625 0.015625 0.0171875
0 0.48515625 0.659375 0.14140625 0.0171875
0 0.56953125 0.65859375 0.00390625 0.0171875
0 0.65234375 0.65859375 0.09765625 0.01640625
0 0.3578125 0.71875 0.4171875 0.0109375
0 0.20234375 0.73359375 0.20703125 0.01484375
0 0.3828125 0.73203125 0.1 0.015625
0 0.1921875 0.76171875 0.18671875 0.015625
0 0.3703125 0.76015625 0.1171875 0.01640625
0 0.446875 0.759375 0.0140625 0.01640625
0 0.52265625 0.759375 0.11484375 0.01640625
0 0.13828125 0.7765625 0.078125 0.015625
0 0.24453125 0.77578125 0.075 0.01484375
0 0.29921875 0.775 0.00390625 0.01484375
0 0.3296875 0.775 0.0390625 0.015625
0 0.42578125 0.7734375 0.09765625 0.01484375
0 0.5359375 0.7734375 0.06953125 0.01484375
0 0.590625 0.7734375 0.00625 0.0125
0 0.6234375 0.77421875 0.04140625 0.0125
0 0.14140625 0.79140625 0.08046875 0.015625
0 0.28515625 0.78984375 0.1625 0.01484375
0 0.38203125 0.7890625 0.003125 0.015625
0 0.45625 0.78828125 0.11953125 0.015625
0 0.18828125 0.80546875 0.16328125 0.01171875
0 0.2796875 0.8046875 0.0109375 0.01328125
0 0.37109375 0.8046875 0.16328125 0.01171875
0 0.14140625 0.81875 0.0765625 0.0109375
0 0.228125 0.81796875 0.03671875 0.01015625
0 0.259375 0.81796875 0.00390625 0.0109375
0 0.33125 0.81796875 0.1203125 0.01015625
0 0.15859375 0.8984375 0.015625 0.01484375
0 0.21015625 0.8984375 0.03671875 0.01484375
0 0.24140625 0.8984375 0.00234375 0.01484375
0 0.29375 0.8984375 0.07578125 0.01484375
0 0.67265625 0.89609375 0.05625 0.015625
0 0.74375 0.89609375 0.03671875 0.015625
0 0.775 0.89609375 0.00390625 0.015625
0 0.821875 0.8953125 0.07109375 0.015625
0 0.4578125 0.925 0.25 0.015625
0 0.27578125 0.23359375 0.0109375 0.0078125
0 0.27578125 0.21875 0.0078125 0.00625
0 0.7421875 0.659375 0.03359375 0.0125
0 0.54921875 0.73203125 0.1875 0.01171875