0 0.63359375 0.19140625 0.0609375 0.0171875
0 0.7203125 0.1921875 0.0609375 0.0140625
0 0.30703125 0.19375 0.2078125 0.0171875
0 0.50859375 0.19453125 0.1453125 0.01796875
0 0.47734375 0.2171875 0.32578125 0.01796875
0 0.496875 0.2359375 0.03515625 0.01796875
0 0.75859375 0.2375 0.096875 0.0140625
0 0.4140625 0.23828125 0.0890625 0.01484375
0 0.61328125 0.23828125 0.153125 0.01484375
0 0.20078125 0.2390625 0.125 0.01484375
0 0.31484375 0.240625 0.05703125 0.01796875
0 0.50625 0.259375 0.1046875 0.01640625
0 0.78984375 0.26015625 0.0765625 0.01640625
0 0.65390625 0.2609375 0.14375 0.01875
0 0.16796875 0.2625 0.1046875 0.02109375
0 0.32734375 0.2625 0.17890625 0.01796875
0 0.32578125 0.28125 0.07890625 0.01640625
0 0.4640625 0.28203125 0.15078125 0.0140625
0 0.60390625 0.284375 0.08203125 0.01953125
0 0.559375 0.30390625 0.2515625 0.01484375
0 0.34921875 0.3046875 0.03828125 0.01484375
0 0.27265625 0.3046875 0.0609375 0.01484375
0 0.40078125 0.30625 0.01015625 0.0109375
0 0.66640625 0.32578125 0.16640625 0.01484375
0 0.18671875 0.32578125 0.1046875 0.01796875
0 0.45546875 0.3265625 0.2078125 0.01484375
0 0.79296875 0.3265625 0.03515625 0.0171875
0 0.2953125 0.3265625 0.0609375 0.01484375
0 0.63671875 0.3703125 0.228125 0.01484375
0 0.34140625 0.37109375 0.14609375 0.01484375
0 0.47109375 0.37109375 0.071875 0.01484375
0 0.21171875 0.371875 0.06171875 0.01484375
0 0.890625 0.41484375 0.01875 0.01484375
0 0.58125 0.41484375 0.12578125 0.01484375
0 0.4640625 0.415625 0.01328125 0.0140625
0 0.79453125 0.41640625 0.1234375 0.01953125
0 0.18046875 0.41640625 0.25078125 0.0171875
0 0.80546875 0.43671875 0.0109375 0.01328125
0 0.73125 0.43828125 0.07421875 0.01953125
0 0.14921875 0.43828125 0.1046875 0.01484375
0 0.4453125 0.4390625 0.440625 0.01953125
0 0.74140625 0.45859375 0.06328125 0.01640625
0 0.65546875 0.459375 0.05703125 0.01484375
0 0.5609375 0.459375 0.0828125 0.01484375
0 0.43359375 0.46015625 0.08125 0.01484375
0 0.17890625 0.4625 0.16640625 0.015625
0 0.35859375 0.46171875 0.0109375 0.0109375
0 0.79140625 0.50390625 0.12734375 0.0140625
0 0.584375 0.50390625 0.03828125 0.01484375
0 0.52734375 0.5046875 0.02109375 0.01328125
0 0.6890625 0.5046875 0.04140625 0.01484375
0 0.46328125 0.5046875 0.06640625 0.01484375
0 0.34765625 0.5046875 0.08203125 0.015625
0 0.10546875 0.50546875 0.103125 0.01640625
0 0.23203125 0.50546875 0.10234375 0.01640625
0 0.78984375 0.54609375 0.13515625 0.0171875
0 0.68984375 0.54765625 0.040625 0.01484375
0 0.10546875 0.5484375 0.09921875 0.01640625
0 0.23359375 0.55 0.10546875 0.01875
0 0.796875 0.59140625 0.12734375 0.01640625
0 0.68984375 0.5921875 0.040625 0.01484375
0 0.1390625 0.59609375 0.084375 0.01484375
0 0.7 0.61484375 0.05859375 0.01484375
0 0.80546875 0.61484375 0.10546875 0.01796875
0 0.128125 0.61875 0.14609375 0.01796875
0 0.084375 0.68125 0.0609375 0.01875
0 0.825 0.68203125 0.140625 0.0171875
0 0.58125 0.6828125 0.20703125 0.01796875
0 0.21328125 0.68515625 0.140625 0.01640625
0 0.84921875 0.70234375 0.09921875 0.0140625
0 0.628125 0.703125 0.1234375 0.01484375
0 0.0671875 0.70546875 0.01875 0.0140625
0 0.16171875 0.70703125 0.04296875 0.0171875
0 0.859375 0.72421875 0.08203125 0.0140625
0 0.64921875 0.725 0.08203125 0.0140625
0 0.1578125 0.7265625 0.04375 0.01640625
0 0.06796875 0.72734375 0.02109375 0.0140625
0 0.72421875 0.76796875 0.09765625 0.01796875
0 0.42734375 0.76953125 0.14921875 0.01484375
0 0.2890625 0.76953125 0.08203125 0.01484375
0 0.83046875 0.7703125 0.0609375 0.01953125
0 0.1390625 0.77109375 0.1640625 0.0140625
0 0.70078125 0.79140625 0.0609375 0.0140625
0 0.57265625 0.79140625 0.14296875 0.01484375
0 0.278125 0.79296875 0.05703125 0.0140625
0 0.1328125 0.79453125 0.171875 0.015625
0 0.503125 0.8359375 0.0796875 0.01328125
0 0.353125 0.83671875 0.084375 0.01484375
0 0.59921875 0.8375 0.0609375 0.01640625
0 0.42890625 0.83828125 0.01875 0.01015625
0 0.425 0.85859375 0.1046875 0.01484375
0 0.5328125 0.8609375 0.06171875 0.0140625
0 0.503125 0.88125 0.084375 0.015625
0 0.39765625 0.88203125 0.08125 0.01796875
0 0.14375 0.925 0.16171875 0.034375
0 0.2890625 0.92578125 0.08203125 0.01640625
0 0.88359375 0.959375 0.0078125 0.00546875
0 0.14375 0.96875 0.16640625 0.01484375
0 0.47265625 0.96875 0.01015625 0.0109375
0 0.3453125 0.9703125 0.1875 0.01796875