0 0.6921875 0.06796875 0.08828125 0.0234375
0 0.58671875 0.06953125 0.0875 0.021875
0 0.359375 0.0703125 0.1828125 0.02421875
0 0.1796875 0.071875 0.1328125 0.02421875
0 0.496875 0.07265625 0.05703125 0.02890625
0 0.48203125 0.10703125 0.13125 0.01875
0 0.38359375 0.10703125 0.04296875 0.01875
0 0.32421875 0.109375 0.053125 0.02265625
0 0.4625 0.1421875 0.1984375 0.01875
0 0.3171875 0.1421875 0.06796875 0.01875
0 0.69375 0.17734375 0.04140625 0.021875
0 0.60546875 0.178125 0.1046875 0.0203125
0 0.359375 0.17890625 0.08203125 0.0203125
0 0.2546875 0.18125 0.10234375 0.021875
0 0.159375 0.18203125 0.04921875 0.01875
0 0.4734375 0.18125 0.13125 0.0265625
0 0.57734375 0.21484375 0.078125 0.02421875
0 0.45859375 0.21484375 0.13125 0.0265625
0 0.30859375 0.215625 0.1453125 0.02421875
0 0.41328125 0.246875 0.08203125 0.01953125
0 0.30859375 0.24765625 0.1 0.0203125
0 0.52890625 0.24765625 0.1234375 0.02578125
0 0.66640625 0.278125 0.165625 0.021875
0 0.38203125 0.28125 0.07734375 0.01875
0 0.29296875 0.28125 0.07109375 0.0203125
0 0.50859375 0.28125 0.1296875 0.02578125
0 0.12109375 0.2828125 0.025 0.0203125
0 0.19609375 0.2828125 0.0984375 0.02421875
0 0.48203125 0.321875 0.1890625 0.02421875
0 0.32421875 0.321875 0.090625 0.0265625
0 0.72421875 0.365625 0.11484375 0.02109375
0 0.56875 0.3671875 0.17265625 0.01953125
0 0.23203125 0.36875 0.09375 0.01953125
0 0.109375 0.37109375 0.06953125 0.02109375
0 0.1734375 0.4078125 0.190625 0.0234375
0 0.74609375 0.434375 0.07578125 0.02421875
0 0.2265625 0.43828125 0.07734375 0.0203125
0 0.59453125 0.43828125 0.0859375 0.021875
0 0.10390625 0.43984375 0.05546875 0.0296875
0 0.75390625 0.4765625 0.0609375 0.021875
0 0.82265625 0.4765625 0.046875 0.021875
0 0.59921875 0.4765625 0.0671875 0.02265625
0 0.4421875 0.47890625 0.04296875 0.01953125
0 0.23828125 0.47890625 0.12734375 0.021875
0 0.36171875 0.47890625 0.096875 0.0203125
0 0.15625 0.47890625 0.01875 0.021875
0 0.8234375 0.51171875 0.04765625 0.01953125
0 0.7515625 0.5125 0.0671875 0.0203125
0 0.59921875 0.51328125 0.0671875 0.0203125
0 0.43203125 0.5140625 0.04296875 0.01875
0 0.2890625 0.5140625 0.225 0.021875
0 0.15625 0.515625 0.01640625 0.0203125
0 0.75234375 0.5453125 0.06796875 0.02109375
0 0.8234375 0.5453125 0.04765625 0.021875
0 0.6 0.54765625 0.06796875 0.0203125
0 0.38359375 0.54921875 0.04296875 0.021875
0 0.2703125 0.54921875 0.16953125 0.02421875
0 0.15625 0.54921875 0.01875 0.02109375
0 0.3546875 0.5859375 0.02265625 0.021875
0 0.234375 0.5890625 0.0796875 0.0265625
0 0.11953125 0.58984375 0.01875 0.02109375
0 0.75703125 0.63046875 0.0671875 0.02109375
0 0.1578125 0.63515625 0.14375 0.021875
0 0.75703125 0.675 0.0671875 0.01953125
0 0.1921875 0.67578125 0.04765625 0.02109375
0 0.121875 0.67734375 0.0671875 0.02265625
0 0.75859375 0.721875 0.06953125 0.021875
0 0.26796875 0.7265625 0.04921875 0.0265625
0 0.16015625 0.728125 0.14609375 0.02578125
0 0.7609375 0.76171875 0.0640625 0.021875
0 0.2265625 0.76640625 0.1171875 0.0203125
0 0.1234375 0.76796875 0.0640625 0.021875
0 0.7546875 0.796875 0.08359375 0.0203125
0 0.13515625 0.80234375 0.09375 0.021875
0 0.7640625 0.8390625 0.06796875 0.02265625
0 0.153125 0.846875 0.12734375 0.02578125
0 0.3875 0.8921875 0.13125 0.0265625
0 0.5125 0.8984375 0.08359375 0.0265625
0 0.30078125 0.9328125 0.13984375 0.0265625
0 0.58515625 0.93359375 0.125 0.03046875
0 0.44609375 0.93359375 0.11640625 0.0203125