0 0.4046875 0.07265625 0.0609375 0.0171875
0 0.4703125 0.0734375 0.015625 0.0078125
0 0.57109375 0.07265625 0.140625 0.0171875
0 0.14453125 0.0859375 0.0375 0.01328125
0 0.2546875 0.0859375 0.13515625 0.01640625
0 0.4671875 0.0875 0.22265625 0.0140625
0 0.6328125 0.08828125 0.0578125 0.0140625
0 0.67890625 0.08984375 0.00625 0.01015625
0 0.73984375 0.08671875 0.0546875 0.0140625
0 0.78203125 0.090625 0.00703125 0.009375
0 0.85234375 0.0875 0.071875 0.01328125
0 0.2046875 0.09921875 0.1171875 0.01484375
0 0.321875 0.09921875 0.05859375 0.01484375
0 0.434375 0.1 0.07890625 0.01484375
0 0.5921875 0.1015625 0.17890625 0.01171875
0 0.7796875 0.1015625 0.13984375 0.01484375
0 0.22578125 0.1125 0.03671875 0.01484375
0 0.25859375 0.1125 0.00234375 0.01484375
0 0.3 0.11328125 0.059375 0.0109375
0 0.3625 0.11328125 0.015625 0.01484375
0 0.3828125 0.11328125 0.0109375 0.01484375
0 0.425 0.11328125 0.0546875 0.01484375
0 0.4890625 0.11328125 0.01171875 0.01484375
0 0.57109375 0.1140625 0.096875 0.015625
0 0.63515625 0.11484375 0.0125 0.01484375
0 0.71640625 0.11484375 0.13828125 0.015625
0 0.14296875 0.12734375 0.03828125 0.0140625
0 0.17421875 0.1265625 0.003125 0.015625
0 0.2578125 0.12890625 0.09765625 0.01328125
0 0.446875 0.128125 0.22734375 0.0125
0 0.62578125 0.128125 0.03671875 0.015625
0 0.65703125 0.128125 0.00390625 0.015625
0 0.771875 0.13046875 0.2078125 0.0140625
0 0.2984375 0.14375 0.0546875 0.01328125
0 0.3734375 0.14375 0.03671875 0.0140625
0 0.4046875 0.1421875 0.00234375 0.01484375
0 0.478125 0.1421875 0.07890625 0.015625
0 0.5734375 0.14296875 0.05625 0.015625
0 0.64453125 0.14375 0.0375 0.015625
0 0.70703125 0.14375 0.0375 0.015625
0 0.26015625 0.15859375 0.34765625 0.0140625
0 0.1484375 0.1734375 0.12421875 0.0140625
0 0.21875 0.17265625 0.00078125 0.015625
0 0.271875 0.17265625 0.03515625 0.01640625
0 0.375 0.1734375 0.11875 0.01640625
0 0.57109375 0.1734375 0.22421875 0.0171875
0 0.73828125 0.17421875 0.0578125 0.01640625
0 0.778125 0.175 0.00234375 0.015625
0 0.1046875 0.18671875 0.03828125 0.01484375
0 0.1359375 0.18671875 0.00234375 0.01484375
0 0.165625 0.18671875 0.03359375 0.015625
0 0.26015625 0.1875 0.1 0.015625
0 0.415625 0.18828125 0.1609375 0.015625
0 0.51015625 0.18828125 0.01484375 0.01484375
0 0.6 0.1890625 0.15234375 0.015625
0 0.1671875 0.20234375 0.1609375 0.0171875
0 0.26015625 0.20234375 0.00234375 0.01640625
0 0.4265625 0.203125 0.30625 0.01796875
0 0.13671875 0.23046875 0.09765625 0.015625
0 0.2625 0.23125 0.003125 0.01484375
0 0.375 0.23125 0.20234375 0.01640625
0 0.18828125 0.24453125 0.03828125 0.01484375
0 0.3125 0.24609375 0.07890625 0.015625
0 0.12578125 0.25859375 0.075 0.015625
0 0.29375 0.259375 0.03515625 0.01484375
0 0.32265625 0.259375 0.00234375 0.01484375
0 0.35390625 0.26015625 0.03828125 0.015625
0 0.2203125 0.28671875 0.26640625 0.01640625
0 0.11484375 0.3 0.05859375 0.0140625
0 0.15703125 0.30078125 0.00234375 0.0140625
0 0.17890625 0.30078125 0.0140625 0.0140625
0 0.22890625 0.30078125 0.0265625 0.0140625
0 0.32265625 0.3015625 0.09765625 0.01484375
0 0.3859375 0.3015625 0.01171875 0.0140625
0 0.4171875 0.30234375 0.03671875 0.0140625
0 0.446875 0.30234375 0.01171875 0.0140625
0 0.46953125 0.30234375 0.01640625 0.0140625
0 0.4890625 0.30234375 0.01328125 0.0140625
0 0.59140625 0.30390625 0.015625 0.01015625
0 0.6125 0.30390625 0.015625 0.01015625
0 0.8 0.30625 0.0140625 0.01328125
0 0.86328125 0.30625 0.1 0.0140625
0 0.21015625 0.3296875 0.240625 0.0140625
0 0.21015625 0.34375 0.24140625 0.015625
0 0.725 0.33359375 0.0265625 0.0140625
0 0.83203125 0.33359375 0.159375 0.0140625
0 0.68359375 0.34765625 0.02734375 0.015625
0 0.8109375 0.34765625 0.19921875 0.0171875
0 0.12734375 0.38515625 0.075 0.01484375
0 0.2109375 0.3859375 0.03671875 0.0140625
0 0.134375 0.40078125 0.09609375 0.0140625
0 0.79765625 0.40546875 0.0125 0.0140625
0 0.8609375 0.40546875 0.09765625 0.01484375
0 0.1171875 0.428125 0.0578125 0.0109375
0 0.09609375 0.4421875 0.015625 0.01171875
0 0.115625 0.4421875 0.015625 0.01171875
0 0.4265625 0.43046875 0.0578125 0.01484375
0 0.53984375 0.43125 0.1171875 0.015625
0 0.7046875 0.43203125 0.11875 0.015625
0 0.85078125 0.4328125 0.1171875 0.015625
0 0.51015625 0.4453125 0.0140625 0.0140625
0 0.56171875 0.4453125 0.07734375 0.0140625
0 0.79765625 0.44765625 0.0125 0.0140625
0 0.86171875 0.4484375 0.096875 0.01484375
0 0.28984375 0.484375 0.11796875 0.01640625
0 0.39609375 0.48515625 0.03671875 0.015625
0 0.4265625 0.48515625 0.003125 0.01484375
0 0.59375 0.48671875 0.309375 0.01796875
0 0.39296875 0.49921875 0.15546875 0.0171875
0 0.48828125 0.50078125 0.01015625 0.015625
0 0.6046875 0.50078125 0.1625 0.0171875
0 0.1984375 0.51171875 0.05625 0.01640625
0 0.2703125 0.51171875 0.03671875 0.01640625
0 0.30078125 0.5125 0.003125 0.015625
0 0.4171875 0.5125 0.20234375 0.0171875
0 0.55234375 0.51328125 0.0140625 0.015625
0 0.6234375 0.51484375 0.0796875 0.01640625
0 0.70703125 0.51484375 0.03671875 0.01640625
0 0.73828125 0.515625 0.00234375 0.015625
0 0.78984375 0.515625 0.07734375 0.01640625
0 0.14453125 0.52578125 0.11875 0.0171875
0 0.29140625 0.5265625 0.1203125 0.0171875
0 0.40546875 0.52734375 0.05625 0.0171875
0 0.6859375 0.5296875 0.2046875 0.01796875
0 0.86328125 0.53046875 0.09609375 0.0171875
0 0.64375 0.54375 0.07890625 0.0140625
0 0.415625 0.55625 0.1203125 0.015625
0 0.57109375 0.5578125 0.140625 0.015625
0 0.4890625 0.571875 0.10078125 0.01484375
0 0.4 0.5859375 0.1234375 0.01171875
0 0.5296875 0.5859375 0.09765625 0.01328125
0 0.625 0.5875 0.03828125 0.01328125
0 0.30078125 0.5984375 0.178125 0.015625
0 0.446875 0.59921875 0.05703125 0.01484375
0 0.509375 0.6 0.01328125 0.0140625
0 0.6 0.60078125 0.11796875 0.01484375
0 0.7359375 0.60078125 0.09765625 0.01484375
0 0.1796875 0.61171875 0.05703125 0.015625
0 0.2828125 0.61171875 0.0984375 0.01640625
0 0.40703125 0.6125 0.0984375 0.01640625
0 0.5390625 0.61328125 0.11640625 0.015625
0 0.6109375 0.6140625 0.0046875 0.015625
0 0.74609375 0.61484375 0.20078125 0.0171875
0 0.27265625 0.62578125 0.28359375 0.01640625
0 0.5296875 0.62734375 0.1796875 0.015625
0 0.63125 0.628125 0.003125 0.01484375
0 0.725 0.62890625 0.11640625 0.015625
0 0.8265625 0.6296875 0.0234375 0.01484375
0 0.11875 0.6390625 0.05625 0.0140625
0 0.1796875 0.63984375 0.003125 0.01328125
0 0.35390625 0.640625 0.2828125 0.01484375
0 0.8671875 0.64375 0.07734375 0.0125
0 0.375 0.6546875 0.075 0.01484375
0 0.47578125 0.6546875 0.07421875 0.01484375
0 0.52734375 0.6546875 0.00859375 0.0140625
0 0.6015625 0.65546875 0.1171875 0.015625
0 0.4265625 0.6828125 0.18125 0.01640625
0 0.590625 0.68359375 0.0984375 0.01640625
0 0.44765625 0.69765625 0.18203125 0.0171875
0 0.58984375 0.6984375 0.05703125 0.01640625
0 0.29296875 0.7234375 0.03828125 0.015625
0 0.40546875 0.72421875 0.1390625 0.01640625
0 0.6 0.72578125 0.20078125 0.0171875
0 0.43515625 0.7390625 0.12265625 0.01484375
0 0.55859375 0.73984375 0.0765625 0.01484375
0 0.1859375 0.7515625 0.028125 0.0171875
0 0.2828125 0.7515625 0.0984375 0.01796875
0 0.415625 0.7546875 0.08203125 0.0140625
0 0.55546875 0.75390625 0.165625 0.01796875
0 0.72421875 0.75625 0.1171875 0.015625
0 0.50234375 0.821875 0.40234375 0.0125
0 0.34296875 0.85 0.50859375 0.01875
0 0.70078125 0.8515625 0.159375 0.0171875
0 0.85625 0.85234375 0.09375 0.01640625
0 0.09609375 0.86328125 0.015625 0.01328125
0 0.1171875 0.86328125 0.00234375 0.0140625
0 0.17890625 0.86328125 0.09765625 0.01484375
0 0.29140625 0.86484375 0.07734375 0.0140625
0 0.38359375 0.865625 0.003125 0.01328125
0 0.87578125 0.86796875 0.059375 0.0109375
0 0.503125 0.9046875 0.325 0.0140625
0 0.11484375 0.93125 0.05859375 0.01484375
0 0.18671875 0.93125 0.0421875 0.01484375
0 0.2203125 0.93125 0.01171875 0.0140625
0 0.27109375 0.93203125 0.08515625 0.01484375
0 0.73359375 0.93515625 0.0140625 0.0140625
0 0.784375 0.93515625 0.03671875 0.0140625
0 0.815625 0.93515625 0.003125 0.0140625
0 0.86875 0.9359375 0.07734375 0.0140625
0 0.46796875 0.96171875 0.0359375 0.0171875
0 0.5921875 0.9625 0.159375 0.01796875
0 0.26015625 0.24765625 0.009375 0.0078125
0 0.26171875 0.2625 0.0078125 0.00859375