0 0.2234375 0.103125 0.12890625 0.03828125
0 0.44765625 0.11171875 0.1921875 0.03203125
0 0.7 0.11796875 0.19375 0.03984375
0 0.2890625 0.15390625 0.22265625 0.0234375
0 0.1734375 0.16875 0.14375 0.01328125
0 0.32890625 0.17265625 0.1046875 0.0125
0 0.5625 0.17734375 0.05859375 0.01171875
0 0.65234375 0.18046875 0.03515625 0.01640625
0 0.72890625 0.1796875 0.05546875 0.015625
0 0.8328125 0.184375 0.06015625 0.01171875
0 0.1609375 0.18203125 0.121875 0.01640625
0 0.2828125 0.18671875 0.0734375 0.0125
0 0.428125 0.18828125 0.17421875 0.025
0 0.56953125 0.19140625 0.0359375 0.02109375
0 0.6453125 0.19453125 0.0578125 0.01328125
0 0.709375 0.196875 0.01484375 0.01640625
0 0.1546875 0.1984375 0.1015625 0.021875
0 0.2203125 0.2 0.01171875 0.01875
0 0.30234375 0.20390625 0.15234375 0.01328125
0 0.50625 0.20625 0.20078125 0.0234375
0 0.15 0.215625 0.09921875 0.02109375
0 0.32734375 0.22109375 0.190625 0.015625
0 0.4796875 0.22421875 0.0625 0.015625
0 0.5609375 0.225 0.05703125 0.01484375
0 0.65703125 0.22734375 0.08359375 0.01484375
0 0.175 0.2484375 0.09921875 0.021875
0 0.4203125 0.25390625 0.2046875 0.02421875
0 0.16328125 0.26484375 0.0765625 0.01796875
0 0.37109375 0.26796875 0.09296875 0.01640625
0 0.22890625 0.2828125 0.03671875 0.0171875
0 0.3578125 0.284375 0.0796875 0.01875
0 0.240625 0.315625 0.27578125 0.0171875
0 0.15703125 0.33046875 0.10390625 0.0125
0 0.2421875 0.3484375 0.27578125 0.01640625
0 0.15546875 0.3609375 0.103125 0.0140625
0 0.49609375 0.3359375 0.01484375 0.0109375
0 0.52890625 0.33671875 0.0375 0.01171875
0 0.746875 0.33984375 0.00859375 0.01015625
0 0.81015625 0.33984375 0.09375 0.01171875
0 0.49609375 0.3671875 0.01640625 0.01171875
0 0.528125 0.3671875 0.03671875 0.01171875
0 0.7453125 0.37109375 0.01171875 0.01484375
0 0.80703125 0.371875 0.09609375 0.015625
0 0.21171875 0.41015625 0.11875 0.0171875
0 0.2109375 0.42578125 0.121875 0.0171875
0 0.74375 0.4171875 0.0109375 0.01484375
0 0.80703125 0.41796875 0.09453125 0.01640625
0 0.72265625 0.4328125 0.01328125 0.0140625
0 0.79765625 0.4328125 0.115625 0.01484375
0 0.2015625 0.4734375 0.10703125 0.0171875
0 0.32890625 0.4734375 0.10078125 0.01484375
0 0.165625 0.48984375 0.11953125 0.01796875
0 0.36171875 0.49296875 0.2078125 0.015625
0 0.47421875 0.4921875 0.00703125 0.01640625
0 0.5390625 0.49375 0.0609375 0.01484375
0 0.72265625 0.48046875 0.01328125 0.01484375
0 0.79609375 0.48046875 0.115625 0.01484375
0 0.17890625 0.51953125 0.05859375 0.01796875
0 0.284375 0.5203125 0.096875 0.01796875
0 0.41484375 0.52109375 0.0578125 0.01796875
0 0.51484375 0.521875 0.09296875 0.0171875
0 0.640625 0.52265625 0.09609375 0.01796875
0 0.15625 0.53515625 0.015625 0.0125
0 0.178125 0.5359375 0.015625 0.0125
0 0.41171875 0.5375 0.0125 0.01328125
0 0.48671875 0.5375 0.11484375 0.0140625
0 0.82578125 0.525 0.05625 0.0125
0 0.74609375 0.53984375 0.01328125 0.01328125
0 0.80703125 0.53984375 0.09453125 0.0125
0 0.22890625 0.5671875 0.159375 0.01875
0 0.41171875 0.56640625 0.14140625 0.01640625
0 0.525 0.56875 0.02890625 0.01796875
0 0.6546875 0.5703125 0.16796875 0.015625
0 0.83046875 0.5703125 0.14375 0.01640625
0 0.196875 0.58203125 0.01015625 0.015625
0 0.29453125 0.58359375 0.1625 0.01875
0 0.465625 0.58671875 0.11640625 0.01484375
0 0.70390625 0.5859375 0.30703125 0.0140625
0 0.13984375 0.63203125 0.0765625 0.01640625
0 0.27109375 0.63203125 0.12421875 0.01640625
0 0.4296875 0.63203125 0.13671875 0.01640625
0 0.5484375 0.63203125 0.0375 0.01640625
0 0.5796875 0.6328125 0.00234375 0.015625
0 0.63203125 0.6328125 0.0375 0.015625
0 0.778125 0.6328125 0.2 0.01640625
0 0.11328125 0.6484375 0.0203125 0.0125
0 0.21953125 0.64921875 0.14765625 0.0125
0 0.3078125 0.64765625 0.0078125 0.01640625
0 0.40234375 0.6484375 0.159375 0.0140625
0 0.69453125 0.64921875 0.36953125 0.01328125
0 0.30546875 0.66484375 0.4046875 0.01328125
0 0.36953125 0.740625 0.415625 0.01484375
0 0.21328125 0.75546875 0.19921875 0.01328125
0 0.39609375 0.75546875 0.09609375 0.01328125
0 0.56015625 0.75546875 0.17578125 0.01328125
0 0.20390625 0.7859375 0.18515625 0.0171875
0 0.38046875 0.78515625 0.115625 0.0171875
0 0.45625 0.784375 0.00078125 0.0171875
0 0.53046875 0.784375 0.1171875 0.0171875
0 0.15 0.80078125 0.078125 0.01796875
0 0.25546875 0.80078125 0.0734375 0.01796875
0 0.3421875 0.80078125 0.0375 0.01796875
0 0.43671875 0.80078125 0.09765625 0.01796875
0 0.55546875 0.80078125 0.0765625 0.01796875
0 0.603125 0.80078125 0.0125 0.01796875
0 0.63359375 0.80078125 0.04296875 0.01796875
0 0.15078125 0.81796875 0.08125 0.0171875
0 0.30234375 0.81796875 0.16328125 0.0171875
0 0.39609375 0.81796875 0.0109375 0.0171875
0 0.46640625 0.81796875 0.1140625 0.01640625
0 0.19765625 0.83359375 0.16953125 0.01640625
0 0.290625 0.83359375 0.0109375 0.01640625
0 0.38125 0.83359375 0.1734375 0.015625
0 0.1484375 0.85 0.078125 0.01640625
0 0.234375 0.85 0.0375 0.01640625
0 0.340625 0.85 0.121875 0.01640625
0 0.56875 0.85 0.07734375 0.01640625
0 0.1578125 0.9453125 0.01640625 0.015625
0 0.20859375 0.9453125 0.034375 0.015625
0 0.2421875 0.9453125 0.0078125 0.015625
0 0.29453125 0.9453125 0.08125 0.015625
0 0.6828125 0.94453125 0.0578125 0.0171875
0 0.75390625 0.94453125 0.0375 0.0171875
0 0.7875 0.9453125 0.0046875 0.015625
0 0.83359375 0.94453125 0.0703125 0.01796875
0 0.46015625 0.97578125 0.25 0.0125
0 0.45546875 0.17421875 0.1046875 0.01171875
0 0.78125 0.196875 0.08125 0.0140625
0 0.15234375 0.28125 0.06875 0.01484375
0 0.28359375 0.2515625 0.0078125 0.00859375
0 0.284375 0.26875 0.0078125 0.00859375
0 0.2859375 0.284375 0.00859375 0.009375
0 0.14375 0.58359375 0.07734375 0.01171875
0 0.1109375 0.56875 0.01953125 0.01015625
0 0.41875 0.1328125 0.15078125 0.01484375
0 0.5875 0.13828125 0.12109375 0.0125