0 0.40078125 0.0953125 0.20390625 0.01875
0 0.17421875 0.09609375 0.20703125 0.01640625
0 0.55234375 0.09609375 0.07734375 0.01796875
0 0.7296875 0.096875 0.07890625 0.015625
0 0.64296875 0.096875 0.06796875 0.01484375
0 0.84453125 0.09765625 0.12890625 0.015625
0 0.94375 0.0984375 0.03515625 0.01640625
0 0.575 0.115625 0.12578125 0.015625
0 0.32578125 0.115625 0.053125 0.015625
0 0.45390625 0.11640625 0.0875 0.01640625
0 0.378125 0.11796875 0.02890625 0.0171875
0 0.68984375 0.11796875 0.07421875 0.0171875
0 0.4234375 0.13515625 0.084375 0.01484375
0 0.66796875 0.13515625 0.153125 0.01640625
0 0.52578125 0.1359375 0.0984375 0.0203125
0 0.31953125 0.1359375 0.096875 0.01484375
0 0.309375 0.15390625 0.05 0.0140625
0 0.2421875 0.15390625 0.06171875 0.01484375
0 0.43515625 0.15390625 0.13046875 0.01484375
0 0.7453125 0.15390625 0.15 0.01484375
0 0.59375 0.15390625 0.12109375 0.01484375
0 0.59296875 0.171875 0.2296875 0.01484375
0 0.36328125 0.17265625 0.07421875 0.01484375
0 0.43984375 0.17265625 0.05 0.01484375
0 0.4765625 0.21171875 0.01640625 0.02578125
0 0.753125 0.2125 0.07109375 0.02421875
0 0.60078125 0.2125 0.190625 0.02421875
0 0.265625 0.2125 0.053125 0.02421875
0 0.38125 0.2125 0.12890625 0.02421875
0 0.45234375 0.26015625 0.07421875 0.02578125
0 0.53828125 0.26015625 0.0515625 0.02578125
0 0.6046875 0.26015625 0.0375 0.02578125
0 0.75625 0.26015625 0.1484375 0.02578125
0 0.1234375 0.28671875 0.12734375 0.01484375
0 0.74453125 0.28828125 0.184375 0.0140625
0 0.578125 0.28828125 0.0875 0.01328125
0 0.40078125 0.31796875 0.11328125 0.02578125
0 0.58125 0.31796875 0.0546875 0.02421875
0 0.50625 0.31796875 0.053125 0.02421875
0 0.2765625 0.31796875 0.09375 0.02421875
0 0.13359375 0.31796875 0.15 0.02421875
0 0.1140625 0.3453125 0.11171875 0.0125
0 0.3484375 0.3453125 0.05 0.0125
0 0.40859375 0.3453125 0.01953125 0.0125
0 0.44765625 0.3453125 0.01953125 0.0125
0 0.49296875 0.346875 0.03203125 0.01484375
0 0.24609375 0.346875 0.1046875 0.015625
0 0.10625 0.36328125 0.090625 0.0140625
0 0.28671875 0.36484375 0.1015625 0.015625
0 0.1921875 0.36484375 0.03203125 0.0109375
0 0.496875 0.3828125 0.146875 0.0125
0 0.10390625 0.3828125 0.0953125 0.0125
0 0.23046875 0.3828125 0.10859375 0.0125
0 0.3546875 0.384375 0.08203125 0.01484375
0 0.38671875 0.39765625 0.11796875 0.0234375
0 0.1109375 0.40078125 0.0984375 0.01484375
0 0.24609375 0.40078125 0.134375 0.01484375
0 0.45390625 0.4203125 0.0546875 0.01484375
0 0.7625 0.42265625 0.08046875 0.02109375
0 0.596875 0.42265625 0.17578125 0.02109375
0 0.32890625 0.4421875 0.053125 0.01484375
0 0.40546875 0.44296875 0.0546875 0.0171875
0 0.55703125 0.44296875 0.01953125 0.0140625
0 0.15703125 0.44296875 0.21328125 0.015625
0 0.62421875 0.44375 0.07578125 0.01796875
0 0.4796875 0.44453125 0.06171875 0.01484375
0 0.765625 0.4453125 0.1328125 0.01640625
0 0.190625 0.47265625 0.09375 0.01484375
0 0.08515625 0.47421875 0.06640625 0.0125
0 0.49765625 0.47421875 0.01953125 0.0125
0 0.7859375 0.47421875 0.0859375 0.0125
0 0.65078125 0.4734375 0.01640625 0.01171875
0 0.31796875 0.4734375 0.07421875 0.01484375
0 0.4234375 0.47421875 0.01640625 0.0125
0 0.55546875 0.47421875 0.01953125 0.0125
0 0.65078125 0.49296875 0.01328125 0.0140625
0 0.55546875 0.49296875 0.01953125 0.0140625
0 0.79296875 0.49296875 0.07421875 0.0140625
0 0.421875 0.49296875 0.01640625 0.0140625
0 0.315625 0.49296875 0.07265625 0.0140625
0 0.49765625 0.49296875 0.01953125 0.0140625
0 0.13046875 0.4953125 0.16484375 0.0234375
0 0.078125 0.5125 0.053125 0.01328125
0 0.31640625 0.5125 0.07421875 0.01328125
0 0.49765625 0.5125 0.01953125 0.01328125
0 0.64453125 0.5125 0.03203125 0.01328125
0 0.7859375 0.5125 0.0921875 0.01328125
0 0.41484375 0.5125 0.03203125 0.0125
0 0.1765625 0.5125 0.0890625 0.0125
0 0.55546875 0.5125 0.01953125 0.0125
0 0.36328125 0.54375 0.090625 0.02734375
0 0.45234375 0.5453125 0.0390625 0.02421875
0 0.78359375 0.5453125 0.09375 0.02421875
0 0.571875 0.54765625 0.16171875 0.0328125
0 0.64140625 0.5796875 0.03515625 0.01328125
0 0.31640625 0.5796875 0.07734375 0.01328125
0 0.41328125 0.5796875 0.03515625 0.01328125
0 0.1453125 0.5796875 0.190625 0.01328125
0 0.49765625 0.5796875 0.01953125 0.0125
0 0.55390625 0.58046875 0.01953125 0.0109375
0 0.7796875 0.5828125 0.1046875 0.01953125
0 0.134375 0.6109375 0.090625 0.02734375
0 0.7859375 0.6125 0.0921875 0.02421875
0 0.22265625 0.6125 0.0390625 0.02421875
0 0.4859375 0.6140625 0.10625 0.0328125
0 0.33515625 0.6140625 0.15 0.0328125
0 0.609375 0.61484375 0.0875 0.0328125
0 0.7953125 0.65078125 0.07265625 0.02578125
0 0.61875 0.65078125 0.06796875 0.02578125
0 0.153125 0.690625 0.090625 0.028125
0 0.240625 0.6921875 0.0390625 0.02578125
0 0.7859375 0.6921875 0.0953125 0.02578125
0 0.3546875 0.69375 0.15 0.03359375
0 0.49609375 0.69453125 0.0875 0.034375
0 0.609375 0.69453125 0.0875 0.034375
0 0.36328125 0.7296875 0.090625 0.028125
0 0.78359375 0.73046875 0.09375 0.02578125
0 0.45 0.73046875 0.040625 0.02578125
0 0.571875 0.7328125 0.16171875 0.0328125
0 0.4390625 0.77109375 0.090625 0.02734375
0 0.784375 0.77265625 0.0984375 0.02578125
0 0.58046875 0.7734375 0.14375 0.0328125
0 0.12109375 0.815625 0.12890625 0.0140625
0 0.13203125 0.8359375 0.15 0.0140625
0 0.81484375 0.8359375 0.17578125 0.015625
0 0.2765625 0.8359375 0.09375 0.01328125
0 0.66015625 0.83671875 0.0921875 0.0140625
0 0.55234375 0.8375 0.07421875 0.01640625
0 0.3890625 0.83828125 0.090625 0.015625
0 0.47734375 0.83828125 0.03359375 0.009375
0 0.34140625 0.85546875 0.03359375 0.01328125
0 0.084375 0.85546875 0.0546875 0.01328125
0 0.4734375 0.85625 0.184375 0.0140625
0 0.66640625 0.85703125 0.146875 0.01640625
0 0.21875 0.8578125 0.16640625 0.01484375
0 0.7828125 0.8578125 0.03046875 0.01015625
0 0.32265625 0.87578125 0.07578125 0.01328125
0 0.82265625 0.8765625 0.03203125 0.01171875
0 0.8875 0.8765625 0.05 0.01171875
0 0.246875 0.8765625 0.03515625 0.01171875
0 0.13515625 0.8765625 0.146875 0.0171875
0 0.675 0.8765625 0.20703125 0.0171875
0 0.4671875 0.87890625 0.16796875 0.0125
0 0.6671875 0.89453125 0.0390625 0.01484375
0 0.73359375 0.8953125 0.0546875 0.01328125
0 0.4859375 0.8953125 0.0546875 0.01328125
0 0.58046875 0.8953125 0.0921875 0.01328125
0 0.31171875 0.89609375 0.12578125 0.01640625
0 0.2 0.89609375 0.0484375 0.01171875
0 0.4203125 0.896875 0.03515625 0.01015625
0 0.103125 0.89765625 0.084375 0.01484375
0 0.3328125 0.91328125 0.09375 0.0140625
0 0.49453125 0.9140625 0.07109375 0.0125
0 0.58125 0.9140625 0.0515625 0.0125
0 0.696875 0.9140625 0.12734375 0.0125
0 0.78984375 0.9140625 0.01640625 0.0125
0 0.1609375 0.915625 0.20546875 0.01640625
0 0.42109375 0.915625 0.03359375 0.009375
0 0.15 0.93515625 0.19375 0.01640625
0 0.30546875 0.9359375 0.07421875 0.01953125
0 0.45703125 0.953125 0.26484375 0.01953125
0 0.6515625 0.9546875 0.11171875 0.01796875