0 0.33515625 0.0484375 0.32109375 0.01328125
0 0.64140625 0.04453125 0.215625 0.0140625
0 0.17890625 0.07109375 0.12578125 0.01640625
0 0.3390625 0.06875 0.1296875 0.01640625
0 0.4796875 0.06796875 0.08046875 0.01640625
0 0.534375 0.0671875 0.021875 0.01640625
0 0.57734375 0.06640625 0.05390625 0.01640625
0 0.740625 0.06484375 0.21015625 0.01484375
0 0.20625 0.0890625 0.29375 0.01640625
0 0.5171875 0.0859375 0.26953125 0.015625
0 0.73671875 0.084375 0.1078125 0.0171875
0 0.84765625 0.0828125 0.0421875 0.01875
0 0.89296875 0.0828125 0.01796875 0.01875
0 0.2734375 0.10703125 0.215625 0.01640625
0 0.44765625 0.10625 0.07265625 0.0171875
0 0.58515625 0.10390625 0.13203125 0.01640625
0 0.721875 0.103125 0.07578125 0.01640625
0 0.775 0.103125 0.00859375 0.0171875
0 0.11015625 0.12734375 0.09609375 0.01796875
0 0.2328125 0.12578125 0.071875 0.01796875
0 0.35234375 0.125 0.096875 0.01796875
0 0.53984375 0.12421875 0.21171875 0.0171875
0 0.66796875 0.12265625 0.01875 0.01796875
0 0.78984375 0.121875 0.20390625 0.0171875
0 0.46328125 0.1421875 0.265625 0.0140625
0 0.2703125 0.1609375 0.20859375 0.01875
0 0.51484375 0.159375 0.21171875 0.01875
0 0.7015625 0.1578125 0.10234375 0.01875
0 0.09765625 0.1875 0.121875 0.01484375
0 0.3375 0.18671875 0.00625 0.015625
0 0.5125 0.1859375 0.265625 0.0140625
0 0.0796875 0.20625 0.0984375 0.01484375
0 0.4890625 0.20390625 0.20859375 0.0125
0 0.06796875 0.22421875 0.07578125 0.0171875
0 0.1625 0.2234375 0.0515625 0.0171875
0 0.3390625 0.22265625 0.00859375 0.0140625
0 0.4328125 0.22109375 0.1046875 0.01328125
0 0.11796875 0.253125 0.19140625 0.01796875
0 0.225 0.25234375 0.02421875 0.01953125
0 0.31640625 0.2515625 0.1546875 0.01953125
0 0.559375 0.24921875 0.01875 0.0125
0 0.59375 0.24921875 0.0390625 0.0125
0 0.740625 0.24921875 0.01484375 0.01640625
0 0.80859375 0.24921875 0.10546875 0.015625
0 0.084375 0.27109375 0.10703125 0.015625
0 0.21796875 0.2703125 0.10703125 0.015625
0 0.59375 0.26796875 0.0390625 0.01015625
0 0.73828125 0.26796875 0.01796875 0.015625
0 0.8078125 0.26796875 0.10703125 0.015625
0 0.18515625 0.290625 0.30625 0.01875
0 0.5546875 0.2875 0.02109375 0.01328125
0 0.5890625 0.2875 0.03984375 0.01328125
0 0.7625 0.2875 0.021875 0.01640625
0 0.82734375 0.28671875 0.07421875 0.0171875
0 0.1375 0.3296875 0.20703125 0.0171875
0 0.13671875 0.3484375 0.21015625 0.0140625
0 0.69375 0.32734375 0.02734375 0.015625
0 0.78828125 0.32734375 0.13515625 0.01484375
0 0.65859375 0.34765625 0.02734375 0.01796875
0 0.771875 0.34765625 0.1796875 0.01796875
0 0.09296875 0.3875 0.13125 0.0140625
0 0.7140625 0.3859375 0.01796875 0.01640625
0 0.79765625 0.3859375 0.1296875 0.01640625
0 0.09375 0.4046875 0.07734375 0.01484375
0 0.4328125 0.4203125 0.10078125 0.015625
0 0.084375 0.45 0.0140625 0.0171875
0 0.10625 0.44921875 0.0140625 0.0171875
0 0.203125 0.44921875 0.13203125 0.01640625
0 0.309375 0.4484375 0.0203125 0.01796875
0 0.3796875 0.4484375 0.059375 0.0171875
0 0.4203125 0.4484375 0.0203125 0.0171875
0 0.47265625 0.4484375 0.0875 0.0171875
0 0.58828125 0.44765625 0.0875 0.0171875
0 0.64765625 0.44765625 0.00625 0.0171875
0 0.0921875 0.46875 0.18359375 0.01875
0 0.2265625 0.46796875 0.00390625 0.01796875
0 0.48359375 0.4671875 0.43046875 0.0171875
0 0.06640625 0.51015625 0.08046875 0.01640625
0 0.159375 0.5109375 0.05 0.0171875
0 0.1984375 0.5109375 0.00390625 0.0171875
0 0.2671875 0.51015625 0.1015625 0.0171875
0 0.659375 0.509375 0.02109375 0.0140625
0 0.728125 0.50859375 0.053125 0.0140625
0 0.76796875 0.50859375 0.00546875 0.0140625
0 0.8359375 0.50859375 0.10546875 0.01328125
0 0.215625 0.55703125 0.01484375 0.0125
0 0.3828125 0.55625 0.3078125 0.01171875
0 0.09921875 0.5703125 0.15234375 0.01171875
0 0.21953125 0.56953125 0.0359375 0.01171875
0 0.25078125 0.56953125 0.00546875 0.01171875
0 0.32265625 0.56953125 0.11875 0.01171875
0 0.065625 0.5828125 0.0953125 0.0125
0 0.15703125 0.5828125 0.03671875 0.0125
0 0.1890625 0.5828125 0.003125 0.0125
0 0.23984375 0.5828125 0.07578125 0.01171875
0 0.6296875 0.58203125 0.078125 0.0109375
0 0.71484375 0.58203125 0.03046875 0.0109375
0 0.1125 0.59609375 0.2015625 0.01171875
0 0.79921875 0.59453125 0.15859375 0.01015625
0 0.071875 0.609375 0.1203125 0.0109375
0 0.17734375 0.609375 0.02890625 0.0109375
0 0.5375 0.6078125 0.05625 0.0109375
0 0.578125 0.6078125 0 0.0109375
0 0.7328125 0.6078125 0.28203125 0.0109375
0 0.0515625 0.62265625 0.07734375 0.01015625
0 0.46875 0.63671875 0.16796875 0.0109375
0 0.74296875 0.65234375 0.1296875 0.01328125
0 0.3046875 0.6671875 0.20859375 0.01328125
0 0.57890625 0.6671875 0.24765625 0.01328125
0 0.1921875 0.68203125 0.06875 0.01328125
0 0.31953125 0.68203125 0.14296875 0.0125
0 0.42890625 0.68203125 0.03359375 0.01328125
0 0.6125 0.68125 0.28828125 0.0125
0 0.10078125 0.69609375 0.17421875 0.0109375
0 0.6875 0.69453125 0.1765625 0.0125
0 0.84765625 0.69296875 0.05703125 0.0109375
0 0.22734375 0.71015625 0.1375 0.0109375
0 0.4125 0.709375 0.1375 0.0109375
0 0.49609375 0.709375 0.00625 0.01171875
0 0.62890625 0.7078125 0.20703125 0.0109375
0 0.27578125 0.72421875 0.1625 0.01015625
0 0.39921875 0.72265625 0.0359375 0.0109375
0 0.4328125 0.72265625 0.003125 0.0109375
0 0.584375 0.72265625 0.2421875 0.01015625
0 0.19453125 0.7375 0.1375 0.01171875
0 0.46015625 0.73671875 0.009375 0.0125
0 0.52109375 0.7359375 0.05703125 0.0125
0 0.628125 0.7359375 0.0609375 0.01171875
0 0.740625 0.73515625 0.0609375 0.0125
0 0.16640625 0.75234375 0.09375 0.01328125
0 0.32734375 0.7515625 0.17734375 0.0125
0 0.46953125 0.75078125 0.05625 0.01328125
0 0.58359375 0.75 0.11875 0.0125
0 0.7171875 0.74921875 0.0984375 0.01328125
0 0.1734375 0.765625 0.16875 0.01484375
0 0.5578125 0.7640625 0.49453125 0.0125
0 0.303125 0.778125 0.06953125 0.01015625
0 0.403125 0.77734375 0.084375 0.009375
0 0.478125 0.7765625 0.0484375 0.01015625
0 0.2390625 0.7921875 0.07265625 0.01171875
0 0.36796875 0.79140625 0.13515625 0.0109375
0 0.5296875 0.790625 0.13515625 0.0109375
0 0.6609375 0.78984375 0.07265625 0.01171875
0 0.2703125 0.80546875 0.13671875 0.0125
0 0.646875 0.80390625 0.1140625 0.0125
0 0.2375 0.81875 0.11640625 0.0109375
0 0.340625 0.81796875 0.03828125 0.0109375
0 0.56484375 0.8171875 0.32265625 0.0109375
0 0.08828125 0.83203125 0.05390625 0.01015625
0 0.1984375 0.83125 0.11875 0.01015625
0 0.28828125 0.83125 0.01484375 0.01015625
0 0.3078125 0.83125 0.009375 0.01015625
0 0.3296875 0.83125 0.0171875 0.01015625
0 0.39921875 0.83046875 0.078125 0.01015625
0 0.51328125 0.8296875 0.0984375 0.01015625
0 0.60390625 0.8296875 0.03828125 0.01015625
0 0.71484375 0.8296875 0.13828125 0.0109375
0 0.82734375 0.82890625 0.0359375 0.01015625
0 0.11640625 0.84453125 0.0359375 0.01015625
0 0.17265625 0.84453125 0.00859375 0.01015625
0 0.24921875 0.84453125 0.00859375 0.01015625
0 0.2796875 0.84453125 0.03671875 0.01015625
0 0.39921875 0.84375 0.1546875 0.01015625
0 0.55390625 0.84296875 0.0953125 0.0109375
0 0.70546875 0.8421875 0.14921875 0.01015625
0 0.44453125 0.85703125 0.2734375 0.01328125
0 0.54921875 0.9 0.25703125 0.0265625
0 0.06328125 0.95859375 0.075 0.015625
0 0.19375 0.96015625 0.00390625 0.01484375
0 0.26015625 0.96015625 0.096875 0.015625
0 0.65078125 0.96015625 0.021875 0.0125
0 0.78671875 0.96015625 0.18828125 0.0125
0 0.54140625 0.98671875 0.20859375 0.015625
0 0.3390625 0.20625 0.01875 0.009375
0 0.55390625 0.26875 0.025 0.01328125
0 0.0484375 0.45078125 0.04765625 0.01328125
0 0.08046875 0.55703125 0.1203125 0.01171875
0 0.18125 0.55703125 0.0390625 0.0109375
0 0.81640625 0.58125 0.11953125 0.0109375
0 0.57890625 0.778125 0.11171875 0.01171875
0 0.5546875 0.8046875 0.0125 0.00703125
0 0.503125 0.8046875 0.03984375 0.01171875
0 0.40859375 0.80546875 0.09375 0.01171875
0 0.21796875 0.8453125 0.04140625 0.01015625
0 0.3796875 0.98671875 0.0484375 0.01328125
0 0.1515625 0.96015625 0.06015625 0.01171875
0 0.2953125 0.984375 0.05078125 0.0140625