0 0.13515625 0.02421875 0.17890625 0.01484375
0 0.49140625 0.15390625 0.13046875 0.01484375
0 0.61484375 0.15390625 0.075 0.01484375
0 0.69140625 0.15390625 0.0359375 0.01484375
0 0.325 0.15390625 0.153125 0.0171875
0 0.85390625 0.1734375 0.01640625 0.0140625
0 0.52890625 0.1734375 0.09296875 0.01484375
0 0.634375 0.1734375 0.075 0.01484375
0 0.7578125 0.1734375 0.13046875 0.01484375
0 0.26875 0.17421875 0.1125 0.01484375
0 0.4015625 0.17421875 0.10703125 0.01640625
0 0.1421875 0.175 0.0890625 0.0171875
0 0.60546875 0.19375 0.09296875 0.0140625
0 0.728125 0.19453125 0.1140625 0.01484375
0 0.3265625 0.19453125 0.075 0.01484375
0 0.221875 0.1953125 0.09296875 0.01484375
0 0.459375 0.1953125 0.14453125 0.01640625
0 0.5671875 0.2140625 0.0359375 0.015625
0 0.45234375 0.21484375 0.14921875 0.01484375
0 0.5390625 0.23515625 0.209375 0.0140625
0 0.346875 0.2359375 0.05703125 0.01484375
0 0.4046875 0.2375 0.00625 0.01171875
0 0.58125 0.25625 0.2390625 0.01484375
0 0.35859375 0.25625 0.034375 0.01484375
0 0.415625 0.25625 0.034375 0.01484375
0 0.2890625 0.25625 0.05546875 0.01484375
0 0.52421875 0.2984375 0.13203125 0.01796875
0 0.40625 0.2984375 0.05859375 0.0171875
0 0.3515625 0.33984375 0.14609375 0.01640625
0 0.0921875 0.340625 0.128125 0.015625
0 0.18671875 0.340625 0.01640625 0.0140625
0 0.67578125 0.359375 0.0375 0.01484375
0 0.5609375 0.36015625 0.14921875 0.01484375
0 0.37109375 0.36015625 0.18515625 0.01953125
0 0.0625 0.36171875 0.0734375 0.015625
0 0.4171875 0.38125 0.01796875 0.01484375
0 0.47421875 0.38125 0.05390625 0.01484375
0 0.33046875 0.38125 0.1140625 0.01484375
0 0.0921875 0.38125 0.13203125 0.015625
0 0.3328125 0.40078125 0.0734375 0.01484375
0 0.1953125 0.4015625 0.14609375 0.01484375
0 0.0625 0.4015625 0.0734375 0.01640625
0 0.77265625 0.4421875 0.1109375 0.01484375
0 0.20625 0.44296875 0.2078125 0.01640625
0 0.60859375 0.44296875 0.09296875 0.01484375
0 0.0546875 0.44296875 0.05390625 0.01640625
0 0.60078125 0.484375 0.0734375 0.01484375
0 0.7734375 0.484375 0.1125 0.01484375
0 0.03515625 0.484375 0.01171875 0.015625
0 0.17109375 0.484375 0.13359375 0.015625
0 0.603125 0.5046875 0.071875 0.01484375
0 0.7765625 0.5046875 0.10859375 0.01484375
0 0.0359375 0.50546875 0.009375 0.015625
0 0.171875 0.50625 0.13203125 0.015625
0 0.171875 0.52578125 0.13203125 0.01484375
0 0.603125 0.52578125 0.071875 0.01484375
0 0.0359375 0.52578125 0.009375 0.01640625
0 0.77734375 0.52578125 0.1109375 0.0171875
0 0.75625 0.5671875 0.071875 0.01640625
0 0.0578125 0.5671875 0.05390625 0.01640625
0 0.1515625 0.5671875 0.0875 0.0171875
0 0.265625 0.5671875 0.0859375 0.0171875
0 0.60234375 0.5671875 0.034375 0.01640625
0 0.36328125 0.56796875 0.05390625 0.015625
0 0.75703125 0.58828125 0.0734375 0.015625
0 0.60390625 0.5890625 0.034375 0.015625
0 0.07734375 0.5890625 0.09296875 0.015625
0 0.2203125 0.58984375 0.14765625 0.01796875
0 0.075 0.6296875 0.0875 0.0171875
0 0.75703125 0.62890625 0.0734375 0.01640625
0 0.60390625 0.6296875 0.034375 0.015625
0 0.23984375 0.6703125 0.0765625 0.01484375
0 0.6046875 0.6703125 0.0359375 0.01484375
0 0.75078125 0.6703125 0.0890625 0.01484375
0 0.09765625 0.67109375 0.1265625 0.0171875
0 0.60546875 0.69140625 0.034375 0.01484375
0 0.75859375 0.69140625 0.0734375 0.01484375
0 0.08828125 0.6921875 0.1125 0.01875
0 0.24140625 0.73203125 0.0765625 0.01640625
0 0.64296875 0.73203125 0.0765625 0.01484375
0 0.1359375 0.73203125 0.05703125 0.01640625
0 0.49140625 0.73203125 0.0359375 0.01640625
0 0.059375 0.73203125 0.05390625 0.01640625
0 0.71171875 0.77265625 0.05390625 0.01484375
0 0.4625 0.77265625 0.05390625 0.01484375
0 0.79765625 0.7734375 0.06640625 0.0171875
0 0.06015625 0.7734375 0.05546875 0.01484375
0 0.5484375 0.7734375 0.06640625 0.01796875
0 0.18359375 0.7734375 0.153125 0.01484375
0 0.77890625 0.81328125 0.075 0.01484375
0 0.52890625 0.81328125 0.0734375 0.01484375
0 0.1 0.8140625 0.128125 0.01484375
0 0.77890625 0.83359375 0.075 0.0140625
0 0.52890625 0.83359375 0.0734375 0.0140625
0 0.0515625 0.834375 0.034375 0.01484375
0 0.1171875 0.834375 0.05546875 0.01484375
0 0.56796875 0.87421875 0.1515625 0.01484375
0 0.6828125 0.87421875 0.0359375 0.01484375
0 0.37890625 0.875 0.18515625 0.0171875
0 0.5390625 0.89453125 0.05703125 0.01640625
0 0.434375 0.89453125 0.1140625 0.01484375
0 0.61328125 0.91484375 0.10703125 0.01640625
0 0.5015625 0.91484375 0.0734375 0.01640625
0 0.378125 0.915625 0.128125 0.01484375