0 0.21796875 0.08828125 0.2375 0.0265625
0 0.52265625 0.08984375 0.271875 0.02421875
0 0.7828125 0.090625 0.14140625 0.0265625
0 0.1046875 0.1109375 0.01328125 0.02265625
0 0.17734375 0.1109375 0.07890625 0.02265625
0 0.29921875 0.1109375 0.11640625 0.02265625
0 0.44296875 0.1109375 0.11796875 0.02265625
0 0.57421875 0.1109375 0.096875 0.02265625
0 0.73046875 0.1109375 0.16328125 0.02265625
0 0.1265625 0.13203125 0.059375 0.01796875
0 0.38203125 0.1296875 0.078125 0.021875
0 0.53359375 0.1296875 0.17890625 0.021875
0 0.67734375 0.13125 0.01953125 0.01484375
0 0.76796875 0.1296875 0.12109375 0.021875
0 0.15703125 0.14921875 0.1171875 0.0203125
0 0.30078125 0.14921875 0.1203125 0.0203125
0 0.37421875 0.14921875 0.0125 0.0203125
0 0.4234375 0.14921875 0.03203125 0.0203125
0 0.53359375 0.14921875 0.0546875 0.0203125
0 0.575 0.14921875 0.0046875 0.0203125
0 0.5953125 0.14921875 0.0171875 0.0203125
0 0.65859375 0.15 0.08359375 0.01875
0 0.73671875 0.14921875 0.05703125 0.0203125
0 0.82734375 0.14921875 0.07734375 0.0203125
0 0.14765625 0.16953125 0.096875 0.021875
0 0.33046875 0.16953125 0.2203125 0.021875
0 0.60390625 0.16953125 0.28046875 0.021875
0 0.34140625 0.19140625 0.48203125 0.02265625
0 0.16015625 0.21171875 0.1203125 0.01875
0 0.30234375 0.2109375 0.11953125 0.01953125
0 0.4734375 0.2109375 0.13828125 0.0203125
0 0.59765625 0.21015625 0.06484375 0.01953125
0 0.72578125 0.21015625 0.11875 0.0203125
0 0.84453125 0.20859375 0.07578125 0.0234375
0 0.140625 0.23046875 0.075 0.021875
0 0.19140625 0.23046875 0.00390625 0.021875
0 0.2421875 0.23046875 0.0359375 0.021875
0 0.27109375 0.23046875 0.00390625 0.021875
0 0.2921875 0.23046875 0.01640625 0.021875
0 0.403125 0.23046875 0.15625 0.021875
0 0.49375 0.23046875 0.0171875 0.021875
0 0.58203125 0.23046875 0.15625 0.021875
0 0.16171875 0.25 0.1171875 0.01953125
0 0.26171875 0.24921875 0.0359375 0.01953125
0 0.2921875 0.24921875 0.00390625 0.01953125
0 0.48203125 0.24921875 0.3171875 0.01953125
0 0.153125 0.2875 0.09453125 0.0203125
0 0.2703125 0.28671875 0.0046875 0.02109375
0 0.38125 0.28671875 0.196875 0.0203125
0 0.13125 0.30546875 0.0578125 0.0203125
0 0.20078125 0.30546875 0.03828125 0.0203125
0 0.31953125 0.30546875 0.07421875 0.01953125
0 0.13828125 0.325 0.07578125 0.01953125
0 0.26875 0.32421875 0.0046875 0.01875
0 0.3328125 0.32421875 0.09765625 0.01875
0 0.10703125 0.3609375 0.01484375 0.01953125
0 0.278125 0.3609375 0.31875 0.01953125
0 0.14609375 0.38203125 0.096875 0.02109375
0 0.23671875 0.38125 0.0359375 0.02109375
0 0.39921875 0.38046875 0.0765625 0.02109375
0 0.48046875 0.38046875 0.0359375 0.021875
0 0.509375 0.3796875 0.0171875 0.02109375
0 0.53984375 0.3796875 0.0375 0.02109375
0 0.14609375 0.39921875 0.096875 0.01796875
0 0.26640625 0.39921875 0.096875 0.01796875
0 0.59140625 0.396875 0.01796875 0.01640625
0 0.61171875 0.396875 0.01796875 0.01640625
0 0.16328125 0.41875 0.1375 0.01953125
0 0.2953125 0.41796875 0.07890625 0.01875
0 0.42734375 0.41796875 0.1375 0.01875
0 0.59140625 0.4171875 0.01796875 0.015625
0 0.6234375 0.4171875 0.0359375 0.015625
0 0.1015625 0.43671875 0.01640625 0.01796875
0 0.13203125 0.43671875 0.03671875 0.01796875
0 0.1828125 0.43671875 0.0171875 0.01796875
0 0.2859375 0.43671875 0.13359375 0.01796875
0 0.58984375 0.43515625 0.0171875 0.01640625
0 0.6234375 0.43515625 0.0359375 0.01640625
0 0.1515625 0.45546875 0.11484375 0.01953125
0 0.2625 0.45546875 0.05703125 0.01875
0 0.3953125 0.45546875 0.16015625 0.01953125
0 0.59140625 0.4546875 0.01796875 0.01484375
0 0.61171875 0.4546875 0.01796875 0.01484375
0 0.10078125 0.4765625 0.0171875 0.02109375
0 0.13046875 0.4765625 0.0359375 0.02109375
0 0.18203125 0.4765625 0.0171875 0.02109375
0 0.28515625 0.4765625 0.1359375 0.02109375
0 0.58984375 0.47421875 0.0171875 0.01484375
0 0.6109375 0.47421875 0.01640625 0.01484375
0 0.8171875 0.39765625 0.01484375 0.01953125
0 0.86953125 0.39765625 0.07890625 0.01953125
0 0.796875 0.41796875 0.015625 0.01953125
0 0.85859375 0.4171875 0.09921875 0.01875
0 0.79609375 0.4359375 0.01484375 0.01640625
0 0.86015625 0.4359375 0.09765625 0.01640625
0 0.796875 0.4546875 0.01484375 0.01796875
0 0.86171875 0.4546875 0.10078125 0.0171875
0 0.79765625 0.4734375 0.015625 0.01796875
0 0.86171875 0.4734375 0.0984375 0.01796875
0 0.21015625 0.51328125 0.2375 0.0203125
0 0.21171875 0.5328125 0.23671875 0.0203125
0 0.72421875 0.5140625 0.03046875 0.0203125
0 0.8296875 0.51328125 0.1625 0.01875
0 0.8109375 0.53203125 0.19453125 0.01796875
0 0.15234375 0.590625 0.11953125 0.02421875
0 0.37578125 0.58984375 0.07890625 0.02421875
0 0.52890625 0.58984375 0.09921875 0.0234375
0 0.63125 0.58984375 0.0609375 0.0234375
0 0.8578125 0.5890625 0.10078125 0.02421875
0 0.1203125 0.6296875 0.05703125 0.0171875
0 0.09921875 0.6484375 0.01640625 0.01640625
0 0.11953125 0.6484375 0.01796875 0.01640625
0 0.10078125 0.66796875 0.0140625 0.01796875
0 0.13125 0.66796875 0.034375 0.01796875
0 0.42578125 0.62890625 0.05703125 0.01953125
0 0.5375 0.628125 0.11640625 0.01953125
0 0.70078125 0.62734375 0.11796875 0.01953125
0 0.84609375 0.62734375 0.11796875 0.01953125
0 0.5078125 0.6484375 0.01640625 0.01953125
0 0.7921875 0.64765625 0.01484375 0.01953125
0 0.85546875 0.64765625 0.096875 0.01953125
0 0.5078125 0.66796875 0.0140625 0.0203125
0 0.5609375 0.66796875 0.07578125 0.0203125
0 0.7921875 0.6671875 0.01484375 0.0203125
0 0.85703125 0.6671875 0.09765625 0.01953125
0 0.12421875 0.728125 0.07109375 0.021875
0 0.20078125 0.72734375 0.0578125 0.021875
0 0.425 0.7265625 0.0984375 0.021875
0 0.54921875 0.7265625 0.09921875 0.021875
0 0.1375 0.765625 0.096875 0.021875
0 0.24453125 0.765625 0.0921875 0.021875
0 0.34375 0.765625 0.05859375 0.021875
0 0.41640625 0.765625 0.034375 0.021875
0 0.54921875 0.765625 0.17890625 0.021875
0 0.725 0.765625 0.12109375 0.021875
0 0.1796875 0.784375 0.17890625 0.0203125
0 0.38515625 0.784375 0.18125 0.0203125
0 0.5703125 0.784375 0.14140625 0.0203125
0 0.1140625 0.83671875 0.034375 0.0203125
0 0.225 0.8375 0.13828125 0.02109375
0 0.365625 0.8375 0.096875 0.021875
0 0.1125 0.8578125 0.03828125 0.02578125
0 0.2484375 0.8578125 0.1796875 0.0265625
0 0.40546875 0.859375 0.09375 0.01875
0 0.48828125 0.859375 0.015625 0.025
0 0.5765625 0.859375 0.1109375 0.025
0 0.71484375 0.86015625 0.09921875 0.02578125
0 0.1234375 0.87734375 0.0546875 0.02265625
0 0.24375 0.87890625 0.13828125 0.0234375
0 0.3671875 0.87890625 0.05625 0.02265625
0 0.48828125 0.87890625 0.14140625 0.0171875
0 0.56875 0.88046875 0.0046875 0.02265625
0 0.1140625 0.896875 0.034375 0.0203125
0 0.2015625 0.896875 0.09609375 0.0203125
0 0.2953125 0.89765625 0.034375 0.0203125
0 0.35546875 0.89765625 0.03515625 0.0203125
0 0.446875 0.89765625 0.0984375 0.0203125
0 0.50703125 0.8984375 0.00625 0.01953125
0 0.1421875 0.9171875 0.0984375 0.0234375
0 0.2453125 0.91875 0.0578125 0.01484375
0 0.35390625 0.91875 0.11796875 0.02421875
0 0.49765625 0.91875 0.11796875 0.0234375
0 0.56875 0.91953125 0.00625 0.02265625
0 0.16328125 0.9375 0.140625 0.0171875
0 0.334375 0.93828125 0.15703125 0.02734375
0 0.49140625 0.93984375 0.09921875 0.0265625
0 0.62578125 0.94140625 0.125 0.0265625
0 0.69609375 0.94140625 0.00859375 0.02578125
0 0.11328125 0.95625 0.0375 0.015625
0 0.225 0.9578125 0.140625 0.025
0 0.29921875 0.95859375 0.01015625 0.0234375
0 0.43359375 0.96015625 0.1984375 0.02578125
0 0.63125 0.96171875 0.14140625 0.025
0 0.14140625 0.97578125 0.0984375 0.0234375
0 0.33125 0.9796875 0.23203125 0.02109375
0 0.52421875 0.9796875 0.09140625 0.0234375
0 0.68203125 0.98203125 0.16484375 0.01953125
0 0.78125 0.98203125 0.009375 0.021875
0 0.1359375 0.99296875 0.1015625 0.01171875
0 0.25859375 0.1296875 0.12265625 0.0171875
0 0.26953125 0.3078125 0.0125 0.0109375
0 0.328125 0.38203125 0.02734375 0.0140625
0 0.7859375 0.590625 0.03984375 0.00859375
0 0.68125 0.5328125 0.03046875 0.01015625
0 0.30390625 0.99375 0.1421875 0.009375