0 0.3203125 0.21484375 0.05625 0.01875
0 0.44140625 0.21484375 0.12109375 0.01875
0 0.56484375 0.21484375 0.0609375 0.01875
0 0.653125 0.21484375 0.06171875 0.01875
0 0.54609375 0.240625 0.18515625 0.01875
0 0.346875 0.24140625 0.1453125 0.02109375
0 0.14609375 0.265625 0.0578125 0.01875
0 0.26953125 0.265625 0.12421875 0.01875
0 0.3671875 0.265625 0.0171875 0.01796875
0 0.740625 0.265625 0.0609375 0.01875
0 0.63203125 0.265625 0.10390625 0.01875
0 0.4765625 0.265625 0.14140625 0.02109375
0 0.8171875 0.26640625 0.03203125 0.02109375
0 0.2125 0.290625 0.14921875 0.01875
0 0.45546875 0.290625 0.28125 0.01875
0 0.7171875 0.2921875 0.18671875 0.02109375
0 0.21171875 0.315625 0.10546875 0.0203125
0 0.33359375 0.315625 0.08046875 0.0203125
0 0.73046875 0.3171875 0.17109375 0.01875
0 0.5078125 0.31796875 0.21171875 0.02109375
0 0.33515625 0.3421875 0.0375 0.01875
0 0.4015625 0.3421875 0.0375 0.01875
0 0.24609375 0.34296875 0.08046875 0.02109375
0 0.60078125 0.34296875 0.29296875 0.02109375
0 0.32421875 0.36796875 0.14609375 0.02109375
0 0.49921875 0.36796875 0.1484375 0.01875
0 0.653125 0.36796875 0.10078125 0.02109375
0 0.5234375 0.39296875 0.14921875 0.01875
0 0.38828125 0.39296875 0.0609375 0.0203125
0 0.1234375 0.44140625 0.1484375 0.0234375
0 0.46640625 0.4421875 0.08203125 0.021875
0 0.31328125 0.44296875 0.1765625 0.0203125
0 0.9078125 0.44375 0.0375 0.0203125
0 0.09140625 0.46875 0.08203125 0.01875
0 0.2578125 0.4703125 0.1015625 0.02109375
0 0.190625 0.49453125 0.28125 0.01875
0 0.56640625 0.49453125 0.05625 0.01875
0 0.68671875 0.49453125 0.08203125 0.01875
0 0.840625 0.49453125 0.084375 0.01875
0 0.27890625 0.54453125 0.01484375 0.01875
0 0.91640625 0.54453125 0.01171875 0.0171875
0 0.12578125 0.5453125 0.14140625 0.0234375
0 0.76875 0.54609375 0.13125 0.0203125
0 0.10078125 0.59375 0.10390625 0.0203125
0 0.2234375 0.59375 0.08125 0.0203125
0 0.37578125 0.59375 0.12421875 0.01953125
0 0.79609375 0.59453125 0.0359375 0.0203125
0 0.88515625 0.59453125 0.08203125 0.01875
0 0.08984375 0.61953125 0.08359375 0.01875
0 0.77421875 0.61953125 0.03984375 0.01875
0 0.8765625 0.61953125 0.09921875 0.01875
0 0.1125 0.64453125 0.12578125 0.01796875
0 0.8859375 0.6453125 0.08359375 0.01875
0 0.79609375 0.6453125 0.03984375 0.01875
0 0.07890625 0.69453125 0.0609375 0.01875
0 0.21171875 0.69609375 0.14765625 0.02109375
0 0.51875 0.69609375 0.14609375 0.02109375
0 0.740625 0.696875 0.1453125 0.02109375
0 0.078125 0.71953125 0.0578125 0.01875
0 0.178125 0.7203125 0.08203125 0.01875
0 0.553125 0.7203125 0.08359375 0.01875
0 0.77421875 0.7203125 0.08359375 0.01875
0 0.42109375 0.79453125 0.08125 0.02265625
0 0.30078125 0.79453125 0.1015625 0.02109375
0 0.5265625 0.7953125 0.096875 0.01953125
0 0.134375 0.7953125 0.16796875 0.01875
0 0.66328125 0.79609375 0.03125 0.01875
0 0.81796875 0.796875 0.2171875 0.01875
0 0.134375 0.8203125 0.16953125 0.01953125
0 0.32265625 0.82109375 0.1453125 0.01875
0 0.4984375 0.82109375 0.1484375 0.01875
0 0.26640625 0.871875 0.16875 0.01953125
0 0.54140625 0.871875 0.14921875 0.01953125
0 0.40859375 0.871875 0.0609375 0.01953125
0 0.7078125 0.87265625 0.12734375 0.01875
0 0.27734375 0.896875 0.0140625 0.01875
0 0.35390625 0.896875 0.084375 0.01875
0 0.46484375 0.896875 0.08359375 0.01875
0 0.6171875 0.896875 0.165625 0.01875
0 0.31171875 0.921875 0.16875 0.01875
0 0.44453125 0.921875 0.0359375 0.01875
0 0.53125 0.921875 0.08359375 0.01875
0 0.6640625 0.92265625 0.12890625 0.01953125