0 0.12578125 0.225 0.08828125 0.0359375
0 0.26328125 0.22421875 0.09765625 0.0359375
0 0.4578125 0.2234375 0.23046875 0.03515625
0 0.7046875 0.22109375 0.12578125 0.0359375
0 0.84296875 0.2203125 0.075 0.0359375
0 0.9015625 0.21953125 0.00703125 0.03671875
0 0.3921875 0.259375 0.09921875 0.03359375
0 0.5171875 0.29140625 0.0828125 0.0296875
0 0.71875 0.29140625 0.221875 0.03046875
0 0.9015625 0.28984375 0.075 0.02890625
0 0.25546875 0.32890625 0.05234375 0.03125
0 0.33046875 0.328125 0.01796875 0.03125
0 0.38515625 0.328125 0.01875 0.03125
0 0.49453125 0.32734375 0.1296875 0.03125
0 0.69140625 0.3265625 0.178125 0.0296875
0 0.21640625 0.36328125 0.08046875 0.03671875
0 0.31796875 0.36328125 0.08046875 0.03671875
0 0.421875 0.3625 0.04765625 0.03671875
0 0.67109375 0.36171875 0.26796875 0.03515625
0 0.6328125 0.434375 0.0671875 0.03515625
0 0.203125 0.4359375 0.27265625 0.03125
0 0.12265625 0.4703125 0.109375 0.034375
0 0.1921875 0.46953125 0.01640625 0.03515625
0 0.23125 0.46953125 0.04765625 0.03515625
0 0.2734375 0.46953125 0.0171875 0.034375
0 0.31015625 0.46953125 0.04765625 0.034375
0 0.15859375 0.54296875 0.18828125 0.03359375
0 0.8171875 0.5390625 0.13046875 0.0328125
0 0.1375 0.6203125 0.11640625 0.03359375
0 0.13515625 0.65546875 0.12421875 0.03359375
0 0.684375 0.61875 0.0171875 0.03125
0 0.79921875 0.61875 0.17421875 0.0296875
0 0.7734375 0.65625 0.2109375 0.0296875
0 0.13984375 0.7140625 0.11875 0.028125
0 0.81640625 0.71640625 0.13515625 0.0296875
0 0.1671875 0.80859375 0.190625 0.03359375
0 0.6015625 0.8109375 0.015625 0.0328125
0 0.6265625 0.81171875 0.0046875 0.0328125
0 0.1171875 0.86875 0.0765625 0.03359375
0 0.2125 0.86796875 0.05 0.034375
0 0.67890625 0.8703125 0.0171875 0.028125
0 0.746875 0.8703125 0.046875 0.028125
0 0.79296875 0.8703125 0.015625 0.028125
0 0.28984375 0.26171875 0.05859375 0.02734375
0 0.51484375 0.259375 0.0890625 0.03046875
0 0.65390625 0.259375 0.08125 0.03046875
0 0.38203125 0.2921875 0.13515625 0.02734375
0 0.175 0.29375 0.2140625 0.025
0 0.29609375 0.33203125 0.009375 0.01484375
0 0.57421875 0.32734375 0.02578125 0.02890625
0 0.48984375 0.3625 0.034375 0.028125
0 0.72109375 0.4328125 0.05625 0.028125
0 0.86015625 0.4328125 0.1109375 0.02734375
0 0.76328125 0.43828125 0.0140625 0.01640625
0 0.7375 0.54296875 0.0234375 0.01015625
0 0.58671875 0.540625 0.05390625 0.03046875
0 0.54375 0.5421875 0.025 0.02890625
0 0.6390625 0.653125 0.034375 0.01953125
0 0.734375 0.71953125 0.01953125 0.01328125
0 0.4390625 0.809375 0.24296875 0.03046875
0 0.3140625 0.8671875 0.0984375 0.02734375
0 0.434375 0.93203125 0.084375 0.03046875
0 0.60703125 0.934375 0.21484375 0.03359375
0 0.86875 0.8703125 0.08046875 0.02578125