0 0.7375 0.1171875 0.08046875 0.01796875
0 0.8453125 0.1171875 0.0953125 0.01796875
0 0.2265625 0.1171875 0.240625 0.01796875
0 0.521875 0.1171875 0.3125 0.01796875
0 0.49921875 0.14609375 0.16171875 0.01640625
0 0.465625 0.1671875 0.1078125 0.01484375
0 0.56171875 0.1671875 0.05703125 0.01484375
0 0.6671875 0.1671875 0.1265625 0.01484375
0 0.3640625 0.1671875 0.065625 0.015625
0 0.2921875 0.16796875 0.05 0.0140625
0 0.49765625 0.190625 0.1703125 0.015625
0 0.475 0.21484375 0.115625 0.01484375
0 0.62421875 0.21484375 0.159375 0.0140625
0 0.3484375 0.215625 0.10703125 0.015625
0 0.37734375 0.23828125 0.06015625 0.0140625
0 0.546875 0.23828125 0.21640625 0.01484375
0 0.57421875 0.26875 0.24375 0.0140625
0 0.3390625 0.26875 0.06875 0.01328125
0 0.4046875 0.26875 0.0328125 0.01328125
0 0.66015625 0.29453125 0.159375 0.01484375
0 0.36875 0.29453125 0.21953125 0.0140625
0 0.52890625 0.29453125 0.0734375 0.0140625
0 0.1078125 0.33125 0.10390625 0.01328125
0 0.42890625 0.35625 0.21171875 0.0171875
0 0.8078125 0.3578125 0.18203125 0.01484375
0 0.64453125 0.3578125 0.0734375 0.0140625
0 0.08828125 0.35859375 0.0671875 0.01484375
0 0.15703125 0.359375 0.04296875 0.01484375
0 0.64375 0.38125 0.075 0.01484375
0 0.790625 0.38125 0.1359375 0.01484375
0 0.371875 0.384375 0.0953125 0.01328125
0 0.11875 0.3859375 0.1265625 0.02109375
0 0.63515625 0.4078125 0.06171875 0.01484375
0 0.15546875 0.41015625 0.19765625 0.01875
0 0.89296875 0.45390625 0.06171875 0.0171875
0 0.7515625 0.45390625 0.13671875 0.0171875
0 0.09375 0.4546875 0.08125 0.015625
0 0.40234375 0.45546875 0.05859375 0.01953125
0 0.56640625 0.45703125 0.12734375 0.01953125
0 0.403125 0.47734375 0.0171875 0.01328125
0 0.89375 0.47734375 0.04609375 0.01328125
0 0.7828125 0.47734375 0.06875 0.01328125
0 0.5703125 0.47734375 0.0640625 0.01328125
0 0.09609375 0.478125 0.07890625 0.01328125
0 0.19765625 0.50234375 0.053125 0.0140625
0 0.10625 0.50234375 0.09921875 0.0140625
0 0.56875 0.52890625 0.06875 0.01484375
0 0.7828125 0.52890625 0.06875 0.01328125
0 0.89375 0.52890625 0.04609375 0.01328125
0 0.40234375 0.52890625 0.0109375 0.0140625
0 0.09765625 0.5296875 0.07578125 0.01484375
0 0.27890625 0.55390625 0.14453125 0.01484375
0 0.14375 0.55390625 0.09765625 0.0140625
0 0.06875 0.5546875 0.0234375 0.01328125
0 0.40390625 0.57734375 0.03515625 0.01484375
0 0.1921875 0.57734375 0.07890625 0.01796875
0 0.26875 0.578125 0.053125 0.01796875
0 0.7796875 0.578125 0.08984375 0.02109375
0 0.7734375 0.61328125 0.0859375 0.0125
0 0.2890625 0.61328125 0.07890625 0.01328125
0 0.190625 0.6140625 0.07578125 0.0125
0 0.55546875 0.61484375 0.08359375 0.01640625
0 0.421875 0.615625 0.15703125 0.021875
0 0.78203125 0.640625 0.06875 0.0140625
0 0.52734375 0.64140625 0.1390625 0.01484375
0 0.5171875 0.66796875 0.159375 0.01328125
0 0.78203125 0.66796875 0.06875 0.01328125
0 0.78203125 0.69609375 0.06875 0.01328125
0 0.52265625 0.6984375 0.146875 0.0171875
0 0.7734375 0.72734375 0.0875 0.0140625
0 0.48515625 0.72734375 0.0328125 0.01328125
0 0.22890625 0.72734375 0.09375 0.0140625
0 0.1265625 0.72734375 0.0859375 0.0140625
0 0.55546875 0.72890625 0.08671875 0.01796875
0 0.371875 0.72890625 0.1703125 0.0171875
0 0.7734375 0.75546875 0.0875 0.01484375
0 0.54609375 0.75625 0.09921875 0.0140625
0 0.78203125 0.78125 0.06953125 0.01484375
0 0.53125 0.78359375 0.1359375 0.01796875
0 0.15546875 0.8296875 0.0859375 0.01640625
0 0.31328125 0.83046875 0.19921875 0.015625
0 0.7578125 0.8625 0.06328125 0.01484375
0 0.8421875 0.8640625 0.078125 0.0171875
0 0.5796875 0.8640625 0.16015625 0.01796875
0 0.39765625 0.8640625 0.02578125 0.01640625
0 0.25078125 0.8640625 0.08203125 0.0171875
0 0.15703125 0.865625 0.0640625 0.025
0 0.84296875 0.88359375 0.075 0.01484375
0 0.6125 0.88359375 0.0953125 0.01484375
0 0.39921875 0.884375 0.01953125 0.01484375
0 0.1578125 0.884375 0.05 0.01484375
0 0.6109375 0.9140625 0.0953125 0.0140625
0 0.84296875 0.9140625 0.075 0.0140625
0 0.3703125 0.91640625 0.0859375 0.0203125
0 0.753125 0.9625 0.0984375 0.0125
0 0.8484375 0.9625 0.0640625 0.0125
0 0.58359375 0.96328125 0.20078125 0.01484375
0 0.28203125 0.96328125 0.08125 0.01328125
0 0.36484375 0.96328125 0.06171875 0.01328125
0 0.43984375 0.96328125 0.06171875 0.01328125
0 0.17109375 0.9640625 0.115625 0.0125