0 0.275 0.04375 0.25 0.03203125
0 0.6734375 0.0203125 0.484375 0.040625
0 0.346875 0.0609375 0.2765625 0.03046875
0 0.5921875 0.04765625 0.16796875 0.0234375
0 0.746875 0.0390625 0.1 0.01875
0 0.33515625 0.08359375 0.296875 0.0296875
0 0.53984375 0.07265625 0.071875 0.0171875
0 0.71171875 0.0640625 0.25546875 0.02734375
0 0.4203125 0.103125 0.15078125 0.021875
0 0.53515625 0.09609375 0.05234375 0.0171875
0 0.64375 0.090625 0.1171875 0.0203125
0 0.5203125 0.11875 0.35234375 0.03359375
0 0.303125 0.15390625 0.1921875 0.0234375
0 0.4734375 0.14453125 0.09609375 0.01796875
0 0.69921875 0.134375 0.28125 0.028125
0 0.384375 0.18515625 0.01484375 0.01328125
0 0.5609375 0.17578125 0.265625 0.0265625
0 0.384375 0.20859375 0.01328125 0.01328125
0 0.534375 0.2 0.215625 0.02421875
0 0.38359375 0.2328125 0.0171875 0.0140625
0 0.47734375 0.22578125 0.10546875 0.02109375
0 0.1515625 0.19375 0.13046875 0.021875
0 0.1359375 0.21875 0.1046875 0.01875
0 0.12265625 0.2421875 0.078125 0.01875
0 0.21171875 0.23828125 0.0546875 0.01640625
0 0.6265625 0.25703125 0.0703125 0.01796875
0 0.84921875 0.24921875 0.1421875 0.0234375
0 0.159375 0.27421875 0.1546875 0.02421875
0 0.81328125 0.30390625 0.175 0.0234375
0 0.79609375 0.33125 0.21875 0.025
0 0.1875 0.32578125 0.20546875 0.021875
0 0.1890625 0.35078125 0.2078125 0.02265625
0 0.83359375 0.3796875 0.1671875 0.0203125
0 0.146875 0.4 0.134375 0.021875
0 0.1375 0.42421875 0.0515625 0.01875
0 0.27734375 0.4203125 0.17890625 0.0203125
0 0.265625 0.43984375 0.31015625 0.01796875
0 0.47890625 0.43671875 0.1015625 0.0203125
0 0.175 0.47734375 0.18125 0.02109375
0 0.3265625 0.4734375 0.0703125 0.015625
0 0.41015625 0.47109375 0.025 0.01484375
0 0.12109375 0.5109375 0.07890625 0.01875
0 0.27890625 0.50859375 0.18359375 0.01875
0 0.70859375 0.496875 0.028125 0.0171875
0 0.84296875 0.49296875 0.1921875 0.0203125
0 0.6359375 0.55546875 0.0796875 0.01640625
0 0.8078125 0.5515625 0.22578125 0.01640625
0 0.14296875 0.56796875 0.10703125 0.01484375
0 0.334375 0.5625 0.2328125 0.01796875
0 0.13828125 0.584375 0.11015625 0.015625
0 0.33671875 0.5796875 0.234375 0.01796875
0 0.48359375 0.57578125 0.01953125 0.0109375
0 0.184375 0.6 0.1875 0.0171875
0 0.86953125 0.584375 0.0953125 0.0140625
0 0.50390625 0.60859375 0.0953125 0.01484375
0 0.353125 0.628125 0.07109375 0.01328125
0 0.55390625 0.62421875 0.27421875 0.01640625
0 0.3859375 0.64296875 0.0578125 0.01171875
0 0.490625 0.64140625 0.1125 0.0140625
0 0.61328125 0.63984375 0.075 0.0140625
0 0.4140625 0.6828125 0.11484375 0.0140625
0 0.56171875 0.68046875 0.13984375 0.01484375
0 0.44609375 0.7 0.1640625 0.01640625
0 0.603125 0.69765625 0.05625 0.0125
0 0.23515625 0.72109375 0.01796875 0.0109375
0 0.328125 0.71953125 0.12734375 0.0140625
0 0.4546875 0.71796875 0.07421875 0.01328125
0 0.559375 0.71640625 0.09296875 0.0140625
0 0.67890625 0.71484375 0.09296875 0.01328125
0 0.76328125 0.71484375 0.01328125 0.0078125
0 0.2921875 0.7375 0.13046875 0.01328125
0 0.47578125 0.734375 0.14765625 0.0140625
0 0.7109375 0.73125 0.19921875 0.0140625
0 0.784375 0.6609375 0.134375 0.0140625
0 0.60234375 0.66171875 0.12734375 0.0078125
0 0.428125 0.6640625 0.12421875 0.0078125
0 0.25546875 0.6671875 0.12421875 0.01171875
0 0.1765625 0.7625 0.16171875 0.015625
0 0.34921875 0.7609375 0.134375 0.01328125
0 0.6015625 0.75625 0.3375 0.0171875
0 0.840625 0.753125 0.096875 0.0109375
0 0.12890625 0.7796875 0.071875 0.0125
0 0.21171875 0.77734375 0.0515625 0.01171875
0 0.340625 0.77578125 0.14609375 0.01484375
0 0.1265625 0.79609375 0.06796875 0.01171875
0 0.30078125 0.7921875 0.22734375 0.015625
0 0.61953125 0.77109375 0.09921875 0.01484375
0 0.715625 0.76953125 0.0546875 0.01171875
0 0.84921875 0.7671875 0.1171875 0.01328125
0 0.778125 0.784375 0.2578125 0.01640625
0 0.3203125 0.80859375 0.03828125 0.0125
0 0.42421875 0.80546875 0.1328125 0.0140625
0 0.6109375 0.803125 0.1921875 0.015625
0 0.35625 0.8234375 0.0734375 0.01328125
0 0.47109375 0.82265625 0.1125 0.01484375
0 0.6203125 0.8203125 0.1375 0.01484375
0 0.41484375 0.83984375 0.1890625 0.015625
0 0.59296875 0.8390625 0.1125 0.0140625
0 0.36484375 0.8578125 0.05625 0.015625
0 0.46328125 0.85703125 0.0984375 0.01484375
0 0.58125 0.85703125 0.09921875 0.0140625
0 0.334375 0.89140625 0.20546875 0.01875
0 0.653125 0.89296875 0.228125 0.015625
0 0.12265625 0.93828125 0.0765625 0.01875
0 0.27578125 0.93828125 0.178125 0.01640625
0 0.70859375 0.9375 0.03046875 0.01796875
0 0.84921875 0.93671875 0.20234375 0.0171875
0 0.34765625 0.9734375 0.05390625 0.0171875
0 0.434375 0.97421875 0.04921875 0.01484375
0 0.5953125 0.97421875 0.2140625 0.01640625