0 0.5453125 0.09453125 0.0515625 0.0109375
0 0.46796875 0.09453125 0.05546875 0.0109375
0 0.34375 0.09453125 0.15 0.01171875
0 0.2109375 0.0953125 0.0734375 0.0109375
0 0.10703125 0.0953125 0.0921875 0.01171875
0 0.40390625 0.10859375 0.153125 0.0125
0 0.2484375 0.10859375 0.11171875 0.01171875
0 0.14375 0.109375 0.0578125 0.0109375
0 0.07734375 0.109375 0.03359375 0.0109375
0 0.54140625 0.109375 0.0875 0.01328125
0 0.10703125 0.12578125 0.0921875 0.01171875
0 0.2578125 0.12734375 0.16875 0.0140625
0 0.59140625 0.1421875 0.15078125 0.0109375
0 0.428125 0.1421875 0.0578125 0.0109375
0 0.2484375 0.1421875 0.15 0.01171875
0 0.0875 0.14296875 0.05078125 0.01171875
0 0.24921875 0.16015625 0.15 0.0109375
0 0.08828125 0.16015625 0.05546875 0.0109375
0 0.34375 0.17734375 0.2265625 0.01171875
0 0.0875 0.17734375 0.053125 0.0109375
0 0.153125 0.17734375 0.0359375 0.0109375
0 0.37421875 0.21171875 0.12734375 0.01171875
0 0.25859375 0.21171875 0.05546875 0.0109375
0 0.3171875 0.228125 0.16640625 0.01171875
0 0.08984375 0.22890625 0.053125 0.0109375
0 0.15625 0.22890625 0.0390625 0.0109375
0 0.61171875 0.24609375 0.0359375 0.0109375
0 0.50703125 0.24609375 0.1328125 0.0109375
0 0.09765625 0.24609375 0.07421875 0.0109375
0 0.32734375 0.24609375 0.19375 0.01171875
0 0.45078125 0.28046875 0.16640625 0.01171875
0 0.60234375 0.28046875 0.0921875 0.01171875
0 0.68828125 0.28046875 0.03515625 0.01171875
0 0.20390625 0.28203125 0.27890625 0.01328125
0 0.26875 0.29765625 0.07578125 0.0109375
0 0.20234375 0.29765625 0.0171875 0.0109375
0 0.728125 0.29765625 0.07578125 0.0109375
0 0.13515625 0.29765625 0.07421875 0.01171875
0 0.79140625 0.2984375 0.015625 0.0078125
0 0.5453125 0.3140625 0.09375 0.01171875
0 0.2875 0.31484375 0.15078125 0.01171875
0 0.43046875 0.31484375 0.09453125 0.01171875
0 0.12578125 0.31640625 0.13046875 0.01328125
0 0.71953125 0.33125 0.0921875 0.0109375
0 0.13515625 0.33203125 0.07421875 0.0109375
0 0.20234375 0.33203125 0.0171875 0.0109375
0 0.26953125 0.33203125 0.07421875 0.0109375
0 0.79375 0.3328125 0.015625 0.0078125
0 0.52578125 0.34921875 0.05625 0.0109375
0 0.4203125 0.34921875 0.1140625 0.0109375
0 0.27734375 0.34921875 0.12734375 0.0109375
0 0.61171875 0.34921875 0.07421875 0.0109375
0 0.68828125 0.34921875 0.03515625 0.0109375
0 0.13515625 0.35078125 0.1484375 0.0140625
0 0.7203125 0.36640625 0.09140625 0.0109375
0 0.7921875 0.36640625 0.0171875 0.0109375
0 0.1359375 0.36640625 0.0734375 0.01171875
0 0.20234375 0.36640625 0.0171875 0.01171875
0 0.26875 0.36640625 0.07578125 0.01171875
0 0.6515625 0.3828125 0.03515625 0.0109375
0 0.5828125 0.3828125 0.05546875 0.0109375
0 0.45859375 0.3828125 0.15 0.0109375
0 0.21328125 0.384375 0.2984375 0.0140625
0 0.728125 0.4 0.07578125 0.0109375
0 0.20234375 0.4 0.01796875 0.01171875
0 0.1359375 0.4 0.07421875 0.01171875
0 0.26953125 0.4 0.07578125 0.01171875
0 0.79296875 0.4015625 0.015625 0.00859375
0 0.56484375 0.41796875 0.0578125 0.01171875
0 0.221875 0.41796875 0.2453125 0.01171875
0 0.6703125 0.41796875 0.11015625 0.01171875
0 0.43984375 0.41796875 0.15234375 0.01171875
0 0.07734375 0.41953125 0.0328125 0.0140625
0 0.1359375 0.43515625 0.07421875 0.0109375
0 0.20390625 0.43515625 0.015625 0.0109375
0 0.27890625 0.43515625 0.09453125 0.0109375
0 0.79296875 0.45234375 0.01953125 0.01171875
0 0.7078125 0.45234375 0.11171875 0.01171875
0 0.1359375 0.45234375 0.07421875 0.01171875
0 0.4984375 0.45234375 0.11171875 0.01171875
0 0.2234375 0.46953125 0.24453125 0.01171875
0 0.40234375 0.46953125 0.07578125 0.01171875
0 0.52734375 0.46953125 0.13203125 0.01171875
0 0.63203125 0.46953125 0.03515625 0.01171875
0 0.6984375 0.46953125 0.05390625 0.01171875
0 0.078125 0.47109375 0.0328125 0.0140625
0 0.203125 0.48671875 0.0171875 0.01171875
0 0.13828125 0.48671875 0.071875 0.0109375
0 0.278125 0.48671875 0.09453125 0.0109375
0 0.71875 0.50390625 0.09609375 0.0109375
0 0.490625 0.50390625 0.09140625 0.0109375
0 0.1375 0.50390625 0.07421875 0.01171875
0 0.72578125 0.53828125 0.07578125 0.0109375
0 0.25078125 0.5390625 0.15 0.0140625
0 0.22265625 0.5546875 0.0921875 0.01171875
0 0.70859375 0.5546875 0.109375 0.01171875
0 0.42265625 0.571875 0.07421875 0.0109375
0 0.22421875 0.5734375 0.0875 0.0140625
0 0.184375 0.60625 0.1296875 0.01171875
0 0.709375 0.6234375 0.1078125 0.0109375
0 0.165625 0.6234375 0.0921875 0.01171875
0 0.2984375 0.6234375 0.13046875 0.01171875
0 0.17421875 0.640625 0.11015625 0.0109375
0 0.7265625 0.640625 0.07578125 0.0109375
0 0.70859375 0.65859375 0.109375 0.0109375
0 0.15625 0.65859375 0.07421875 0.01171875
0 0.18359375 0.74375 0.01796875 0.0109375
0 0.1171875 0.74375 0.07421875 0.0109375
0 0.5453125 0.74375 0.05625 0.0109375
0 0.3359375 0.74375 0.0921875 0.0109375
0 0.08671875 0.778125 0.04765625 0.01015625
0 0.15390625 0.778125 0.03828125 0.0109375
0 0.3265625 0.778125 0.11015625 0.01015625
0 0.5359375 0.778125 0.07421875 0.01015625
0 0.15390625 0.7953125 0.0359375 0.0109375
0 0.3359375 0.7953125 0.09375 0.01171875
0 0.53515625 0.7953125 0.0734375 0.0109375
0 0.0875 0.796875 0.05078125 0.00859375
0 0.08828125 0.82890625 0.05546875 0.0109375
0 0.1625 0.82890625 0.053125 0.0109375
0 0.25 0.82890625 0.07421875 0.0109375
0 0.4 0.86328125 0.07109375 0.0109375
0 0.11640625 0.86328125 0.07578125 0.0109375
0 0.240625 0.86328125 0.13203125 0.01171875
0 0.13515625 0.8796875 0.1125 0.0109375
0 0.39375 0.8796875 0.0484375 0.01171875
0 0.25 0.8796875 0.07421875 0.01171875
0 0.53515625 0.88203125 0.18046875 0.01328125
0 0.125 0.896875 0.128125 0.01171875
0 0.29609375 0.896875 0.17109375 0.0109375
0 0.1078125 0.9140625 0.09375 0.0109375
0 0.2125 0.9140625 0.07421875 0.0109375
0 0.29609375 0.9140625 0.05625 0.01171875
0 0.37421875 0.9140625 0.05390625 0.01171875
0 0.51484375 0.9140625 0.18828125 0.01171875
0 0.0890625 0.93125 0.015625 0.0109375
0 0.1625 0.93125 0.09453125 0.01171875
0 0.27734375 0.93125 0.09375 0.01171875
0 0.43046875 0.93125 0.16796875 0.01015625
0 0.56328125 0.93125 0.05625 0.01015625
0 0.62109375 0.93203125 0.0171875 0.0109375
0 0.66796875 0.93203125 0.0359375 0.0109375
0 0.715625 0.93125 0.0171875 0.01015625