0 0.3234375 0.09375 0.16953125 0.03125
0 0.571875 0.0796875 0.24921875 0.04140625
0 0.303125 0.134375 0.33515625 0.0421875
0 0.54609375 0.12109375 0.09609375 0.028125
0 0.70078125 0.11484375 0.140625 0.03046875
0 0.26328125 0.16796875 0.2 0.0328125
0 0.434375 0.15859375 0.10390625 0.03359375
0 0.57421875 0.15625 0.0921875 0.025
0 0.70546875 0.153125 0.09765625 0.03046875
0 0.22421875 0.20625 0.1234375 0.025
0 0.39453125 0.19921875 0.15625 0.0265625
0 0.525 0.19375 0.05546875 0.02421875
0 0.65625 0.1890625 0.16015625 0.02890625
0 0.18515625 0.24140625 0.09453125 0.0234375
0 0.29609375 0.2375 0.06640625 0.021875
0 0.36796875 0.2328125 0.046875 0.021875
0 0.590625 0.2234375 0.3375 0.0390625
0 0.44765625 0.2640625 0.2625 0.03203125
0 0.3265625 0.30390625 0.18046875 0.02890625
0 0.5515625 0.2953125 0.21171875 0.03046875
0 0.3265625 0.35859375 0.021875 0.02109375
0 0.50078125 0.35 0.26484375 0.034375
0 0.325 0.39453125 0.01640625 0.01875
0 0.47578125 0.3859375 0.21015625 0.0328125
0 0.06875 0.434375 0.07421875 0.03359375
0 0.15625 0.43125 0.05703125 0.0265625
0 0.3234375 0.4296875 0.01875 0.0234375
0 0.41953125 0.42265625 0.1046875 0.025
0 0.09296875 0.36015625 0.125 0.02890625
0 0.0796875 0.39765625 0.10078125 0.02421875
0 0.1109375 0.48984375 0.1390625 0.03046875
0 0.2125 0.484375 0.01640625 0.02109375
0 0.31015625 0.484375 0.12578125 0.02890625
0 0.11171875 0.5234375 0.13671875 0.025
0 0.22421875 0.521875 0.03984375 0.0234375
0 0.77421875 0.50859375 0.1296875 0.02890625
0 0.78828125 0.5484375 0.109375 0.02890625
0 0.103125 0.5609375 0.121875 0.02421875
0 0.25 0.55703125 0.125 0.02578125
0 0.10390625 0.60234375 0.1171875 0.025
0 0.25078125 0.6 0.12421875 0.0265625
0 0.78984375 0.58984375 0.1125 0.0265625
0 0.10390625 0.64453125 0.11640625 0.025
0 0.2515625 0.64296875 0.12734375 0.02578125
0 0.78828125 0.6328125 0.1078125 0.0265625
0 0.1453125 0.7203125 0.19375 0.025
0 0.74765625 0.71328125 0.1765625 0.03046875
0 0.7328125 0.753125 0.20546875 0.02890625
0 0.1484375 0.759375 0.1984375 0.02890625
0 0.10703125 0.83515625 0.13046875 0.03203125
0 0.77109375 0.82890625 0.16171875 0.03125
0 0.096875 0.87109375 0.0484375 0.0265625
0 0.2359375 0.8703125 0.18046875 0.028125
0 0.225 0.89921875 0.30234375 0.01875
0 0.4328125 0.90703125 0.103125 0.02578125
0 0.11796875 0.95390625 0.15390625 0.02578125
0 0.23203125 0.9578125 0.01796875 0.021875
0 0.490625 0.959375 0.43203125 0.03203125
0 0.5609375 0.5125 0.07265625 0.02578125
0 0.56015625 0.5484375 0.07421875 0.02734375
0 0.56171875 0.59296875 0.07109375 0.0265625
0 0.56171875 0.63515625 0.06640625 0.0265625