0 0.33046875 0.0875 0.16484375 0.01171875
0 0.4875 0.0875 0.1 0.01171875
0 0.59140625 0.08828125 0.06171875 0.0109375
0 0.67421875 0.0890625 0.0609375 0.01171875
0 0.3828125 0.10390625 0.0171875 0.0109375
0 0.3390625 0.1046875 0.0203125 0.0109375
0 0.5078125 0.1046875 0.0984375 0.0109375
0 0.61171875 0.1046875 0.05390625 0.0109375
0 0.26640625 0.10546875 0.08203125 0.01171875
0 0.68046875 0.10703125 0.03359375 0.0109375
0 0.60234375 0.121875 0.0765625 0.01171875
0 0.3390625 0.1234375 0.1015625 0.01171875
0 0.475 0.1234375 0.12421875 0.01171875
0 0.55078125 0.13984375 0.10234375 0.0109375
0 0.66484375 0.140625 0.0796875 0.0109375
0 0.77109375 0.140625 0.08203125 0.01015625
0 0.265625 0.140625 0.08125 0.0109375
0 0.3984375 0.14140625 0.1359375 0.01171875
0 0.16015625 0.1421875 0.0390625 0.01171875
0 0.50234375 0.15859375 0.09609375 0.01171875
0 0.63359375 0.15859375 0.1015625 0.01171875
0 0.3484375 0.15859375 0.16171875 0.0125
0 0.52734375 0.1765625 0.059375 0.0109375
0 0.39453125 0.1765625 0.0765625 0.0109375
0 0.25546875 0.17734375 0.14453125 0.0109375
0 0.67578125 0.17734375 0.14453125 0.0109375
0 0.1265625 0.17734375 0.0515625 0.0109375
0 0.8140625 0.17734375 0.0765625 0.01171875
0 0.4578125 0.1953125 0.07578125 0.01171875
0 0.31796875 0.1953125 0.14453125 0.0125
0 0.61171875 0.1953125 0.14609375 0.01171875
0 0.74921875 0.19609375 0.08125 0.01171875
0 0.18828125 0.196875 0.05234375 0.01328125
0 0.43359375 0.21484375 0.246875 0.0125
0 0.61171875 0.215625 0.06171875 0.00859375
0 0.22109375 0.23359375 0.11328125 0.01171875
0 0.50390625 0.23359375 0.3875 0.01328125
0 0.76015625 0.234375 0.059375 0.00859375
0 0.62890625 0.25078125 0.26484375 0.0125
0 0.4125 0.25078125 0.0390625 0.0125
0 0.22578125 0.2515625 0.0765625 0.01328125
0 0.31953125 0.25234375 0.0578125 0.01328125
0 0.54296875 0.2890625 0.27109375 0.0109375
0 0.2875 0.2890625 0.11640625 0.0109375
0 0.77890625 0.32421875 0.01875 0.0109375
0 0.6703125 0.32421875 0.1359375 0.01328125
0 0.30859375 0.32578125 0.12265625 0.01171875
0 0.19453125 0.32578125 0.01640625 0.0109375
0 0.11171875 0.3265625 0.09609375 0.0109375
0 0.496875 0.34296875 0.0375 0.0109375
0 0.58984375 0.34375 0.10234375 0.01171875
0 0.35078125 0.34375 0.20546875 0.01171875
0 0.10078125 0.34453125 0.0796875 0.0109375
0 0.4234375 0.36171875 0.0203125 0.009375
0 0.13125 0.3625 0.1390625 0.01171875
0 0.31953125 0.3625 0.14296875 0.0109375
0 0.86015625 0.3984375 0.0609375 0.01171875
0 0.75390625 0.3984375 0.090625 0.01171875
0 0.58828125 0.4 0.14296875 0.01171875
0 0.403125 0.4 0.0578125 0.0125
0 0.17421875 0.4 0.22421875 0.01328125
0 0.23671875 0.43515625 0.09609375 0.0109375
0 0.1140625 0.4359375 0.09609375 0.01015625
0 0.5578125 0.453125 0.08203125 0.0109375
0 0.73671875 0.453125 0.096875 0.0109375
0 0.86953125 0.453125 0.0390625 0.0109375
0 0.34140625 0.453125 0.01875 0.0109375
0 0.3828125 0.45546875 0.0203125 0.01171875
0 0.09140625 0.4703125 0.0578125 0.0109375
0 0.39375 0.47109375 0.07265625 0.0125
0 0.19140625 0.471875 0.09453125 0.01171875
0 0.29921875 0.47265625 0.05703125 0.00703125
0 0.33984375 0.4875 0.01875 0.01171875
0 0.52578125 0.48828125 0.0203125 0.01015625
0 0.578125 0.48828125 0.0390625 0.01171875
0 0.7453125 0.48828125 0.0796875 0.01171875
0 0.8703125 0.48828125 0.0375 0.01171875
0 0.38359375 0.48984375 0.021875 0.01015625
0 0.1 0.50546875 0.08359375 0.0109375
0 0.20546875 0.50546875 0.0765625 0.01171875
0 0.3 0.50625 0.05546875 0.0109375
0 0.52578125 0.5234375 0.0203125 0.0109375
0 0.5765625 0.5234375 0.0421875 0.0109375
0 0.3421875 0.52421875 0.00703125 0.01015625
0 0.7453125 0.52421875 0.0796875 0.0109375
0 0.8578125 0.52421875 0.0578125 0.0109375
0 0.3828125 0.52578125 0.0203125 0.01015625
0 0.10703125 0.559375 0.09296875 0.0109375
0 0.45 0.56015625 0.07421875 0.01171875
0 0.28828125 0.56015625 0.20078125 0.0140625
0 0.80546875 0.5609375 0.040625 0.0109375
0 0.86875 0.5609375 0.0390625 0.0109375
0 0.08828125 0.57734375 0.0578125 0.0109375
0 0.846875 0.578125 0.08203125 0.0109375
0 0.2203125 0.578125 0.15625 0.0125
0 0.10625 0.5953125 0.09296875 0.01171875
0 0.2875 0.5953125 0.2 0.0125
0 0.521875 0.59609375 0.09296875 0.0125
0 0.86875 0.59609375 0.0390625 0.01171875
0 0.428125 0.59609375 0.03359375 0.0109375
0 0.80859375 0.59609375 0.040625 0.01171875
0 0.13984375 0.6140625 0.16328125 0.01328125
0 0.28203125 0.61484375 0.07265625 0.01171875
0 0.846875 0.61484375 0.08203125 0.0109375
0 0.784375 0.65703125 0.2078125 0.02265625
0 0.16328125 0.65703125 0.20546875 0.02265625
0 0.1265625 0.6984375 0.1359375 0.0109375
0 0.55625 0.69921875 0.20546875 0.01171875
0 0.80546875 0.69921875 0.16484375 0.01171875
0 0.1 0.734375 0.08125 0.0109375
0 0.86875 0.73515625 0.03671875 0.0109375
0 0.80546875 0.7359375 0.040625 0.0109375
0 0.11875 0.75234375 0.12109375 0.0109375
0 0.80390625 0.753125 0.0390625 0.0109375
0 0.8671875 0.753125 0.0390625 0.0109375
0 0.0859375 0.80625 0.0578125 0.0109375
0 0.2109375 0.80703125 0.14453125 0.01328125
0 0.81328125 0.80703125 0.1359375 0.01328125
0 0.53125 0.8078125 0.1171875 0.01875
0 0.63984375 0.8078125 0.06484375 0.01875
0 0.0765625 0.82421875 0.0390625 0.01171875
0 0.28515625 0.82421875 0.03671875 0.0125
0 0.35390625 0.82421875 0.05546875 0.01328125
0 0.63125 0.825 0.09453125 0.0109375
0 0.81640625 0.825 0.01875 0.0109375
0 0.86875 0.82578125 0.0390625 0.01171875
0 0.0765625 0.8421875 0.0390625 0.01171875
0 0.28515625 0.8421875 0.03671875 0.01328125
0 0.34296875 0.84296875 0.03515625 0.01171875
0 0.63984375 0.84296875 0.08125 0.0109375
0 0.8484375 0.84375 0.08203125 0.0109375
0 0.28515625 0.8609375 0.03671875 0.0125
0 0.35390625 0.8609375 0.05546875 0.0125
0 0.08515625 0.8609375 0.05703125 0.0109375
0 0.60859375 0.86171875 0.01875 0.01015625
0 0.66015625 0.86171875 0.040625 0.0109375
0 0.8484375 0.86171875 0.08203125 0.0109375
0 0.41796875 0.953125 0.1 0.0109375
0 0.5234375 0.953125 0.059375 0.0109375
0 0.3671875 0.9703125 0.12109375 0.01171875
0 0.4921875 0.97109375 0.08203125 0.0125
0 0.60859375 0.97265625 0.10234375 0.01171875