0 0.1046875 0.19921875 0.08984375 0.02734375
0 0.2390625 0.20390625 0.10390625 0.02734375
0 0.4328125 0.209375 0.22890625 0.03203125
0 0.66484375 0.21484375 0.14140625 0.03046875
0 0.82265625 0.21953125 0.1 0.02890625
0 0.26484375 0.23671875 0.04765625 0.02421875
0 0.3828125 0.240625 0.07109375 0.02734375
0 0.49375 0.24375 0.08203125 0.0296875
0 0.63671875 0.24765625 0.09765625 0.02890625
0 0.1578125 0.2640625 0.20625 0.03046875
0 0.36015625 0.26953125 0.13203125 0.02578125
0 0.503125 0.275 0.09921875 0.025
0 0.69140625 0.2796875 0.21328125 0.02734375
0 0.865625 0.28359375 0.0765625 0.0234375
0 0.29140625 0.29921875 0.1609375 0.03046875
0 0.571875 0.30703125 0.33359375 0.03828125
0 0.2015625 0.33125 0.07421875 0.02734375
0 0.30625 0.33359375 0.078125 0.03046875
0 0.42265625 0.3359375 0.09765625 0.02890625
0 0.6359375 0.34296875 0.25078125 0.03203125
0 0.19375 0.3984375 0.253125 0.03125
0 0.19140625 0.4296875 0.25859375 0.02890625
0 0.6171875 0.41015625 0.05390625 0.03359375
0 0.70390625 0.41171875 0.06796875 0.0296875
0 0.825 0.4140625 0.09921875 0.0265625
0 0.15078125 0.49375 0.18203125 0.03125
0 0.55078125 0.5046875 0.0796875 0.02734375
0 0.76171875 0.50859375 0.1796875 0.0296875
0 0.128125 0.56953125 0.115625 0.0265625
0 0.7203125 0.5828125 0.24765625 0.03203125
0 0.69609375 0.62109375 0.29765625 0.03359375
0 0.12890625 0.60703125 0.115625 0.02578125
0 0.12421875 0.66875 0.121875 0.028125
0 0.67421875 0.68046875 0.02734375 0.0125
0 0.778125 0.68125 0.15859375 0.03359375
0 0.146875 0.765625 0.1671875 0.03046875
0 0.41640625 0.77109375 0.23203125 0.03125
0 0.58671875 0.775 0.0375 0.02421875
0 0.1 0.83046875 0.075 0.02578125
0 0.19375 0.83203125 0.04921875 0.025
0 0.29609375 0.834375 0.09765625 0.02578125
0 0.65234375 0.840625 0.028125 0.02890625
0 0.78359375 0.84453125 0.184375 0.0328125
0 0.2984375 0.9015625 0.06484375 0.0296875
0 0.41484375 0.9015625 0.0703125 0.02734375
0 0.5828125 0.90625 0.2078125 0.03046875