0 0.33515625 0.04296875 0.20859375 0.0171875
0 0.5890625 0.04765625 0.2078125 0.01796875
0 0.75625 0.05078125 0.025 0.0078125
0 0.82734375 0.0484375 0.0265625 0.0140625
0 0.4515625 0.0671875 0.134375 0.01875
0 0.61328125 0.07109375 0.13046875 0.01640625
0 0.22734375 0.0859375 0.23984375 0.02109375
0 0.5140625 0.090625 0.2578125 0.01875
0 0.75859375 0.09140625 0.15546875 0.01875
0 0.9078125 0.09140625 0.06953125 0.0140625
0 0.271875 0.109375 0.15703125 0.01640625
0 0.61171875 0.1125 0.45234375 0.01953125
0 0.32421875 0.13203125 0.0953125 0.0140625
0 0.46328125 0.134375 0.10234375 0.01328125
0 0.58671875 0.13515625 0.07109375 0.01328125
0 0.68125 0.13515625 0.04375 0.01328125
0 0.76328125 0.1359375 0.04921875 0.01328125
0 0.2890625 0.1546875 0.18828125 0.01875
0 0.45859375 0.15546875 0.09453125 0.0140625
0 0.69375 0.15703125 0.2921875 0.01640625
0 0.1515625 0.18359375 0.1375 0.01796875
0 0.39375 0.1875 0.01796875 0.0125
0 0.57109375 0.1875 0.265625 0.015625
0 0.13671875 0.20546875 0.103125 0.01484375
0 0.54609375 0.209375 0.21484375 0.01484375
0 0.1234375 0.22734375 0.08046875 0.01875
0 0.21875 0.22734375 0.05546875 0.01484375
0 0.4890625 0.2296875 0.10546875 0.01328125
0 0.1390625 0.2609375 0.10625 0.01328125
0 0.63671875 0.26328125 0.06484375 0.01328125
0 0.8421875 0.26484375 0.153125 0.0171875
0 0.190625 0.30859375 0.21015625 0.01484375
0 0.80859375 0.3125 0.2078125 0.01875
0 0.78671875 0.3359375 0.24453125 0.01875
0 0.190625 0.33203125 0.21015625 0.0140625
0 0.14375 0.37578125 0.125 0.01640625
0 0.2390625 0.39765625 0.26796875 0.01640625
0 0.26875 0.41796875 0.32265625 0.0109375
0 0.4890625 0.421875 0.10703125 0.015625
0 0.828125 0.38203125 0.18359375 0.01796875
0 0.17421875 0.45078125 0.18671875 0.0171875
0 0.33515625 0.45234375 0.07421875 0.0140625
0 0.5546875 0.453125 0.29453125 0.01484375
0 0.11875 0.50234375 0.075 0.0171875
0 0.28046875 0.5046875 0.18359375 0.01484375
0 0.7171875 0.50625 0.02734375 0.015625
0 0.8515625 0.5078125 0.190625 0.015625
0 0.13125 0.56171875 0.09921875 0.0140625
0 0.22890625 0.56171875 0.04921875 0.01171875
0 0.39609375 0.5625 0.26640625 0.01171875
0 0.12421875 0.578125 0.08359375 0.01484375
0 0.31328125 0.578125 0.25078125 0.0109375
0 0.69921875 0.56328125 0.05859375 0.01328125
0 0.84609375 0.56328125 0.19375 0.01171875
0 0.90078125 0.58046875 0.08359375 0.01015625
0 0.334375 0.59453125 0.10859375 0.0125
0 0.503125 0.5953125 0.12265625 0.01171875
0 0.6734375 0.59609375 0.10703125 0.0125
0 0.49375 0.61328125 0.16640625 0.01484375
0 0.221875 0.62734375 0.13671875 0.0078125
0 0.40390625 0.628125 0.1375 0.0078125
0 0.58359375 0.62890625 0.13671875 0.00859375
0 0.7640625 0.62890625 0.13046875 0.01171875
0 0.4390625 0.64453125 0.10546875 0.01015625
0 0.55625 0.64453125 0.08515625 0.01171875
0 0.621875 0.64453125 0.02734375 0.0109375
0 0.49375 0.6609375 0.1671875 0.01171875
0 0.440625 0.67734375 0.2 0.01328125
0 0.6171875 0.678125 0.05859375 0.01328125
0 0.10390625 0.69375 0.05390625 0.0109375
0 0.1609375 0.6953125 0.0125 0.009375
0 0.3140625 0.69296875 0.25 0.01171875
0 0.9109375 0.69765625 0.07265625 0.0125
0 0.38359375 0.709375 0.0671875 0.0125
0 0.4734375 0.7109375 0.06953125 0.01171875
0 0.61875 0.7125 0.1046875 0.0125
0 0.215625 0.72578125 0.08515625 0.0125
0 0.32890625 0.7265625 0.1046875 0.01328125
0 0.41171875 0.72734375 0.0421875 0.0109375
0 0.47890625 0.728125 0.0515625 0.01171875
0 0.56171875 0.72890625 0.07265625 0.01171875
0 0.68046875 0.7296875 0.1234375 0.0140625
0 0.809375 0.73125 0.0921875 0.0125
0 0.328125 0.74375 0.034375 0.01171875
0 0.42578125 0.7453125 0.11953125 0.0125
0 0.5984375 0.746875 0.17734375 0.01328125
0 0.45078125 0.78046875 0.1078125 0.01328125
0 0.56953125 0.78125 0.0890625 0.01171875
0 0.13671875 0.79453125 0.0875 0.01328125
0 0.21796875 0.79609375 0.06875 0.01328125
0 0.30390625 0.796875 0.06796875 0.0125
0 0.39609375 0.79765625 0.0734375 0.01328125
0 0.49609375 0.7984375 0.0875 0.0125
0 0.61640625 0.8 0.1046875 0.0125
0 0.715625 0.8015625 0.04765625 0.01171875
0 0.790625 0.80234375 0.04921875 0.01171875
0 0.86953125 0.80390625 0.05 0.0109375
0 0.92421875 0.8046875 0.00859375 0.009375
0 0.22421875 0.81328125 0.015625 0.0109375
0 0.29609375 0.8140625 0.0875 0.0125
0 0.44140625 0.815625 0.16015625 0.01640625
0 0.65390625 0.81875 0.21796875 0.01328125
0 0.7765625 0.8203125 0.00546875 0.009375
0 0.57109375 0.8765625 0.7421875 0.040625
0 0.33828125 0.91796875 0.06484375 0.0109375
0 0.45234375 0.9171875 0.1078125 0.01171875
0 0.61796875 0.91640625 0.18515625 0.01328125
0 0.11875 0.95703125 0.0828125 0.015625
0 0.278125 0.95625 0.1828125 0.0109375
0 0.7171875 0.95390625 0.0234375 0.01171875
0 0.8515625 0.953125 0.190625 0.01484375
0 0.35859375 0.97890625 0.0515625 0.01171875
0 0.4453125 0.9796875 0.04453125 0.009375
0 0.60234375 0.97890625 0.20546875 0.01015625
0 0.3953125 0.20859375 0.01328125 0.01171875
0 0.39609375 0.23046875 0.015625 0.0125
0 0.53671875 0.71328125 0.015625 0.00859375