0 0.12578125 0.134375 0.12265625 0.015625
0 0.678125 0.134375 0.1640625 0.015625
0 0.28515625 0.13515625 0.14453125 0.01484375
0 0.39140625 0.13515625 0.0171875 0.01484375
0 0.51796875 0.13515625 0.1015625 0.01484375
0 0.84609375 0.13515625 0.1203125 0.01484375
0 0.43359375 0.13515625 0.0109375 0.01484375
0 0.30546875 0.15859375 0.0171875 0.01328125
0 0.1484375 0.159375 0.1640625 0.015625
0 0.4203125 0.159375 0.07734375 0.015625
0 0.72265625 0.16015625 0.16328125 0.015625
0 0.52734375 0.16015625 0.07578125 0.015625
0 0.35 0.16015625 0.0078125 0.0171875
0 0.2640625 0.1609375 0.0078125 0.01640625
0 0.8375 0.16171875 0.009375 0.0203125
0 0.60390625 0.16171875 0.009375 0.01953125
0 0.13515625 0.184375 0.05859375 0.015625
0 0.22890625 0.184375 0.07578125 0.015625
0 0.325 0.184375 0.053125 0.01640625
0 0.496875 0.18515625 0.2296875 0.015625
0 0.66640625 0.1859375 0.009375 0.01796875
0 0.328125 0.209375 0.059375 0.01640625
0 0.09453125 0.21015625 0.05859375 0.0140625
0 0.20859375 0.2109375 0.11796875 0.01953125
0 0.4421875 0.21171875 0.11953125 0.01953125
0 0.1578125 0.234375 0.1015625 0.015625
0 0.7515625 0.23515625 0.0171875 0.015625
0 0.0734375 0.23515625 0.01328125 0.015625
0 0.48671875 0.23515625 0.12421875 0.01640625
0 0.66640625 0.23515625 0.1015625 0.01640625
0 0.3171875 0.23671875 0.165625 0.01953125
0 0.15859375 0.259375 0.18671875 0.015625
0 0.3390625 0.259375 0.12421875 0.01640625
0 0.484375 0.26015625 0.11953125 0.01640625
0 0.115625 0.284375 0.1 0.015625
0 0.43046875 0.2859375 0.096875 0.0203125
0 0.2734375 0.28671875 0.16640625 0.02109375
0 0.59296875 0.28671875 0.16796875 0.01953125
0 0.1046875 0.30859375 0.07421875 0.015625
0 0.38203125 0.30859375 0.0796875 0.015625
0 0.24296875 0.30859375 0.14609375 0.015625
0 0.48515625 0.309375 0.07734375 0.015625
0 0.625 0.309375 0.14609375 0.015625
0 0.7625 0.309375 0.08125 0.015625
0 0.39296875 0.409375 0.05625 0.015625
0 0.5203125 0.409375 0.1421875 0.01640625
0 0.41328125 0.45859375 0.69375 0.0171875
0 0.846875 0.459375 0.11953125 0.0171875
0 0.1140625 0.48515625 0.096875 0.01796875
0 0.2625 0.509375 0.05625 0.015625
0 0.42421875 0.509375 0.1203125 0.015625
0 0.1375 0.5109375 0.14453125 0.01953125
0 0.40078125 0.55859375 0.50703125 0.01640625
0 0.75078125 0.55859375 0.1421875 0.015625
0 0.10390625 0.56015625 0.03125 0.01953125
0 0.6484375 0.58203125 0.34921875 0.0203125
0 0.16484375 0.5828125 0.03046875 0.01484375
0 0.275 0.58359375 0.12265625 0.015625
0 0.41171875 0.58359375 0.10234375 0.01640625
0 0.46484375 0.6078125 0.0796875 0.015625
0 0.14765625 0.6078125 0.0359375 0.015625
0 0.70859375 0.60859375 0.0171875 0.00703125
0 0.85703125 0.60859375 0.1015625 0.015625
0 0.325 0.61015625 0.13828125 0.0203125
0 0.621875 0.6109375 0.09921875 0.01875
0 0.13515625 0.6578125 0.0109375 0.01328125
0 0.6125 0.6578125 0.08125 0.015625
0 0.85703125 0.6578125 0.1015625 0.015625
0 0.86796875 0.68203125 0.0796875 0.01640625
0 0.146875 0.68359375 0.165625 0.01875
0 0.2828125 0.684375 0.05625 0.01875
0 0.115625 0.73125 0.1 0.01640625
0 0.85703125 0.73203125 0.1015625 0.01484375
0 0.4421875 0.75625 0.03828125 0.015625
0 0.36640625 0.75625 0.059375 0.015625
0 0.57109375 0.75625 0.1625 0.01640625
0 0.8671875 0.75703125 0.0765625 0.015625
0 0.8578125 0.78046875 0.1046875 0.01796875
0 0.61328125 0.78125 0.0796875 0.01640625
0 0.3578125 0.80546875 0.12265625 0.015625
0 0.85625 0.80625 0.1 0.015625
0 0.2953125 0.8296875 0.16640625 0.015625
0 0.12421875 0.8296875 0.12265625 0.0140625
0 0.41171875 0.83203125 0.0078125 0.01171875
0 0.4515625 0.8546875 0.05625 0.015625
0 0.1765625 0.8546875 0.18671875 0.015625
0 0.36796875 0.85546875 0.06171875 0.015625
0 0.54921875 0.85546875 0.0796875 0.015625
0 0.4109375 0.8796875 0.1015625 0.01640625
0 0.5171875 0.8796875 0.059375 0.01640625
0 0.21875 0.90390625 0.1 0.015625
0 0.3375 0.9046875 0.07734375 0.01484375
0 0.43125 0.9046875 0.05859375 0.01484375
0 0.51640625 0.9046875 0.0578125 0.015625
0 0.68359375 0.9046875 0.22265625 0.0171875