0 0.546875 0.1765625 0.16171875 0.025
0 0.4859375 0.21328125 0.07734375 0.0234375
0 0.61015625 0.2125 0.11953125 0.02421875
0 0.32109375 0.24609375 0.16953125 0.02734375
0 0.5171875 0.2484375 0.17890625 0.02109375
0 0.71796875 0.24609375 0.16171875 0.02421875
0 0.8484375 0.2484375 0.05 0.02109375
0 0.46640625 0.28125 0.1203125 0.02265625
0 0.58125 0.28203125 0.0125 0.021875
0 0.6234375 0.28203125 0.01953125 0.02421875
0 0.6640625 0.28046875 0.01640625 0.021875
0 0.546875 0.315625 0.2859375 0.03046875
0 0.39375 0.34921875 0.13828125 0.02265625
0 0.52421875 0.3484375 0.0734375 0.021875
0 0.69453125 0.3484375 0.20390625 0.02265625
0 0.45546875 0.4015625 0.0140625 0.02109375
0 0.58828125 0.3984375 0.2 0.025
0 0.5703125 0.4328125 0.16171875 0.02578125
0 0.26953125 0.39765625 0.09921875 0.02421875
0 0.26171875 0.4328125 0.07578125 0.02265625
0 0.24921875 0.4671875 0.065625 0.03203125
0 0.32109375 0.4671875 0.04296875 0.02109375
0 0.5296875 0.465625 0.08046875 0.021875
0 0.27734375 0.51796875 0.121875 0.02734375
0 0.64140625 0.51796875 0.05 0.021875
0 0.80546875 0.52109375 0.10078125 0.025
0 0.78515625 0.59453125 0.1296875 0.02734375
0 0.77421875 0.6328125 0.16171875 0.0296875
0 0.30078125 0.59453125 0.16171875 0.021875
0 0.30078125 0.63046875 0.16171875 0.02265625
0 0.271875 0.70234375 0.10078125 0.02734375
0 0.8 0.70546875 0.1203125 0.0265625
0 0.2921875 0.75234375 0.14140625 0.0265625
0 0.41015625 0.7515625 0.05 0.02109375
0 0.5703125 0.7515625 0.2015625 0.02109375
0 0.2484375 0.8328125 0.05625 0.02734375
0 0.37265625 0.83359375 0.14296875 0.02578125
0 0.7046875 0.83359375 0.02421875 0.02421875
0 0.8078125 0.83359375 0.140625 0.02265625
0 0.42734375 0.8875 0.04453125 0.02578125
0 0.49453125 0.88984375 0.03125 0.02109375
0 0.61640625 0.890625 0.1578125 0.02421875
0 0.45546875 0.434375 0.01171875 0.01875
0 0.45703125 0.46875 0.0140625 0.01796875