0 0.6484375 0.17734375 0.053125 0.02578125
0 0.5703125 0.1796875 0.05234375 0.01953125
0 0.378125 0.18046875 0.09453125 0.021875
0 0.27890625 0.18125 0.0484375 0.01875
0 0.49296875 0.18125 0.04609375 0.021875
0 0.54375 0.2078125 0.17578125 0.0203125
0 0.3625 0.20859375 0.12578125 0.02109375
0 0.74765625 0.2328125 0.01875 0.0234375
0 0.6859375 0.2328125 0.05234375 0.02109375
0 0.590625 0.23359375 0.0890625 0.01953125
0 0.275 0.23515625 0.1078125 0.01953125
0 0.3609375 0.23515625 0.01171875 0.01953125
0 0.45625 0.23515625 0.12421875 0.02109375
0 0.16640625 0.23671875 0.05234375 0.01875
0 0.66640625 0.26171875 0.16328125 0.02109375
0 0.43828125 0.26171875 0.2453125 0.021875
0 0.225 0.2640625 0.13046875 0.02109375
0 0.67890625 0.28828125 0.146875 0.0203125
0 0.33203125 0.28984375 0.06953125 0.02109375
0 0.4859375 0.28984375 0.1828125 0.02109375
0 0.22734375 0.2921875 0.0890625 0.0203125
0 0.56640625 0.31640625 0.25546875 0.02109375
0 0.39375 0.3171875 0.03125 0.01953125
0 0.33515625 0.31875 0.03125 0.01875
0 0.25859375 0.3203125 0.06796875 0.02109375
0 0.5078125 0.3453125 0.14609375 0.021875
0 0.37421875 0.3453125 0.065625 0.02109375
0 0.503125 0.37421875 0.13046875 0.02578125
0 0.3765625 0.37421875 0.0703125 0.01953125
0 0.83828125 0.42578125 0.03203125 0.01953125
0 0.21328125 0.4296875 0.01484375 0.02421875
0 0.134375 0.4296875 0.09453125 0.02578125
0 0.32890625 0.43125 0.05234375 0.01953125
0 0.25546875 0.43125 0.0171875 0.01875
0 0.2828125 0.46015625 0.10546875 0.02109375
0 0.12421875 0.46015625 0.06796875 0.02109375
0 0.784375 0.48046875 0.0703125 0.02109375
0 0.64921875 0.4828125 0.06953125 0.01875
0 0.54609375 0.4828125 0.0484375 0.01953125
0 0.1546875 0.4890625 0.13046875 0.02109375
0 0.85234375 0.53515625 0.00546875 0.01875
0 0.728125 0.53828125 0.10625 0.0234375
0 0.815625 0.53984375 0.01484375 0.021875
0 0.29296875 0.5421875 0.00703125 0.01875
0 0.1578125 0.54375 0.12578125 0.0234375
0 0.82578125 0.59140625 0.07265625 0.02109375
0 0.74921875 0.5921875 0.03203125 0.01953125
0 0.38203125 0.59765625 0.1109375 0.02109375
0 0.246875 0.59921875 0.06796875 0.0234375
0 0.13828125 0.6 0.0890625 0.021875
0 0.75 0.6203125 0.03203125 0.01953125
0 0.8265625 0.6203125 0.071875 0.02109375
0 0.13203125 0.628125 0.071875 0.02109375
0 0.76953125 0.67578125 0.071875 0.01875
0 0.69296875 0.67734375 0.03203125 0.01875
0 0.528125 0.67890625 0.0859375 0.021875
0 0.44375 0.68125 0.03125 0.01953125
0 0.3296875 0.68203125 0.14609375 0.02109375
0 0.20078125 0.68359375 0.05234375 0.01875
0 0.12421875 0.6859375 0.05234375 0.02109375
0 0.77265625 0.73046875 0.18828125 0.02421875
0 0.6375 0.7328125 0.03203125 0.02109375
0 0.5234375 0.734375 0.071875 0.02109375
0 0.42265625 0.73671875 0.06796875 0.01953125
0 0.3203125 0.73671875 0.08828125 0.02109375
0 0.17890625 0.740625 0.1421875 0.0171875
0 0.4921875 0.76328125 0.13046875 0.02109375
0 0.3390625 0.765625 0.13203125 0.02109375
0 0.175 0.7671875 0.1484375 0.0234375
0 0.67890625 0.8171875 0.11015625 0.02109375
0 0.534375 0.81875 0.128125 0.02109375
0 0.41875 0.81875 0.05078125 0.021875
0 0.29375 0.82265625 0.1484375 0.02109375
0 0.58359375 0.84609375 0.14375 0.02109375
0 0.44765625 0.84765625 0.071875 0.02109375
0 0.30234375 0.84921875 0.0125 0.0203125
0 0.36015625 0.84921875 0.05234375 0.0203125
0 0.64921875 0.87265625 0.125 0.021875
0 0.5265625 0.87421875 0.071875 0.02109375
0 0.45234375 0.8765625 0.03125 0.02109375
0 0.33203125 0.878125 0.15078125 0.02109375
0 0.51328125 0.96484375 0.04296875 0.01796875
0 0.675 0.96484375 0.13046875 0.01171875
0 0.5703125 0.965625 0.03359375 0.0140625
0 0.45625 0.96953125 0.05234375 0.01875
0 0.37421875 0.971875 0.07421875 0.01953125