0 0.23515625 0.05390625 0.1125 0.02421875
0 0.415625 0.05703125 0.196875 0.01875
0 0.6234375 0.0609375 0.1703125 0.0265625
0 0.37265625 0.17421875 0.1234375 0.01640625
0 0.496875 0.17421875 0.05625 0.01640625
0 0.5875 0.17421875 0.06015625 0.01640625
0 0.26328125 0.175 0.0390625 0.01484375
0 0.67578125 0.17578125 0.06015625 0.01328125
0 0.58125 0.19453125 0.18125 0.01640625
0 0.3421875 0.19609375 0.14921875 0.01484375
0 0.46640625 0.215625 0.125 0.015625
0 0.26640625 0.2171875 0.1234375 0.01484375
0 0.1390625 0.2171875 0.05390625 0.01484375
0 0.7421875 0.2171875 0.0625 0.01484375
0 0.6375 0.2171875 0.0953125 0.01484375
0 0.8171875 0.2171875 0.03671875 0.01640625
0 0.3640625 0.21796875 0.01484375 0.009375
0 0.20859375 0.2375 0.153125 0.01484375
0 0.45390625 0.2375 0.28515625 0.01640625
0 0.71796875 0.2375 0.1921875 0.0171875
0 0.20859375 0.2578125 0.10546875 0.01484375
0 0.33046875 0.25859375 0.078125 0.015625
0 0.50625 0.25859375 0.2140625 0.0171875
0 0.73359375 0.25859375 0.1703125 0.015625
0 0.4765625 0.27890625 0.10546875 0.015625
0 0.3328125 0.27890625 0.125 0.0171875
0 0.61953125 0.27890625 0.125 0.0171875
0 0.4796875 0.29921875 0.1515625 0.0171875
0 0.421875 0.340625 0.084375 0.01640625
0 0.2203125 0.340625 0.08203125 0.01484375
0 0.49765625 0.340625 0.01953125 0.01484375
0 0.32109375 0.34140625 0.0625 0.015625
0 0.58671875 0.34140625 0.1015625 0.015625
0 0.73203125 0.34140625 0.1296875 0.015625
0 0.84140625 0.34140625 0.0234375 0.015625
0 0.09375 0.34296875 0.1015625 0.0125
0 0.31171875 0.36171875 0.03203125 0.01484375
0 0.1296875 0.36328125 0.17265625 0.0125
0 0.1859375 0.38125 0.28515625 0.01953125
0 0.56796875 0.3828125 0.05625 0.01484375
0 0.68671875 0.3828125 0.078125 0.01640625
0 0.84375 0.3828125 0.07578125 0.01640625
0 0.2296875 0.4015625 0.0625 0.0171875
0 0.44296875 0.403125 0.08671875 0.01484375
0 0.33125 0.403125 0.0796875 0.01484375
0 0.55390625 0.403125 0.084375 0.01640625
0 0.72890625 0.403125 0.20546875 0.01640625
0 0.0953125 0.403125 0.1078125 0.01875
0 0.26796875 0.42421875 0.03046875 0.015625
0 0.11015625 0.42578125 0.1421875 0.01484375
0 0.1859375 0.44453125 0.28515625 0.015625
0 0.56875 0.44453125 0.05390625 0.01328125
0 0.6890625 0.44609375 0.08203125 0.01484375
0 0.84453125 0.44609375 0.08671875 0.01953125
0 0.42109375 0.465625 0.08203125 0.01484375
0 0.20625 0.465625 0.1015625 0.01640625
0 0.31953125 0.465625 0.06015625 0.01640625
0 0.0796875 0.46640625 0.0734375 0.01484375
0 0.1078125 0.4875 0.1296875 0.01328125
0 0.265625 0.4875 0.034375 0.01328125
0 0.24765625 0.50625 0.11875 0.01484375
0 0.5671875 0.50625 0.05390625 0.01484375
0 0.68125 0.50703125 0.1015625 0.015625
0 0.8390625 0.5078125 0.11484375 0.015625
0 0.4765625 0.528125 0.1015625 0.01484375
0 0.37890625 0.528125 0.03671875 0.01484375
0 0.27734375 0.528125 0.10546875 0.01484375
0 0.609375 0.52734375 0.10390625 0.0171875
0 0.734375 0.528125 0.08203125 0.01484375
0 0.12109375 0.52890625 0.1515625 0.01484375
0 0.2234375 0.5484375 0.03203125 0.01484375
0 0.08828125 0.5484375 0.08203125 0.01640625
0 0.184375 0.5671875 0.29140625 0.0171875
0 0.846875 0.56875 0.08203125 0.01484375
0 0.56875 0.56875 0.05390625 0.01484375
0 0.69140625 0.56875 0.08203125 0.01640625
0 0.44609375 0.5890625 0.2140625 0.01640625
0 0.17578125 0.58984375 0.26171875 0.0171875
0 0.38984375 0.61015625 0.10546875 0.0171875
0 0.1546875 0.6109375 0.2140625 0.01484375
0 0.56875 0.6296875 0.05390625 0.015625
0 0.846875 0.63125 0.08203125 0.01484375
0 0.68984375 0.63125 0.084375 0.01484375
0 0.12109375 0.63125 0.1515625 0.01484375
0 0.28046875 0.671875 0.03046875 0.01640625
0 0.92421875 0.671875 0.01328125 0.01484375
0 0.121875 0.671875 0.14453125 0.01640625
0 0.77890625 0.67265625 0.1234375 0.0171875
0 0.0984375 0.71171875 0.096875 0.01640625
0 0.7796875 0.71171875 0.0390625 0.01640625
0 0.87890625 0.71171875 0.09921875 0.01640625
0 0.8015625 0.73203125 0.0390625 0.015625
0 0.8875 0.73203125 0.078125 0.015625
0 0.35625 0.7328125 0.2203125 0.015625
0 0.1328125 0.7328125 0.175 0.015625
0 0.78046875 0.75390625 0.04140625 0.01484375
0 0.25703125 0.75390625 0.1515625 0.01484375
0 0.096875 0.75390625 0.0953125 0.01484375
0 0.88046875 0.75390625 0.10546875 0.01484375
0 0.08828125 0.77421875 0.08203125 0.01484375
0 0.7796875 0.77421875 0.0390625 0.01484375
0 0.88125 0.77421875 0.10390625 0.01484375
0 0.7796875 0.79375 0.0390625 0.01640625
0 0.88046875 0.79375 0.10546875 0.01640625
0 0.10546875 0.79453125 0.11640625 0.01484375
0 0.4203125 0.83515625 0.0796875 0.01484375
0 0.5359375 0.83515625 0.08203125 0.01640625
0 0.82421875 0.83515625 0.2140625 0.01640625
0 0.303125 0.83515625 0.096875 0.01484375
0 0.1359375 0.83515625 0.16875 0.01484375
0 0.6703125 0.83515625 0.03203125 0.015625
0 0.50078125 0.85546875 0.1515625 0.015625
0 0.325 0.85546875 0.140625 0.015625
0 0.1328125 0.85546875 0.1703125 0.015625
0 0.41171875 0.89609375 0.05859375 0.015625
0 0.5453125 0.896875 0.153125 0.01484375
0 0.7140625 0.896875 0.12734375 0.01484375
0 0.26796875 0.896875 0.16875 0.01484375
0 0.27890625 0.91640625 0.01328125 0.01484375
0 0.35625 0.91640625 0.08203125 0.01484375
0 0.46640625 0.91640625 0.08671875 0.0171875
0 0.62109375 0.91640625 0.1703125 0.01640625
0 0.31171875 0.9375 0.1703125 0.01484375
0 0.44609375 0.9375 0.04140625 0.01484375
0 0.5359375 0.9375 0.08671875 0.01640625
0 0.67734375 0.9375 0.14453125 0.01640625