0 0.4265625 0.05234375 0.2484375 0.0140625
0 0.66953125 0.05234375 0.1375 0.0140625
0 0.4359375 0.0734375 0.28046875 0.015625
0 0.6828125 0.0734375 0.1640625 0.01484375
0 0.26796875 0.09453125 0.2125 0.01328125
0 0.44296875 0.09453125 0.065625 0.01171875
0 0.55859375 0.09453125 0.13125 0.01953125
0 0.709375 0.09375 0.1046875 0.0140625
0 0.83046875 0.09375 0.0671875 0.01171875
0 0.26953125 0.115625 0.103125 0.01328125
0 0.46328125 0.11484375 0.2125 0.01328125
0 0.63984375 0.11484375 0.071875 0.0125
0 0.7390625 0.1140625 0.0484375 0.01171875
0 0.82265625 0.11484375 0.0453125 0.01171875
0 0.5171875 0.1359375 0.54296875 0.01875
0 0.53046875 0.1546875 0.29765625 0.01171875
0 0.45625 0.175 0.2109375 0.01484375
0 0.6484375 0.175 0.0953125 0.01171875
0 0.14140625 0.20390625 0.1296875 0.0140625
0 0.56875 0.20390625 0.26484375 0.01328125
0 0.1265625 0.225 0.1 0.0125
0 0.5421875 0.22421875 0.2078125 0.01328125
0 0.11171875 0.24609375 0.0828125 0.01875
0 0.20625 0.2453125 0.05625 0.01328125
0 0.484375 0.2453125 0.1046875 0.01328125
0 0.125 0.278125 0.109375 0.01171875
0 0.63125 0.27734375 0.0671875 0.0125
0 0.82421875 0.32265625 0.1765625 0.01640625
0 0.80625 0.34453125 0.2125 0.0171875
0 0.1765625 0.321875 0.2125 0.0140625
0 0.1765625 0.34453125 0.2125 0.0140625
0 0.13125 0.3875 0.13125 0.0171875
0 0.1359375 0.4078125 0.084375 0.01875
0 0.26796875 0.40703125 0.184375 0.0140625
0 0.8421875 0.3890625 0.1625 0.01796875
0 0.26015625 0.4265625 0.32265625 0.00859375
0 0.478125 0.428125 0.1109375 0.0140625
0 0.1 0.45703125 0.071875 0.01875
0 0.20078125 0.45703125 0.1234375 0.01875
0 0.31953125 0.4578125 0.065625 0.01171875
0 0.1015625 0.50625 0.075 0.01484375
0 0.26640625 0.50703125 0.190625 0.0140625
0 0.7109375 0.5078125 0.0234375 0.01484375
0 0.85078125 0.5078125 0.1921875 0.01484375
0 0.63984375 0.55859375 0.08125 0.01171875
0 0.8171875 0.559375 0.234375 0.01171875
0 0.11875 0.55859375 0.11875 0.01171875
0 0.32265625 0.55859375 0.24375 0.0109375
0 0.11484375 0.5734375 0.1171875 0.0109375
0 0.29609375 0.57421875 0.184375 0.0109375
0 0.16171875 0.5890625 0.2046875 0.0109375
0 0.88046875 0.5890625 0.0953125 0.0109375
0 0.50078125 0.6046875 0.1 0.01171875
0 0.340625 0.61953125 0.0734375 0.01015625
0 0.5515625 0.61953125 0.28671875 0.01171875
0 0.3125 0.63359375 0.0546875 0.0109375
0 0.4234375 0.63359375 0.1234375 0.01328125
0 0.6171875 0.63515625 0.2046875 0.01171875
0 0.234375 0.65390625 0.128125 0.00703125
0 0.41796875 0.65390625 0.128125 0.00703125
0 0.60546875 0.65390625 0.128125 0.00859375
0 0.4265625 0.671875 0.28984375 0.01171875
0 0.64453125 0.67265625 0.096875 0.0109375
0 0.4375 0.68828125 0.1734375 0.0140625
0 0.6046875 0.6875 0.0578125 0.0109375
0 0.22890625 0.7046875 0.0234375 0.0109375
0 0.33046875 0.70390625 0.134375 0.01171875
0 0.446875 0.70390625 0.0359375 0.0109375
0 0.5390625 0.70390625 0.0984375 0.0109375
0 0.66328125 0.7046875 0.096875 0.0109375
0 0.27265625 0.71953125 0.13125 0.0109375
0 0.46796875 0.7203125 0.153125 0.0140625
0 0.1359375 0.7421875 0.16875 0.015625
0 0.334375 0.740625 0.1328125 0.01015625
0 0.6 0.74140625 0.34609375 0.01171875
0 0.815625 0.74296875 0.05 0.01484375
0 0.878125 0.74296875 0.05 0.01484375
0 0.7171875 0.71953125 0.1953125 0.0109375
0 0.0921875 0.75625 0.071875 0.0109375
0 0.1828125 0.75625 0.05 0.01015625
0 0.3203125 0.75546875 0.1515625 0.0109375
0 0.0796875 0.77109375 0.05625 0.01015625
0 0.2796875 0.77109375 0.2421875 0.0109375
0 0.64140625 0.7578125 0.1 0.01484375
0 0.72265625 0.75625 0.05 0.0109375
0 0.85859375 0.75703125 0.1171875 0.01171875
0 0.79375 0.77109375 0.28203125 0.0109375
0 0.29921875 0.78671875 0.0375 0.0109375
0 0.41171875 0.78671875 0.1375 0.0109375
0 0.5421875 0.78671875 0.0703125 0.01015625
0 0.65078125 0.78671875 0.11875 0.0109375
0 0.340625 0.8015625 0.0765625 0.0109375
0 0.44765625 0.8015625 0.0875 0.01171875
0 0.61640625 0.80234375 0.134375 0.01015625
0 0.4 0.81640625 0.1984375 0.0109375
0 0.5875 0.8171875 0.1171875 0.0109375
0 0.35546875 0.83125 0.06875 0.0109375
0 0.4515625 0.83125 0.0953125 0.0109375
0 0.5734375 0.83125 0.0953125 0.0109375
0 0.315625 0.859375 0.2140625 0.01875
0 0.64453125 0.86171875 0.240625 0.01328125
0 0.09140625 0.8984375 0.0828125 0.01640625
0 0.25625 0.8984375 0.1859375 0.01328125
0 0.69609375 0.9 0.028125 0.0140625
0 0.834375 0.9 0.190625 0.01171875
0 0.3328125 0.928125 0.0546875 0.01484375
0 0.421875 0.93046875 0.0515625 0.01328125
0 0.58203125 0.93125 0.20625 0.0140625
0 0.38828125 0.20625 0.015625 0.0109375
0 0.38828125 0.2265625 0.015625 0.01015625
0 0.38671875 0.246875 0.015625 0.01171875
0 0.7921875 0.65625 0.14375 0.01171875