0 0.17109375 0.1671875 0.0625 0.0265625
0 0.296875 0.1640625 0.12734375 0.02890625
0 0.62109375 0.15859375 0.46015625 0.034375
0 0.19765625 0.2015625 0.10703125 0.02734375
0 0.31796875 0.1984375 0.08046875 0.0265625
0 0.39765625 0.19765625 0.0609375 0.02578125
0 0.50234375 0.19453125 0.08515625 0.0265625
0 0.64765625 0.1921875 0.15390625 0.03046875
0 0.79296875 0.1890625 0.08046875 0.02890625
0 0.28828125 0.23359375 0.10546875 0.0265625
0 0.48125 0.2296875 0.221875 0.0296875
0 0.69453125 0.22578125 0.15 0.028125
0 0.28125 0.26875 0.21875 0.0296875
0 0.4265625 0.26484375 0.01796875 0.025
0 0.49453125 0.2640625 0.0609375 0.0265625
0 0.640625 0.2625 0.17578125 0.0296875
0 0.78828125 0.259375 0.06015625 0.02734375
0 0.50703125 0.29921875 0.21875 0.02890625
0 0.63515625 0.33125 0.0703125 0.028125
0 0.72265625 0.3296875 0.05703125 0.0265625
0 0.82578125 0.328125 0.08671875 0.02734375
0 0.26015625 0.33828125 0.21796875 0.0296875
0 0.20390625 0.3734375 0.1015625 0.0265625
0 0.34296875 0.37109375 0.10546875 0.02734375
0 0.209375 0.42890625 0.10546875 0.0265625
0 0.57109375 0.421875 0.06015625 0.0265625
0 0.74140625 0.41953125 0.12734375 0.028125
0 0.22578125 0.49765625 0.1234375 0.02890625
0 0.29375 0.53203125 0.25625 0.02890625
0 0.75703125 0.4875 0.10546875 0.0265625
0 0.74765625 0.52421875 0.12734375 0.0265625
0 0.21953125 0.60234375 0.10546875 0.0265625
0 0.753125 0.59453125 0.12734375 0.02578125
0 0.25234375 0.65859375 0.16796875 0.02734375
0 0.4703125 0.65546875 0.19765625 0.02734375
0 0.61875 0.653125 0.03828125 0.02421875
0 0.45 0.7125 0.0640625 0.028125
0 0.5765625 0.70859375 0.12890625 0.028125
0 0.2078125 0.7921875 0.06640625 0.0265625
0 0.340625 0.7890625 0.14921875 0.0265625
0 0.703125 0.78515625 0.028125 0.02890625
0 0.8171875 0.7828125 0.1515625 0.02734375
0 0.40234375 0.8765625 0.084375 0.02890625
0 0.503125 0.87265625 0.0640625 0.0265625
0 0.65078125 0.87109375 0.17578125 0.03046875