0 0.56640625 0.0609375 0.24453125 0.0296875
0 0.315625 0.06640625 0.22421875 0.0296875
0 0.66015625 0.08125 0.20546875 0.0265625
0 0.478125 0.08828125 0.059375 0.01953125
0 0.38203125 0.09296875 0.09140625 0.0265625
0 0.22578125 0.09375 0.20078125 0.02421875
0 0.77890625 0.10859375 0.05859375 0.02265625
0 0.65703125 0.1125 0.146875 0.02265625
0 0.478125 0.11953125 0.1734375 0.02109375
0 0.32421875 0.11953125 0.10625 0.02109375
0 0.11796875 0.121875 0.0609375 0.01953125
0 0.2078125 0.12265625 0.084375 0.0234375
0 0.6859375 0.140625 0.109375 0.03125
0 0.5265625 0.14609375 0.17578125 0.02265625
0 0.37578125 0.14765625 0.09296875 0.02265625
0 0.22890625 0.1515625 0.1703125 0.02265625
0 0.58125 0.17421875 0.15859375 0.021875
0 0.42734375 0.17578125 0.11484375 0.01953125
0 0.2921875 0.17734375 0.1265625 0.02109375
0 0.4421875 0.20390625 0.2734375 0.0234375
0 0.5421875 0.23515625 0.278125 0.02421875
0 0.24296875 0.240625 0.07890625 0.01796875
0 0.34375 0.2421875 0.090625 0.02109375
0 0.50078125 0.27109375 0.20703125 0.025
0 0.33125 0.2734375 0.09765625 0.02265625
0 0.8109375 0.3 0.14296875 0.02109375
0 0.6234375 0.30390625 0.2078125 0.02265625
0 0.24296875 0.31015625 0.13125 0.01953125
0 0.1 0.31171875 0.09765625 0.01953125
0 0.2359375 0.33984375 0.1109375 0.01953125
0 0.090625 0.34140625 0.07265625 0.01796875
0 0.30625 0.37265625 0.11171875 0.01953125
0 0.13125 0.37421875 0.15703125 0.01953125
0 0.83828125 0.39296875 0.09921875 0.02421875
0 0.61171875 0.39921875 0.09453125 0.025
0 0.26171875 0.40625 0.19765625 0.02265625
0 0.09921875 0.4078125 0.0609375 0.02265625
0 0.82734375 0.43828125 0.05390625 0.0203125
0 0.73203125 0.43984375 0.05546875 0.0203125
0 0.6 0.44296875 0.18359375 0.02109375
0 0.43828125 0.4453125 0.12265625 0.01953125
0 0.31328125 0.44609375 0.1078125 0.0203125
0 0.1515625 0.44765625 0.1859375 0.0203125
0 0.83125 0.47109375 0.1015625 0.02109375
0 0.6171875 0.47578125 0.07890625 0.0203125
0 0.20859375 0.478125 0.109375 0.01953125
0 0.11796875 0.48125 0.0203125 0.0171875
0 0.8421875 0.5078125 0.0796875 0.0171875
0 0.478125 0.51328125 0.065625 0.0171875
0 0.30703125 0.51484375 0.128125 0.0171875
0 0.1953125 0.51640625 0.0671875 0.015625
0 0.83125 0.5359375 0.1015625 0.01953125
0 0.471875 0.54140625 0.09296875 0.01953125
0 0.33125 0.5421875 0.01015625 0.01875
0 0.11796875 0.54609375 0.0203125 0.0171875
0 0.21171875 0.54609375 0.09765625 0.02421875
0 0.84140625 0.5703125 0.08125 0.01875
0 0.28359375 0.57890625 0.05546875 0.02265625
0 0.15859375 0.5796875 0.171875 0.021875
0 0.83515625 0.60546875 0.09765625 0.01953125
0 0.4109375 0.609375 0.09140625 0.01953125
0 0.26796875 0.6109375 0.171875 0.01953125
0 0.121875 0.6125 0.09453125 0.01796875
0 0.82734375 0.63828125 0.103125 0.02109375
0 0.12890625 0.64609375 0.109375 0.01953125
0 0.840625 0.6671875 0.0796875 0.0203125
0 0.14765625 0.67734375 0.14375 0.02265625
0 0.12109375 0.7140625 0.090625 0.01953125
0 0.28359375 0.715625 0.20390625 0.02265625
0 0.8375 0.73984375 0.09140625 0.0203125
0 0.6515625 0.7421875 0.0828125 0.01796875
0 0.45625 0.74375 0.07109375 0.01875
0 0.37890625 0.74375 0.065625 0.01953125
0 0.246875 0.74453125 0.03359375 0.01953125
0 0.12265625 0.74609375 0.09453125 0.01953125
0 0.8328125 0.77578125 0.1015625 0.01953125
0 0.6546875 0.77734375 0.07890625 0.01953125
0 0.45390625 0.77890625 0.07578125 0.01953125
0 0.2359375 0.78203125 0.05859375 0.01796875
0 0.103125 0.78359375 0.05234375 0.01796875
0 0.834375 0.81171875 0.09921875 0.0171875
0 0.6546875 0.81328125 0.07890625 0.01796875
0 0.4546875 0.8140625 0.07421875 0.01875
0 0.11640625 0.81875 0.0875 0.028125
0 0.39453125 0.8625 0.1078125 0.0203125
0 0.246875 0.86328125 0.15546875 0.02109375
0 0.1109375 0.86484375 0.0875 0.01953125
0 0.46171875 0.90390625 0.16015625 0.02421875
0 0.79140625 0.9046875 0.15 0.028125
0 0.3390625 0.9046875 0.03515625 0.0234375
0 0.62890625 0.90625 0.13359375 0.01640625
0 0.125 0.90625 0.1484375 0.02421875
0 0.26015625 0.91171875 0.0828125 0.02265625
0 0.73671875 0.94140625 0.11640625 0.01953125
0 0.64296875 0.9421875 0.05078125 0.01875
0 0.82734375 0.94296875 0.03671875 0.015625
0 0.5171875 0.94296875 0.17578125 0.01953125
0 0.38984375 0.94375 0.05546875 0.01953125
0 0.24296875 0.94453125 0.07265625 0.01953125
0 0.1359375 0.9453125 0.11796875 0.01953125
0 0.3203125 0.94609375 0.0609375 0.015625
0 0.5484375 0.96796875 0.0203125 0.01875
0 0.4390625 0.971875 0.1671875 0.0234375