0 0.37421875 0.2171875 0.10859375 0.01796875
0 0.25859375 0.2171875 0.05546875 0.01640625
0 0.59453125 0.2171875 0.06015625 0.0171875
0 0.6828125 0.21796875 0.059375 0.01640625
0 0.50546875 0.21875 0.05390625 0.01796875
0 0.4609375 0.240625 0.32734375 0.0171875
0 0.128125 0.26328125 0.059375 0.0171875
0 0.2515625 0.26328125 0.12578125 0.0171875
0 0.7265625 0.2640625 0.06015625 0.0171875
0 0.34921875 0.2640625 0.01640625 0.01640625
0 0.615625 0.2640625 0.10546875 0.0171875
0 0.80234375 0.26484375 0.03359375 0.01875
0 0.459375 0.26484375 0.140625 0.01875
0 0.43828125 0.28671875 0.28203125 0.0171875
0 0.19453125 0.28671875 0.15 0.0171875
0 0.7015625 0.28828125 0.1890625 0.01875
0 0.19453125 0.309375 0.10546875 0.0171875
0 0.31640625 0.31015625 0.0796875 0.0171875
0 0.71484375 0.31015625 0.1703125 0.0171875
0 0.490625 0.3109375 0.21171875 0.01953125
0 0.31796875 0.3328125 0.03671875 0.0171875
0 0.38359375 0.3328125 0.0375 0.0171875
0 0.2296875 0.33359375 0.0796875 0.01953125
0 0.58359375 0.33359375 0.29375 0.01875
0 0.37265625 0.35546875 0.103125 0.0171875
0 0.4828125 0.35546875 0.06015625 0.0171875
0 0.2296875 0.35625 0.12265625 0.01875
0 0.646875 0.35703125 0.2125 0.01953125
0 0.36015625 0.37890625 0.08359375 0.0171875
0 0.51640625 0.37890625 0.16875 0.0171875
0 0.09453125 0.425 0.1265625 0.01796875
0 0.2390625 0.425 0.10625 0.0171875
0 0.8921875 0.425 0.03984375 0.0171875
0 0.3828125 0.425 0.12578125 0.0171875
0 0.57109375 0.425 0.01640625 0.0171875
0 0.50546875 0.425 0.0578125 0.0171875
0 0.1046875 0.44765625 0.14453125 0.0171875
0 0.29453125 0.4484375 0.0828125 0.0203125
0 0.10546875 0.4703125 0.14921875 0.0171875
0 0.5703125 0.47109375 0.01640625 0.0171875
0 0.659375 0.47109375 0.10625 0.0171875
0 0.815625 0.47109375 0.103125 0.0171875
0 0.5265625 0.47109375 0.00625 0.0171875
0 0.10546875 0.49375 0.14921875 0.01796875
0 0.29453125 0.49375 0.1703125 0.0171875
0 0.44921875 0.49375 0.08125 0.0171875
0 0.8921875 0.49453125 0.03984375 0.0171875
0 0.09609375 0.5171875 0.12578125 0.0203125
0 0.28515625 0.51796875 0.10078125 0.0203125
0 0.5703125 0.5390625 0.01640625 0.0171875
0 0.52734375 0.5390625 0.009375 0.015625
0 0.67265625 0.53984375 0.08828125 0.01875
0 0.17265625 0.53984375 0.28125 0.01796875
0 0.82578125 0.53984375 0.0828125 0.0171875
0 0.26171875 0.5859375 0.01484375 0.0171875
0 0.10546875 0.58671875 0.14296875 0.01875
0 0.89921875 0.58671875 0.0234375 0.01875
0 0.75859375 0.58671875 0.12265625 0.01953125
0 0.36171875 0.6296875 0.12890625 0.0203125
0 0.2046875 0.63046875 0.07734375 0.01796875
0 0.0828125 0.63125 0.10546875 0.0171875
0 0.759375 0.63125 0.03828125 0.0171875
0 0.859375 0.63203125 0.103125 0.01640625
0 0.0734375 0.65390625 0.0828125 0.0171875
0 0.86015625 0.6546875 0.10390625 0.01640625
0 0.759375 0.6546875 0.03828125 0.0171875
0 0.09453125 0.6765625 0.1265625 0.0171875
0 0.7609375 0.67734375 0.03828125 0.01640625
0 0.86171875 0.67734375 0.10078125 0.0171875
0 0.0609375 0.721875 0.06015625 0.0171875
0 0.19609375 0.7234375 0.1546875 0.01875
0 0.725 0.7234375 0.14609375 0.01875
0 0.503125 0.7234375 0.14609375 0.01953125
0 0.0609375 0.74453125 0.06015625 0.0171875
0 0.16171875 0.74453125 0.0828125 0.0171875
0 0.57109375 0.7453125 0.10625 0.0171875
0 0.80390625 0.7453125 0.0828125 0.0171875
0 0.64921875 0.81328125 0.03828125 0.01796875
0 0.28671875 0.81328125 0.10078125 0.0171875
0 0.403125 0.81328125 0.078125 0.0171875
0 0.515625 0.81328125 0.0828125 0.0171875
0 0.80390625 0.81328125 0.215625 0.0171875
0 0.11796875 0.81328125 0.1734375 0.0171875
0 0.11796875 0.8359375 0.16953125 0.0171875
0 0.30546875 0.8359375 0.15 0.0171875
0 0.4828125 0.83671875 0.1484375 0.01796875
0 0.39453125 0.8828125 0.06015625 0.01640625
0 0.25078125 0.8828125 0.16953125 0.01640625
0 0.6984375 0.8828125 0.13984375 0.0171875
0 0.5265625 0.8828125 0.15 0.0171875
0 0.26171875 0.9046875 0.01484375 0.01640625
0 0.328125 0.9046875 0.0609375 0.0171875
0 0.42734375 0.9046875 0.08359375 0.0171875
0 0.56953125 0.9046875 0.1484375 0.0171875
0 0.29453125 0.92734375 0.1703125 0.0171875
0 0.428125 0.928125 0.03671875 0.0171875
0 0.515625 0.928125 0.0828125 0.0171875
0 0.65 0.928125 0.12734375 0.0171875