0 0.465625 0.2296875 0.2875 0.01953125
0 0.31328125 0.2515625 0.07421875 0.01484375
0 0.425 0.2515625 0.1234375 0.01484375
0 0.5328125 0.2515625 0.07265625 0.01484375
0 0.62109375 0.2515625 0.07265625 0.01484375
0 0.36171875 0.2765625 0.07734375 0.0125
0 0.51171875 0.2765625 0.18828125 0.0140625
0 0.3078125 0.3 0.07890625 0.015625
0 0.47734375 0.3 0.02265625 0.015625
0 0.409375 0.30078125 0.08515625 0.01484375
0 0.5515625 0.3015625 0.08984375 0.01953125
0 0.184375 0.30234375 0.13359375 0.01796875
0 0.678125 0.30234375 0.13515625 0.01796875
0 0.7890625 0.30234375 0.0515625 0.01796875
0 0.6234375 0.32421875 0.07734375 0.01640625
0 0.51796875 0.325 0.103125 0.015625
0 0.7171875 0.325 0.08046875 0.0140625
0 0.2328125 0.3265625 0.11875 0.01875
0 0.38125 0.3265625 0.14140625 0.01875
0 0.540625 0.3484375 0.07890625 0.01484375
0 0.41796875 0.34921875 0.13515625 0.015625
0 0.2625 0.37265625 0.065625 0.015625
0 0.41328125 0.37265625 0.0546875 0.015625
0 0.5796875 0.37265625 0.24296875 0.015625
0 0.340625 0.37421875 0.0578125 0.01953125
0 0.3859375 0.43203125 0.0671875 0.015625
0 0.50703125 0.43203125 0.14921875 0.0140625
0 0.215625 0.47578125 0.03828125 0.01484375
0 0.1265625 0.4765625 0.1078125 0.0140625
0 0.4328125 0.47734375 0.2703125 0.01484375
0 0.54296875 0.50078125 0.1171875 0.01484375
0 0.6375 0.50078125 0.03984375 0.01328125
0 0.3859375 0.5015625 0.1703125 0.01640625
0 0.1078125 0.503125 0.0671875 0.0234375
0 0.3421875 0.52578125 0.09296875 0.0140625
0 0.1265625 0.5265625 0.1109375 0.0171875
0 0.64140625 0.57265625 0.08359375 0.015625
0 0.76796875 0.57265625 0.13671875 0.01484375
0 0.24375 0.57421875 0.18828125 0.02421875
0 0.5296875 0.575 0.059375 0.01640625
0 0.55078125 0.59375 0.01484375 0.0140625
0 0.6515625 0.59375 0.0625 0.0140625
0 0.7953125 0.59375 0.07890625 0.0140625
0 0.33828125 0.59453125 0.24609375 0.01484375
0 0.07890625 0.5953125 0.009375 0.0125
0 0.15859375 0.5953125 0.02109375 0.0125
0 0.41171875 0.61796875 0.07421875 0.01484375
0 0.19609375 0.61875 0.109375 0.0125
0 0.3140625 0.6203125 0.0984375 0.01640625
0 0.64921875 0.64140625 0.0578125 0.01328125
0 0.16953125 0.64140625 0.04375 0.01484375
0 0.33828125 0.64140625 0.24609375 0.01484375
0 0.55 0.64140625 0.009375 0.01328125
0 0.7984375 0.64140625 0.059375 0.01328125
0 0.0796875 0.6421875 0.01484375 0.0140625
0 0.4546875 0.665625 0.0578125 0.015625
0 0.19296875 0.66640625 0.10625 0.0140625
0 0.2953125 0.66640625 0.08828125 0.0140625
0 0.38203125 0.66640625 0.07265625 0.0171875
0 0.5453125 0.66640625 0.1125 0.01328125
0 0.2734375 0.6890625 0.13203125 0.01640625
0 0.80234375 0.6890625 0.0671875 0.015625
0 0.165625 0.68984375 0.0640625 0.01640625
0 0.08515625 0.690625 0.08046875 0.01640625
0 0.53046875 0.7125 0.09609375 0.0140625
0 0.1734375 0.71328125 0.08359375 0.0140625
0 0.0828125 0.71328125 0.07578125 0.0140625
0 0.2921875 0.71328125 0.12734375 0.0140625
0 0.7921875 0.71328125 0.07890625 0.0140625
0 0.41953125 0.71484375 0.103125 0.01796875
0 0.79609375 0.7359375 0.07109375 0.0140625
0 0.28125 0.73828125 0.1671875 0.01640625
0 0.11796875 0.73828125 0.13984375 0.0171875
0 0.7578125 0.76640625 0.14609375 0.021875
0 0.14375 0.7671875 0.19140625 0.021875
0 0.79375 0.79609375 0.08828125 0.01484375
0 0.09296875 0.796875 0.09296875 0.01328125
0 0.7984375 0.8171875 0.09140625 0.01796875
0 0.1078125 0.82265625 0.121875 0.01640625
0 0.48984375 0.85546875 0.18828125 0.01484375
0 0.31171875 0.8546875 0.02890625 0.0140625
0 0.76875 0.85546875 0.12890625 0.0171875
0 0.08203125 0.85546875 0.07109375 0.0140625
0 0.20078125 0.85703125 0.14453125 0.01640625
0 0.80234375 0.87890625 0.0609375 0.0125
0 0.53984375 0.87890625 0.07734375 0.0140625
0 0.3 0.8796875 0.0625 0.0140625
0 0.06875 0.8796875 0.0453125 0.01328125
0 0.428125 0.9140625 0.065625 0.01171875
0 0.50546875 0.915625 0.07265625 0.01484375
0 0.64375 0.92890625 0.19765625 0.01328125
0 0.50234375 0.9296875 0.0625 0.0125
0 0.4328125 0.9296875 0.0609375 0.0125
0 0.35234375 0.9296875 0.08046875 0.0125
0 0.2453125 0.93046875 0.1109375 0.0125
0 0.29765625 0.94609375 0.07734375 0.01171875
0 0.54609375 0.946875 0.07890625 0.0140625
0 0.45 0.946875 0.08984375 0.0140625
0 0.37265625 0.946875 0.0546875 0.0140625
0 0.63515625 0.946875 0.08359375 0.015625