0 0.3109375 0.17421875 0.209375 0.0171875
0 0.465625 0.91484375 0.165625 0.01796875
0 0.05546875 0.071875 0.09765625 0.01484375
0 0.23046875 0.071875 0.19921875 0.015625
0 0.38984375 0.07109375 0.06953125 0.015625
0 0.075 0.0921875 0.1375 0.015625
0 0.20625 0.09140625 0.06875 0.0140625
0 0.31171875 0.0921875 0.1171875 0.01484375
0 0.42421875 0.090625 0.05703125 0.01484375
0 0.49375 0.090625 0.02890625 0.0140625
0 0.63046875 0.090625 0.2203125 0.01640625
0 0.0953125 0.11328125 0.18046875 0.01640625
0 0.30390625 0.11171875 0.1859375 0.01640625
0 0.4859375 0.1109375 0.13984375 0.015625
0 0.58984375 0.1109375 0.01484375 0.0140625
0 0.6515625 0.1109375 0.05390625 0.015625
0 0.06640625 0.13359375 0.11796875 0.015625
0 0.2484375 0.1328125 0.1921875 0.015625
0 0.49765625 0.13203125 0.2390625 0.015625
0 0.0765625 0.1765625 0.09765625 0.0140625
0 0.06640625 0.196875 0.07734375 0.015625
0 0.05546875 0.21796875 0.0609375 0.01875
0 0.1265625 0.21640625 0.03828125 0.0140625
0 0.18046875 0.2171875 0.0125 0.01640625
0 0.24765625 0.21640625 0.06953125 0.0140625
0 0.26171875 0.1953125 0.096875 0.0140625
0 0.0953125 0.26171875 0.178125 0.01796875
0 0.05546875 0.28125 0.0953125 0.015625
0 0.17890625 0.28125 0.096875 0.015625
0 0.0453125 0.3015625 0.07734375 0.015625
0 0.14609375 0.3015625 0.078125 0.01484375
0 0.05625 0.32265625 0.09765625 0.01484375
0 0.80546875 0.25859375 0.11875 0.015625
0 0.815625 0.2796875 0.096875 0.015625
0 0.81640625 0.3 0.096875 0.01640625
0 0.81640625 0.31953125 0.096875 0.015625
0 0.52734375 0.32109375 0.059375 0.01640625
0 0.08671875 0.384375 0.11796875 0.01484375
0 0.08671875 0.40625 0.11796875 0.01484375
0 0.85703125 0.3828125 0.09765625 0.01640625
0 0.8453125 0.403125 0.11796875 0.01640625
0 0.09765625 0.46875 0.09453125 0.0140625
0 0.80546875 0.46640625 0.1171875 0.015625
0 0.3109375 0.51015625 0.17890625 0.0203125
0 0.553125 0.50859375 0.2328125 0.01953125
0 0.48515625 0.5421875 0.0984375 0.0375
0 0.040625 0.64140625 0.04296875 0.01328125
0 0.11015625 0.64140625 0.04375 0.015625
0 0.21171875 0.63984375 0.03359375 0.0140625
0 0.08515625 0.6609375 0.15546875 0.01484375
0 0.240625 0.66171875 0.0125 0.0125
0 0.321875 0.659375 0.0984375 0.01640625
0 0.08671875 0.7015625 0.1578125 0.01484375
0 0.240625 0.70078125 0.0984375 0.01484375
0 0.0375 0.72265625 0.05546875 0.0140625
0 0.4046875 0.70078125 0.05546875 0.01484375
0 0.51640625 0.7 0.115625 0.015625
0 0.55 0.72109375 0.09765625 0.0171875
0 0.2515625 0.721875 0.11875 0.0171875
0 0.4375 0.7625 0.69453125 0.01796875
0 0.11953125 0.8515625 0.1359375 0.01484375
0 0.059375 0.8734375 0.01953125 0.0171875
0 0.16171875 0.871875 0.140625 0.01640625
0 0.69296875 0.871875 0.065625 0.01875
0 0.81484375 0.8703125 0.13828125 0.0171875
0 0.25859375 0.91484375 0.0453125 0.01328125
0 0.33046875 0.91484375 0.05546875 0.01484375
0 0.52734375 0.259375 0.0609375 0.01875
0 0.5265625 0.2796875 0.06328125 0.01484375
0 0.528125 0.3 0.06328125 0.0171875
0 0.18046875 0.1765625 0.0125 0.01171875
0 0.17890625 0.1984375 0.0109375 0.01171875
0 0.26171875 0.85078125 0.103125 0.0171875