0 0.7203125 0.06640625 0.0796875 0.0171875
0 0.1609375 0.06796875 0.2109375 0.0140625
0 0.37890625 0.06796875 0.18984375 0.0140625
0 0.6265625 0.06796875 0.075 0.0140625
0 0.8359375 0.06796875 0.1296875 0.01875
0 0.93359375 0.06875 0.0359375 0.0171875
0 0.5359375 0.06875 0.084375 0.0171875
0 0.3109375 0.08671875 0.05390625 0.0140625
0 0.56171875 0.08671875 0.1265625 0.015625
0 0.4390625 0.0875 0.0890625 0.015625
0 0.36328125 0.0875 0.02890625 0.0171875
0 0.67578125 0.08828125 0.0765625 0.0171875
0 0.30703125 0.10546875 0.09453125 0.01328125
0 0.40859375 0.10546875 0.0828125 0.01484375
0 0.5125 0.10625 0.09921875 0.01640625
0 0.65234375 0.10625 0.14921875 0.01640625
0 0.7328125 0.1234375 0.15078125 0.01484375
0 0.2890625 0.1234375 0.0390625 0.01484375
0 0.228125 0.1234375 0.06015625 0.01484375
0 0.41171875 0.1234375 0.15078125 0.01484375
0 0.58046875 0.1234375 0.121875 0.01640625
0 0.34921875 0.1421875 0.078125 0.01640625
0 0.42578125 0.1421875 0.05390625 0.01640625
0 0.5125 0.1421875 0.09609375 0.01640625
0 0.6296875 0.1421875 0.1265625 0.01640625
0 0.4625 0.18203125 0.01640625 0.025
0 0.3671875 0.1828125 0.1296875 0.025
0 0.73828125 0.1828125 0.075 0.025
0 0.5875 0.1828125 0.19140625 0.025
0 0.25078125 0.1828125 0.05390625 0.025
0 0.74453125 0.228125 0.15078125 0.02578125
0 0.43828125 0.22890625 0.075 0.02578125
0 0.525 0.22890625 0.05390625 0.02421875
0 0.60625 0.22890625 0.06953125 0.02421875
0 0.0640625 0.25625 0.0375 0.01484375
0 0.16953125 0.25625 0.0078125 0.0140625
0 0.73125 0.25625 0.18984375 0.0140625
0 0.56484375 0.25703125 0.0875 0.0125
0 0.11953125 0.2859375 0.15078125 0.025
0 0.56953125 0.2859375 0.05546875 0.025
0 0.2640625 0.2859375 0.0921875 0.025
0 0.49453125 0.2859375 0.05390625 0.025
0 0.3875 0.2859375 0.115625 0.025
0 0.434375 0.31328125 0.01796875 0.01328125
0 0.396875 0.3140625 0.01484375 0.01171875
0 0.10078125 0.3140625 0.11015625 0.01328125
0 0.23125 0.31484375 0.10859375 0.01640625
0 0.48125 0.31484375 0.03046875 0.01640625
0 0.3421875 0.315625 0.0359375 0.0078125
0 0.090625 0.3328125 0.090625 0.01484375
0 0.1765625 0.3328125 0.0359375 0.01328125
0 0.2703125 0.334375 0.10546875 0.01484375
0 0.48359375 0.3515625 0.14921875 0.0140625
0 0.21484375 0.35234375 0.11171875 0.0125
0 0.08828125 0.35234375 0.09609375 0.0125
0 0.3375 0.353125 0.0875 0.0140625
0 0.09609375 0.36875 0.10078125 0.015625
0 0.23125 0.36875 0.13828125 0.015625
0 0.37421875 0.36953125 0.11875 0.015625
0 0.44453125 0.3875 0.06484375 0.015625
0 0.575 0.38984375 0.175 0.021875
0 0.74921875 0.38984375 0.0828125 0.021875
0 0.8484375 0.409375 0.14140625 0.01796875
0 0.6359375 0.4109375 0.02734375 0.01484375
0 0.4109375 0.41171875 0.05546875 0.01484375
0 0.70703125 0.41171875 0.0734375 0.01640625
0 0.5640625 0.41171875 0.06015625 0.01640625
0 0.13984375 0.4125 0.22421875 0.01484375
0 0.871875 0.440625 0.0875 0.01484375
0 0.38984375 0.44140625 0.05546875 0.01328125
0 0.5046875 0.44140625 0.01640625 0.01328125
0 0.6109375 0.44140625 0.0734375 0.01328125
0 0.7265625 0.44140625 0.02734375 0.01328125
0 0.17890625 0.44140625 0.090625 0.01484375
0 0.071875 0.44140625 0.06640625 0.01484375
0 0.73359375 0.459375 0.01640625 0.0140625
0 0.8796875 0.4609375 0.075 0.0140625
0 0.58046875 0.4609375 0.02109375 0.0125
0 0.63828125 0.4609375 0.01953125 0.0140625
0 0.4 0.4609375 0.0734375 0.0140625
0 0.121875 0.4609375 0.165625 0.0140625
0 0.5046875 0.4609375 0.01640625 0.0140625
0 0.390625 0.47890625 0.05703125 0.0140625
0 0.1625 0.47890625 0.090625 0.0140625
0 0.734375 0.47890625 0.02109375 0.0140625
0 0.0640625 0.47890625 0.05703125 0.0140625
0 0.86953125 0.47890625 0.0890625 0.0140625
0 0.61015625 0.47890625 0.075 0.0140625
0 0.5046875 0.47890625 0.01953125 0.0140625
0 0.35078125 0.5109375 0.09765625 0.025
0 0.77265625 0.5109375 0.090625 0.025
0 0.4390625 0.51171875 0.040625 0.02421875
0 0.553125 0.5140625 0.14765625 0.03125
0 0.73359375 0.54453125 0.01640625 0.01328125
0 0.5046875 0.54453125 0.01640625 0.01484375
0 0.86953125 0.54453125 0.0921875 0.01484375
0 0.3984375 0.5453125 0.0734375 0.01328125
0 0.1890625 0.5453125 0.30703125 0.01328125
0 0.58046875 0.5453125 0.02109375 0.01328125
0 0.63828125 0.5453125 0.01953125 0.01328125
0 0.58046875 0.5640625 0.02109375 0.0125
0 0.72578125 0.5640625 0.0359375 0.0125
0 0.121875 0.5640625 0.171875 0.0140625
0 0.39765625 0.5640625 0.075 0.0140625
0 0.496875 0.5640625 0.0359375 0.0140625
0 0.63828125 0.5640625 0.01953125 0.0140625
0 0.86953125 0.5640625 0.0921875 0.0140625
0 0.50234375 0.5828125 0.02734375 0.015625
0 0.72578125 0.5828125 0.0328125 0.0140625
0 0.87109375 0.5828125 0.0921875 0.0140625
0 0.63828125 0.5828125 0.01953125 0.0140625
0 0.39765625 0.58359375 0.075 0.0140625
0 0.1921875 0.58359375 0.10546875 0.0140625
0 0.5828125 0.58359375 0.01328125 0.0140625
0 0.08046875 0.58359375 0.0859375 0.0140625
0 0.12109375 0.615625 0.0921875 0.02734375
0 0.2078125 0.61640625 0.0390625 0.02578125
0 0.771875 0.61640625 0.0921875 0.02578125
0 0.321875 0.61796875 0.15078125 0.034375
0 0.4734375 0.61796875 0.10546875 0.034375
0 0.59765625 0.61875 0.0875 0.0328125
0 0.60625 0.65390625 0.06953125 0.025
0 0.78046875 0.6546875 0.07109375 0.0234375
0 0.13984375 0.69453125 0.090625 0.0265625
0 0.228125 0.6953125 0.0375 0.025
0 0.7703125 0.6953125 0.0921875 0.025
0 0.34296875 0.696875 0.14765625 0.03203125
0 0.48359375 0.696875 0.084375 0.03359375
0 0.59765625 0.696875 0.0875 0.03359375
0 0.35 0.73203125 0.0921875 0.02734375
0 0.4375 0.7328125 0.040625 0.02578125
0 0.77265625 0.7328125 0.0875 0.02578125
0 0.559375 0.73515625 0.1640625 0.0328125
0 0.42421875 0.7734375 0.0921875 0.0265625
0 0.771875 0.77421875 0.09609375 0.025
0 0.56328125 0.77578125 0.1328125 0.03203125
0 0.1140625 0.81875 0.14453125 0.01484375
0 0.11953125 0.8375 0.14765625 0.01484375
0 0.80390625 0.83828125 0.18203125 0.01328125
0 0.2625 0.83828125 0.0921875 0.01328125
0 0.64375 0.83828125 0.0921875 0.01328125
0 0.5390625 0.83984375 0.075 0.01640625
0 0.46328125 0.83984375 0.034375 0.009375
0 0.37578125 0.83984375 0.0921875 0.01640625
0 0.06875 0.85625 0.05703125 0.0140625
0 0.328125 0.85703125 0.0390625 0.0140625
0 0.46171875 0.85703125 0.18671875 0.0140625
0 0.2046875 0.85859375 0.16875 0.0171875
0 0.6515625 0.85859375 0.14765625 0.0171875
0 0.7703125 0.85859375 0.02734375 0.0109375
0 0.30859375 0.8765625 0.078125 0.0140625
0 0.87421875 0.87734375 0.05 0.0125
0 0.80703125 0.87734375 0.0359375 0.0125
0 0.23125 0.87734375 0.0375 0.0125
0 0.11953125 0.87734375 0.14765625 0.0171875
0 0.6625 0.878125 0.2046875 0.0171875
0 0.45234375 0.88046875 0.1703125 0.0140625
0 0.4734375 0.89609375 0.05390625 0.0140625
0 0.5671875 0.89609375 0.0921875 0.0140625
0 0.653125 0.89609375 0.0375 0.0140625
0 0.72265625 0.89609375 0.0515625 0.0140625
0 0.184375 0.89609375 0.05 0.0140625
0 0.29765625 0.896875 0.125 0.0171875
0 0.0875 0.896875 0.0875 0.0171875
0 0.40546875 0.89765625 0.0359375 0.0109375
0 0.77734375 0.91484375 0.01328125 0.009375
0 0.31875 0.915625 0.0921875 0.01328125
0 0.684375 0.915625 0.128125 0.01328125
0 0.48125 0.915625 0.06953125 0.01328125
0 0.5671875 0.915625 0.05 0.01328125
0 0.1453125 0.91640625 0.20625 0.01640625
0 0.40546875 0.9171875 0.0359375 0.009375
0 0.13671875 0.93515625 0.19140625 0.01640625
0 0.290625 0.9359375 0.075 0.01484375
0 0.6375 0.95390625 0.10859375 0.0171875
0 0.4421875 0.95546875 0.2578125 0.01875