0 0.2421875 0.128125 0.18046875 0.02578125
0 0.44765625 0.13046875 0.1453125 0.02890625
0 0.70859375 0.13671875 0.29140625 0.03046875
0 0.15703125 0.16796875 0.1234375 0.025
0 0.28359375 0.1703125 0.0953125 0.03515625
0 0.384375 0.17109375 0.07578125 0.02265625
0 0.56171875 0.1734375 0.20859375 0.0296875
0 0.8046875 0.17890625 0.18828125 0.034375
0 0.26875 0.20859375 0.19609375 0.02578125
0 0.50703125 0.21171875 0.21640625 0.0296875
0 0.71484375 0.21328125 0.1328125 0.02890625
0 0.334375 0.24765625 0.2203125 0.028125
0 0.60390625 0.25 0.2484375 0.03125
0 0.334375 0.28515625 0.21640625 0.02734375
0 0.51953125 0.28828125 0.07734375 0.02421875
0 0.61328125 0.28984375 0.04921875 0.0234375
0 0.70078125 0.290625 0.05078125 0.025
0 0.275 0.32109375 0.221875 0.03125
0 0.45234375 0.32578125 0.07265625 0.025
0 0.66875 0.32890625 0.2734375 0.03046875
0 0.09453125 0.37421875 0.1375 0.0296875
0 0.0765625 0.41328125 0.103125 0.02734375
0 0.3421875 0.3828125 0.0140625 0.0234375
0 0.5203125 0.38203125 0.278125 0.03046875
0 0.3390625 0.42109375 0.0140625 0.0203125
0 0.49296875 0.4203125 0.2203125 0.028125
0 0.3375 0.45703125 0.0140625 0.02109375
0 0.4359375 0.45703125 0.109375 0.028125
0 0.059375 0.45078125 0.07734375 0.03515625
0 0.1546875 0.4515625 0.06015625 0.0296875
0 0.0703125 0.51171875 0.109375 0.025
0 0.17421875 0.51328125 0.04453125 0.02421875
0 0.28046875 0.5140625 0.10625 0.02734375
0 0.5828125 0.51953125 0.06796875 0.025
0 0.8046875 0.525 0.1375 0.0296875
0 0.11796875 0.59609375 0.21640625 0.02890625
0 0.77421875 0.609375 0.17890625 0.034375
0 0.753125 0.64921875 0.221875 0.03671875
0 0.11796875 0.6375 0.21640625 0.03046875
0 0.06953125 0.71796875 0.1390625 0.028125
0 0.7828125 0.73203125 0.16015625 0.03046875
0 0.09453125 0.771875 0.18828125 0.0328125
0 0.25859375 0.77578125 0.06796875 0.02578125
0 0.05703125 0.82734375 0.1140625 0.03515625
0 0.20234375 0.83125 0.19296875 0.028125
0 0.69609375 0.8390625 0.03515625 0.03125
0 0.75390625 0.84140625 0.07421875 0.0328125
0 0.83984375 0.8421875 0.0984375 0.03359375
0 0.275 0.89296875 0.05703125 0.03046875
0 0.3625 0.89609375 0.05078125 0.025
0 0.5296875 0.89921875 0.221875 0.03125