0 0.346875 0.07890625 0.31484375 0.01953125
0 0.6515625 0.0765625 0.20859375 0.02109375
0 0.13828125 0.1109375 0.125 0.01640625
0 0.296875 0.10859375 0.12890625 0.0171875
0 0.4734375 0.10625 0.153125 0.01953125
0 0.60703125 0.10546875 0.046875 0.01640625
0 0.7125 0.10390625 0.09140625 0.01875
0 0.84453125 0.1078125 0.09609375 0.0203125
0 0.15078125 0.1359375 0.15234375 0.0203125
0 0.29296875 0.1359375 0.0671875 0.01640625
0 0.44765625 0.13515625 0.20859375 0.02578125
0 0.61640625 0.134375 0.065625 0.0171875
0 0.7703125 0.13046875 0.1546875 0.01953125
0 0.1765625 0.1640625 0.1578125 0.02578125
0 0.41875 0.1609375 0.265625 0.021875
0 0.60859375 0.1609375 0.04375 0.0234375
0 0.74296875 0.159375 0.1578125 0.01875
0 0.4859375 0.1875 0.290625 0.01875
0 0.475 0.21484375 0.26328125 0.01875
0 0.2953125 0.24375 0.24765625 0.0234375
0 0.52578125 0.2421875 0.209375 0.01875
0 0.7125 0.24140625 0.09453125 0.01640625
0 0.1140625 0.28359375 0.12734375 0.021875
0 0.1 0.3109375 0.1 0.01796875
0 0.35234375 0.28515625 0.01796875 0.01640625
0 0.52890625 0.28203125 0.2640625 0.0203125
0 0.3546875 0.31171875 0.01640625 0.0140625
0 0.50078125 0.30859375 0.2171875 0.0203125
0 0.35625 0.33828125 0.0140625 0.0140625
0 0.446875 0.33671875 0.10625 0.01953125
0 0.08828125 0.33828125 0.07890625 0.02578125
0 0.18046875 0.3375 0.0546875 0.01953125
0 0.81015625 0.37890625 0.13359375 0.021875
0 0.81015625 0.40703125 0.12734375 0.02109375
0 0.08828125 0.38125 0.07890625 0.01796875
0 0.26953125 0.37890625 0.2203125 0.02109375
0 0.0890625 0.41015625 0.08359375 0.01796875
0 0.2125 0.409375 0.109375 0.01875
0 0.33515625 0.4078125 0.07734375 0.01953125
0 0.59453125 0.40703125 0.0640625 0.01796875
0 0.78125 0.4671875 0.1640625 0.02421875
0 0.7640625 0.49765625 0.20703125 0.02265625
0 0.15234375 0.46953125 0.20703125 0.01875
0 0.15390625 0.4984375 0.20859375 0.0203125
0 0.1125 0.5546875 0.12734375 0.021875
0 0.80078125 0.5546875 0.1578125 0.021875
0 0.15390625 0.5828125 0.153125 0.01640625
0 0.2375 0.6078125 0.31171875 0.0140625
0 0.45234375 0.609375 0.1046875 0.02109375
0 0.1484375 0.65 0.19609375 0.021875
0 0.30703125 0.65 0.0609375 0.01796875
0 0.39375 0.64765625 0.0546875 0.01875
0 0.48828125 0.6484375 0.0984375 0.01875
0 0.61875 0.64765625 0.1 0.01796875
0 0.11484375 0.6796875 0.13203125 0.01875
0 0.371875 0.678125 0.3265625 0.01875
0 0.28125 0.70703125 0.46484375 0.0234375
0 0.1390625 0.7359375 0.171875 0.01875
0 0.3046875 0.7359375 0.1015625 0.0171875
0 0.51171875 0.73359375 0.15078125 0.01640625
0 0.125 0.76484375 0.14765625 0.01953125
0 0.28359375 0.76484375 0.1046875 0.01875
0 0.39765625 0.7640625 0.065625 0.01875
0 0.0953125 0.79375 0.08359375 0.01796875
0 0.20703125 0.79375 0.08515625 0.0171875
0 0.3078125 0.79296875 0.059375 0.0171875
0 0.43203125 0.79296875 0.12890625 0.01875
0 0.09453125 0.8234375 0.08515625 0.01875
0 0.21953125 0.82265625 0.1078125 0.01875
0 0.38828125 0.8203125 0.175 0.01875
0 0.5359375 0.81953125 0.059375 0.01875
0 0.096875 0.8515625 0.08515625 0.01875
0 0.19765625 0.85078125 0.0609375 0.0171875
0 0.27734375 0.85 0.03828125 0.0171875
0 0.34140625 0.85 0.04140625 0.0171875
0 0.13125 0.88046875 0.15625 0.01875
0 0.25390625 0.88203125 0.009375 0.0140625
0 0.509375 0.87734375 0.42578125 0.021875
0 0.0953125 0.94609375 0.08046875 0.021875
0 0.25546875 0.94609375 0.18828125 0.01875
0 0.6859375 0.94375 0.02890625 0.01875
0 0.8203125 0.94296875 0.18828125 0.01875
0 0.5953125 0.37890625 0.07109375 0.01875