0 0.27578125 0.10234375 0.14921875 0.02421875
0 0.44765625 0.10078125 0.11953125 0.02421875
0 0.66484375 0.0984375 0.24140625 0.02578125
0 0.20703125 0.14140625 0.10546875 0.0234375
0 0.31484375 0.14140625 0.07890625 0.03359375
0 0.4 0.13984375 0.06484375 0.02421875
0 0.490625 0.13828125 0.06953125 0.0265625
0 0.5859375 0.13828125 0.06953125 0.03046875
0 0.72265625 0.1375 0.15703125 0.03359375
0 0.3046875 0.17890625 0.1578125 0.02421875
0 0.503125 0.1765625 0.184375 0.02421875
0 0.67890625 0.17265625 0.11328125 0.02734375
0 0.3640625 0.21484375 0.1828125 0.02578125
0 0.5859375 0.2109375 0.20703125 0.0296875
0 0.3890625 0.25234375 0.18046875 0.02578125
0 0.53984375 0.25 0.06328125 0.025
0 0.6453125 0.25 0.08828125 0.0234375
0 0.31875 0.28828125 0.18203125 0.02890625
0 0.46640625 0.2875 0.0578125 0.021875
0 0.64609375 0.2859375 0.225 0.0265625
0 0.37578125 0.34609375 0.01484375 0.0234375
0 0.5296875 0.34375 0.23203125 0.03359375
0 0.3796875 0.38203125 0.015625 0.021875
0 0.509375 0.37734375 0.1828125 0.02734375
0 0.38046875 0.4203125 0.01484375 0.0234375
0 0.46015625 0.41484375 0.09375 0.025
0 0.17109375 0.34453125 0.115625 0.03203125
0 0.1578125 0.38125 0.0859375 0.02265625
0 0.1453125 0.4203125 0.06953125 0.03515625
0 0.22890625 0.41875 0.0484375 0.02734375
0 0.21796875 0.4765625 0.209375 0.02578125
0 0.5890625 0.47109375 0.05234375 0.02421875
0 0.77265625 0.47265625 0.11171875 0.02734375
0 0.75390625 0.55234375 0.15 0.03203125
0 0.73984375 0.59375 0.18046875 0.02890625
0 0.20703125 0.5578125 0.18203125 0.0265625
0 0.20859375 0.59609375 0.18046875 0.02578125
0 0.1765625 0.675 0.11328125 0.0296875
0 0.7703125 0.6734375 0.1328125 0.0265625
0 0.20703125 0.728125 0.17109375 0.034375
0 0.33671875 0.72890625 0.05703125 0.0234375
0 0.15390625 0.78359375 0.07109375 0.03046875
0 0.29375 0.7828125 0.16328125 0.02578125
0 0.6671875 0.77890625 0.02734375 0.0265625
0 0.784375 0.77890625 0.1671875 0.02890625
0 0.359375 0.84140625 0.04609375 0.0265625
0 0.4328125 0.8421875 0.040625 0.02265625
0 0.5734375 0.83984375 0.18046875 0.02421875