0 0.321875 0.15703125 0.15078125 0.01796875
0 0.4453125 0.15703125 0.05546875 0.01796875
0 0.54140625 0.15703125 0.09296875 0.01796875
0 0.40703125 0.1796875 0.209375 0.01953125
0 0.3125 0.203125 0.09375 0.01796875
0 0.196875 0.20390625 0.08359375 0.01796875
0 0.475 0.2046875 0.18671875 0.01953125
0 0.634375 0.2046875 0.0859375 0.01953125
0 0.521875 0.22578125 0.1296875 0.01875
0 0.378125 0.22578125 0.11171875 0.0171875
0 0.1796875 0.2265625 0.13046875 0.01953125
0 0.67109375 0.2265625 0.1265625 0.01953125
0 0.28203125 0.2265625 0.03046875 0.01875
0 0.25546875 0.24765625 0.08984375 0.01796875
0 0.38515625 0.2484375 0.128125 0.01953125
0 0.55 0.24921875 0.1484375 0.0203125
0 0.21484375 0.2703125 0.05234375 0.01640625
0 0.3671875 0.2703125 0.04921875 0.01640625
0 0.53046875 0.27109375 0.228125 0.01875
0 0.29375 0.27109375 0.0546875 0.0171875
0 0.2453125 0.315625 0.1015625 0.0171875
0 0.475 0.31640625 0.2578125 0.01796875
0 0.06484375 0.3609375 0.053125 0.01796875
0 0.14921875 0.3609375 0.0671875 0.0171875
0 0.275 0.3609375 0.1296875 0.0171875
0 0.4515625 0.3609375 0.146875 0.0171875
0 0.6171875 0.3609375 0.13046875 0.01875
0 0.07421875 0.38359375 0.075 0.01796875
0 0.303125 0.38359375 0.1875 0.01953125
0 0.49375 0.38515625 0.13984375 0.01796875
0 0.1796875 0.3859375 0.00625 0.01171875
0 0.67109375 0.43046875 0.0890625 0.01875
0 0.76875 0.43125 0.053125 0.01796875
0 0.13984375 0.43125 0.2078125 0.01953125
0 0.34921875 0.43125 0.05546875 0.01953125
0 0.521875 0.43125 0.13203125 0.01953125
0 0.065625 0.47421875 0.053125 0.01796875
0 0.140625 0.47421875 0.0484375 0.01953125
0 0.3328125 0.49765625 0.046875 0.01640625
0 0.51171875 0.49765625 0.075 0.01796875
0 0.778125 0.49765625 0.03828125 0.01796875
0 0.68359375 0.49765625 0.075 0.01875
0 0.07421875 0.5203125 0.075 0.01875
0 0.16015625 0.5203125 0.0484375 0.01953125
0 0.6765625 0.528125 0.00234375 0.003125
0 0.3328125 0.54296875 0.04921875 0.015625
0 0.51171875 0.54296875 0.075 0.01796875
0 0.778125 0.54296875 0.03515625 0.01796875
0 0.68359375 0.54375 0.075 0.01796875
0 0.08984375 0.5640625 0.109375 0.01875
0 0.19765625 0.56484375 0.053125 0.01796875
0 0.3296875 0.58671875 0.0546875 0.0171875
0 0.51484375 0.5875 0.06953125 0.01640625
0 0.68359375 0.58828125 0.075 0.0171875
0 0.778125 0.58828125 0.03515625 0.0171875
0 0.07421875 0.60859375 0.07265625 0.01640625
0 0.1671875 0.61015625 0.07109375 0.01640625
0 0.51171875 0.63125 0.075 0.01796875
0 0.33046875 0.63203125 0.05234375 0.015625
0 0.68359375 0.63203125 0.075 0.01796875
0 0.77890625 0.63203125 0.03515625 0.01875
0 0.08203125 0.675 0.08515625 0.01796875
0 0.1859375 0.67578125 0.0671875 0.0171875
0 0.2546875 0.67578125 0.01640625 0.01640625
0 0.08203125 0.696875 0.08515625 0.01796875
0 0.75859375 0.6984375 0.0671875 0.01796875
0 0.24609375 0.6984375 0.18515625 0.0203125
0 0.40390625 0.6984375 0.0875 0.01796875
0 0.06328125 0.71953125 0.05546875 0.01796875
0 0.309375 0.7203125 0.0859375 0.0203125
0 0.178125 0.7203125 0.13046875 0.0203125
0 0.759375 0.7203125 0.075 0.01796875
0 0.08203125 0.74140625 0.0875 0.01796875
0 0.24765625 0.7421875 0.18515625 0.01953125
0 0.378125 0.7421875 0.0328125 0.01875
0 0.759375 0.74296875 0.075 0.01796875
0 0.46171875 0.74296875 0.0890625 0.01875
0 0.13046875 0.7640625 0.175 0.0171875
0 0.71875 0.765625 0.1484375 0.01796875
0 0.078125 0.80859375 0.07734375 0.01640625
0 0.75859375 0.81015625 0.075 0.0171875
0 0.065625 0.878125 0.05546875 0.021875
0 0.509375 0.87890625 0.18671875 0.02265625
0 0.1796875 0.8796875 0.13046875 0.021875
0 0.728125 0.8796875 0.13046875 0.021875
0 0.05546875 0.90234375 0.03515625 0.01875
0 0.5671875 0.903125 0.06875 0.01953125
0 0.759375 0.903125 0.075 0.01953125
0 0.31015625 0.903125 0.05234375 0.01953125
0 0.24765625 0.903125 0.0328125 0.01953125