0 0.15078125 0.1453125 0.12734375 0.021875
0 0.30859375 0.14453125 0.1453125 0.021875
0 0.1953125 0.171875 0.21171875 0.02109375
0 0.115625 0.19921875 0.05234375 0.02109375
0 0.2171875 0.19921875 0.1078125 0.0203125
0 0.14453125 0.2265625 0.1078125 0.02109375
0 0.34765625 0.225 0.25859375 0.02109375
0 0.13359375 0.25546875 0.0890625 0.02109375
0 0.275 0.2546875 0.15078125 0.025
0 0.42265625 0.25234375 0.1078125 0.02109375
0 0.20859375 0.2828125 0.24453125 0.021875
0 0.4140625 0.28046875 0.12734375 0.02109375
0 0.590625 0.27890625 0.18359375 0.021875
0 0.15078125 0.3109375 0.12265625 0.021875
0 0.3875 0.30859375 0.2953125 0.02265625
0 0.13828125 0.36640625 0.08828125 0.021875
0 0.11953125 0.39453125 0.05859375 0.0265625
0 0.18515625 0.39375 0.03515625 0.02109375
0 0.2890625 0.39375 0.08515625 0.02109375
0 0.128125 0.421875 0.06953125 0.02109375
0 0.3453125 0.365625 0.1953125 0.021875
0 0.2984375 0.42109375 0.10390625 0.02421875
0 0.15 0.478125 0.1078125 0.02109375
0 0.2515625 0.478125 0.0515625 0.02265625
0 0.38046875 0.4765625 0.16328125 0.021875
0 0.13984375 0.5046875 0.0890625 0.02265625
0 0.24453125 0.503125 0.07109375 0.0203125
0 0.3734375 0.503125 0.146875 0.02265625
0 0.103125 0.53203125 0.025 0.02578125
0 0.14921875 0.53125 0.02890625 0.02578125
0 0.24296875 0.5328125 0.1078125 0.021875
0 0.34609375 0.5296875 0.0515625 0.0203125
0 0.41171875 0.5296875 0.03515625 0.0203125
0 0.1796875 0.56171875 0.16484375 0.02734375
0 0.3015625 0.5578125 0.03515625 0.021875
0 0.36484375 0.55859375 0.0546875 0.02265625
0 0.4296875 0.5578125 0.0375 0.021875
0 0.559375 0.4734375 0.03359375 0.0203125
0 0.559375 0.5 0.03359375 0.01953125
0 0.5609375 0.52890625 0.03359375 0.02109375
0 0.5609375 0.55625 0.03359375 0.0203125
0 0.78359375 0.471875 0.10390625 0.025
0 0.79453125 0.49921875 0.0890625 0.021875
0 0.79453125 0.528125 0.0890625 0.02578125
0 0.7953125 0.55546875 0.0890625 0.02578125
0 0.20859375 0.61484375 0.21484375 0.02109375
0 0.209375 0.6421875 0.2171875 0.02265625
0 0.7453125 0.61015625 0.16796875 0.02578125
0 0.73125 0.63828125 0.2171875 0.02265625
0 0.14609375 0.72578125 0.08828125 0.0203125
0 0.28515625 0.725 0.146875 0.02109375
0 0.790625 0.72109375 0.10546875 0.02578125
0 0.13046875 0.78125 0.0546875 0.02109375
0 0.12109375 0.809375 0.03359375 0.02109375
0 0.40703125 0.77890625 0.053125 0.0203125
0 0.5109375 0.778125 0.103125 0.02109375
0 0.65859375 0.77734375 0.10390625 0.021875
0 0.79453125 0.7765625 0.103125 0.02109375
0 0.52109375 0.8078125 0.08828125 0.02421875
0 0.79453125 0.8046875 0.1046875 0.02265625