0 0.41171875 0.11953125 0.26328125 0.0234375
0 0.65 0.1203125 0.14765625 0.02421875
0 0.40859375 0.15234375 0.14765625 0.02421875
0 0.5859375 0.15234375 0.1296875 0.02421875
0 0.50546875 0.184375 0.29296875 0.02421875
0 0.62265625 0.2140625 0.1078125 0.0203125
0 0.48984375 0.2140625 0.10703125 0.0203125
0 0.37734375 0.2140625 0.06328125 0.0203125
0 0.2859375 0.21484375 0.04609375 0.02109375
0 0.7109375 0.21484375 0.01796875 0.01875
0 0.26796875 0.240625 0.10703125 0.01953125
0 0.40078125 0.240625 0.1078125 0.01953125
0 0.52890625 0.240625 0.1015625 0.01953125
0 0.6328125 0.2421875 0.03984375 0.0203125
0 0.71875 0.24296875 0.07734375 0.01875
0 0.4453125 0.26796875 0.1078125 0.01953125
0 0.54375 0.26796875 0.03984375 0.01953125
0 0.509375 0.31171875 0.1734375 0.0234375
0 0.115625 0.3859375 0.1453125 0.01953125
0 0.290625 0.38671875 0.11015625 0.02109375
0 0.5546875 0.3875 0.15 0.01875
0 0.70859375 0.38984375 0.10703125 0.02109375
0 0.06484375 0.4125 0.06796875 0.0203125
0 0.16328125 0.4125 0.07890625 0.01953125
0 0.29140625 0.43984375 0.190625 0.01953125
0 0.07734375 0.43984375 0.084375 0.01953125
0 0.5 0.440625 0.1703125 0.01875
0 0.453125 0.4796875 0.03359375 0.0390625
0 0.14453125 0.48046875 0.215625 0.04140625
0 0.6078125 0.48046875 0.16796875 0.040625
0 0.76328125 0.48046875 0.01953125 0.0375
0 0.33046875 0.5421875 0.0578125 0.0234375
0 0.49453125 0.54296875 0.1359375 0.01953125
0 0.678125 0.54296875 0.134375 0.0234375
0 0.121875 0.54296875 0.0734375 0.01953125
0 0.86171875 0.54375 0.1359375 0.025
0 0.44375 0.59296875 0.153125 0.0234375
0 0.290625 0.59453125 0.10859375 0.01953125
0 0.58828125 0.59453125 0.08203125 0.01953125
0 0.14375 0.59453125 0.128125 0.01796875
0 0.5828125 0.6203125 0.028125 0.01953125
0 0.6328125 0.6203125 0.0421875 0.01953125
0 0.81015625 0.6203125 0.0859375 0.01953125
0 0.93203125 0.62109375 0.0171875 0.01796875
0 0.44296875 0.62109375 0.021875 0.02109375
0 0.15625 0.671875 0.0625 0.01953125
0 0.26328125 0.671875 0.1 0.0203125
0 0.41171875 0.67265625 0.12734375 0.01953125
0 0.58515625 0.6734375 0.165625 0.01953125
0 0.765625 0.6734375 0.0421875 0.02109375
0 0.8671875 0.67421875 0.10703125 0.021875
0 0.8765625 0.69921875 0.0875 0.01875
0 0.20078125 0.69921875 0.15078125 0.01875
0 0.78828125 0.69921875 0.0421875 0.01875
0 0.3671875 0.70078125 0.128125 0.0234375
0 0.17421875 0.72421875 0.1015625 0.01953125
0 0.31171875 0.725 0.10546875 0.01953125
0 0.76640625 0.72578125 0.04296875 0.01953125
0 0.8671875 0.72578125 0.10703125 0.0203125
0 0.875 0.7515625 0.090625 0.01953125
0 0.7890625 0.7515625 0.040625 0.01796875
0 0.2109375 0.75234375 0.17421875 0.021875
0 0.4328125 0.753125 0.21796875 0.021875
0 0.21875 0.8140625 0.1984375 0.034375
0 0.6515625 0.81484375 0.0765625 0.034375
0 0.8359375 0.8171875 0.20078125 0.0390625
0 0.1984375 0.8625 0.15859375 0.03515625
0 0.83515625 0.8625 0.20234375 0.0359375
0 0.6515625 0.86328125 0.0765625 0.034375
0 0.2421875 0.91015625 0.24453125 0.034375
0 0.83671875 0.9109375 0.19921875 0.034375
0 0.6515625 0.9109375 0.0765625 0.034375