0 0.71796875 0.0640625 0.0796875 0.01640625
0 0.16015625 0.0640625 0.2125 0.015625
0 0.3859375 0.0640625 0.2 0.015625
0 0.528125 0.06484375 0.06640625 0.01796875
0 0.8296875 0.06484375 0.1265625 0.01796875
0 0.9296875 0.06484375 0.0375 0.01796875
0 0.62265625 0.065625 0.0734375 0.01640625
0 0.309375 0.084375 0.05703125 0.015625
0 0.4390625 0.084375 0.0890625 0.0171875
0 0.56171875 0.084375 0.1265625 0.015625
0 0.36328125 0.0859375 0.02890625 0.01796875
0 0.67578125 0.08671875 0.0765625 0.01640625
0 0.30703125 0.1046875 0.10078125 0.0171875
0 0.40859375 0.1046875 0.0859375 0.015625
0 0.65546875 0.1046875 0.14296875 0.0203125
0 0.5109375 0.10546875 0.09921875 0.01796875
0 0.4109375 0.12265625 0.15234375 0.01640625
0 0.22734375 0.12421875 0.06171875 0.01484375
0 0.29375 0.12421875 0.0515625 0.01484375
0 0.58046875 0.12421875 0.11875 0.01484375
0 0.73125 0.12421875 0.15390625 0.01484375
0 0.3484375 0.14453125 0.0765625 0.015625
0 0.42421875 0.14453125 0.05390625 0.015625
0 0.578125 0.14453125 0.23046875 0.015625
0 0.46171875 0.1859375 0.01796875 0.028125
0 0.73828125 0.18671875 0.075 0.02734375
0 0.5875 0.18671875 0.19140625 0.02734375
0 0.24921875 0.18671875 0.05703125 0.02734375
0 0.36640625 0.18671875 0.13125 0.02734375
0 0.43671875 0.23671875 0.075 0.028125
0 0.52421875 0.2375 0.0515625 0.02578125
0 0.60625 0.2375 0.06953125 0.02578125
0 0.74453125 0.2375 0.15078125 0.02578125
0 0.15546875 0.2640625 0.02890625 0.015625
0 0.0875 0.26484375 0.0875 0.01640625
0 0.73125 0.26640625 0.18671875 0.01484375
0 0.5640625 0.26640625 0.0859375 0.01328125
0 0.5671875 0.296875 0.05703125 0.028125
0 0.38671875 0.296875 0.11328125 0.028125
0 0.11640625 0.296875 0.15078125 0.028125
0 0.2625 0.296875 0.0921875 0.028125
0 0.49296875 0.29765625 0.05390625 0.02578125
0 0.3953125 0.3265625 0.01796875 0.01328125
0 0.334375 0.3265625 0.0484375 0.01484375
0 0.0984375 0.3265625 0.11171875 0.01484375
0 0.43203125 0.32734375 0.01953125 0.0140625
0 0.23125 0.328125 0.10546875 0.01640625
0 0.47890625 0.32890625 0.0328125 0.015625
0 0.17421875 0.346875 0.034375 0.01484375
0 0.08828125 0.346875 0.0921875 0.01484375
0 0.26953125 0.3484375 0.10390625 0.0171875
0 0.0875 0.36640625 0.09453125 0.01484375
0 0.21328125 0.36640625 0.11171875 0.01484375
0 0.48125 0.36796875 0.15078125 0.0140625
0 0.33828125 0.36875 0.0828125 0.0171875
0 0.09296875 0.38671875 0.10234375 0.01484375
0 0.20546875 0.38671875 0.09609375 0.01640625
0 0.31640625 0.3875 0.10078125 0.01796875
0 0.575 0.40625 0.171875 0.01796875
0 0.74609375 0.40625 0.0796875 0.01796875
0 0.44296875 0.40859375 0.06484375 0.01796875
0 0.31171875 0.43125 0.05859375 0.0140625
0 0.46484375 0.43125 0.05390625 0.0140625
0 0.609375 0.43125 0.0734375 0.0140625
0 0.38984375 0.43203125 0.0484375 0.01328125
0 0.54140625 0.43203125 0.01796875 0.01328125
0 0.7515625 0.43203125 0.1328125 0.02109375
0 0.13984375 0.43359375 0.2109375 0.01796875
0 0.48359375 0.46328125 0.01953125 0.0140625
0 0.40546875 0.46328125 0.01640625 0.0140625
0 0.540625 0.46328125 0.01953125 0.0140625
0 0.06875 0.46328125 0.06640625 0.0140625
0 0.78046875 0.46328125 0.075 0.0140625
0 0.6375 0.46328125 0.01484375 0.0140625
0 0.30390625 0.4640625 0.075 0.01484375
0 0.17578125 0.4640625 0.0921875 0.01484375
0 0.7890625 0.47890625 0.00625 0.00234375
0 0.11875 0.48359375 0.16875 0.01484375
0 0.6375 0.484375 0.01796875 0.0140625
0 0.3015625 0.484375 0.075 0.0140625
0 0.48359375 0.484375 0.01640625 0.0140625
0 0.540625 0.484375 0.01953125 0.0140625
0 0.40859375 0.484375 0.01484375 0.0140625
0 0.3484375 0.51796875 0.0921875 0.02890625
0 0.78046875 0.51875 0.075 0.02734375
0 0.43671875 0.51875 0.0390625 0.02734375
0 0.54921875 0.52109375 0.15078125 0.03671875
0 0.11953125 0.5546875 0.1703125 0.01484375
0 0.3 0.5546875 0.075 0.01484375
0 0.3984375 0.5546875 0.034375 0.01484375
0 0.5125 0.5546875 0.0765625 0.01484375
0 0.78046875 0.5546875 0.07109375 0.01484375
0 0.6296875 0.55625 0.0328125 0.02421875
0 0.11875 0.58828125 0.090625 0.02890625
0 0.2078125 0.5890625 0.0359375 0.028125
0 0.78046875 0.5890625 0.07109375 0.02890625
0 0.321875 0.59140625 0.14765625 0.03671875
0 0.47109375 0.59140625 0.10703125 0.03671875
0 0.59609375 0.5921875 0.0875 0.03515625
0 0.77734375 0.6296875 0.084375 0.025
0 0.60625 0.63046875 0.06640625 0.028125
0 0.1375 0.6734375 0.0921875 0.02890625
0 0.22578125 0.67421875 0.0390625 0.02734375
0 0.78046875 0.675 0.075 0.028125
0 0.48125 0.67734375 0.0859375 0.0359375
0 0.59609375 0.67734375 0.0875 0.0359375
0 0.33984375 0.67734375 0.15078125 0.0359375
0 0.3484375 0.7140625 0.0921875 0.02890625
0 0.43671875 0.715625 0.0390625 0.02578125
0 0.78046875 0.715625 0.075 0.02578125
0 0.55703125 0.71796875 0.165625 0.03359375
0 0.4234375 0.7578125 0.090625 0.02890625
0 0.771875 0.75859375 0.0921875 0.02734375
0 0.56640625 0.7609375 0.14296875 0.03359375
0 0.11171875 0.80625 0.14609375 0.015625
0 0.1171875 0.82734375 0.14921875 0.015625
0 0.259375 0.828125 0.09453125 0.0140625
0 0.4625 0.828125 0.0328125 0.0140625
0 0.80390625 0.828125 0.18203125 0.0140625
0 0.64375 0.828125 0.0921875 0.0140625
0 0.37421875 0.82890625 0.0921875 0.01796875
0 0.53828125 0.8296875 0.0734375 0.01796875
0 0.46015625 0.8484375 0.18671875 0.01484375
0 0.32734375 0.8484375 0.0375 0.01484375
0 0.06953125 0.8484375 0.0515625 0.01484375
0 0.76796875 0.85078125 0.0328125 0.01015625
0 0.2015625 0.85078125 0.165625 0.0171875
0 0.6515625 0.85078125 0.14765625 0.0171875
0 0.87421875 0.86875 0.05 0.015625
0 0.30703125 0.86953125 0.078125 0.0140625
0 0.2328125 0.86953125 0.03046875 0.0125
0 0.80703125 0.8703125 0.0359375 0.0125
0 0.11640625 0.8703125 0.15078125 0.0171875
0 0.6609375 0.8703125 0.2078125 0.01875
0 0.45234375 0.87265625 0.1703125 0.01484375
0 0.5640625 0.8890625 0.0921875 0.015625
0 0.47109375 0.8890625 0.05546875 0.015625
0 0.65234375 0.8890625 0.0359375 0.015625
0 0.7203125 0.88984375 0.05390625 0.0140625
0 0.18203125 0.890625 0.0484375 0.0125
0 0.29609375 0.890625 0.125 0.01875
0 0.403125 0.890625 0.0375 0.0109375
0 0.0875 0.89140625 0.084375 0.01640625
0 0.3171875 0.91015625 0.09609375 0.01484375
0 0.48125 0.91015625 0.06953125 0.01484375
0 0.565625 0.91015625 0.05390625 0.0140625
0 0.68203125 0.91015625 0.1296875 0.0140625
0 0.14296875 0.9109375 0.2078125 0.01796875
0 0.40546875 0.9125 0.0328125 0.01015625
0 0.28828125 0.93046875 0.0765625 0.0140625
0 0.134375 0.93125 0.18828125 0.01796875
0 0.43203125 0.95234375 0.27265625 0.0171875
0 0.63203125 0.95234375 0.11171875 0.0171875