0 0.146875 0.01796875 0.26640625 0.028125
0 0.26953125 0.19296875 0.0609375 0.0171875
0 0.39765625 0.19375 0.128125 0.0171875
0 0.5296875 0.1953125 0.05625 0.0203125
0 0.62109375 0.1953125 0.06484375 0.0171875
0 0.71328125 0.19609375 0.06640625 0.01796875
0 0.3671875 0.2171875 0.15390625 0.0203125
0 0.5890625 0.21953125 0.2171875 0.0203125
0 0.13203125 0.2375 0.06171875 0.01953125
0 0.2609375 0.23984375 0.13125 0.01875
0 0.36484375 0.23984375 0.0171875 0.0171875
0 0.4796875 0.24140625 0.14765625 0.0203125
0 0.6453125 0.2421875 0.11015625 0.01796875
0 0.7609375 0.2421875 0.06328125 0.01953125
0 0.8390625 0.24375 0.03515625 0.0203125
0 0.2015625 0.2625 0.1578125 0.01875
0 0.45703125 0.26328125 0.296875 0.0203125
0 0.7328125 0.26640625 0.2015625 0.02109375
0 0.2015625 0.2859375 0.11015625 0.0171875
0 0.32734375 0.2859375 0.0859375 0.01796875
0 0.5109375 0.28828125 0.22265625 0.021875
0 0.7484375 0.2890625 0.17890625 0.0171875
0 0.23515625 0.309375 0.084375 0.0203125
0 0.32890625 0.309375 0.040625 0.01875
0 0.39765625 0.31015625 0.040625 0.01796875
0 0.60859375 0.31171875 0.3125 0.021875
0 0.37421875 0.3328125 0.0828125 0.0203125
0 0.5359375 0.334375 0.17578125 0.0203125
0 0.37421875 0.35546875 0.0859375 0.01875
0 0.5265625 0.35703125 0.1578125 0.01953125
0 0.09140625 0.40078125 0.13515625 0.01875
0 0.2328125 0.4015625 0.0859375 0.01875
0 0.33671875 0.4015625 0.06484375 0.01875
0 0.45234375 0.40234375 0.10390625 0.01796875
0 0.93203125 0.40625 0.040625 0.01640625
0 0.0671875 0.4234375 0.0890625 0.0171875
0 0.2328125 0.425 0.0859375 0.0203125
0 0.1015625 0.446875 0.1609375 0.01875
0 0.5703125 0.44921875 0.06171875 0.01796875
0 0.6890625 0.45078125 0.10390625 0.01796875
0 0.85234375 0.45078125 0.10390625 0.01875
0 0.07890625 0.46953125 0.1125 0.01875
0 0.2078125 0.4703125 0.0859375 0.01875
0 0.3234375 0.47109375 0.0890625 0.01796875
0 0.43046875 0.471875 0.0609375 0.01796875
0 0.92890625 0.475 0.040625 0.0171875
0 0.0671875 0.49296875 0.0890625 0.01796875
0 0.2796875 0.49453125 0.17578125 0.0203125
0 0.09765625 0.51640625 0.15625 0.01875
0 0.56953125 0.51953125 0.0609375 0.0171875
0 0.6953125 0.5203125 0.0890625 0.0171875
0 0.85859375 0.52109375 0.0890625 0.01796875
0 0.05390625 0.53984375 0.06328125 0.0203125
0 0.2046875 0.540625 0.18203125 0.01796875
0 0.40234375 0.540625 0.15625 0.01953125
0 0.57734375 0.5421875 0.13515625 0.01796875
0 0.92734375 0.54453125 0.040625 0.01796875
0 0.08671875 0.56328125 0.13671875 0.0203125
0 0.28671875 0.5640625 0.1109375 0.0203125
0 0.0984375 0.58515625 0.1578125 0.01875
0 0.5671875 0.5890625 0.0609375 0.0171875
0 0.6953125 0.5890625 0.0859375 0.01875
0 0.85859375 0.590625 0.0859375 0.0171875
0 0.09765625 0.6328125 0.15078125 0.0203125
0 0.2609375 0.63359375 0.01953125 0.01796875
0 0.7859375 0.63671875 0.1296875 0.0203125
0 0.9390625 0.63671875 0.015625 0.01796875
0 0.07109375 0.678125 0.10546875 0.01953125
0 0.20390625 0.67890625 0.0875 0.01953125
0 0.3640625 0.68046875 0.13671875 0.01796875
0 0.78515625 0.68203125 0.040625 0.01796875
0 0.890625 0.684375 0.1109375 0.0171875
0 0.0609375 0.7015625 0.0859375 0.01796875
0 0.78359375 0.70546875 0.04375 0.01796875
0 0.8890625 0.70703125 0.1109375 0.0171875
0 0.0828125 0.725 0.13515625 0.01796875
0 0.7828125 0.72890625 0.0421875 0.01796875
0 0.89140625 0.7296875 0.10703125 0.01796875
0 0.0484375 0.771875 0.06640625 0.0203125
0 0.140625 0.771875 0.06484375 0.0171875
0 0.2953125 0.77265625 0.17578125 0.01875
0 0.4359375 0.77421875 0.03515625 0.01796875
0 0.53671875 0.77421875 0.10390625 0.01796875
0 0.7359375 0.77578125 0.04375 0.0171875
0 0.83203125 0.77578125 0.084375 0.01796875
0 0.10703125 0.81796875 0.17734375 0.0203125
0 0.2828125 0.81875 0.10703125 0.01875
0 0.40546875 0.8203125 0.084375 0.01796875
0 0.52734375 0.82109375 0.0859375 0.01796875
0 0.6640625 0.821875 0.03515625 0.0171875
0 0.8296875 0.82265625 0.228125 0.0203125
0 0.1046875 0.8421875 0.18203125 0.01875
0 0.30390625 0.84296875 0.1578125 0.01953125
0 0.4890625 0.84375 0.159375 0.01953125
0 0.24609375 0.8890625 0.17890625 0.01953125
0 0.3953125 0.88984375 0.06640625 0.01796875
0 0.53671875 0.890625 0.1578125 0.01875
0 0.7109375 0.8921875 0.13515625 0.01796875
0 0.25546875 0.9125 0.01796875 0.01796875
0 0.32578125 0.9125 0.06328125 0.01796875
0 0.43046875 0.91328125 0.0890625 0.01875
0 0.5921875 0.9140625 0.17578125 0.01875
0 0.290625 0.93515625 0.18203125 0.01953125
0 0.43046875 0.9359375 0.040625 0.01796875
0 0.52421875 0.9375 0.08984375 0.01796875
0 0.6734375 0.9375 0.15234375 0.01875