0 0.21328125 0.046875 0.2859375 0.05
0 0.2765625 0.19765625 0.05078125 0.01875
0 0.621875 0.19765625 0.06015625 0.01796875
0 0.70703125 0.19765625 0.06015625 0.0171875
0 0.40859375 0.19765625 0.11953125 0.01796875
0 0.53046875 0.19921875 0.053125 0.01875
0 0.4234375 0.22109375 0.06015625 0.01796875
0 0.35390625 0.221875 0.053125 0.0171875
0 0.58671875 0.221875 0.203125 0.01953125
0 0.15859375 0.24453125 0.05703125 0.0171875
0 0.75078125 0.24453125 0.06015625 0.0171875
0 0.25703125 0.24453125 0.07734375 0.01953125
0 0.640625 0.24453125 0.10234375 0.0171875
0 0.37734375 0.24609375 0.01484375 0.01640625
0 0.3234375 0.24609375 0.034375 0.01640625
0 0.82421875 0.24609375 0.03203125 0.01875
0 0.48671875 0.246875 0.13828125 0.01875
0 0.509375 0.2640625 0.19140625 0.028125
0 0.22421875 0.26875 0.14765625 0.0171875
0 0.36328125 0.26875 0.07421875 0.0171875
0 0.72578125 0.26953125 0.1859375 0.01875
0 0.225 0.2921875 0.10078125 0.0171875
0 0.7390625 0.2921875 0.16875 0.0171875
0 0.3421875 0.29296875 0.078125 0.01796875
0 0.51640625 0.29296875 0.20859375 0.01953125
0 0.34609375 0.315625 0.03359375 0.01796875
0 0.25625 0.315625 0.0703125 0.0171875
0 0.609375 0.31640625 0.28984375 0.01953125
0 0.41171875 0.31640625 0.0359375 0.0171875
0 0.38828125 0.340625 0.07421875 0.01796875
0 0.540625 0.340625 0.16640625 0.01875
0 0.39921875 0.36328125 0.05703125 0.0171875
0 0.5421875 0.36328125 0.16640625 0.0171875
0 0.91484375 0.409375 0.034375 0.0171875
0 0.1265625 0.409375 0.125 0.0171875
0 0.24765625 0.409375 0.05859375 0.0171875
0 0.1046875 0.4328125 0.078125 0.0171875
0 0.23671875 0.4328125 0.034375 0.0171875
0 0.8484375 0.45546875 0.0796875 0.0171875
0 0.1359375 0.45625 0.14609375 0.01796875
0 0.6953125 0.45625 0.0828125 0.01796875
0 0.578125 0.45703125 0.053125 0.0171875
0 0.91640625 0.4796875 0.034375 0.0171875
0 0.10390625 0.4796875 0.0828125 0.0171875
0 0.3453125 0.4796875 0.08125 0.0171875
0 0.22578125 0.48046875 0.10234375 0.0171875
0 0.4640625 0.48125 0.10078125 0.01875
0 0.10390625 0.50390625 0.0828125 0.01796875
0 0.2828125 0.5046875 0.115625 0.01796875
0 0.85 0.5265625 0.0796875 0.0171875
0 0.69765625 0.52734375 0.078125 0.0171875
0 0.203125 0.52734375 0.27890625 0.0171875
0 0.578125 0.52734375 0.053125 0.01640625
0 0.91640625 0.54921875 0.034375 0.0171875
0 0.540625 0.55 0.03359375 0.01796875
0 0.23671875 0.55 0.0796875 0.01796875
0 0.35703125 0.55 0.10234375 0.01796875
0 0.46640625 0.55 0.06015625 0.0171875
0 0.11640625 0.5515625 0.10234375 0.0171875
0 0.10234375 0.57421875 0.07734375 0.0171875
0 0.26875 0.575 0.10078125 0.01953125
0 0.5765625 0.596875 0.05703125 0.0171875
0 0.6953125 0.596875 0.0828125 0.0171875
0 0.84140625 0.596875 0.096875 0.0171875
0 0.203125 0.59765625 0.2765625 0.0171875
0 0.29296875 0.64375 0.0171875 0.01796875
0 0.78125 0.64453125 0.1234375 0.01953125
0 0.13828125 0.64453125 0.140625 0.01953125
0 0.92578125 0.6453125 0.01328125 0.0171875
0 0.8828125 0.64609375 0.00546875 0.0109375
0 0.246875 0.68828125 0.09453125 0.02421875
0 0.8828125 0.68984375 0.10625 0.0203125
0 0.7828125 0.68984375 0.03828125 0.0171875
0 0.3890625 0.690625 0.1265625 0.01796875
0 0.11484375 0.690625 0.096875 0.01875
0 0.78359375 0.7140625 0.03828125 0.0171875
0 0.8828125 0.7140625 0.10390625 0.0171875
0 0.10546875 0.71484375 0.08125 0.01796875
0 0.73984375 0.7609375 0.03828125 0.0171875
0 0.82890625 0.7609375 0.0734375 0.0171875
0 0.55234375 0.7609375 0.096875 0.0171875
0 0.3265625 0.7609375 0.16640625 0.01875
0 0.4578125 0.76171875 0.03359375 0.0171875
0 0.18203125 0.76171875 0.05859375 0.0171875
0 0.09453125 0.7625 0.05859375 0.0171875
0 0.828125 0.80703125 0.215625 0.0203125
0 0.43203125 0.80703125 0.07734375 0.01875
0 0.675 0.8078125 0.0359375 0.0171875
0 0.31484375 0.8078125 0.1 0.0171875
0 0.54296875 0.8078125 0.08125 0.0171875
0 0.14921875 0.80859375 0.16875 0.01875
0 0.51015625 0.83125 0.14765625 0.0171875
0 0.33515625 0.83125 0.14609375 0.01796875
0 0.14921875 0.83203125 0.16875 0.01875
0 0.421875 0.878125 0.06015625 0.01796875
0 0.55390625 0.878125 0.14765625 0.01796875
0 0.28203125 0.87890625 0.1671875 0.01796875
0 0.71875 0.87890625 0.1265625 0.01796875
0 0.59765625 0.90078125 0.14765625 0.01796875
0 0.45546875 0.90078125 0.08125 0.01796875
0 0.3578125 0.9015625 0.0609375 0.01796875
0 0.29140625 0.9015625 0.015625 0.01796875
0 0.54296875 0.92421875 0.08125 0.01796875
0 0.6828125 0.92421875 0.1421875 0.01875
0 0.45703125 0.92421875 0.0359375 0.01875
0 0.325 0.925 0.16875 0.0171875