0 0.16328125 0.05859375 0.2125 0.015625
0 0.3875 0.06015625 0.20625 0.01875
0 0.628125 0.06171875 0.075 0.01484375
0 0.53984375 0.0625 0.0796875 0.015625
0 0.7234375 0.0625 0.0828125 0.01640625
0 0.8375 0.06328125 0.1265625 0.0171875
0 0.93203125 0.0640625 0.0390625 0.01953125
0 0.5125 0.08046875 0.23203125 0.01640625
0 0.33046875 0.08046875 0.09609375 0.01953125
0 0.6765625 0.08203125 0.078125 0.01953125
0 0.30703125 0.09765625 0.09765625 0.01640625
0 0.40859375 0.0984375 0.0828125 0.01640625
0 0.51484375 0.10078125 0.09765625 0.01875
0 0.65859375 0.10234375 0.1578125 0.0203125
0 0.228125 0.1171875 0.06328125 0.015625
0 0.29609375 0.1171875 0.05 0.015625
0 0.4125 0.11796875 0.15234375 0.01640625
0 0.575 0.11875 0.11015625 0.01640625
0 0.73359375 0.11953125 0.15234375 0.01640625
0 0.34921875 0.1375 0.078125 0.015625
0 0.42578125 0.1375 0.05390625 0.015625
0 0.5828125 0.1375 0.22734375 0.0203125
0 0.24921875 0.178125 0.05703125 0.025
0 0.3671875 0.178125 0.1296875 0.02578125
0 0.46171875 0.1796875 0.01796875 0.0234375
0 0.5875 0.18046875 0.19453125 0.025
0 0.7390625 0.18125 0.0734375 0.02421875
0 0.43671875 0.2265625 0.075 0.0265625
0 0.590625 0.22734375 0.0390625 0.02734375
0 0.525 0.22734375 0.05390625 0.0265625
0 0.74453125 0.22890625 0.14765625 0.025
0 0.10859375 0.25234375 0.1265625 0.01640625
0 0.5640625 0.25703125 0.0890625 0.01328125
0 0.73125 0.2578125 0.18984375 0.01328125
0 0.11640625 0.28515625 0.15390625 0.025
0 0.2625 0.28515625 0.0921875 0.025
0 0.38671875 0.2859375 0.11328125 0.025
0 0.49296875 0.2859375 0.05390625 0.025
0 0.5671875 0.2859375 0.05703125 0.025
0 0.09765625 0.3125 0.11328125 0.01328125
0 0.4140625 0.31328125 0.05859375 0.01328125
0 0.334375 0.31328125 0.0484375 0.01328125
0 0.23125 0.3140625 0.10546875 0.0171875
0 0.47890625 0.315625 0.0328125 0.015625
0 0.0875 0.33203125 0.09453125 0.01328125
0 0.17421875 0.33203125 0.034375 0.01328125
0 0.26953125 0.33359375 0.10390625 0.01640625
0 0.08671875 0.35078125 0.09609375 0.01328125
0 0.21328125 0.35234375 0.11171875 0.01328125
0 0.48125 0.353125 0.15078125 0.01328125
0 0.33515625 0.35390625 0.0890625 0.015625
0 0.09296875 0.36953125 0.09921875 0.015625
0 0.290625 0.37109375 0.26328125 0.01875
0 0.4421875 0.38984375 0.06328125 0.01640625
0 0.575 0.390625 0.171875 0.01640625
0 0.74765625 0.390625 0.0859375 0.015625
0 0.1421875 0.4140625 0.2125 0.01484375
0 0.48359375 0.41484375 0.0515625 0.01328125
0 0.56171875 0.41484375 0.05546875 0.0140625
0 0.6375 0.41484375 0.01796875 0.0140625
0 0.70546875 0.41484375 0.0734375 0.0140625
0 0.84765625 0.41640625 0.1296875 0.01484375
0 0.40546875 0.41796875 0.05859375 0.01953125
0 0.06875 0.44453125 0.06640625 0.01328125
0 0.17578125 0.4453125 0.0921875 0.0140625
0 0.39765625 0.4453125 0.07109375 0.01328125
0 0.5046875 0.44609375 0.01328125 0.0140625
0 0.58046875 0.44609375 0.01796875 0.0140625
0 0.8765625 0.446875 0.07109375 0.0140625
0 0.73359375 0.44765625 0.01953125 0.0125
0 0.6390625 0.44765625 0.02109375 0.0140625
0 0.63984375 0.46484375 0.02578125 0.0140625
0 0.1171875 0.46484375 0.171875 0.0140625
0 0.58046875 0.46484375 0.01796875 0.01484375
0 0.39765625 0.465625 0.07109375 0.0125
0 0.51328125 0.46640625 0.0390625 0.0125
0 0.7328125 0.46640625 0.01484375 0.01328125
0 0.8765625 0.46640625 0.078125 0.01328125
0 0.06171875 0.4828125 0.05546875 0.0125
0 0.15859375 0.48359375 0.0921875 0.01328125
0 0.39765625 0.48359375 0.07109375 0.0125
0 0.7328125 0.48515625 0.01484375 0.01328125
0 0.58046875 0.48515625 0.01796875 0.01328125
0 0.5046875 0.48515625 0.01640625 0.0140625
0 0.63828125 0.4859375 0.01953125 0.01484375
0 0.8765625 0.4859375 0.078125 0.01328125
0 0.3484375 0.515625 0.0890625 0.02734375
0 0.43671875 0.5171875 0.0390625 0.02578125
0 0.771875 0.51796875 0.0921875 0.02578125
0 0.559375 0.5203125 0.1609375 0.03203125
0 0.18671875 0.5515625 0.30546875 0.01484375
0 0.39765625 0.55234375 0.07109375 0.01328125
0 0.50234375 0.553125 0.01484375 0.0125
0 0.58046875 0.553125 0.01796875 0.01328125
0 0.6375 0.553125 0.01796875 0.01328125
0 0.7328125 0.553125 0.01484375 0.01328125
0 0.878125 0.55390625 0.075 0.0140625
0 0.12890625 0.57109375 0.18984375 0.01484375
0 0.39765625 0.57265625 0.075 0.01328125
0 0.49453125 0.57265625 0.034375 0.01328125
0 0.58046875 0.57265625 0.01796875 0.01328125
0 0.6375 0.57265625 0.01796875 0.01328125
0 0.8765625 0.57421875 0.075 0.0140625
0 0.728125 0.57578125 0.04375 0.02265625
0 0.11796875 0.60390625 0.0921875 0.02734375
0 0.2078125 0.60546875 0.0359375 0.025
0 0.77265625 0.60625 0.09453125 0.0265625
0 0.47109375 0.6078125 0.10703125 0.03359375
0 0.31953125 0.6078125 0.15234375 0.03359375
0 0.59609375 0.60859375 0.0875 0.03359375
0 0.60625 0.6453125 0.06640625 0.025
0 0.77890625 0.64609375 0.075 0.025
0 0.1375 0.68515625 0.0921875 0.02734375
0 0.22578125 0.68671875 0.0390625 0.02421875
0 0.77265625 0.68828125 0.090625 0.025
0 0.33828125 0.68828125 0.15078125 0.034375
0 0.48125 0.6890625 0.0859375 0.03359375
0 0.59609375 0.68984375 0.0875 0.03359375
0 0.4375 0.72578125 0.046875 0.025
0 0.34921875 0.72578125 0.090625 0.02734375
0 0.7703125 0.72734375 0.09609375 0.02578125
0 0.559375 0.72890625 0.1609375 0.034375
0 0.4234375 0.7671875 0.09453125 0.0265625
0 0.7703125 0.7703125 0.0921875 0.025
0 0.5671875 0.77109375 0.14453125 0.03359375
0 0.11171875 0.8140625 0.14296875 0.0140625
0 0.11640625 0.834375 0.15078125 0.0140625
0 0.259375 0.834375 0.09453125 0.0140625
0 0.7984375 0.834375 0.171875 0.01640625
0 0.64375 0.83515625 0.0921875 0.0140625
0 0.37421875 0.8359375 0.0921875 0.0171875
0 0.53828125 0.83671875 0.0765625 0.015625
0 0.46328125 0.83671875 0.034375 0.01015625
0 0.0671875 0.853125 0.05703125 0.0140625
0 0.32734375 0.85390625 0.0375 0.0140625
0 0.46015625 0.8546875 0.18984375 0.01328125
0 0.65234375 0.85546875 0.14921875 0.0171875
0 0.20234375 0.85546875 0.1671875 0.015625
0 0.76796875 0.85625 0.0328125 0.0109375
0 0.30703125 0.8734375 0.078125 0.01328125
0 0.23125 0.87421875 0.034375 0.0125
0 0.11640625 0.875 0.15078125 0.015625
0 0.8734375 0.875 0.0515625 0.0140625
0 0.6609375 0.87578125 0.2078125 0.0171875
0 0.80703125 0.87578125 0.0359375 0.0125
0 0.45234375 0.8765625 0.1703125 0.0140625
0 0.47109375 0.89375 0.05546875 0.0140625
0 0.18359375 0.89375 0.0515625 0.01171875
0 0.29609375 0.89375 0.125 0.01640625
0 0.65234375 0.89375 0.0390625 0.01484375
0 0.5671875 0.89453125 0.0921875 0.0140625
0 0.7234375 0.89453125 0.05 0.01328125
0 0.08984375 0.8953125 0.0859375 0.01484375
0 0.403125 0.89609375 0.0375 0.009375
0 0.3171875 0.9125 0.09609375 0.01484375
0 0.14296875 0.91328125 0.2078125 0.0171875
0 0.48125 0.91328125 0.06953125 0.0140625
0 0.565625 0.9140625 0.05390625 0.01328125
0 0.684375 0.9140625 0.128125 0.0140625
0 0.7765625 0.9140625 0.01484375 0.0125
0 0.40546875 0.91484375 0.0328125 0.01015625
0 0.28828125 0.93203125 0.0765625 0.0140625
0 0.134375 0.93203125 0.19453125 0.01875
0 0.42109375 0.95234375 0.22578125 0.0203125
0 0.61640625 0.95234375 0.15390625 0.0203125
0 0.66796875 0.9953125 0.03046875 0.0078125