0 0.49140625 0.0890625 0.12265625 0.01328125
0 0.67734375 0.0890625 0.07890625 0.01328125
0 0.7734375 0.0890625 0.08203125 0.01328125
0 0.18359375 0.08984375 0.08671875 0.0125
0 0.3296875 0.08984375 0.17578125 0.0125
0 0.59375 0.090625 0.05625 0.01640625
0 0.5625 0.11171875 0.13359375 0.0109375
0 0.446875 0.1125 0.046875 0.01015625
0 0.31015625 0.1125 0.046875 0.01015625
0 0.378125 0.11484375 0.0640625 0.0140625
0 0.5984375 0.128125 0.2078125 0.01171875
0 0.28359375 0.128125 0.0640625 0.0109375
0 0.428125 0.128125 0.0453125 0.0109375
0 0.36015625 0.1296875 0.0625 0.01328125
0 0.403125 0.146875 0.04375 0.01328125
0 0.3359375 0.146875 0.046875 0.01328125
0 0.26953125 0.146875 0.04375 0.01171875
0 0.571875 0.146875 0.0640625 0.01328125
0 0.50625 0.146875 0.040625 0.01171875
0 0.45390625 0.146875 0.03203125 0.01328125
0 0.659375 0.14765625 0.07578125 0.0125
0 0.6125 0.16328125 0.0953125 0.01328125
0 0.315625 0.1640625 0.0546875 0.01171875
0 0.45078125 0.1640625 0.18046875 0.01328125
0 0.70859375 0.18125 0.1 0.01328125
0 0.60546875 0.18125 0.08359375 0.01328125
0 0.24375 0.1828125 0.12109375 0.015625
0 0.4828125 0.1828125 0.13828125 0.015625
0 0.35703125 0.1828125 0.08203125 0.015625
0 0.69296875 0.215625 0.07890625 0.0125
0 0.5734375 0.215625 0.13515625 0.0125
0 0.19921875 0.215625 0.059375 0.0125
0 0.31875 0.215625 0.13203125 0.0125
0 0.43671875 0.215625 0.08046875 0.0125
0 0.19296875 0.23671875 0.17421875 0.0140625
0 0.5453125 0.2390625 0.13671875 0.0140625
0 0.43046875 0.23984375 0.06640625 0.0125
0 0.6046875 0.2578125 0.04375 0.01171875
0 0.7625 0.2578125 0.2078125 0.01328125
0 0.25078125 0.28203125 0.07890625 0.0125
0 0.15078125 0.28203125 0.08828125 0.0125
0 0.34140625 0.2828125 0.07109375 0.0171875
0 0.45703125 0.2828125 0.12890625 0.0171875
0 0.3890625 0.31171875 0.08828125 0.0125
0 0.2609375 0.31171875 0.14140625 0.0125
0 0.128125 0.31171875 0.05 0.0125
0 0.13984375 0.3296875 0.06796875 0.01328125
0 0.2625 0.3296875 0.1453125 0.01328125
0 0.390625 0.3296875 0.08515625 0.01328125
0 0.5515625 0.34921875 0.1171875 0.01171875
0 0.825 0.34921875 0.05 0.01328125
0 0.1328125 0.34921875 0.0625 0.0125
0 0.41875 0.3515625 0.0515625 0.015625
0 0.88046875 0.371875 0.03828125 0.01015625
0 0.1609375 0.371875 0.12265625 0.01328125
0 0.425 0.371875 0.0640625 0.01328125
0 0.56640625 0.371875 0.08828125 0.01328125
0 0.8078125 0.371875 0.08828125 0.01328125
0 0.3484375 0.39375 0.08515625 0.01015625
0 0.11484375 0.39375 0.03359375 0.01015625
0 0.22421875 0.39453125 0.14140625 0.0140625
0 0.47734375 0.39453125 0.14296875 0.0140625
0 0.22578125 0.40859375 0.08359375 0.01171875
0 0.11953125 0.40859375 0.03828125 0.01171875
0 0.159375 0.40859375 0.01953125 0.01015625
0 0.16015625 0.43984375 0.12109375 0.01328125
0 0.56640625 0.440625 0.08828125 0.01171875
0 0.8078125 0.440625 0.08828125 0.01171875
0 0.425 0.440625 0.0640625 0.01171875
0 0.88046875 0.440625 0.03828125 0.01015625
0 0.4359375 0.46015625 0.07578125 0.0109375
0 0.51953125 0.4609375 0.0625 0.0109375
0 0.140625 0.4609375 0.08515625 0.0109375
0 0.20859375 0.4609375 0.02734375 0.0109375
0 0.2625 0.4609375 0.0578125 0.0109375
0 0.34375 0.46171875 0.07890625 0.01328125
0 0.88046875 0.49140625 0.03828125 0.01171875
0 0.42578125 0.4921875 0.06640625 0.01171875
0 0.5765625 0.4921875 0.06796875 0.01171875
0 0.81796875 0.4921875 0.06796875 0.01171875
0 0.16015625 0.4921875 0.12109375 0.0125
0 0.34140625 0.5125 0.07734375 0.01015625
0 0.1140625 0.5125 0.02265625 0.01015625
0 0.25703125 0.5125 0.06640625 0.01015625
0 0.175 0.51328125 0.07265625 0.0140625
0 0.88046875 0.534375 0.03828125 0.01171875
0 0.42578125 0.53515625 0.06640625 0.0125
0 0.5765625 0.53515625 0.06796875 0.0125
0 0.81796875 0.53515625 0.06796875 0.0125
0 0.16015625 0.53515625 0.12109375 0.0125
0 0.35703125 0.55546875 0.1015625 0.01171875
0 0.25703125 0.55546875 0.07890625 0.01171875
0 0.1828125 0.55546875 0.04375 0.01171875
0 0.1125 0.55625 0.02578125 0.0109375
0 0.14609375 0.55703125 0.0109375 0.0078125
0 0.88359375 0.5875 0.03359375 0.01015625
0 0.809375 0.5875 0.08828125 0.01328125
0 0.56640625 0.5875 0.08828125 0.01328125
0 0.425 0.5875 0.0640625 0.01171875
0 0.1578125 0.58828125 0.115625 0.0125
0 0.35390625 0.6078125 0.08671875 0.0109375
0 0.27890625 0.60859375 0.03828125 0.01015625
0 0.15078125 0.609375 0.1015625 0.0140625
0 0.23046875 0.609375 0.03203125 0.0125
0 0.7984375 0.6421875 0.10625 0.0125
0 0.425 0.64296875 0.07421875 0.01328125
0 0.57265625 0.64296875 0.04375 0.01328125
0 0.2609375 0.64296875 0.06796875 0.01328125
0 0.171875 0.64296875 0.08828125 0.01328125
0 0.340625 0.64296875 0.06953125 0.01328125
0 0.50625 0.64453125 0.0625 0.0140625
0 0.81796875 0.6625 0.06796875 0.01171875
0 0.3296875 0.6640625 0.146875 0.015625
0 0.49609375 0.6640625 0.1640625 0.015625
0 0.39765625 0.6828125 0.0640625 0.01171875
0 0.79921875 0.6828125 0.1078125 0.01171875
0 0.30703125 0.6828125 0.08515625 0.01171875
0 0.509375 0.68515625 0.13359375 0.015625
0 0.84375 0.7015625 0.01640625 0.01171875
0 0.3515625 0.7015625 0.07578125 0.01171875
0 0.525 0.7015625 0.10625 0.01328125
0 0.428125 0.70234375 0.0515625 0.01015625
0 0.8046875 0.73203125 0.06953125 0.0140625
0 0.1515625 0.73203125 0.07109375 0.01328125
0 0.71796875 0.73203125 0.07109375 0.0140625
0 0.27265625 0.73359375 0.15 0.015625
0 0.49921875 0.73359375 0.19609375 0.0140625
0 0.81015625 0.75234375 0.07109375 0.0125
0 0.2296875 0.75234375 0.08828125 0.0125
0 0.1390625 0.753125 0.046875 0.01171875
0 0.559375 0.753125 0.1078125 0.0140625
0 0.35703125 0.78984375 0.08203125 0.0109375
0 0.49375 0.790625 0.06953125 0.01171875
0 0.16796875 0.8265625 0.12421875 0.0125
0 0.42578125 0.8265625 0.05625 0.0125
0 0.55234375 0.8265625 0.18046875 0.0125
0 0.2828125 0.8265625 0.06953125 0.0125
0 0.3578125 0.82734375 0.0578125 0.009375
0 0.4625 0.853125 0.0421875 0.01171875
0 0.29921875 0.853125 0.10625 0.01328125
0 0.690625 0.85390625 0.03203125 0.01171875
0 0.57890625 0.85546875 0.1625 0.0140625
0 0.3984375 0.85625 0.0625 0.0125
0 0.49609375 0.871875 0.115625 0.01328125
0 0.76484375 0.871875 0.06796875 0.01328125
0 0.671875 0.871875 0.0640625 0.01328125
0 0.19921875 0.871875 0.09140625 0.0140625
0 0.33984375 0.871875 0.1671875 0.01328125
0 0.59453125 0.8734375 0.0546875 0.01640625