0 0.85546875 0.025 0.0484375 0.025
0 0.23203125 0.125 0.12265625 0.01640625
0 0.43515625 0.12578125 0.12109375 0.01640625
0 0.56796875 0.1265625 0.11171875 0.01640625
0 0.671875 0.1265625 0.06640625 0.0171875
0 0.7640625 0.1265625 0.0890625 0.0171875
0 0.45703125 0.14296875 0.0671875 0.0125
0 0.57734375 0.14453125 0.09453125 0.015625
0 0.303125 0.16640625 0.05859375 0.0109375
0 0.3859375 0.16640625 0.05546875 0.0125
0 0.45 0.16640625 0.0484375 0.0125
0 0.5140625 0.16640625 0.0453125 0.01328125
0 0.6296875 0.16640625 0.159375 0.0125
0 0.31875 0.18671875 0.05078125 0.0125
0 0.63671875 0.1875 0.1984375 0.01328125
0 0.39921875 0.1875 0.08203125 0.0125
0 0.23046875 0.21875 0.00234375 0.0015625
0 0.18359375 0.2203125 0.059375 0.01328125
0 0.35546875 0.22109375 0.2171875 0.01328125
0 0.721875 0.221875 0.21640625 0.01328125
0 0.5484375 0.221875 0.06484375 0.01484375
0 0.32890625 0.24375 0.07109375 0.0125
0 0.3953125 0.24375 0.03359375 0.01328125
0 0.56484375 0.24375 0.246875 0.0140625
0 0.40390625 0.2703125 0.0734375 0.01328125
0 0.5359375 0.2703125 0.159375 0.01484375
0 0.06640625 0.2890625 0.05 0.015625
0 0.11953125 0.28984375 0.046875 0.015625
0 0.29296875 0.31328125 0.11796875 0.01328125
0 0.103125 0.31328125 0.11875 0.01328125
0 0.47890625 0.31328125 0.228125 0.0140625
0 0.08515625 0.33203125 0.025 0.01328125
0 0.11875 0.3328125 0.009375 0.0125
0 0.19296875 0.3328125 0.109375 0.0125
0 0.38671875 0.33359375 0.01875 0.0125
0 0.31484375 0.33359375 0.09921875 0.0125
0 0.10859375 0.3515625 0.1171875 0.01328125
0 0.2296875 0.35234375 0.09609375 0.01328125
0 0.3390625 0.35234375 0.10078125 0.01328125
0 0.11640625 0.3734375 0.14375 0.01328125
0 0.3140625 0.37421875 0.1984375 0.01328125
0 0.25390625 0.39375 0.0140625 0.00859375
0 0.0734375 0.3953125 0.059375 0.0125
0 0.03828125 0.40703125 0.01171875 0.00234375
0 0.4109375 0.415625 0.2109375 0.01328125
0 0.85234375 0.4171875 0.1828125 0.01640625
0 0.68515625 0.4171875 0.08046875 0.01640625
0 0.35703125 0.4390625 0.09765625 0.0125
0 0.68515625 0.4390625 0.084375 0.01328125
0 0.83203125 0.43984375 0.13203125 0.01171875
0 0.67265625 0.4609375 0.03359375 0.01328125
0 0.1921875 0.46328125 0.10703125 0.01328125
0 0.6046875 0.49375 0.078125 0.0125
0 0.79765625 0.49453125 0.08671875 0.0140625
0 0.4640625 0.50859375 0.10703125 0.01328125
0 0.6109375 0.50859375 0.10703125 0.0140625
0 0.07578125 0.50859375 0.06484375 0.0140625
0 0.784375 0.51015625 0.1171875 0.0140625
0 0.91953125 0.5109375 0.0515625 0.01328125
0 0.09765625 0.52578125 0.09921875 0.0109375
0 0.4875 0.5265625 0.03359375 0.0125
0 0.61328125 0.52734375 0.07578125 0.01328125
0 0.44453125 0.52734375 0.02890625 0.01015625
0 0.80546875 0.528125 0.0734375 0.01171875
0 0.92578125 0.52890625 0.0375 0.0109375
0 0.0921875 0.546875 0.09609375 0.01328125
0 0.09765625 0.57109375 0.09921875 0.0125
0 0.33125 0.571875 0.01484375 0.0125
0 0.465625 0.571875 0.078125 0.0125
0 0.609375 0.57265625 0.07578125 0.0109375
0 0.79609375 0.5734375 0.0921875 0.0109375
0 0.92578125 0.57421875 0.0375 0.0109375
0 0.0890625 0.5921875 0.0875 0.0125
0 0.19765625 0.59296875 0.09609375 0.0109375
0 0.27890625 0.59375 0.03984375 0.0140625
0 0.12734375 0.61484375 0.08125 0.01484375
0 0.33359375 0.615625 0.03359375 0.015625
0 0.20390625 0.61796875 0.05546875 0.01875
0 0.79140625 0.61796875 0.11796875 0.0140625
0 0.21328125 0.65078125 0.07578125 0.01328125
0 0.30703125 0.65078125 0.0890625 0.0140625
0 0.57890625 0.653125 0.084375 0.015625
0 0.78984375 0.653125 0.11015625 0.0125
0 0.44375 0.653125 0.1625 0.0171875
0 0.553125 0.678125 0.13828125 0.01328125
0 0.81015625 0.67890625 0.0703125 0.01328125
0 0.5421875 0.70390625 0.16015625 0.0140625
0 0.80078125 0.70546875 0.08671875 0.01328125
0 0.809375 0.73125 0.06953125 0.0125
0 0.546875 0.73125 0.1484375 0.01640625
0 0.1453125 0.7546875 0.0875 0.0140625
0 0.25 0.75546875 0.0953125 0.0125
0 0.509375 0.75625 0.0328125 0.01328125
0 0.3953125 0.75703125 0.16953125 0.01640625
0 0.78828125 0.7578125 0.11171875 0.0125
0 0.58046875 0.75859375 0.08515625 0.015625
0 0.56953125 0.7828125 0.1015625 0.01328125
0 0.7890625 0.78359375 0.11015625 0.01328125
0 0.8 0.803125 0.0875 0.0125
0 0.55390625 0.80390625 0.13515625 0.01640625
0 0.14375 0.8484375 0.075 0.01640625
0 0.2859375 0.8484375 0.18359375 0.01640625
0 0.23125 0.8734375 0.0921875 0.0125
0 0.14453125 0.8734375 0.06796875 0.01484375
0 0.78125 0.87421875 0.0625 0.0171875
0 0.3921875 0.87421875 0.02890625 0.015625
0 0.8609375 0.875 0.075 0.01484375
0 0.58515625 0.87578125 0.159375 0.01640625
0 0.13671875 0.8921875 0.046875 0.0125
0 0.39140625 0.89296875 0.01875 0.01328125
0 0.6109375 0.89375 0.109375 0.01328125
0 0.859375 0.89453125 0.08671875 0.01328125
0 0.3609375 0.91484375 0.08515625 0.01328125
0 0.859375 0.915625 0.0890625 0.01640625
0 0.60625 0.915625 0.11171875 0.01328125
0 0.15625 0.953125 0.115625 0.0109375
0 0.26875 0.953125 0.08125 0.0125
0 0.35078125 0.953125 0.0609375 0.01171875
0 0.42578125 0.95390625 0.06171875 0.01171875
0 0.56953125 0.95390625 0.19921875 0.0109375
0 0.74375 0.95546875 0.09453125 0.0109375