0 0.65625 0.21484375 0.18984375 0.01953125
0 0.5078125 0.215625 0.05625 0.01953125
0 0.3078125 0.215625 0.09765625 0.0203125
0 0.41640625 0.215625 0.075 0.0203125
0 0.2171875 0.21640625 0.03828125 0.01875
0 0.33671875 0.24453125 0.06875 0.01953125
0 0.56875 0.24453125 0.09765625 0.01875
0 0.24765625 0.2453125 0.05625 0.01875
0 0.6953125 0.24609375 0.1109375 0.0234375
0 0.4453125 0.24609375 0.090625 0.02265625
0 0.38828125 0.275 0.0984375 0.01796875
0 0.53984375 0.275 0.1546875 0.01875
0 0.621875 0.3046875 0.1546875 0.01875
0 0.33125 0.3046875 0.09609375 0.01875
0 0.45703125 0.30546875 0.11328125 0.0234375
0 0.509375 0.33359375 0.09375 0.01953125
0 0.640625 0.33359375 0.115625 0.01953125
0 0.36171875 0.334375 0.1546875 0.0203125
0 0.34921875 0.3640625 0.05 0.01875
0 0.42265625 0.3640625 0.0375 0.01875
0 0.27109375 0.3640625 0.0578125 0.01875
0 0.621875 0.3640625 0.23671875 0.01953125
0 0.46875 0.36640625 0.01015625 0.0140625
0 0.29140625 0.42421875 0.13671875 0.01953125
0 0.4171875 0.42421875 0.07265625 0.01953125
0 0.63203125 0.42421875 0.29296875 0.01953125
0 0.50078125 0.48515625 0.11640625 0.01875
0 0.821875 0.4859375 0.15703125 0.01875
0 0.12734375 0.4875 0.0578125 0.02890625
0 0.20625 0.4875 0.07265625 0.02890625
0 0.1421875 0.54375 0.078125 0.01953125
0 0.4921875 0.54453125 0.13828125 0.01875
0 0.6125 0.54453125 0.05546875 0.01875
0 0.24375 0.54453125 0.078125 0.01875
0 0.35390625 0.54453125 0.0953125 0.01875
0 0.78984375 0.5453125 0.1390625 0.01875
0 0.890625 0.54765625 0.01796875 0.01328125
0 0.1609375 0.57265625 0.0359375 0.01875
0 0.21171875 0.57265625 0.01796875 0.01875
0 0.2609375 0.5734375 0.03984375 0.01875
0 0.3421875 0.5734375 0.07578125 0.01875
0 0.15234375 0.63203125 0.09609375 0.0203125
0 0.27265625 0.6328125 0.09765625 0.01953125
0 0.4453125 0.6328125 0.1921875 0.01953125
0 0.59921875 0.63359375 0.075 0.01875
0 0.81328125 0.63359375 0.0953125 0.01953125
0 0.6828125 0.63359375 0.0375 0.01875
0 0.6015625 0.6625 0.078125 0.01953125
0 0.68125 0.66328125 0.0359375 0.01875
0 0.81015625 0.66328125 0.0984375 0.01875
0 0.68125 0.69296875 0.03828125 0.01875
0 0.58203125 0.69296875 0.11640625 0.01875
0 0.81171875 0.69375 0.09609375 0.01953125
0 0.13203125 0.7515625 0.0578125 0.01875
0 0.5828125 0.75234375 0.07265625 0.0234375
0 0.81015625 0.753125 0.13203125 0.01875
0 0.48203125 0.7546875 0.115625 0.01875
0 0.253125 0.7546875 0.13828125 0.02421875
0 0.15234375 0.78125 0.0171875 0.00859375
0 0.2015625 0.78125 0.03828125 0.01875
0 0.571875 0.7828125 0.09375 0.02265625
0 0.85234375 0.7828125 0.05546875 0.01875
0 0.11171875 0.7828125 0.01953125 0.01484375
0 0.25234375 0.86953125 0.09765625 0.01875
0 0.359375 0.8703125 0.0703125 0.01953125
0 0.48203125 0.8703125 0.11796875 0.01953125
0 0.6015625 0.8734375 0.078125 0.0140625
0 0.71171875 0.8734375 0.09765625 0.0234375
0 0.23203125 0.9 0.0546875 0.01875
0 0.35234375 0.90078125 0.134375 0.01875
0 0.47109375 0.90078125 0.053125 0.01796875
0 0.13984375 0.9015625 0.078125 0.0234375
0 0.621875 0.90390625 0.1953125 0.021875
0 0.81171875 0.90390625 0.134375 0.01484375