0 0.80078125 0.13203125 0.053125 0.01015625
0 0.7328125 0.13203125 0.05 0.009375
0 0.41796875 0.1328125 0.13828125 0.01015625
0 0.51171875 0.13203125 0.01953125 0.009375
0 0.6140625 0.1328125 0.15078125 0.01015625
0 0.2140625 0.1328125 0.0375 0.009375
0 0.28984375 0.1328125 0.08671875 0.009375
0 0.51328125 0.14453125 0.184375 0.0125
0 0.55703125 0.159375 0.12265625 0.0125
0 0.41796875 0.159375 0.1046875 0.0125
0 0.6921875 0.16015625 0.1 0.015625
0 0.30859375 0.16015625 0.0578125 0.01640625
0 0.4921875 0.17421875 0.125 0.01328125
0 0.6515625 0.17421875 0.1421875 0.01328125
0 0.353125 0.17421875 0.103125 0.01328125
0 0.48046875 0.1890625 0.146875 0.0125
0 0.68203125 0.1890625 0.165625 0.0125
0 0.309375 0.1890625 0.1046875 0.01328125
0 0.56484375 0.20390625 0.225 0.01484375
0 0.37421875 0.20390625 0.059375 0.01328125
0 0.596875 0.21953125 0.25 0.0125
0 0.33046875 0.21953125 0.06015625 0.01328125
0 0.41484375 0.21953125 0.05703125 0.0125
0 0.11796875 0.26484375 0.0671875 0.0140625
0 0.24296875 0.26484375 0.13828125 0.01328125
0 0.7859375 0.29453125 0.21015625 0.01328125
0 0.603125 0.29453125 0.09921875 0.0125
0 0.42421875 0.29453125 0.209375 0.01328125
0 0.15859375 0.2953125 0.14453125 0.01328125
0 0.76484375 0.309375 0.16796875 0.01328125
0 0.6015625 0.309375 0.096875 0.01328125
0 0.20078125 0.309375 0.228125 0.01328125
0 0.33984375 0.325 0.0796875 0.0125
0 0.15859375 0.325 0.146875 0.01328125
0 0.828125 0.35390625 0.12421875 0.0125
0 0.66796875 0.35390625 0.06171875 0.0125
0 0.49921875 0.35390625 0.059375 0.0125
0 0.1296875 0.3546875 0.07734375 0.01328125
0 0.84921875 0.3703125 0.075 0.01640625
0 0.6578125 0.3703125 0.07265625 0.015625
0 0.8484375 0.3984375 0.08515625 0.0125
0 0.6578125 0.39921875 0.0796875 0.0125
0 0.4765625 0.39921875 0.0125 0.0125
0 0.12734375 0.39921875 0.08203125 0.0125
0 0.403125 0.4140625 0.2078125 0.01328125
0 0.7109375 0.4140625 0.10078125 0.01328125
0 0.11484375 0.4140625 0.05703125 0.01328125
0 0.58359375 0.4140625 0.10078125 0.01328125
0 0.21328125 0.415625 0.11484375 0.01640625
0 0.1390625 0.44453125 0.10078125 0.0125
0 0.296875 0.44453125 0.165625 0.0125
0 0.6265625 0.44453125 0.0125 0.0125
0 0.63203125 0.4890625 0.18671875 0.0125
0 0.89921875 0.4890625 0.08203125 0.0125
0 0.89921875 0.50390625 0.08203125 0.0125
0 0.58046875 0.50390625 0.0796875 0.01328125
0 0.56796875 0.51875 0.06015625 0.01328125
0 0.89921875 0.51875 0.08203125 0.01328125
0 0.8890625 0.53359375 0.10078125 0.01328125
0 0.62421875 0.534375 0.16328125 0.0125
0 0.8578125 0.54921875 0.16328125 0.01328125
0 0.24296875 0.54921875 0.203125 0.01328125
0 0.22109375 0.5640625 0.16015625 0.01328125
0 0.8359375 0.5640625 0.121875 0.01328125
0 0.85859375 0.57890625 0.16015625 0.01328125
0 0.2640625 0.57890625 0.246875 0.01328125
0 0.8671875 0.60859375 0.14296875 0.01328125
0 0.7390625 0.60859375 0.06015625 0.0125
0 0.69609375 0.63828125 0.0171875 0.0125
0 0.86796875 0.63828125 0.14453125 0.01328125
0 0.15546875 0.63828125 0.0796875 0.0125
0 0.51640625 0.63828125 0.121875 0.0125
0 0.696875 0.66796875 0.01796875 0.0125
0 0.89921875 0.66796875 0.08203125 0.0125
0 0.5390625 0.66796875 0.078125 0.0125
0 0.13359375 0.66875 0.03984375 0.0125
0 0.65546875 0.7125 0.10078125 0.01328125
0 0.8984375 0.71328125 0.08046875 0.0125
0 0.54921875 0.71328125 0.059375 0.0125
0 0.24921875 0.80234375 0.1046875 0.01328125
0 0.46328125 0.80234375 0.059375 0.01328125
0 0.3671875 0.80234375 0.08203125 0.01328125
0 0.54765625 0.80234375 0.059375 0.01328125
0 0.709375 0.803125 0.21328125 0.01484375
0 0.4640625 0.8171875 0.103125 0.0125
0 0.5796875 0.8171875 0.075 0.0125