0 0.7015625 0.08828125 0.0625 0.02109375
0 0.78828125 0.08828125 0.06328125 0.02109375
0 0.340625 0.0890625 0.0828125 0.021875
0 0.5265625 0.0890625 0.23671875 0.021875
0 0.2 0.090625 0.15078125 0.025
0 0.4609375 0.11953125 0.18671875 0.0234375
0 0.52734375 0.14921875 0.10703125 0.021875
0 0.3640625 0.15 0.17109375 0.025
0 0.625 0.1515625 0.040625 0.0171875
0 0.7875 0.178125 0.06328125 0.02265625
0 0.70078125 0.17890625 0.0609375 0.021875
0 0.31953125 0.17890625 0.1265625 0.021875
0 0.1671875 0.17890625 0.12734375 0.021875
0 0.5265625 0.1796875 0.23671875 0.02109375
0 0.45 0.2078125 0.0390625 0.021875
0 0.603125 0.2078125 0.21484375 0.021875
0 0.32109375 0.20859375 0.1703125 0.02109375
0 0.63515625 0.23828125 0.19296875 0.0203125
0 0.11171875 0.23828125 0.0984375 0.02109375
0 0.83125 0.2390625 0.14921875 0.02421875
0 0.48125 0.2390625 0.05703125 0.0234375
0 0.3421875 0.23984375 0.17109375 0.0234375
0 0.20859375 0.23984375 0.03515625 0.0234375
0 0.24453125 0.2671875 0.1046875 0.02265625
0 0.7109375 0.26796875 0.17109375 0.025
0 0.4609375 0.26796875 0.28046875 0.025
0 0.8640625 0.26875 0.084375 0.0234375
0 0.11171875 0.26953125 0.0984375 0.02421875
0 0.471875 0.2984375 0.17265625 0.0234375
0 0.34296875 0.32578125 0.0375 0.02109375
0 0.41640625 0.32578125 0.05546875 0.02109375
0 0.61171875 0.32578125 0.2765625 0.02421875
0 0.2546875 0.32734375 0.0796875 0.0234375
0 0.2546875 0.35546875 0.2140625 0.02109375
0 0.428125 0.35546875 0.08515625 0.02109375
0 0.73203125 0.35546875 0.1671875 0.025
0 0.559375 0.35703125 0.12734375 0.02265625
0 0.284375 0.38515625 0.05546875 0.02109375
0 0.58125 0.38515625 0.25625 0.02109375
0 0.371875 0.38515625 0.05546875 0.02109375
0 0.39609375 0.4140625 0.0609375 0.0203125
0 0.52734375 0.4140625 0.1484375 0.02109375
0 0.33046875 0.47265625 0.3234375 0.021875
0 0.103125 0.4734375 0.08203125 0.02109375
0 0.74453125 0.5015625 0.09375 0.0203125
0 0.2765625 0.5015625 0.084375 0.02109375
0 0.38359375 0.5015625 0.0796875 0.02109375
0 0.09140625 0.50234375 0.0625 0.021875
0 0.175 0.50234375 0.0578125 0.021875
0 0.5609375 0.503125 0.21171875 0.02265625
0 0.8578125 0.5296875 0.096875 0.0203125
0 0.18984375 0.53125 0.0828125 0.0203125
0 0.09140625 0.53125 0.0625 0.021875
0 0.86484375 0.55859375 0.08203125 0.0203125
0 0.11171875 0.56015625 0.02109375 0.0203125
0 0.221875 0.5609375 0.1484375 0.0234375
0 0.8640625 0.58828125 0.084375 0.0203125
0 0.11171875 0.58828125 0.00859375 0.02109375
0 0.28671875 0.5890625 0.28046875 0.025
0 0.8640625 0.64609375 0.084375 0.0203125
0 0.284375 0.64609375 0.09921875 0.021875
0 0.1328125 0.646875 0.14765625 0.02109375
0 0.41640625 0.646875 0.096875 0.0234375
0 0.53515625 0.64765625 0.0796875 0.02265625
0 0.26484375 0.675 0.14921875 0.021875
0 0.8640625 0.675 0.084375 0.0203125
0 0.10859375 0.675 0.1015625 0.02109375
0 0.85390625 0.70390625 0.10390625 0.021875
0 0.10078125 0.7046875 0.08515625 0.021875
0 0.25390625 0.7046875 0.17109375 0.021875
0 0.86640625 0.7328125 0.0796875 0.02109375
0 0.12265625 0.73515625 0.12734375 0.025
0 0.4828125 0.79140625 0.0609375 0.02109375
0 0.8640625 0.79140625 0.084375 0.02109375
0 0.11328125 0.7921875 0.10625 0.02109375
0 0.2765625 0.7921875 0.16953125 0.0203125
0 0.40625 0.7921875 0.04140625 0.0203125
0 0.49375 0.878125 0.1265625 0.02265625
0 0.37421875 0.878125 0.0625 0.021875
0 0.18046875 0.87890625 0.10390625 0.021875
0 0.2875 0.87890625 0.06328125 0.0203125
0 0.62421875 0.87890625 0.084375 0.0203125
0 0.75234375 0.8796875 0.1203125 0.02421875