0 0.35234375 0.1515625 0.1703125 0.01953125
0 0.4921875 0.1515625 0.0625 0.01875
0 0.6 0.1515625 0.10546875 0.0203125
0 0.45 0.1796875 0.23359375 0.01875
0 0.3421875 0.20546875 0.10390625 0.01796875
0 0.20625 0.20625 0.0953125 0.01953125
0 0.52578125 0.20625 0.2125 0.02109375
0 0.69921875 0.20625 0.07890625 0.02421875
0 0.415625 0.23125 0.121875 0.01875
0 0.1921875 0.23125 0.14765625 0.0203125
0 0.578125 0.23125 0.14765625 0.01875
0 0.3046875 0.23125 0.02890625 0.0203125
0 0.73984375 0.23203125 0.128125 0.0203125
0 0.27734375 0.25546875 0.10703125 0.01875
0 0.42265625 0.25625 0.1359375 0.0203125
0 0.61015625 0.25703125 0.16484375 0.02109375
0 0.3203125 0.28125 0.06328125 0.01875
0 0.23359375 0.28125 0.0609375 0.01875
0 0.403125 0.28125 0.053125 0.01875
0 0.5890625 0.28203125 0.25546875 0.01875
0 0.2671875 0.3328125 0.121875 0.0203125
0 0.528125 0.33359375 0.28828125 0.01875
0 0.065625 0.38515625 0.05703125 0.01875
0 0.14140625 0.38515625 0.04609375 0.0203125
0 0.30078125 0.38515625 0.14375 0.0203125
0 0.4984375 0.38515625 0.1640625 0.0203125
0 0.684375 0.38515625 0.14375 0.0203125
0 0.075 0.4125 0.08359375 0.02109375
0 0.33125 0.41328125 0.2109375 0.021875
0 0.54765625 0.41328125 0.16484375 0.021875
0 0.1515625 0.465625 0.23359375 0.01953125
0 0.38515625 0.46640625 0.0609375 0.02109375
0 0.74609375 0.46640625 0.096875 0.01875
0 0.85546875 0.46640625 0.0625 0.01875
0 0.578125 0.46796875 0.14765625 0.02109375
0 0.0765625 0.515625 0.0828125 0.01796875
0 0.17265625 0.51640625 0.0609375 0.0203125
0 0.3421875 0.54140625 0.0203125 0.01796875
0 0.5671875 0.54140625 0.08515625 0.01875
0 0.76015625 0.5421875 0.08359375 0.01953125
0 0.8671875 0.5421875 0.0421875 0.01953125
0 0.38515625 0.54375 0.02265625 0.0125
0 0.075 0.56640625 0.08125 0.01796875
0 0.17890625 0.56796875 0.08359375 0.01796875
0 0.3421875 0.59296875 0.01796875 0.01796875
0 0.5671875 0.59296875 0.0828125 0.01875
0 0.76015625 0.59296875 0.08359375 0.01875
0 0.86875 0.59375 0.0390625 0.01796875
0 0.38515625 0.59375 0.01796875 0.01484375
0 0.08046875 0.64296875 0.0953125 0.01875
0 0.1984375 0.64296875 0.0734375 0.01875
0 0.27421875 0.64375 0.0203125 0.01796875
0 0.08046875 0.66875 0.0953125 0.01953125
0 0.43671875 0.66953125 0.07890625 0.01796875
0 0.2703125 0.66953125 0.203125 0.0203125
0 0.8453125 0.6703125 0.08671875 0.02109375
0 0.06171875 0.69296875 0.0625 0.01796875
0 0.1921875 0.69453125 0.14765625 0.0203125
0 0.3296875 0.6953125 0.06953125 0.02109375
0 0.8453125 0.696875 0.0796875 0.015625
0 0.08359375 0.71875 0.09296875 0.01875
0 0.26875 0.7203125 0.20703125 0.01953125
0 0.4140625 0.7203125 0.03828125 0.0171875
0 0.51015625 0.7203125 0.09765625 0.01953125
0 0.81796875 0.721875 0.03046875 0.01796875
0 0.86953125 0.72265625 0.034375 0.015625
0 0.153125 0.74453125 0.2328125 0.01875
0 0.8015625 0.746875 0.16796875 0.02109375
0 0.07109375 0.79453125 0.08359375 0.01796875
0 0.8453125 0.79765625 0.0828125 0.0203125
0 0.06328125 0.87265625 0.0625 0.0203125
0 0.190625 0.87421875 0.14453125 0.0234375
0 0.5203125 0.875 0.128125 0.01875
0 0.7703125 0.87578125 0.04921875 0.01875
0 0.6296875 0.87578125 0.0671875 0.02265625
0 0.84296875 0.8765625 0.0671875 0.021875
0 0.0515625 0.9015625 0.0421875 0.01953125
0 0.26875 0.9015625 0.034375 0.02109375
0 0.3375 0.90234375 0.05234375 0.0203125
0 0.6046875 0.90234375 0.028125 0.01875
0 0.653125 0.90234375 0.03828125 0.01875
0 0.84375 0.90234375 0.08359375 0.0203125