0 0.153125 0.1265625 0.07734375 0.01484375
0 0.5015625 0.1265625 0.05625 0.01484375
0 0.29453125 0.12734375 0.15625 0.01484375
0 0.42421875 0.12734375 0.0546875 0.01484375
0 0.59296875 0.12734375 0.065625 0.01484375
0 0.759375 0.12734375 0.2140625 0.01484375
0 0.7 0.15234375 0.25 0.01640625
0 0.49140625 0.15234375 0.0359375 0.01640625
0 0.15625 0.15234375 0.07109375 0.01640625
0 0.33359375 0.15234375 0.23515625 0.0171875
0 0.5421875 0.153125 0.00546875 0.01328125
0 0.64921875 0.1796875 0.03203125 0.0171875
0 0.17265625 0.1796875 0.11640625 0.0171875
0 0.29453125 0.1796875 0.0734375 0.0171875
0 0.42109375 0.1796875 0.13125 0.0171875
0 0.559375 0.1796875 0.0921875 0.0171875
0 0.371875 0.20703125 0.11640625 0.0171875
0 0.5203125 0.20703125 0.13125 0.0171875
0 0.24375 0.20703125 0.09609375 0.01875
0 0.140625 0.20703125 0.05234375 0.01875
0 0.1625 0.234375 0.09609375 0.01796875
0 0.2828125 0.234375 0.09609375 0.01796875
0 0.42109375 0.23515625 0.13125 0.01796875
0 0.39296875 0.26171875 0.075 0.0171875
0 0.31328125 0.26171875 0.0359375 0.015625
0 0.4921875 0.26171875 0.075 0.015625
0 0.140625 0.26171875 0.05234375 0.0171875
0 0.253125 0.26171875 0.0359375 0.015625
0 0.20234375 0.2640625 0.009375 0.01171875
0 0.253125 0.28984375 0.0359375 0.0171875
0 0.4921875 0.28984375 0.075 0.01796875
0 0.14296875 0.290625 0.05625 0.0171875
0 0.31328125 0.290625 0.0359375 0.0171875
0 0.39296875 0.290625 0.075 0.0171875
0 0.20234375 0.29140625 0.009375 0.0140625
0 0.20078125 0.34765625 0.06015625 0.0171875
0 0.32421875 0.3484375 0.1375 0.0203125
0 0.14296875 0.40078125 0.05625 0.0171875
0 0.58203125 0.4015625 0.2953125 0.01640625
0 0.26328125 0.4015625 0.13515625 0.01640625
0 0.38046875 0.403125 0.05078125 0.0125
0 0.5109375 0.428125 0.15390625 0.015625
0 0.66015625 0.428125 0.08984375 0.015625
0 0.73203125 0.48125 0.0734375 0.01640625
0 0.17109375 0.48125 0.11640625 0.0171875
0 0.28125 0.48125 0.0546875 0.0171875
0 0.5515625 0.48125 0.11484375 0.0171875
0 0.8109375 0.48125 0.0359375 0.0171875
0 0.40234375 0.48203125 0.13515625 0.015625
0 0.19296875 0.50859375 0.15625 0.0171875
0 0.34296875 0.50859375 0.0921875 0.0171875
0 0.53125 0.50859375 0.15625 0.01796875
0 0.6796875 0.50859375 0.0921875 0.0171875
0 0.69296875 0.53515625 0.03203125 0.01640625
0 0.5609375 0.53515625 0.0171875 0.01640625
0 0.440625 0.53515625 0.0171875 0.01640625
0 0.76875 0.5359375 0.07109375 0.0171875
0 0.61875 0.5359375 0.05234375 0.0171875
0 0.49921875 0.5359375 0.05078125 0.01875
0 0.36015625 0.53671875 0.0921875 0.015625
0 0.2703125 0.53671875 0.0375 0.015625
0 0.17265625 0.53671875 0.11640625 0.0171875
0 0.3390625 0.56484375 0.25390625 0.015625
0 0.62109375 0.56484375 0.2953125 0.0171875
0 0.73203125 0.6203125 0.0734375 0.0171875
0 0.53984375 0.6203125 0.05625 0.0171875
0 0.43984375 0.6203125 0.08984375 0.01796875
0 0.31171875 0.6203125 0.11640625 0.01796875
0 0.8109375 0.6203125 0.0359375 0.01796875
0 0.478125 0.67578125 0.0921875 0.01640625
0 0.33203125 0.67578125 0.15625 0.0171875
0 0.73203125 0.67578125 0.07734375 0.01953125
0 0.81171875 0.6765625 0.0375 0.01875
0 0.28203125 0.69921875 0.05625 0.0171875
0 0.35234375 0.7 0.0359375 0.01484375
0 0.81328125 0.69921875 0.05078125 0.0203125
0 0.7328125 0.70078125 0.07890625 0.0171875
0 0.46015625 0.78046875 0.09765625 0.01640625
0 0.5609375 0.78203125 0.0546875 0.0125