0 0.559375 0.16328125 0.0921875 0.01875
0 0.34140625 0.16328125 0.1484375 0.01953125
0 0.4640625 0.16328125 0.0546875 0.01796875
0 0.42734375 0.18828125 0.20625 0.0203125
0 0.33125 0.21328125 0.09296875 0.01953125
0 0.21640625 0.2140625 0.084375 0.02109375
0 0.65390625 0.2140625 0.0828125 0.02109375
0 0.49296875 0.21484375 0.1875 0.021875
0 0.540625 0.2375 0.1296875 0.01875
0 0.396875 0.23828125 0.11171875 0.01875
0 0.30078125 0.23828125 0.02890625 0.0203125
0 0.6890625 0.2390625 0.12578125 0.0203125
0 0.1984375 0.2390625 0.13125 0.0203125
0 0.275 0.2625 0.09140625 0.01875
0 0.4046875 0.26328125 0.12578125 0.021875
0 0.56796875 0.26328125 0.15 0.02265625
0 0.23515625 0.2875 0.0546875 0.01875
0 0.3125 0.2875 0.05546875 0.01875
0 0.38671875 0.2875 0.0484375 0.01875
0 0.55 0.2875 0.22421875 0.01953125
0 0.26328125 0.33671875 0.10625 0.01875
0 0.49296875 0.33671875 0.25625 0.0203125
0 0.1515625 0.384375 0.03515625 0.0203125
0 0.0859375 0.38515625 0.0515625 0.01875
0 0.47109375 0.38515625 0.14609375 0.0203125
0 0.2953125 0.38515625 0.12578125 0.01953125
0 0.6359375 0.3859375 0.12734375 0.01875
0 0.0953125 0.409375 0.07421875 0.0203125
0 0.32109375 0.41015625 0.1875 0.0203125
0 0.51015625 0.4109375 0.15546875 0.0203125
0 0.690625 0.459375 0.084375 0.01953125
0 0.78671875 0.459375 0.05390625 0.01875
0 0.5375 0.46015625 0.13515625 0.02109375
0 0.1640625 0.46015625 0.2125 0.02109375
0 0.37265625 0.4609375 0.06015625 0.02421875
0 0.09609375 0.5078125 0.07421875 0.01953125
0 0.18046875 0.50859375 0.0484375 0.0203125
0 0.33125 0.53203125 0.009375 0.01875
0 0.7015625 0.5328125 0.07265625 0.0203125
0 0.53125 0.5328125 0.07265625 0.01875
0 0.78671875 0.5328125 0.05390625 0.0203125
0 0.3703125 0.534375 0.01484375 0.01328125
0 0.21796875 0.55625 0.09140625 0.0203125
0 0.1046875 0.55703125 0.09140625 0.021875
0 0.3328125 0.58046875 0.0125 0.01796875
0 0.5328125 0.58046875 0.06953125 0.01875
0 0.70390625 0.58125 0.06875 0.01953125
0 0.78671875 0.58125 0.05390625 0.01953125
0 0.3703125 0.58359375 0.01953125 0.0171875
0 0.0953125 0.6046875 0.07109375 0.01875
0 0.1890625 0.60546875 0.071875 0.0203125
0 0.33125 0.6296875 0.01484375 0.01953125
0 0.5296875 0.63046875 0.075 0.0203125
0 0.7015625 0.63046875 0.07265625 0.01875
0 0.78671875 0.63046875 0.05390625 0.01875
0 0.36875 0.63125 0.0125 0.0140625
0 0.10234375 0.67734375 0.084375 0.01953125
0 0.1984375 0.67734375 0.06015625 0.0203125
0 0.27421875 0.67734375 0.01640625 0.01953125
0 0.1015625 0.70078125 0.08671875 0.0203125
0 0.265625 0.70234375 0.1859375 0.02265625
0 0.4234375 0.703125 0.08828125 0.0203125
0 0.7765625 0.703125 0.075 0.01875
0 0.1015625 0.72578125 0.08671875 0.0203125
0 0.396875 0.72578125 0.03203125 0.0203125
0 0.26640625 0.72734375 0.18359375 0.021875
0 0.48046875 0.72734375 0.08828125 0.021875
0 0.7765625 0.72734375 0.07265625 0.01953125
0 0.16484375 0.75078125 0.209375 0.0203125
0 0.7390625 0.75234375 0.14453125 0.0203125
0 0.09375 0.79921875 0.071875 0.01875
0 0.7765625 0.8 0.07265625 0.01875
0 0.08359375 0.871875 0.05546875 0.01875
0 0.490625 0.87421875 0.11015625 0.01796875
0 0.5921875 0.87421875 0.0578125 0.0203125
0 0.7484375 0.87421875 0.12578125 0.02265625
0 0.19921875 0.875 0.1328125 0.01875
0 0.084375 0.896875 0.05390625 0.01875
0 0.58671875 0.896875 0.075 0.01953125
0 0.7765625 0.89765625 0.07265625 0.01875
0 0.26640625 0.89765625 0.03125 0.0203125
0 0.3296875 0.89765625 0.05078125 0.021875