0 0.69140625 0.07734375 0.12109375 0.015625
0 0.39140625 0.078125 0.3796875 0.01796875
0 0.40625 0.09921875 0.1015625 0.01640625
0 0.540625 0.1 0.03515625 0.015625
0 0.490625 0.10078125 0.01796875 0.0140625
0 0.3 0.12265625 0.1015625 0.015625
0 0.48046875 0.12265625 0.2078125 0.015625
0 0.65 0.1234375 0.08359375 0.0171875
0 0.309375 0.14609375 0.12578125 0.0171875
0 0.46953125 0.14609375 0.146875 0.0171875
0 0.63046875 0.14609375 0.1234375 0.01796875
0 0.44765625 0.16796875 0.103125 0.01640625
0 0.128125 0.16796875 0.10390625 0.01640625
0 0.2875 0.16796875 0.1671875 0.01640625
0 0.7578125 0.16875 0.1671875 0.01640625
0 0.584375 0.16953125 0.11875 0.01796875
0 0.3625 0.2125 0.06015625 0.015625
0 0.49296875 0.2125 0.140625 0.01640625
0 0.171875 0.25703125 0.06015625 0.015625
0 0.50234375 0.2578125 0.546875 0.0171875
0 0.0421875 0.2796875 0.01796875 0.015625
0 0.15625 0.2796875 0.1640625 0.015625
0 0.69296875 0.28046875 0.08359375 0.015625
0 0.815625 0.28203125 0.12265625 0.01796875
0 0.0625 0.32421875 0.06015625 0.015625
0 0.1796875 0.32421875 0.12578125 0.015625
0 0.81796875 0.32578125 0.12109375 0.01484375
0 0.26484375 0.34765625 0.03984375 0.015625
0 0.34140625 0.34765625 0.06015625 0.015625
0 0.41875 0.34765625 0.03203125 0.015625
0 0.54375 0.34765625 0.16640625 0.015625
0 0.671875 0.3484375 0.03828125 0.015625
0 0.1359375 0.378125 0.209375 0.03046875
0 0.39453125 0.37890625 0.02109375 0.0296875
0 0.30703125 0.3796875 0.03203125 0.034375
0 0.51328125 0.42734375 0.0203125 0.01796875
0 0.040625 0.42734375 0.00859375 0.015625
0 0.12734375 0.428125 0.059375 0.01484375
0 0.221875 0.428125 0.08125 0.01484375
0 0.38515625 0.428125 0.1890625 0.01484375
0 0.7578125 0.42890625 0.08125 0.015625
0 0.83203125 0.42890625 0.01796875 0.015625
0 0.040625 0.44921875 0.00859375 0.015625
0 0.12578125 0.45 0.0625 0.015625
0 0.19921875 0.45 0.03203125 0.015625
0 0.3390625 0.45 0.18671875 0.01640625
0 0.46953125 0.45 0.01640625 0.015625
0 0.74609375 0.4515625 0.10390625 0.01640625
0 0.83203125 0.4515625 0.01796875 0.015625
0 0.040625 0.47265625 0.00859375 0.01484375
0 0.12578125 0.47265625 0.0625 0.015625
0 0.221875 0.47265625 0.08359375 0.015625
0 0.38359375 0.47265625 0.01640625 0.015625
0 0.31796875 0.4734375 0.0546875 0.0171875
0 0.75625 0.4734375 0.08125 0.015625
0 0.83125 0.4734375 0.01796875 0.015625
0 0.040625 0.49453125 0.00859375 0.015625
0 0.12421875 0.49453125 0.0546875 0.015625
0 0.2328125 0.49453125 0.103125 0.015625
0 0.33984375 0.4953125 0.05390625 0.01640625
0 0.40390625 0.4953125 0.01640625 0.0140625
0 0.75625 0.4953125 0.08125 0.015625
0 0.83125 0.496875 0.01796875 0.01484375
0 0.1375 0.5171875 0.08125 0.015625
0 0.74609375 0.51875 0.1015625 0.015625
0 0.74609375 0.56328125 0.1015625 0.01640625
0 0.17578125 0.58515625 0.1609375 0.015625
0 0.74609375 0.5859375 0.1015625 0.015625
0 0.12890625 0.60703125 0.0546875 0.015625
0 0.21171875 0.60703125 0.059375 0.015625
0 0.29765625 0.60859375 0.059375 0.01796875
0 0.75625 0.60859375 0.08125 0.015625
0 0.1546875 0.6296875 0.1203125 0.015625
0 0.74609375 0.63125 0.1015625 0.01484375
0 0.12421875 0.6515625 0.0625 0.015625
0 0.21171875 0.6515625 0.0609375 0.01484375
0 0.753125 0.65234375 0.07734375 0.015625
0 0.12421875 0.6734375 0.06015625 0.015625
0 0.2109375 0.6734375 0.059375 0.015625
0 0.296875 0.6734375 0.059375 0.01484375
0 0.71328125 0.67421875 0.0375 0.015625
0 0.76953125 0.675 0.05234375 0.015625
0 0.16640625 0.696875 0.14609375 0.01796875
0 0.7453125 0.696875 0.1015625 0.015625
0 0.275 0.71796875 0.0609375 0.015625
0 0.15859375 0.71875 0.1234375 0.01796875
0 0.7484375 0.71875 0.0953125 0.015625
0 0.1546875 0.73984375 0.08671875 0.01640625
0 0.28515625 0.740625 0.12421875 0.01640625
0 0.39140625 0.740625 0.040625 0.01484375
0 0.4671875 0.740625 0.0609375 0.01484375
0 0.5453125 0.74140625 0.03359375 0.01484375
0 0.66953125 0.74140625 0.1671875 0.01640625
0 0.8 0.74140625 0.0421875 0.015625
0 0.209375 0.7625 0.10390625 0.015625
0 0.32421875 0.7625 0.078125 0.015625
0 0.45625 0.76328125 0.12421875 0.015625
0 0.58359375 0.76328125 0.08125 0.015625
0 0.709375 0.76328125 0.1203125 0.015625
0 0.4015625 0.78515625 0.0609375 0.01484375
0 0.47734375 0.78515625 0.03828125 0.01484375
0 0.54140625 0.78515625 0.03984375 0.015625
0 0.1984375 0.8296875 0.21015625 0.01796875
0 0.4546875 0.8296875 0.20625 0.0171875
0 0.678125 0.83046875 0.14375 0.01640625
0 0.14453125 0.85078125 0.103125 0.015625
0 0.2609375 0.85078125 0.075 0.015625
0 0.4015625 0.8515625 0.10390625 0.015625
0 0.6484375 0.85234375 0.08125 0.015625
0 0.14609375 0.8734375 0.103125 0.01484375
0 0.39140625 0.8734375 0.08125 0.015625
0 0.2609375 0.87421875 0.07734375 0.01484375
0 0.646875 0.875 0.08359375 0.01484375