0 0.5375 0.1125 0.18203125 0.01484375
0 0.37265625 0.1125 0.10078125 0.01484375
0 0.1875 0.1296875 0.1 0.01484375
0 0.51640625 0.1296875 0.059375 0.01484375
0 0.59921875 0.1296875 0.059375 0.01484375
0 0.74296875 0.1296875 0.17265625 0.01484375
0 0.36171875 0.13046875 0.20390625 0.01796875
0 0.64921875 0.146875 0.11796875 0.01484375
0 0.3515625 0.146875 0.18359375 0.015625
0 0.51640625 0.146875 0.1 0.01484375
0 0.503125 0.1640625 0.1546875 0.01484375
0 0.68515625 0.1640625 0.17734375 0.01484375
0 0.30078125 0.16484375 0.203125 0.01640625
0 0.51328125 0.18125 0.05234375 0.01640625
0 0.35234375 0.18203125 0.22421875 0.015625
0 0.6515625 0.18203125 0.15859375 0.015625
0 0.62890625 0.19765625 0.08046875 0.015625
0 0.3390625 0.19765625 0.07265625 0.015625
0 0.43515625 0.19765625 0.059375 0.015625
0 0.5265625 0.1984375 0.0796875 0.01484375
0 0.309375 0.21484375 0.05546875 0.01484375
0 0.38984375 0.21484375 0.05390625 0.01484375
0 0.54765625 0.21484375 0.24609375 0.015625
0 0.084375 0.2484375 0.0578125 0.01484375
0 0.209375 0.2484375 0.14609375 0.015625
0 0.39296875 0.24921875 0.14140625 0.01484375
0 0.12578125 0.265625 0.140625 0.01484375
0 0.646875 0.265625 0.1140625 0.01484375
0 0.5265625 0.265625 0.08125 0.01328125
0 0.39296875 0.265625 0.14140625 0.015625
0 0.425 0.28359375 0.2015625 0.0140625
0 0.61171875 0.28359375 0.075 0.0140625
0 0.775 0.28359375 0.0765625 0.01484375
0 0.096875 0.28359375 0.08671875 0.01484375
0 0.61875 0.29921875 0.096875 0.01484375
0 0.084375 0.3 0.06015625 0.01484375
0 0.3515625 0.3 0.0546875 0.01484375
0 0.74375 0.3 0.01171875 0.01484375
0 0.1171875 0.309375 0.1203125 0.03125
0 0.24921875 0.31796875 0.0984375 0.015625
0 0.50625 0.33359375 0.034375 0.015625
0 0.43515625 0.334375 0.059375 0.0140625
0 0.0953125 0.334375 0.0796875 0.01484375
0 0.35390625 0.334375 0.05703125 0.01484375
0 0.1046875 0.3515625 0.09765625 0.01328125
0 0.35234375 0.3515625 0.059375 0.01328125
0 0.125 0.384375 0.140625 0.015625
0 0.25859375 0.38515625 0.08125 0.01484375
0 0.4828125 0.40234375 0.115625 0.0140625
0 0.39140625 0.40234375 0.02109375 0.01484375
0 0.78046875 0.40234375 0.09296875 0.0140625
0 0.63984375 0.40234375 0.05546875 0.0140625
0 0.87734375 0.40234375 0.06953125 0.0140625
0 0.0953125 0.40234375 0.0796875 0.01484375
0 0.33125 0.40390625 0.059375 0.0171875
0 0.29140625 0.4359375 0.13828125 0.01484375
0 0.41328125 0.4359375 0.059375 0.015625
0 0.525 0.4359375 0.1171875 0.01640625
0 0.125 0.4375 0.13828125 0.0171875
0 0.71171875 0.4375 0.19453125 0.0171875
0 0.63046875 0.453125 0.0375 0.015625
0 0.46484375 0.453125 0.08046875 0.015625
0 0.15703125 0.45390625 0.203125 0.0140625
0 0.34453125 0.45390625 0.034375 0.0140625
0 0.39140625 0.45390625 0.02109375 0.01484375
0 0.8578125 0.45390625 0.1171875 0.0140625
0 0.0953125 0.46953125 0.0796875 0.01484375
0 0.3828125 0.46953125 0.1515625 0.015625
0 0.51796875 0.4703125 0.0609375 0.01328125
0 0.2171875 0.4703125 0.11875 0.01484375
0 0.57890625 0.471875 0.01640625 0.0109375
0 0.865625 0.4875 0.10078125 0.01484375
0 0.1359375 0.4875 0.1578125 0.01484375
0 0.39296875 0.4875 0.02109375 0.01484375
0 0.35078125 0.4875 0.0125 0.01484375
0 0.63046875 0.4875 0.0375 0.01484375
0 0.475 0.4875 0.109375 0.01796875
0 0.17734375 0.50390625 0.11796875 0.015625
0 0.07421875 0.50390625 0.03984375 0.015625
0 0.315625 0.50390625 0.109375 0.01484375
0 0.46484375 0.50390625 0.1234375 0.015625
0 0.59921875 0.50390625 0.1 0.01484375
0 0.796875 0.5046875 0.2390625 0.015625
0 0.63046875 0.5203125 0.0375 0.01484375
0 0.42578125 0.52109375 0.15859375 0.01484375
0 0.1359375 0.52109375 0.16171875 0.01484375
0 0.87578125 0.521875 0.08671875 0.015625
0 0.3734375 0.53828125 0.14140625 0.0140625
0 0.125 0.53828125 0.140625 0.01484375
0 0.2484375 0.53828125 0.05703125 0.0140625
0 0.8671875 0.5546875 0.0984375 0.01484375
0 0.39140625 0.5546875 0.02109375 0.01484375
0 0.4765625 0.5546875 0.0984375 0.01484375
0 0.63046875 0.5546875 0.0375 0.01484375
0 0.1671875 0.5546875 0.2234375 0.015625
0 0.35234375 0.55546875 0.01171875 0.01484375
0 0.85703125 0.58828125 0.11875 0.015625
0 0.184375 0.58828125 0.09140625 0.01484375
0 0.0859375 0.5890625 0.0578125 0.0140625
0 0.865625 0.60546875 0.09453125 0.015625
0 0.10546875 0.60625 0.0890625 0.01484375
0 0.87578125 0.6234375 0.08046875 0.015625
0 0.1359375 0.62421875 0.16171875 0.01796875
0 0.37265625 0.65625 0.05546875 0.01328125
0 0.10234375 0.65625 0.09140625 0.01484375
0 0.25 0.65625 0.13984375 0.01484375
0 0.88984375 0.65703125 0.05390625 0.0140625
0 0.82421875 0.65703125 0.0546875 0.0140625
0 0.0953125 0.6734375 0.0796875 0.015625
0 0.85703125 0.6734375 0.11875 0.015625
0 0.865625 0.68984375 0.10078125 0.01484375
0 0.115625 0.69140625 0.1203125 0.01796875
0 0.51796875 0.7234375 0.059375 0.01484375
0 0.865625 0.7234375 0.10078125 0.01484375
0 0.12890625 0.7234375 0.146875 0.01484375
0 0.425 0.72421875 0.0796875 0.01484375
0 0.30078125 0.725 0.12109375 0.0171875
0 0.10546875 0.75703125 0.1 0.01484375
0 0.27109375 0.75703125 0.18125 0.01484375
0 0.49609375 0.75703125 0.1 0.01484375
0 0.403125 0.7578125 0.0375 0.01328125
0 0.08359375 0.77421875 0.0578125 0.01484375
0 0.5890625 0.775 0.06875 0.01484375
0 0.48515625 0.775 0.11796875 0.01484375
0 0.8453125 0.775 0.1328125 0.01640625
0 0.20703125 0.775 0.14140625 0.0171875
0 0.190625 0.79140625 0.05234375 0.01484375
0 0.56796875 0.79140625 0.12265625 0.01484375
0 0.8671875 0.79140625 0.096875 0.01484375
0 0.096875 0.7921875 0.0828125 0.01640625
0 0.2078125 0.825 0.09765625 0.01484375
0 0.39453125 0.825 0.05546875 0.01484375
0 0.74921875 0.825 0.11484375 0.01484375
0 0.3125 0.825 0.0578125 0.01328125
0 0.65 0.82578125 0.034375 0.01328125
0 0.52890625 0.82734375 0.1609375 0.01640625
0 0.1046875 0.8421875 0.1 0.01484375
0 0.79375 0.8421875 0.20390625 0.015625
0 0.21953125 0.8421875 0.078125 0.01484375
0 0.39140625 0.84375 0.05546875 0.01171875
0 0.3125 0.84375 0.0578125 0.01171875
0 0.559375 0.84375 0.2234375 0.0171875