0 0.6359375 0.07890625 0.05703125 0.01640625
0 0.5515625 0.08046875 0.05859375 0.01640625
0 0.4671875 0.08203125 0.05234375 0.01875
0 0.3484375 0.0828125 0.11796875 0.0171875
0 0.228125 0.084375 0.0390625 0.01640625
0 0.52421875 0.103125 0.19453125 0.01953125
0 0.321875 0.10703125 0.14140625 0.0203125
0 0.68046875 0.1234375 0.05703125 0.01640625
0 0.7453125 0.12421875 0.01640625 0.0171875
0 0.575 0.125 0.1 0.0171875
0 0.42734375 0.12734375 0.13359375 0.01796875
0 0.321875 0.12890625 0.0140625 0.01484375
0 0.2296875 0.1296875 0.1140625 0.0171875
0 0.11015625 0.13125 0.05625 0.01640625
0 0.65859375 0.146875 0.17890625 0.01796875
0 0.4078125 0.15 0.26953125 0.01796875
0 0.175 0.153125 0.14375 0.0171875
0 0.67265625 0.16875 0.16171875 0.01796875
0 0.45859375 0.171875 0.20078125 0.01875
0 0.2921875 0.17421875 0.0734375 0.01640625
0 0.1765625 0.17578125 0.09921875 0.01640625
0 0.54921875 0.19296875 0.278125 0.01953125
0 0.35859375 0.19609375 0.034375 0.01640625
0 0.29453125 0.196875 0.0359375 0.01640625
0 0.21015625 0.1984375 0.075 0.01953125
0 0.484375 0.21640625 0.15859375 0.01796875
0 0.33828125 0.21953125 0.07109375 0.01875
0 0.48671875 0.2390625 0.16015625 0.01875
0 0.3390625 0.240625 0.07890625 0.01640625
0 0.8484375 0.278125 0.0359375 0.01640625
0 0.64765625 0.28125 0.14375 0.0171875
0 0.49140625 0.284375 0.11796875 0.01953125
0 0.375 0.28515625 0.053125 0.01640625
0 0.2890625 0.28671875 0.05703125 0.0171875
0 0.2046875 0.28828125 0.053125 0.01640625
0 0.08828125 0.2890625 0.11796875 0.01796875
0 0.19453125 0.31015625 0.03828125 0.0171875
0 0.06875 0.3125 0.07890625 0.01640625
0 0.77734375 0.32421875 0.1 0.0171875
0 0.6296875 0.3265625 0.09765625 0.01796875
0 0.52578125 0.328125 0.053125 0.01640625
0 0.16484375 0.33359375 0.2671875 0.01875
0 0.85 0.346875 0.03828125 0.01953125
0 0.3671875 0.353125 0.0359375 0.01640625
0 0.25 0.35546875 0.14375 0.02109375
0 0.090625 0.35703125 0.12109375 0.0171875
0 0.2421875 0.378125 0.11796875 0.0203125
0 0.07265625 0.3796875 0.07890625 0.01796875
0 0.7921875 0.39140625 0.07734375 0.0171875
0 0.64375 0.39375 0.0796875 0.01640625
0 0.5296875 0.39609375 0.053125 0.01640625
0 0.10390625 0.4015625 0.1421875 0.01875
0 0.85703125 0.4125 0.034375 0.01640625
0 0.3609375 0.4203125 0.13984375 0.01875
0 0.22265625 0.42265625 0.07890625 0.01640625
0 0.09453125 0.42421875 0.12109375 0.01875
0 0.246875 0.44609375 0.115625 0.01796875
0 0.075 0.44765625 0.07890625 0.0171875
0 0.79609375 0.459375 0.07734375 0.01640625
0 0.64765625 0.46171875 0.0796875 0.0171875
0 0.53359375 0.4625 0.05625 0.01796875
0 0.17265625 0.46875 0.2671875 0.0203125
0 0.86171875 0.48046875 0.0359375 0.01640625
0 0.3109375 0.4890625 0.16171875 0.01953125
0 0.1203125 0.4921875 0.1640625 0.01875
0 0.35703125 0.51171875 0.1171875 0.01953125
0 0.13359375 0.51484375 0.1828125 0.01875
0 0.80078125 0.5265625 0.07890625 0.01796875
0 0.653125 0.52890625 0.0765625 0.0171875
0 0.5375 0.53125 0.053125 0.01640625
0 0.1765625 0.5359375 0.26953125 0.02109375
0 0.865625 0.54765625 0.0359375 0.01640625
0 0.2515625 0.5578125 0.07890625 0.0171875
0 0.1140625 0.559375 0.14375 0.01796875
0 0.8015625 0.57109375 0.07890625 0.01640625
0 0.6546875 0.57421875 0.07734375 0.01640625
0 0.53984375 0.57578125 0.053125 0.01640625
0 0.09453125 0.58125 0.1 0.01796875
0 0.87890625 0.61484375 0.0140625 0.0171875
0 0.73984375 0.61796875 0.1171875 0.02109375
0 0.2671875 0.62421875 0.0140625 0.01640625
0 0.11796875 0.6265625 0.1375 0.01953125
0 0.74140625 0.66015625 0.0421875 0.01796875
0 0.8359375 0.6609375 0.10390625 0.01953125
0 0.36328125 0.6671875 0.121875 0.01875
0 0.2171875 0.66875 0.07890625 0.0203125
0 0.09765625 0.671875 0.096875 0.01875
0 0.8296875 0.68359375 0.11953125 0.01796875
0 0.72421875 0.684375 0.0359375 0.01796875
0 0.090625 0.69453125 0.0796875 0.01796875
0 0.84140625 0.70546875 0.09921875 0.0171875
0 0.746875 0.70703125 0.0359375 0.01640625
0 0.1140625 0.7171875 0.12109375 0.01796875
0 0.79296875 0.75078125 0.08671875 0.01875
0 0.7046875 0.753125 0.05234375 0.0203125
0 0.528125 0.75625 0.103125 0.01875
0 0.43359375 0.75703125 0.0390625 0.01875
0 0.3078125 0.75703125 0.1640625 0.01875
0 0.16875 0.76015625 0.0625 0.01953125
0 0.08125 0.76328125 0.05859375 0.0203125
0 0.79453125 0.796875 0.2046875 0.01875
0 0.64375 0.7984375 0.03203125 0.01640625
0 0.51953125 0.80078125 0.07890625 0.0171875
0 0.4125 0.8015625 0.07265625 0.0171875
0 0.2984375 0.803125 0.096875 0.01875
0 0.14140625 0.80703125 0.15859375 0.0203125
0 0.48828125 0.8234375 0.14375 0.0171875
0 0.3203125 0.82578125 0.1421875 0.0203125
0 0.14140625 0.8296875 0.16171875 0.0203125
0 0.6921875 0.865625 0.121875 0.01796875
0 0.5328125 0.8671875 0.14375 0.01875
0 0.40625 0.86953125 0.05859375 0.01796875
0 0.2703125 0.871875 0.16015625 0.0203125
0 0.58671875 0.8890625 0.15859375 0.01953125
0 0.43984375 0.89140625 0.07890625 0.01875
0 0.3453125 0.89296875 0.05703125 0.01796875
0 0.28046875 0.89453125 0.015625 0.01640625
0 0.6609375 0.9109375 0.13984375 0.01875
0 0.52578125 0.9125 0.07890625 0.01796875
0 0.44140625 0.9140625 0.03671875 0.0171875
0 0.31484375 0.91640625 0.16171875 0.02109375