0 0.16875 0.03828125 0.25078125 0.02109375
0 0.671875 0.115625 0.24140625 0.01953125
0 0.38515625 0.1171875 0.24140625 0.01875
0 0.78125 0.1453125 0.0953125 0.02109375
0 0.36640625 0.146875 0.34609375 0.02109375
0 0.63671875 0.1484375 0.10234375 0.02109375
0 0.43828125 0.17734375 0.06640625 0.01953125
0 0.7234375 0.17734375 0.27109375 0.01953125
0 0.3140625 0.178125 0.1 0.02109375
0 0.1890625 0.178125 0.0640625 0.02109375
0 0.68984375 0.20859375 0.41875 0.01953125
0 0.3375 0.20859375 0.0546875 0.01953125
0 0.20703125 0.20859375 0.0953125 0.02109375
0 0.38828125 0.26875 0.09765625 0.02109375
0 0.5828125 0.26875 0.209375 0.02109375
0 0.81796875 0.26875 0.16875 0.02109375
0 0.18203125 0.2703125 0.19140625 0.0234375
0 0.3515625 0.30078125 0.17109375 0.01953125
0 0.7984375 0.30078125 0.20703125 0.01953125
0 0.56640625 0.30078125 0.17109375 0.01953125
0 0.1546875 0.3015625 0.13671875 0.02109375
0 0.53046875 0.33203125 0.24140625 0.02109375
0 0.7640625 0.33203125 0.134375 0.02109375
0 0.246875 0.33203125 0.09375 0.02109375
0 0.65703125 0.36328125 0.4671875 0.0234375
0 0.2640625 0.36328125 0.18203125 0.02109375
0 0.74921875 0.42421875 0.1640625 0.02109375
0 0.4421875 0.42421875 0.35078125 0.021875
0 0.1375 0.425 0.09765625 0.02109375
0 0.8359375 0.45390625 0.2046875 0.01875
0 0.56640625 0.45390625 0.0890625 0.01875
0 0.43984375 0.4546875 0.0640625 0.01640625
0 0.1515625 0.45546875 0.1296875 0.01953125
0 0.28046875 0.51328125 0.1 0.01875
0 0.46015625 0.51328125 0.16875 0.02109375
0 0.1375 0.51484375 0.09765625 0.01796875
0 0.79375 0.5421875 0.12109375 0.02109375
0 0.90859375 0.5421875 0.059375 0.02109375
0 0.38828125 0.54375 0.025 0.01875
0 0.5671875 0.575 0.01328125 0.01640625
0 0.65703125 0.575 0.06171875 0.01875
0 0.79375 0.63203125 0.12109375 0.01875
0 0.90859375 0.63203125 0.0640625 0.01875
0 0.37265625 0.634375 0.06171875 0.01875
0 0.49453125 0.634375 0.0953125 0.01875
0 0.24140625 0.63515625 0.08671875 0.01953125
0 0.90859375 0.66328125 0.059375 0.01875
0 0.3703125 0.66328125 0.06640625 0.0234375
0 0.24375 0.6640625 0.09140625 0.01953125
0 0.7828125 0.6640625 0.10234375 0.02421875
0 0.87109375 0.72265625 0.12109375 0.02109375
0 0.61640625 0.7234375 0.1984375 0.021875
0 0.28125 0.725 0.16171875 0.01875
0 0.85390625 0.7515625 0.1734375 0.02109375
0 0.33515625 0.75390625 0.278125 0.01875
0 0.79375 0.78125 0.12109375 0.02109375
0 0.9109375 0.78125 0.059375 0.02109375
0 0.265625 0.78203125 0.134375 0.02109375
0 0.74140625 0.83984375 0.0890625 0.01953125
0 0.61875 0.840625 0.06171875 0.02109375
0 0.428125 0.84140625 0.23203125 0.02109375
0 0.209375 0.8421875 0.0953125 0.01953125
0 0.4421875 0.9 0.13671875 0.02109375
0 0.60234375 0.9 0.09765625 0.02109375
0 0.74296875 0.9 0.09140625 0.02109375
0 0.24609375 0.9015625 0.16875 0.02109375
0 0.47734375 0.93125 0.3484375 0.02109375