0 0.4609375 0.17109375 0.0546875 0.01875
0 0.55546875 0.17109375 0.09296875 0.01875
0 0.33828125 0.171875 0.1484375 0.01953125
0 0.425 0.196875 0.20390625 0.01953125
0 0.3296875 0.22265625 0.09140625 0.02109375
0 0.64921875 0.22421875 0.08359375 0.021875
0 0.21484375 0.22421875 0.084375 0.021875
0 0.490625 0.225 0.1859375 0.021875
0 0.5375 0.2484375 0.12890625 0.0203125
0 0.39453125 0.2484375 0.11171875 0.0203125
0 0.19765625 0.24921875 0.12890625 0.021875
0 0.6859375 0.24921875 0.1234375 0.021875
0 0.2984375 0.24921875 0.02890625 0.021875
0 0.2734375 0.27421875 0.09140625 0.01953125
0 0.403125 0.275 0.12578125 0.021875
0 0.56640625 0.275 0.14609375 0.0234375
0 0.3859375 0.3 0.04609375 0.01953125
0 0.54765625 0.3 0.221875 0.01953125
0 0.234375 0.3 0.05234375 0.01953125
0 0.31015625 0.3 0.05546875 0.01953125
0 0.26640625 0.3515625 0.09765625 0.01875
0 0.4921875 0.3515625 0.25234375 0.01953125
0 0.46953125 0.4015625 0.14296875 0.01953125
0 0.29375 0.4015625 0.12578125 0.0203125
0 0.63359375 0.4015625 0.12734375 0.0203125
0 0.0859375 0.40234375 0.04921875 0.01953125
0 0.15234375 0.403125 0.03671875 0.0171875
0 0.3203125 0.42734375 0.1859375 0.01953125
0 0.51171875 0.42734375 0.14375 0.01953125
0 0.09453125 0.428125 0.07109375 0.01796875
0 0.68828125 0.4796875 0.084375 0.01953125
0 0.78515625 0.4796875 0.0515625 0.01875
0 0.159375 0.48046875 0.203125 0.02109375
0 0.3671875 0.48046875 0.05390625 0.021875
0 0.53828125 0.48046875 0.12890625 0.02109375
0 0.09453125 0.53046875 0.07265625 0.01953125
0 0.17890625 0.53125 0.046875 0.01953125
0 0.3296875 0.55546875 0.00546875 0.015625
0 0.52890625 0.55546875 0.07265625 0.01953125
0 0.69921875 0.55546875 0.07265625 0.01953125
0 0.784375 0.55546875 0.05390625 0.01953125
0 0.36875 0.55703125 0.0109375 0.01328125
0 0.0953125 0.58046875 0.06875 0.01953125
0 0.18828125 0.58125 0.06953125 0.02109375
0 0.52890625 0.60625 0.07265625 0.01875
0 0.78359375 0.60625 0.05390625 0.01953125
0 0.69921875 0.60625 0.07265625 0.01953125
0 0.33125 0.60625 0.00546875 0.01640625
0 0.36796875 0.6078125 0.0125 0.0125
0 0.10234375 0.65625 0.084375 0.01953125
0 0.2046875 0.65703125 0.06640625 0.01953125
0 0.2734375 0.65703125 0.01640625 0.01953125
0 0.10390625 0.68203125 0.0828125 0.01953125
0 0.77578125 0.68203125 0.07265625 0.01953125
0 0.26484375 0.6828125 0.18359375 0.021875
0 0.42265625 0.6828125 0.0859375 0.02109375
0 0.10390625 0.70703125 0.0828125 0.02109375
0 0.39453125 0.70703125 0.03203125 0.02109375
0 0.77578125 0.70703125 0.07265625 0.01953125
0 0.26484375 0.7078125 0.18359375 0.021875
0 0.4796875 0.70859375 0.0859375 0.02109375
0 0.7359375 0.73359375 0.14609375 0.01875
0 0.16484375 0.73359375 0.20703125 0.02109375
0 0.77578125 0.784375 0.07265625 0.01875
0 0.7484375 0.8609375 0.12109375 0.021875
0 0.5265625 0.86171875 0.184375 0.021875
0 0.25234375 0.8640625 0.01953125 0.01640625
0 0.27421875 0.88515625 0.0140625 0.0140625
0 0.77578125 0.8859375 0.07265625 0.01875
0 0.5859375 0.8859375 0.07265625 0.01953125
0 0.328125 0.8875 0.05234375 0.02109375