0 0.51640625 0.0828125 0.3140625 0.01328125
0 0.22109375 0.08359375 0.24296875 0.0125
0 0.73203125 0.08359375 0.08125 0.0125
0 0.840625 0.08359375 0.09609375 0.0125
0 0.4953125 0.103125 0.159375 0.0125
0 0.2875 0.11875 0.05234375 0.01015625
0 0.46015625 0.11875 0.109375 0.01015625
0 0.55703125 0.11875 0.0578125 0.01015625
0 0.66171875 0.11875 0.1265625 0.01015625
0 0.359375 0.11953125 0.0640625 0.0109375
0 0.49375 0.1359375 0.16796875 0.01171875
0 0.46953125 0.153125 0.11640625 0.01015625
0 0.34375 0.153125 0.10703125 0.01171875
0 0.61953125 0.153125 0.15703125 0.0109375
0 0.37109375 0.16953125 0.06328125 0.01015625
0 0.5421875 0.16953125 0.21484375 0.01015625
0 0.334375 0.19140625 0.0703125 0.01015625
0 0.4 0.19140625 0.03125 0.01015625
0 0.56953125 0.19140625 0.2421875 0.01015625
0 0.525 0.20859375 0.07265625 0.0109375
0 0.36328125 0.20859375 0.21875 0.0109375
0 0.65625 0.209375 0.15859375 0.01015625
0 0.09765625 0.234375 0.10703125 0.01015625
0 0.6390625 0.25390625 0.07265625 0.01171875
0 0.80546875 0.25390625 0.17734375 0.0109375
0 0.084375 0.25390625 0.0671875 0.0109375
0 0.42109375 0.2546875 0.21484375 0.0109375
0 0.1484375 0.2546875 0.04140625 0.0109375
0 0.78515625 0.271875 0.1359375 0.01015625
0 0.6421875 0.271875 0.084375 0.01015625
0 0.11328125 0.27265625 0.125 0.015625
0 0.36640625 0.27265625 0.0953125 0.01015625
0 0.63125 0.2890625 0.06328125 0.0109375
0 0.15 0.29140625 0.196875 0.0125
0 0.565625 0.32265625 0.11953125 0.0125
0 0.0859375 0.32265625 0.075 0.01171875
0 0.88828125 0.32265625 0.06015625 0.01171875
0 0.403125 0.3234375 0.078125 0.01328125
0 0.7453125 0.3234375 0.14140625 0.0125
0 0.396875 0.33828125 0.01796875 0.009375
0 0.56328125 0.33828125 0.06875 0.009375
0 0.090625 0.3390625 0.078125 0.01015625
0 0.77734375 0.3390625 0.06875 0.01015625
0 0.88828125 0.3390625 0.046875 0.01015625
0 0.41640625 0.35546875 0.07265625 0.0109375
0 0.0890625 0.35546875 0.07734375 0.0109375
0 0.2421875 0.35625 0.203125 0.0125
0 0.396875 0.375 0.00859375 0.01015625
0 0.56328125 0.375 0.06875 0.01015625
0 0.77734375 0.375 0.06875 0.0109375
0 0.090625 0.375 0.078125 0.0109375
0 0.88828125 0.375 0.046875 0.0109375
0 0.24375 0.39296875 0.1765625 0.0109375
0 0.39375 0.39296875 0.10078125 0.0109375
0 0.51953125 0.39296875 0.1234375 0.0109375
0 0.11328125 0.39296875 0.0546875 0.01015625
0 0.06015625 0.39296875 0.00859375 0.01015625
0 0.56484375 0.4125 0.084375 0.01015625
0 0.0921875 0.4125 0.075 0.0109375
0 0.76953125 0.4125 0.084375 0.0109375
0 0.8890625 0.4125 0.04609375 0.0109375
0 0.3984375 0.4296875 0.06328125 0.01015625
0 0.28125 0.4296875 0.140625 0.01015625
0 0.1453125 0.4296875 0.0984375 0.01015625
0 0.065625 0.4296875 0.03125 0.01015625
0 0.56484375 0.4484375 0.0890625 0.0109375
0 0.396875 0.4484375 0.01796875 0.0109375
0 0.890625 0.4484375 0.04375 0.01015625
0 0.0921875 0.4484375 0.075 0.01015625
0 0.76796875 0.4484375 0.0890625 0.01015625
0 0.5875 0.46640625 0.10078125 0.0109375
0 0.46328125 0.46640625 0.12109375 0.01015625
0 0.34453125 0.46640625 0.08671875 0.01015625
0 0.15390625 0.46640625 0.05703125 0.0109375
0 0.0828125 0.46640625 0.0578125 0.01015625
0 0.240625 0.46640625 0.0921875 0.0109375
0 0.88828125 0.4859375 0.046875 0.01015625
0 0.75859375 0.4859375 0.10625 0.01015625
0 0.56328125 0.4859375 0.06875 0.01015625
0 0.0921875 0.4859375 0.075 0.01015625
0 0.396875 0.4859375 0.05859375 0.01015625
0 0.26796875 0.50234375 0.1078125 0.0109375
0 0.12578125 0.503125 0.1484375 0.0109375
0 0.56640625 0.52265625 0.08359375 0.01015625
0 0.090625 0.52265625 0.06953125 0.01015625
0 0.88828125 0.52265625 0.046875 0.01015625
0 0.76796875 0.52265625 0.0890625 0.01015625
0 0.396875 0.52265625 0.0171875 0.01015625
0 0.3203125 0.53984375 0.25703125 0.01015625
0 0.5453125 0.53984375 0.16796875 0.01015625
0 0.6984375 0.53984375 0.11640625 0.01015625
0 0.0625 0.53984375 0.025 0.009375
0 0.096875 0.540625 0.0203125 0.009375
0 0.1515625 0.540625 0.05859375 0.01015625
0 0.56640625 0.559375 0.0859375 0.009375
0 0.090625 0.559375 0.08046875 0.009375
0 0.88828125 0.559375 0.046875 0.009375
0 0.76796875 0.559375 0.0890625 0.009375
0 0.396875 0.559375 0.01796875 0.009375
0 0.12578125 0.57734375 0.15078125 0.01015625
0 0.27109375 0.57734375 0.11484375 0.0125
0 0.396875 0.5953125 0.01796875 0.0109375
0 0.76796875 0.59609375 0.0890625 0.009375
0 0.88828125 0.59609375 0.046875 0.009375
0 0.0921875 0.59609375 0.07734375 0.009375
0 0.5671875 0.59609375 0.08671875 0.0109375
0 0.07421875 0.61328125 0.04140625 0.0109375
0 0.1484375 0.61328125 0.07890625 0.01015625
0 0.396875 0.6328125 0.01796875 0.01015625
0 0.0921875 0.6328125 0.075 0.0109375
0 0.56328125 0.6328125 0.06875 0.0109375
0 0.76796875 0.6328125 0.0890625 0.0109375
0 0.8890625 0.6328125 0.04609375 0.0109375
0 0.12109375 0.65 0.13515625 0.01015625
0 0.590625 0.66953125 0.0375 0.01015625
0 0.3984375 0.66953125 0.01640625 0.01015625
0 0.890625 0.66953125 0.04609375 0.01015625
0 0.76796875 0.66953125 0.0890625 0.01015625
0 0.5390625 0.66953125 0.03984375 0.01015625
0 0.0875 0.66953125 0.065625 0.01015625
0 0.1328125 0.68671875 0.15859375 0.0109375
0 0.06171875 0.69765625 0.0453125 0.0015625
0 0.3953125 0.70390625 0.06015625 0.0125
0 0.1859375 0.7046875 0.08125 0.0125
0 0.75859375 0.7046875 0.1078125 0.01171875
0 0.26015625 0.70546875 0.0578125 0.01328125
0 0.2796875 0.7359375 0.0859375 0.01015625
0 0.1859375 0.7359375 0.075 0.01015625
0 0.75859375 0.7359375 0.11015625 0.01015625
0 0.55 0.73671875 0.08359375 0.01171875
0 0.41484375 0.7375 0.16171875 0.0125
0 0.77734375 0.7546875 0.06875 0.009375
0 0.52265625 0.7546875 0.1390625 0.009375
0 0.55703125 0.7734375 0.0703125 0.0109375
0 0.4703125 0.7734375 0.07734375 0.0109375
0 0.76640625 0.77421875 0.0875 0.0109375
0 0.77734375 0.7953125 0.06875 0.009375
0 0.51796875 0.79609375 0.1453125 0.01328125
0 0.75859375 0.81640625 0.11015625 0.01015625
0 0.2234375 0.81640625 0.09296875 0.01015625
0 0.11953125 0.81640625 0.084375 0.01015625
0 0.48125 0.81640625 0.03125 0.01015625
0 0.5515625 0.81796875 0.0859375 0.0125
0 0.36796875 0.81796875 0.16796875 0.01171875
0 0.75859375 0.83671875 0.11015625 0.01015625
0 0.540625 0.83671875 0.10078125 0.0109375
0 0.778125 0.8546875 0.06953125 0.01015625
0 0.528125 0.85625 0.13671875 0.01328125
0 0.15390625 0.88828125 0.078125 0.0140625
0 0.30703125 0.8890625 0.19921875 0.0109375
0 0.240625 0.91171875 0.08984375 0.0109375
0 0.8015625 0.9125 0.15 0.0109375
0 0.3921875 0.9125 0.028125 0.01171875
0 0.57421875 0.91328125 0.159375 0.01171875
0 0.1578125 0.91328125 0.0609375 0.01171875
0 0.1515625 0.92734375 0.05 0.01015625
0 0.5953125 0.92734375 0.11953125 0.01015625
0 0.3921875 0.92734375 0.0203125 0.01015625
0 0.82734375 0.92734375 0.09609375 0.0109375
0 0.36484375 0.94921875 0.0875 0.0109375
0 0.59453125 0.94921875 0.121875 0.0109375
0 0.82734375 0.94921875 0.09453125 0.0109375
0 0.27734375 0.9828125 0.08125 0.00859375
0 0.35859375 0.9828125 0.06015625 0.00859375
0 0.434375 0.9828125 0.0609375 0.00859375
0 0.75 0.9828125 0.09765625 0.00859375
0 0.84296875 0.9828125 0.06015625 0.00859375
0 0.578125 0.9828125 0.19921875 0.00859375
0 0.16484375 0.9828125 0.115625 0.00859375