0 0.4109375 0.153125 0.1109375 0.01953125
0 0.62265625 0.153125 0.0578125 0.01796875
0 0.29375 0.15390625 0.0546875 0.0171875
0 0.5328125 0.15390625 0.0453125 0.0203125
0 0.703125 0.1546875 0.0734375 0.015625
0 0.496875 0.175 0.328125 0.0171875
0 0.17265625 0.1953125 0.0734375 0.015625
0 0.48203125 0.19609375 0.13359375 0.01875
0 0.29375 0.19609375 0.12421875 0.01953125
0 0.746875 0.19765625 0.06328125 0.01796875
0 0.64296875 0.19765625 0.1078125 0.01640625
0 0.81640625 0.1984375 0.0328125 0.01953125
0 0.24296875 0.21796875 0.15703125 0.0171875
0 0.46875 0.21875 0.290625 0.01796875
0 0.7171875 0.21953125 0.1765625 0.01796875
0 0.2375 0.2390625 0.12890625 0.0203125
0 0.515625 0.240625 0.19140625 0.01953125
0 0.35703125 0.24140625 0.08671875 0.01640625
0 0.73046875 0.2421875 0.1890625 0.01796875
0 0.35859375 0.26328125 0.0453125 0.0203125
0 0.28359375 0.26328125 0.06328125 0.01953125
0 0.425 0.26328125 0.04296875 0.01875
0 0.60859375 0.2640625 0.2578125 0.01875
0 0.44140625 0.28515625 0.171875 0.01640625
0 0.58671875 0.28671875 0.0828125 0.01640625
0 0.40859375 0.30859375 0.06640625 0.01796875
0 0.53828125 0.309375 0.1546875 0.01796875
0 0.35546875 0.35234375 0.12890625 0.01640625
0 0.1140625 0.35234375 0.065625 0.01640625
0 0.2234375 0.35234375 0.1140625 0.01796875
0 0.515625 0.353125 0.159375 0.0171875
0 0.9078125 0.353125 0.03984375 0.015625
0 0.12578125 0.3734375 0.0953125 0.0203125
0 0.30625 0.37421875 0.14375 0.01796875
0 0.553125 0.39609375 0.02265625 0.01953125
0 0.6953125 0.396875 0.090625 0.0171875
0 0.15625 0.39765625 0.1671875 0.01953125
0 0.59921875 0.39765625 0.04296875 0.0203125
0 0.8453125 0.3984375 0.09765625 0.01640625
0 0.1671875 0.41796875 0.16953125 0.01796875
0 0.371875 0.41953125 0.184375 0.01875
0 0.90859375 0.42109375 0.0421875 0.02109375
0 0.14140625 0.44140625 0.1421875 0.01640625
0 0.30859375 0.44140625 0.0953125 0.0203125
0 0.60078125 0.46328125 0.02265625 0.0171875
0 0.69140625 0.46328125 0.08359375 0.015625
0 0.55625 0.46328125 0.0203125 0.015625
0 0.21875 0.46328125 0.275 0.015625
0 0.84140625 0.46484375 0.103125 0.01640625
0 0.23671875 0.484375 0.07265625 0.0171875
0 0.33203125 0.48515625 0.09609375 0.01796875
0 0.12890625 0.48515625 0.1109375 0.01796875
0 0.9109375 0.48671875 0.0546875 0.01484375
0 0.33828125 0.5046875 0.1359375 0.01796875
0 0.14375 0.50625 0.13359375 0.01875
0 0.5578125 0.528125 0.015625 0.01640625
0 0.1609375 0.528125 0.16328125 0.01640625
0 0.68984375 0.52890625 0.09140625 0.015625
0 0.59765625 0.52890625 0.02578125 0.015625
0 0.8390625 0.53046875 0.090625 0.015625
0 0.325 0.55078125 0.146875 0.01640625
0 0.153125 0.55078125 0.15078125 0.0171875
0 0.909375 0.55234375 0.05 0.02265625
0 0.18671875 0.57265625 0.2078125 0.015625
0 0.39765625 0.5734375 0.0890625 0.015625
0 0.15234375 0.59453125 0.1546875 0.015625
0 0.68359375 0.5953125 0.11171875 0.0171875
0 0.596875 0.59609375 0.028125 0.01796875
0 0.5546875 0.59609375 0.02265625 0.0140625
0 0.825 0.59609375 0.11171875 0.01640625
0 0.1546875 0.640625 0.146875 0.021875
0 0.303125 0.640625 0.0203125 0.01953125
0 0.91484375 0.64140625 0.02578125 0.015625
0 0.77421875 0.6421875 0.128125 0.021875
0 0.77578125 0.6828125 0.04375 0.01875
0 0.13203125 0.68359375 0.10546875 0.01796875
0 0.871875 0.68359375 0.10546875 0.01796875
0 0.3984375 0.68359375 0.13046875 0.015625
0 0.24765625 0.684375 0.08828125 0.0171875
0 0.11953125 0.70390625 0.08828125 0.01640625
0 0.775 0.7046875 0.04296875 0.0171875
0 0.87578125 0.70625 0.11171875 0.0171875
0 0.7734375 0.72734375 0.0453125 0.01640625
0 0.86953125 0.72890625 0.10390625 0.01640625
0 0.13828125 0.7296875 0.13046875 0.01953125
0 0.109375 0.7703125 0.05859375 0.01640625
0 0.553125 0.7703125 0.10390625 0.015625
0 0.33359375 0.77109375 0.16953125 0.01640625
0 0.46015625 0.77109375 0.03984375 0.015625
0 0.19375 0.77109375 0.06484375 0.01796875
0 0.73203125 0.77109375 0.04296875 0.0171875
0 0.8203125 0.771875 0.09140625 0.015625
0 0.32265625 0.81328125 0.1015625 0.01640625
0 0.16171875 0.8140625 0.16484375 0.0171875
0 0.54140625 0.81484375 0.09140625 0.015625
0 0.434375 0.81484375 0.08125 0.0171875
0 0.8203125 0.815625 0.2140625 0.01640625
0 0.66875 0.815625 0.0421875 0.015625
0 0.4234375 0.8359375 0.06796875 0.0140625
0 0.1609375 0.8359375 0.171875 0.01875
0 0.2984375 0.83671875 0.06796875 0.01640625
0 0.54140625 0.8375 0.134375 0.015625
0 0.2875 0.88046875 0.16328125 0.01640625
0 0.425 0.88046875 0.065625 0.015625
0 0.5546875 0.88125 0.14921875 0.01640625
0 0.71328125 0.88125 0.13671875 0.01640625
0 0.36171875 0.9015625 0.0625 0.01484375
0 0.4578125 0.90234375 0.08359375 0.01484375
0 0.5953125 0.903125 0.14921875 0.01328125
0 0.29765625 0.90390625 0.02265625 0.0140625
0 0.32578125 0.92421875 0.16953125 0.015625
0 0.45625 0.925 0.040625 0.0171875
0 0.5421875 0.925 0.08671875 0.015625
0 0.67109375 0.92578125 0.13125 0.01796875