0 0.18046875 0.13515625 0.10546875 0.01484375
0 0.33671875 0.13515625 0.10703125 0.01484375
0 0.625 0.1359375 0.375 0.01640625
0 0.1265625 0.15546875 0.03359375 0.01640625
0 0.3859375 0.15546875 0.0921875 0.01640625
0 0.825 0.15546875 0.0515625 0.01640625
0 0.27109375 0.15625 0.0921875 0.01484375
0 0.71328125 0.15625 0.13125 0.01640625
0 0.47265625 0.15625 0.03515625 0.015625
0 0.18125 0.15703125 0.0296875 0.01640625
0 0.56484375 0.15703125 0.10859375 0.01796875
0 0.28984375 0.17734375 0.0921875 0.01484375
0 0.3953125 0.17734375 0.07734375 0.015625
0 0.64453125 0.178125 0.153125 0.01640625
0 0.49921875 0.17890625 0.08828125 0.01640625
0 0.3546875 0.1984375 0.06796875 0.01640625
0 0.48125 0.1984375 0.1328125 0.01640625
0 0.609375 0.19921875 0.06875 0.015625
0 0.3 0.21953125 0.03359375 0.015625
0 0.37421875 0.21953125 0.0703125 0.015625
0 0.47265625 0.21953125 0.0734375 0.015625
0 0.665625 0.21953125 0.0734375 0.015625
0 0.56875 0.21953125 0.0734375 0.01640625
0 0.40546875 0.240625 0.053125 0.015625
0 0.52109375 0.240625 0.12890625 0.015625
0 0.09765625 0.2828125 0.0921875 0.01484375
0 0.25625 0.2828125 0.059375 0.01640625
0 0.1953125 0.284375 0.00546875 0.0109375
0 0.0875 0.32421875 0.07421875 0.01640625
0 0.1734375 0.32421875 0.0484375 0.01484375
0 0.48203125 0.32421875 0.084375 0.01484375
0 0.3 0.32421875 0.15078125 0.015625
0 0.40546875 0.32578125 0.01328125 0.0171875
0 0.12421875 0.3453125 0.14765625 0.01640625
0 0.34765625 0.3453125 0.24765625 0.01484375
0 0.9171875 0.3640625 0.040625 0.0171875
0 0.16484375 0.36484375 0.03359375 0.01875
0 0.51171875 0.365625 0.15546875 0.01640625
0 0.625 0.365625 0.03671875 0.01640625
0 0.3203125 0.365625 0.1828125 0.01640625
0 0.08828125 0.365625 0.07578125 0.01640625
0 0.915625 0.4046875 0.03515625 0.01640625
0 0.82890625 0.40546875 0.09375 0.01640625
0 0.4046875 0.40625 0.053125 0.01640625
0 0.0609375 0.40625 0.0109375 0.01640625
0 0.50234375 0.40625 0.09609375 0.01640625
0 0.59765625 0.40703125 0.0484375 0.01796875
0 0.175 0.40703125 0.13046875 0.01640625
0 0.328125 0.40703125 0.05703125 0.01640625
0 0.52109375 0.428125 0.04765625 0.01640625
0 0.134375 0.428125 0.0515625 0.015625
0 0.915625 0.446875 0.03515625 0.01484375
0 0.83125 0.446875 0.08828125 0.01640625
0 0.46328125 0.4484375 0.13046875 0.015625
0 0.175 0.44921875 0.1328125 0.01640625
0 0.31875 0.44921875 0.1125 0.01640625
0 0.059375 0.45 0.0078125 0.01484375
0 0.13671875 0.46953125 0.05390625 0.01640625
0 0.915625 0.48828125 0.03515625 0.01640625
0 0.83125 0.4890625 0.08828125 0.015625
0 0.44375 0.48984375 0.09375 0.01640625
0 0.53984375 0.48984375 0.05546875 0.01640625
0 0.6171875 0.48984375 0.04765625 0.01796875
0 0.2421875 0.490625 0.07421875 0.015625
0 0.3375 0.490625 0.07578125 0.015625
0 0.14609375 0.49140625 0.07578125 0.01484375
0 0.059375 0.49140625 0.0078125 0.0140625
0 0.13671875 0.51171875 0.05703125 0.015625
0 0.425 0.51171875 0.04765625 0.01796875
0 0.8390625 0.53046875 0.071875 0.015625
0 0.915625 0.53046875 0.03671875 0.015625
0 0.3859375 0.53203125 0.0921875 0.015625
0 0.15703125 0.53203125 0.0921875 0.015625
0 0.0609375 0.53203125 0.01640625 0.015625
0 0.290625 0.53203125 0.05546875 0.015625
0 0.23359375 0.5328125 0.01484375 0.0171875
0 0.83828125 0.57109375 0.07421875 0.01640625
0 0.915625 0.57109375 0.03515625 0.01640625
0 0.1453125 0.57265625 0.07421875 0.01640625
0 0.0609375 0.57265625 0.01640625 0.015625
0 0.3296875 0.57265625 0.090625 0.015625
0 0.23203125 0.5734375 0.05 0.0171875
0 0.2328125 0.59453125 0.0515625 0.01875
0 0.8890625 0.63359375 0.0921875 0.01640625
0 0.1359375 0.634375 0.05546875 0.01640625
0 0.22734375 0.63515625 0.1015625 0.01640625
0 0.059375 0.63515625 0.01640625 0.015625
0 0.896875 0.6546875 0.07578125 0.01484375
0 0.13515625 0.65546875 0.05390625 0.015625
0 0.20546875 0.65546875 0.03359375 0.015625
0 0.8953125 0.67578125 0.07734375 0.01484375
0 0.309375 0.67578125 0.053125 0.015625
0 0.184375 0.6765625 0.1515625 0.01640625
0 0.8875 0.72421875 0.09453125 0.03125
0 0.23515625 0.7328125 0.08828125 0.015625
0 0.13671875 0.7328125 0.05390625 0.01484375
0 0.88046875 0.7515625 0.10859375 0.01640625
0 0.14609375 0.75234375 0.07578125 0.015625
0 0.8890625 0.78046875 0.0921875 0.0296875
0 0.165625 0.78828125 0.1109375 0.01484375
0 0.0796875 0.84921875 0.05390625 0.01484375
0 0.69921875 0.84921875 0.121875 0.01484375
0 0.91015625 0.84921875 0.053125 0.01484375
0 0.1953125 0.85078125 0.13046875 0.0171875
0 0.1359375 0.86953125 0.053125 0.01640625
0 0.71640625 0.86953125 0.090625 0.01640625
0 0.0703125 0.8703125 0.03515625 0.01484375
0 0.20546875 0.8703125 0.03359375 0.01484375
0 0.9015625 0.87109375 0.0796875 0.0171875
0 0.2734375 0.9109375 0.0890625 0.01484375
0 0.4921875 0.91171875 0.1140625 0.015625
0 0.609375 0.91171875 0.071875 0.015625
0 0.71640625 0.91171875 0.09375 0.015625
0 0.3765625 0.9125 0.06796875 0.0171875