0 0.459375 0.1078125 0.75625 0.02265625
0 0.10859375 0.1375 0.05546875 0.01171875
0 0.378125 0.1375 0.09921875 0.0125
0 0.4921875 0.1375 0.09609375 0.0125
0 0.60703125 0.1375 0.10859375 0.0125
0 0.68515625 0.1375 0.01796875 0.0109375
0 0.23359375 0.13828125 0.1640625 0.015625
0 0.76328125 0.13828125 0.10859375 0.015625
0 0.12890625 0.15390625 0.10234375 0.01171875
0 0.24375 0.15390625 0.09765625 0.01171875
0 0.346875 0.15390625 0.0890625 0.01171875
0 0.13125 0.1734375 0.10234375 0.01328125
0 0.659375 0.1734375 0.0796875 0.0125
0 0.51484375 0.1734375 0.18046875 0.0125
0 0.290625 0.175 0.19375 0.01640625
0 0.38671875 0.1953125 0.08125 0.0125
0 0.10703125 0.1953125 0.05859375 0.0125
0 0.24296875 0.19609375 0.18359375 0.01328125
0 0.1125 0.21484375 0.06484375 0.01171875
0 0.17578125 0.21484375 0.0359375 0.01171875
0 0.234375 0.21484375 0.05234375 0.01171875
0 0.40234375 0.21484375 0.2390625 0.01171875
0 0.71875 0.22421875 0.0875 0.0171875
0 0.87109375 0.22421875 0.18046875 0.015625
0 0.11484375 0.2359375 0.09921875 0.01328125
0 0.190625 0.2375 0.0359375 0.0140625
0 0.40390625 0.253125 0.06015625 0.01171875
0 0.33203125 0.253125 0.06171875 0.01171875
0 0.11484375 0.253125 0.10234375 0.01171875
0 0.234375 0.253125 0.1171875 0.01171875
0 0.528125 0.2546875 0.165625 0.01484375
0 0.40078125 0.2921875 0.17421875 0.01484375
0 0.12109375 0.2921875 0.09921875 0.01484375
0 0.2421875 0.2921875 0.1171875 0.01484375
0 0.2015625 0.3359375 0.21484375 0.0140625
0 0.4828125 0.33671875 0.071875 0.01484375
0 0.71796875 0.3375 0.10234375 0.0125
0 0.59296875 0.3375 0.11875 0.015625
0 0.25859375 0.359375 0.10703125 0.01171875
0 0.14453125 0.359375 0.01953125 0.01171875
0 0.17734375 0.359375 0.01953125 0.01171875
0 0.9265625 0.359375 0.0421875 0.0125
0 0.821875 0.359375 0.06953125 0.0125
0 0.3125 0.3828125 0.13359375 0.015625
0 0.09296875 0.38359375 0.084375 0.0140625
0 0.42421875 0.38359375 0.06484375 0.015625
0 0.51484375 0.38359375 0.0890625 0.01875
0 0.1875 0.3859375 0.0828125 0.01328125
0 0.8203125 0.3859375 0.0765625 0.01328125
0 0.46875 0.40703125 0.13828125 0.01171875
0 0.821875 0.409375 0.06953125 0.01171875
0 0.43828125 0.4359375 0.0859375 0.0140625
0 0.825 0.43671875 0.06953125 0.0125
0 0.44921875 0.4578125 0.09921875 0.0125
0 0.5375 0.459375 0.05390625 0.01640625
0 0.825 0.46015625 0.06953125 0.0125
0 0.4359375 0.4859375 0.071875 0.0140625
0 0.52265625 0.48671875 0.0796875 0.0140625
0 0.82421875 0.48984375 0.075 0.0125
0 0.4421875 0.52890625 0.0875 0.0125
0 0.82421875 0.53046875 0.075 0.01484375
0 0.4671875 0.55078125 0.13515625 0.0125
0 0.825 0.55390625 0.0796875 0.0140625
0 0.0875 0.58203125 0.06484375 0.01171875
0 0.8140625 0.58203125 0.06015625 0.01171875
0 0.525 0.5828125 0.2046875 0.01875
0 0.20859375 0.58359375 0.14765625 0.01484375
0 0.88515625 0.584375 0.0734375 0.015625
0 0.07734375 0.603125 0.040625 0.0125
0 0.18125 0.603125 0.05390625 0.0125
0 0.5953125 0.603125 0.06796875 0.0125
0 0.8859375 0.60390625 0.06796875 0.0125
0 0.125 0.60390625 0.0328125 0.015625
0 0.34453125 0.65859375 0.25390625 0.0125
0 0.15859375 0.65859375 0.05703125 0.0125
0 0.084375 0.65859375 0.05859375 0.01171875
0 0.57421875 0.65859375 0.09453125 0.0125
0 0.7515625 0.6609375 0.18828125 0.01484375
0 0.17578125 0.75390625 0.1140625 0.0140625
0 0.2796875 0.75390625 0.071875 0.0140625
0 0.42578125 0.7546875 0.06171875 0.01171875
0 0.56875 0.7546875 0.2015625 0.0125
0 0.69609375 0.7546875 0.02578125 0.0125
0 0.8234375 0.7546875 0.21328125 0.0140625
0 0.35546875 0.75625 0.05703125 0.009375
0 0.5609375 0.78984375 0.10390625 0.01171875
0 0.37421875 0.78984375 0.078125 0.01171875
0 0.46171875 0.78984375 0.071875 0.01171875
0 0.259375 0.78984375 0.128125 0.01171875
0 0.73828125 0.78984375 0.22734375 0.0109375
0 0.39375 0.81171875 0.13046875 0.01171875
0 0.525 0.81171875 0.1109375 0.01171875
0 0.65625 0.81171875 0.128125 0.01171875
0 0.27421875 0.84921875 0.14453125 0.01171875
0 0.4109375 0.84921875 0.10546875 0.01171875
0 0.671875 0.84921875 0.15625 0.0125
0 0.540625 0.84921875 0.0765625 0.0125
0 0.80390625 0.85 0.0796875 0.01171875
0 0.36015625 0.8859375 0.0859375 0.01328125
0 0.45390625 0.8859375 0.08125 0.01328125
0 0.23671875 0.8859375 0.13203125 0.01328125
0 0.5796875 0.88671875 0.14765625 0.01171875
0 0.9078125 0.88671875 0.04375 0.0125
0 0.7 0.88671875 0.06953125 0.01171875
0 0.809375 0.88671875 0.1234375 0.0125
0 0.1921875 0.909375 0.1953125 0.0125
0 0.5203125 0.909375 0.0421875 0.0125
0 0.44609375 0.909375 0.0734375 0.0125
0 0.3515625 0.909375 0.09453125 0.0125
0 0.8515625 0.91015625 0.21328125 0.01171875
0 0.64296875 0.91015625 0.18046875 0.01171875
0 0.4953125 0.93203125 0.17109375 0.0125
0 0.215625 0.9609375 0.121875 0.01328125
0 0.3515625 0.9609375 0.02890625 0.01328125
0 0.46640625 0.9609375 0.17265625 0.0125
0 0.3078125 0.9625 0.034375 0.01015625
0 0.7390625 0.9625 0.3140625 0.01640625