0 0.11875 0.03046875 0.1796875 0.02265625
0 0.50703125 0.1625 0.196875 0.0171875
0 0.28125 0.1640625 0.06484375 0.0171875
0 0.3609375 0.1640625 0.07265625 0.0171875
0 0.65078125 0.1640625 0.06171875 0.0171875
0 0.72265625 0.1640625 0.06328125 0.0171875
0 0.503125 0.190625 0.153125 0.0203125
0 0.5203125 0.21484375 0.0421875 0.015625
0 0.57578125 0.21484375 0.04375 0.015625
0 0.68125 0.21484375 0.14375 0.015625
0 0.43984375 0.215625 0.0953125 0.015625
0 0.32265625 0.215625 0.01796875 0.015625
0 0.25859375 0.215625 0.0875 0.015625
0 0.77421875 0.215625 0.02265625 0.015625
0 0.3578125 0.215625 0.03359375 0.015625
0 0.5109375 0.24140625 0.15 0.01796875
0 0.64140625 0.2421875 0.0875 0.01796875
0 0.37109375 0.2421875 0.10859375 0.015625
0 0.49765625 0.26796875 0.20390625 0.0171875
0 0.7 0.26796875 0.16640625 0.0171875
0 0.26328125 0.26796875 0.0875 0.0171875
0 0.3515625 0.26796875 0.06953125 0.0171875
0 0.55859375 0.29453125 0.10625 0.0171875
0 0.4453125 0.29453125 0.1046875 0.0171875
0 0.578125 0.32265625 0.2453125 0.021875
0 0.40703125 0.32265625 0.03203125 0.021875
0 0.34140625 0.32265625 0.07578125 0.021875
0 0.4390625 0.3625 0.06171875 0.0203125
0 0.5375 0.3625 0.11484375 0.0203125
0 0.2609375 0.39453125 0.16015625 0.0203125
0 0.61484375 0.39453125 0.0375 0.021875
0 0.73671875 0.39609375 0.1390625 0.02421875
0 0.7 0.4453125 0.06015625 0.01953125
0 0.8203125 0.44609375 0.0515625 0.021875
0 0.63515625 0.446875 0.0484375 0.0203125
0 0.64140625 0.471875 0.01328125 0.015625
0 0.70703125 0.471875 0.040625 0.015625
0 0.80625 0.471875 0.07421875 0.015625
0 0.38125 0.471875 0.1453125 0.015625
0 0.509375 0.471875 0.0921875 0.015625
0 0.23671875 0.4734375 0.11796875 0.015625
0 0.50546875 0.496875 0.090625 0.015625
0 0.2875 0.49921875 0.06796875 0.0328125
0 0.20859375 0.5 0.0578125 0.021875
0 0.434375 0.49921875 0.02890625 0.0203125
0 0.371875 0.5 0.07734375 0.0171875
0 0.76953125 0.55078125 0.07265625 0.0203125
0 0.24375 0.55234375 0.07734375 0.0203125
0 0.38125 0.55234375 0.0515625 0.015625
0 0.45390625 0.55234375 0.06484375 0.015625
0 0.55859375 0.55234375 0.0421875 0.015625
0 0.31796875 0.55234375 0.0546875 0.01796875
0 0.509375 0.553125 0.03046875 0.0203125
0 0.3515625 0.590625 0.1375 0.02265625
0 0.50625 0.5921875 0.15 0.0203125
0 0.76640625 0.6265625 0.07890625 0.01484375
0 0.3578125 0.6265625 0.07265625 0.0171875
0 0.43125 0.6265625 0.0578125 0.0171875
0 0.52421875 0.62734375 0.11484375 0.0203125
0 0.76953125 0.66484375 0.07265625 0.01796875
0 0.4375 0.66484375 0.06171875 0.015625
0 0.5296875 0.66484375 0.10625 0.015625
0 0.52578125 0.70546875 0.10859375 0.0203125
0 0.77734375 0.70546875 0.0546875 0.01796875
0 0.79921875 0.7421875 0.01796875 0.0171875
0 0.53046875 0.7421875 0.1015625 0.0171875
0 0.378125 0.74296875 0.07109375 0.015625
0 0.44765625 0.74375 0.0515625 0.0203125
0 0.2328125 0.7984375 0.06484375 0.021875
0 0.7421875 0.7984375 0.05 0.01953125
0 0.52265625 0.7984375 0.1046875 0.01953125
0 0.33984375 0.8 0.13046875 0.02265625
0 0.53984375 0.82421875 0.07109375 0.025
0 0.73359375 0.825 0.06796875 0.02265625
0 0.73828125 0.85859375 0.0578125 0.01484375
0 0.284375 0.86015625 0.06171875 0.021875
0 0.54609375 0.8625 0.07734375 0.01953125
0 0.22109375 0.8625 0.0421875 0.0171875
0 0.7359375 0.8890625 0.06328125 0.01796875
0 0.2375 0.890625 0.06484375 0.021875
0 0.5515625 0.8921875 0.07265625 0.021875
0 0.5421875 0.93515625 0.07265625 0.01796875
0 0.446875 0.93515625 0.1046875 0.0203125
0 0.2796875 0.9625 0.0390625 0.0171875
0 0.41875 0.9625 0.1 0.0171875
0 0.53125 0.9625 0.0875 0.0171875
0 0.6359375 0.96484375 0.1015625 0.0125
0 0.3359375 0.96640625 0.0484375 0.01015625
0 0.71015625 0.96640625 0.03046875 0.01015625