0 0.553125 0.16328125 0.09140625 0.01875
0 0.33359375 0.16328125 0.15 0.01875
0 0.45703125 0.1640625 0.05390625 0.01640625
0 0.4203125 0.1875 0.20390625 0.01953125
0 0.32578125 0.21328125 0.09140625 0.0203125
0 0.209375 0.2140625 0.084375 0.0203125
0 0.646875 0.2140625 0.08359375 0.0203125
0 0.4875 0.21484375 0.18125 0.02109375
0 0.53359375 0.2375 0.12890625 0.0203125
0 0.390625 0.2375 0.109375 0.01953125
0 0.19296875 0.2390625 0.1296875 0.0203125
0 0.29453125 0.2390625 0.02890625 0.0203125
0 0.68046875 0.2390625 0.12578125 0.02109375
0 0.26875 0.2625 0.09140625 0.01875
0 0.5625 0.2625 0.14609375 0.02109375
0 0.39921875 0.26328125 0.12421875 0.0203125
0 0.54375 0.2859375 0.22421875 0.01953125
0 0.38046875 0.2859375 0.0484375 0.01875
0 0.22890625 0.2859375 0.0515625 0.01875
0 0.3046875 0.2859375 0.05546875 0.01875
0 0.48515625 0.3359375 0.25859375 0.01875
0 0.25625 0.33671875 0.10546875 0.01875
0 0.6203125 0.384375 0.109375 0.01953125
0 0.28984375 0.384375 0.12421875 0.01875
0 0.08125 0.384375 0.0484375 0.01875
0 0.146875 0.38515625 0.03671875 0.01875
0 0.46484375 0.3859375 0.14453125 0.0171875
0 0.08671875 0.41015625 0.07109375 0.01796875
0 0.3203125 0.4109375 0.18359375 0.01875
0 0.509375 0.4109375 0.1484375 0.0203125
0 0.19296875 0.4125 0.00546875 0.0109375
0 0.68515625 0.4578125 0.0890625 0.02421875
0 0.7796875 0.45859375 0.05390625 0.02265625
0 0.15625 0.459375 0.21171875 0.01953125
0 0.534375 0.459375 0.13515625 0.02265625
0 0.3640625 0.46015625 0.0578125 0.02109375
0 0.0828125 0.50703125 0.05390625 0.01953125
0 0.15390625 0.50859375 0.0484375 0.01953125
0 0.778125 0.53125 0.05390625 0.01875
0 0.69453125 0.53125 0.07265625 0.01875
0 0.525 0.53203125 0.071875 0.01875
0 0.3265625 0.5328125 0.00546875 0.015625
0 0.3625 0.53359375 0.0125 0.01171875
0 0.0890625 0.55625 0.07265625 0.01875
0 0.17265625 0.55625 0.04921875 0.01875
0 0.6953125 0.57890625 0.07265625 0.01875
0 0.7765625 0.57890625 0.0453125 0.01875
0 0.525 0.5796875 0.071875 0.01875
0 0.3265625 0.58046875 0.01171875 0.01796875
0 0.3625 0.58359375 0.0171875 0.01484375
0 0.09140625 0.6046875 0.06875 0.01796875
0 0.18203125 0.60625 0.071875 0.01875
0 0.7796875 0.628125 0.05390625 0.01875
0 0.525 0.628125 0.071875 0.01875
0 0.6953125 0.628125 0.07265625 0.01875
0 0.328125 0.62890625 0.01640625 0.01796875
0 0.3640625 0.63125 0.01484375 0.01640625
0 0.0984375 0.67578125 0.084375 0.01875
0 0.20078125 0.6765625 0.06640625 0.01875
0 0.26953125 0.6765625 0.0140625 0.0171875
0 0.7734375 0.7015625 0.071875 0.01796875
0 0.0984375 0.7015625 0.0828125 0.01875
0 0.26171875 0.70234375 0.18203125 0.0203125
0 0.41953125 0.70234375 0.0859375 0.01953125
0 0.39140625 0.72578125 0.03203125 0.01875
0 0.09921875 0.72578125 0.0828125 0.01875
0 0.77421875 0.72578125 0.071875 0.01875
0 0.26484375 0.7265625 0.1875 0.0203125
0 0.4765625 0.7265625 0.0859375 0.0203125
0 0.7328125 0.75078125 0.1484375 0.01953125
0 0.1484375 0.75078125 0.18359375 0.01796875
0 0.77421875 0.79921875 0.071875 0.01640625
0 0.09375 0.79921875 0.0765625 0.01875
0 0.08203125 0.871875 0.05234375 0.01875
0 0.5265625 0.871875 0.18359375 0.01953125
0 0.74609375 0.871875 0.12109375 0.0203125
0 0.19453125 0.8734375 0.13125 0.0203125
0 0.7734375 0.8953125 0.071875 0.01875
0 0.58359375 0.896875 0.07265625 0.0171875
0 0.08203125 0.896875 0.05234375 0.01875
0 0.26484375 0.89765625 0.03125 0.01875
0 0.32578125 0.89765625 0.05234375 0.01953125