0 0.3609375 0.1515625 0.16796875 0.01953125
0 0.58203125 0.15234375 0.053125 0.01875
0 0.5 0.15234375 0.0609375 0.01796875
0 0.45703125 0.178125 0.23203125 0.01875
0 0.215625 0.20390625 0.09296875 0.01875
0 0.35 0.2046875 0.10390625 0.01796875
0 0.53203125 0.20546875 0.2109375 0.01953125
0 0.709375 0.20546875 0.08984375 0.01953125
0 0.4234375 0.2296875 0.121875 0.01953125
0 0.58359375 0.23046875 0.1453125 0.01875
0 0.20078125 0.23046875 0.146875 0.02109375
0 0.3125 0.23125 0.028125 0.01953125
0 0.75078125 0.23125 0.134375 0.01953125
0 0.284375 0.25625 0.1046875 0.01796875
0 0.42890625 0.25703125 0.13671875 0.01953125
0 0.6140625 0.25703125 0.16171875 0.0203125
0 0.2421875 0.2828125 0.0609375 0.01796875
0 0.328125 0.2828125 0.06015625 0.01796875
0 0.41015625 0.2828125 0.0546875 0.01796875
0 0.59765625 0.28359375 0.2578125 0.01796875
0 0.53515625 0.33515625 0.2859375 0.01796875
0 0.27578125 0.33515625 0.11875 0.01796875
0 0.29765625 0.38671875 0.12109375 0.01875
0 0.07578125 0.38671875 0.0546875 0.01796875
0 0.50625 0.38671875 0.16171875 0.01796875
0 0.68125 0.38671875 0.12421875 0.01796875
0 0.14921875 0.3875 0.04609375 0.01953125
0 0.340625 0.4125 0.21484375 0.01875
0 0.5546875 0.41328125 0.165625 0.0171875
0 0.08359375 0.41328125 0.08671875 0.02109375
0 0.753125 0.46484375 0.0953125 0.01796875
0 0.15546875 0.46484375 0.234375 0.01796875
0 0.8625 0.46484375 0.05859375 0.01875
0 0.3921875 0.46484375 0.06015625 0.0203125
0 0.5890625 0.465625 0.15703125 0.01953125
0 0.2 0.5171875 0.04453125 0.01875
0 0.09296875 0.51796875 0.10078125 0.0203125
0 0.35 0.54296875 0.01796875 0.01796875
0 0.75703125 0.54296875 0.1015625 0.01796875
0 0.59765625 0.54296875 0.03671875 0.01796875
0 0.8734375 0.54296875 0.03984375 0.01796875
0 0.53828125 0.54296875 0.0484375 0.01875
0 0.39140625 0.5453125 0.01953125 0.0109375
0 0.11484375 0.56875 0.146875 0.01796875
0 0.52109375 0.56875 0.1890625 0.01796875
0 0.2640625 0.56953125 0.10078125 0.01796875
0 0.36953125 0.56953125 0.04609375 0.01953125
0 0.5375 0.59453125 0.0484375 0.01796875
0 0.59765625 0.59453125 0.03671875 0.01796875
0 0.35 0.59453125 0.01796875 0.01796875
0 0.8734375 0.59453125 0.03984375 0.01875
0 0.75546875 0.5953125 0.1046875 0.01953125
0 0.39296875 0.5984375 0.01640625 0.00859375
0 0.29921875 0.6453125 0.03515625 0.0171875
0 0.0921875 0.64609375 0.09296875 0.01796875
0 0.2078125 0.64609375 0.075 0.01875
0 0.83515625 0.671875 0.11796875 0.01796875
0 0.090625 0.671875 0.09609375 0.01796875
0 0.27890625 0.671875 0.20390625 0.01953125
0 0.453125 0.67265625 0.09609375 0.01796875
0 0.85 0.696875 0.07734375 0.01796875
0 0.06875 0.696875 0.05703125 0.01875
0 0.35 0.69765625 0.0890625 0.01953125
0 0.2 0.69765625 0.14765625 0.0203125
0 0.83515625 0.7234375 0.11796875 0.01875
0 0.42421875 0.7234375 0.0375 0.01796875
0 0.51796875 0.7234375 0.09609375 0.01875
0 0.09296875 0.7234375 0.0921875 0.01875
0 0.27890625 0.7234375 0.20390625 0.01953125
0 0.7703125 0.74921875 0.246875 0.02265625
0 0.1484375 0.75 0.20546875 0.0203125
0 0.15703125 0.79765625 0.00390625 0.003125
0 0.0859375 0.80078125 0.0890625 0.01953125
0 0.83203125 0.8015625 0.12421875 0.0171875
0 0.15703125 0.8046875 0.00390625 0.003125
0 0.778125 0.878125 0.05703125 0.0171875
0 0.07265625 0.878125 0.06171875 0.01796875
0 0.63984375 0.878125 0.06328125 0.01875
0 0.8546875 0.878125 0.06171875 0.01875
0 0.20234375 0.87890625 0.15 0.0203125
0 0.52734375 0.87890625 0.11953125 0.01640625
0 0.621875 0.903125 0.11875 0.01796875
0 0.0625 0.903125 0.04140625 0.01875
0 0.85078125 0.90390625 0.090625 0.01796875
0 0.2796875 0.90390625 0.0328125 0.01953125
0 0.346875 0.90390625 0.053125 0.01953125