0 0.4671875 0.07578125 0.11875 0.025
0 0.28828125 0.1140625 0.08046875 0.01328125
0 0.146875 0.11484375 0.15 0.015625
0 0.475 0.11484375 0.23671875 0.01328125
0 0.65 0.11484375 0.0625 0.01328125
0 0.73671875 0.11484375 0.0625 0.01328125
0 0.40859375 0.1328125 0.1890625 0.015625
0 0.475 0.15 0.10546875 0.0140625
0 0.3125 0.15078125 0.17109375 0.015625
0 0.5734375 0.15234375 0.04140625 0.009375
0 0.11328125 0.16796875 0.128125 0.01328125
0 0.26640625 0.16796875 0.128125 0.01328125
0 0.475 0.16796875 0.23671875 0.0140625
0 0.65 0.16796875 0.0625 0.01328125
0 0.73671875 0.16796875 0.065625 0.0140625
0 0.396875 0.18515625 0.04140625 0.0140625
0 0.2671875 0.1859375 0.17265625 0.0125
0 0.55078125 0.18671875 0.2171875 0.01328125
0 0.05625 0.203125 0.10234375 0.01328125
0 0.1546875 0.2046875 0.0359375 0.0140625
0 0.584375 0.2046875 0.1921875 0.01328125
0 0.28828125 0.2046875 0.17265625 0.015625
0 0.428125 0.2046875 0.0578125 0.015625
0 0.78125 0.20546875 0.1515625 0.0140625
0 0.18984375 0.221875 0.10703125 0.0125
0 0.05625 0.221875 0.10234375 0.015625
0 0.40859375 0.22265625 0.28125 0.01484375
0 0.66015625 0.22265625 0.17265625 0.015625
0 0.8140625 0.2234375 0.08515625 0.01484375
0 0.4203125 0.23984375 0.17265625 0.01640625
0 0.290625 0.25703125 0.04140625 0.01328125
0 0.203125 0.25703125 0.08046875 0.015625
0 0.56015625 0.25703125 0.278125 0.01328125
0 0.3640625 0.25703125 0.05390625 0.01328125
0 0.15703125 0.2734375 0.21875 0.0140625
0 0.37734375 0.275 0.17265625 0.0125
0 0.540625 0.27578125 0.10703125 0.01328125
0 0.67890625 0.27578125 0.125 0.01171875
0 0.7921875 0.27578125 0.04140625 0.01328125
0 0.2125 0.2921875 0.05625 0.01328125
0 0.29921875 0.2921875 0.05625 0.01328125
0 0.53125 0.29296875 0.25625 0.01328125
0 0.34453125 0.3109375 0.0640625 0.01171875
0 0.478125 0.3109375 0.14609375 0.0140625
0 0.36875 0.346875 0.0625 0.01328125
0 0.46640625 0.346875 0.08359375 0.01328125
0 0.5421875 0.346875 0.01171875 0.01328125
0 0.04765625 0.38203125 0.07890625 0.01328125
0 0.3125 0.3828125 0.26015625 0.0140625
0 0.0375 0.4 0.0625 0.01328125
0 0.22578125 0.4 0.08046875 0.01328125
0 0.33203125 0.40078125 0.08515625 0.01171875
0 0.51171875 0.40078125 0.2171875 0.01484375
0 0.728125 0.4015625 0.1625 0.0125
0 0.125 0.40234375 0.065625 0.015625
0 0.0375 0.41796875 0.0625 0.01328125
0 0.13828125 0.41796875 0.08203125 0.01328125
0 0.80390625 0.41875 0.10546875 0.01328125
0 0.06015625 0.43515625 0.01796875 0.01328125
0 0.103125 0.4359375 0.02109375 0.01328125
0 0.25625 0.43671875 0.23984375 0.015625
0 0.80390625 0.4375 0.10546875 0.0125
0 0.103125 0.45390625 0.02109375 0.0140625
0 0.2234375 0.4546875 0.08515625 0.01328125
0 0.146875 0.45546875 0.028125 0.015625
0 0.234375 0.47265625 0.10703125 0.01328125
0 0.103125 0.47265625 0.02109375 0.01328125
0 0.146875 0.47265625 0.01796875 0.01171875
0 0.1 0.48984375 0.0265625 0.0140625
0 0.0609375 0.49140625 0.01328125 0.01328125
0 0.25625 0.49140625 0.23984375 0.01640625
0 0.80625 0.4921875 0.10234375 0.01328125
0 0.10546875 0.5078125 0.01328125 0.0140625
0 0.2234375 0.509375 0.08515625 0.01328125
0 0.1453125 0.509375 0.025 0.01640625
0 0.1453125 0.5265625 0.025 0.01484375
0 0.23671875 0.5265625 0.10546875 0.01328125
0 0.10546875 0.5265625 0.01328125 0.01328125
0 0.1453125 0.54453125 0.1 0.01328125
0 0.26796875 0.54453125 0.08515625 0.01328125
0 0.06015625 0.54453125 0.00859375 0.01171875
0 0.81640625 0.54609375 0.08359375 0.01328125
0 0.23203125 0.58046875 0.10234375 0.01328125
0 0.08046875 0.58046875 0.14765625 0.01328125
0 0.365625 0.58125 0.096875 0.0140625
0 0.80625 0.58125 0.10546875 0.01328125
0 0.484375 0.58125 0.08359375 0.015625
0 0.05625 0.59765625 0.10234375 0.01484375
0 0.2125 0.5984375 0.1546875 0.01328125
0 0.80625 0.59921875 0.10546875 0.01328125
0 0.04921875 0.61640625 0.08203125 0.0140625
0 0.203125 0.6171875 0.17265625 0.01328125
0 0.803125 0.61796875 0.11015625 0.01328125
0 0.071875 0.63515625 0.1265625 0.01640625
0 0.80703125 0.6359375 0.10390625 0.01328125
0 0.0609375 0.6703125 0.10546875 0.0140625
0 0.225 0.67109375 0.17109375 0.01328125
0 0.35703125 0.671875 0.03984375 0.01328125
0 0.4328125 0.671875 0.0625 0.01328125
0 0.81484375 0.67265625 0.0875 0.01171875
0 0.078125 0.72421875 0.01171875 0.01328125
0 0.22578125 0.72421875 0.08046875 0.0140625
0 0.31328125 0.72421875 0.04140625 0.01328125
0 0.4 0.725 0.08515625 0.01328125
0 0.6703125 0.725 0.1890625 0.0140625
0 0.509375 0.72734375 0.08359375 0.01171875
0 0.16953125 0.7609375 0.10234375 0.01328125
0 0.40859375 0.76171875 0.32109375 0.01328125
0 0.6546875 0.7640625 0.14140625 0.01171875
0 0.421875 0.77890625 0.04140625 0.01328125
0 0.203125 0.79765625 0.17265625 0.01328125
0 0.55390625 0.79765625 0.16796875 0.0140625
0 0.4109375 0.79765625 0.0625 0.01328125
0 0.70546875 0.7984375 0.08515625 0.01328125
0 0.334375 0.7984375 0.04140625 0.015625
0 0.60703125 0.815625 0.10859375 0.0140625
0 0.44375 0.815625 0.17109375 0.01640625
0 0.26796875 0.815625 0.13125 0.01640625
0 0.18125 0.85078125 0.03984375 0.01328125
0 0.2796875 0.85078125 0.10546875 0.0140625
0 0.57578125 0.85234375 0.2140625 0.015625
0 0.4 0.85390625 0.08515625 0.01171875
0 0.103125 0.88671875 0.10703125 0.0140625
0 0.421875 0.8875 0.1296875 0.0140625
0 0.30078125 0.8875 0.0625 0.01328125
0 0.2140625 0.8875 0.0625 0.01328125
0 0.553125 0.8875 0.08359375 0.01328125
0 0.68125 0.8890625 0.125 0.015625
0 0.103125 0.9046875 0.153125 0.0140625
0 0.27890625 0.90546875 0.153125 0.0140625
0 0.45390625 0.90546875 0.1515625 0.01484375
0 0.72890625 0.90703125 0.26015625 0.01328125
0 0.56484375 0.9078125 0.0046875 0.01015625