0 0.12421875 0.0953125 0.13984375 0.009375
0 0.2953125 0.0953125 0.065625 0.009375
0 0.37109375 0.0953125 0.0671875 0.009375
0 0.2296875 0.096875 0.040625 0.01171875
0 0.484375 0.096875 0.13671875 0.0125
0 0.0859375 0.109375 0.053125 0.009375
0 0.25703125 0.109375 0.090625 0.01015625
0 0.4765625 0.109375 0.06953125 0.009375
0 0.16171875 0.11015625 0.075 0.0125
0 0.3703125 0.1109375 0.11328125 0.01171875
0 0.5515625 0.1109375 0.0625 0.01171875
0 0.6453125 0.1109375 0.1046875 0.0125
0 0.10234375 0.12109375 0.08828125 0.009375
0 0.19609375 0.12109375 0.07578125 0.009375
0 0.29921875 0.1234375 0.109375 0.01171875
0 0.42734375 0.1234375 0.12734375 0.01171875
0 0.08046875 0.13359375 0.0421875 0.009375
0 0.21796875 0.13359375 0.1328125 0.01015625
0 0.32734375 0.13359375 0.06796875 0.009375
0 0.08046875 0.1453125 0.053125 0.009375
0 0.25078125 0.1453125 0.215625 0.0125
0 0.10078125 0.1578125 0.084375 0.009375
0 0.30546875 0.159375 0.30078125 0.01328125
0 0.08671875 0.1796875 0.0671875 0.009375
0 0.246875 0.1796875 0.23671875 0.01015625
0 0.39609375 0.1796875 0.046875 0.009375
0 0.54609375 0.1796875 0.2078125 0.01015625
0 0.27578125 0.2109375 0.06953125 0.00859375
0 0.4015625 0.2109375 0.153125 0.009375
0 0.5890625 0.2125 0.196875 0.0125
0 0.17421875 0.240625 0.1296875 0.009375
0 0.2984375 0.240625 0.071875 0.009375
0 0.68359375 0.24140625 0.0875 0.009375
0 0.75546875 0.24140625 0.03515625 0.01015625
0 0.83203125 0.2421875 0.071875 0.0109375
0 0.22421875 0.25703125 0.0296875 0.009375
0 0.48984375 0.2578125 0.05234375 0.009375
0 0.3578125 0.25859375 0.18828125 0.0125
0 0.57109375 0.259375 0.08515625 0.0125
0 0.13203125 0.27265625 0.0546875 0.0109375
0 0.33359375 0.2734375 0.3328125 0.01015625
0 0.5890625 0.27421875 0.16015625 0.0109375
0 0.09453125 0.2890625 0.0703125 0.01015625
0 0.21171875 0.2890625 0.040625 0.01015625
0 0.1609375 0.28984375 0.04453125 0.01015625
0 0.2765625 0.28984375 0.071875 0.009375
0 0.38671875 0.28984375 0.0921875 0.009375
0 0.09296875 0.30546875 0.0703125 0.01015625
0 0.18359375 0.30546875 0.096875 0.01015625
0 0.26171875 0.30546875 0.040625 0.009375
0 0.3265625 0.30546875 0.06953125 0.009375
0 0.4703125 0.30625 0.159375 0.009375
0 0.15859375 0.321875 0.04453125 0.009375
0 0.09296875 0.321875 0.0703125 0.009375
0 0.28203125 0.321875 0.08671875 0.009375
0 0.209375 0.321875 0.040625 0.009375
0 0.37578125 0.32265625 0.07578125 0.009375
0 0.46484375 0.346875 0.05703125 0.00859375
0 0.5578125 0.346875 0.03828125 0.00859375
0 0.6671875 0.346875 0.12265625 0.0078125
0 0.3859375 0.34765625 0.06015625 0.009375
0 0.8078125 0.34765625 0.1 0.00859375
0 0.13359375 0.34765625 0.15546875 0.01328125
0 0.6859375 0.36015625 0.071875 0.01015625
0 0.81796875 0.3609375 0.07421875 0.009375
0 0.55546875 0.375 0.0671875 0.00859375
0 0.12265625 0.37578125 0.134375 0.009375
0 0.4109375 0.3765625 0.021875 0.01015625
0 0.659375 0.3765625 0.07734375 0.009375
0 0.83046875 0.3765625 0.11328125 0.009375
0 0.27734375 0.3921875 0.23203125 0.009375
0 0.47578125 0.3921875 0.15078125 0.009375
0 0.1078125 0.39296875 0.090625 0.015625
0 0.07578125 0.4078125 0.0328125 0.00859375
0 0.13046875 0.4078125 0.06171875 0.00859375
0 0.41171875 0.409375 0.0203125 0.00859375
0 0.86796875 0.409375 0.0375 0.0078125
0 0.0828125 0.42578125 0.05 0.01015625
0 0.20703125 0.42578125 0.18203125 0.01015625
0 0.3796875 0.42578125 0.15 0.01015625
0 0.06796875 0.4421875 0.01953125 0.0078125
0 0.140625 0.4421875 0.096875 0.00859375
0 0.55546875 0.44296875 0.0546875 0.00859375
0 0.4109375 0.44375 0.0125 0.00859375
0 0.65859375 0.44375 0.078125 0.009375
0 0.83046875 0.44375 0.11328125 0.01015625
0 0.3546875 0.459375 0.15 0.01015625
0 0.16484375 0.4609375 0.209375 0.0125
0 0.55546875 0.47734375 0.0546875 0.00859375
0 0.11796875 0.47734375 0.11796875 0.01015625
0 0.41171875 0.47734375 0.0171875 0.00859375
0 0.66796875 0.478125 0.06015625 0.009375
0 0.8390625 0.478125 0.096875 0.01015625
0 0.246875 0.49375 0.1046875 0.01015625
0 0.1515625 0.49375 0.06953125 0.01015625
0 0.08359375 0.49375 0.05078125 0.01015625
0 0.42734375 0.49375 0.234375 0.01015625
0 0.14296875 0.5109375 0.096875 0.0078125
0 0.06953125 0.5109375 0.01796875 0.0078125
0 0.55546875 0.5109375 0.0546875 0.00859375
0 0.41328125 0.51171875 0.01171875 0.01015625
0 0.659375 0.51171875 0.07734375 0.009375
0 0.83203125 0.5125 0.11171875 0.01015625
0 0.2546875 0.52734375 0.08828125 0.01015625
0 0.4078125 0.528125 0.2046875 0.01015625
0 0.13046875 0.528125 0.140625 0.0125
0 0.07578125 0.54453125 0.034375 0.00859375
0 0.13828125 0.54453125 0.07421875 0.00859375
0 0.55546875 0.54453125 0.0546875 0.00859375
0 0.41171875 0.5453125 0.0171875 0.009375
0 0.66796875 0.5453125 0.06015625 0.01015625
0 0.8390625 0.54609375 0.096875 0.01015625
0 0.08203125 0.5609375 0.0453125 0.01015625
0 0.20703125 0.5609375 0.18671875 0.01015625
0 0.340625 0.5609375 0.0625 0.01015625
0 0.42734375 0.56171875 0.08828125 0.01015625
0 0.07734375 0.578125 0.03203125 0.00859375
0 0.1390625 0.578125 0.07578125 0.0078125
0 0.55546875 0.578125 0.0546875 0.00859375
0 0.41171875 0.57890625 0.01171875 0.00859375
0 0.66796875 0.5796875 0.06015625 0.009375
0 0.83984375 0.5796875 0.09765625 0.009375
0 0.17109375 0.5953125 0.1171875 0.009375
0 0.08203125 0.5953125 0.0453125 0.01015625
0 0.2828125 0.5953125 0.08203125 0.01015625
0 0.36953125 0.5953125 0.071875 0.009375
0 0.459375 0.5953125 0.090625 0.009375
0 0.67109375 0.60625 0.0625 0.01015625
0 0.60234375 0.60625 0.05234375 0.01015625
0 0.79921875 0.60625 0.14453125 0.01015625
0 0.45078125 0.60625 0.065625 0.0109375
0 0.53203125 0.60625 0.075 0.01171875
0 0.53046875 0.6265625 0.06015625 0.00859375
0 0.7421875 0.6265625 0.05703125 0.00859375
0 0.59921875 0.6265625 0.059375 0.00859375
0 0.46171875 0.6265625 0.0546875 0.00859375
0 0.67109375 0.6265625 0.06015625 0.00859375
0 0.82421875 0.6265625 0.0921875 0.01015625
0 0.8171875 0.64296875 0.10703125 0.01015625
0 0.70234375 0.64296875 0.065625 0.009375
0 0.63046875 0.64296875 0.0625 0.009375
0 0.16484375 0.65859375 0.03828125 0.01015625
0 0.0984375 0.65859375 0.07578125 0.01015625
0 0.3515625 0.65859375 0.278125 0.009375
0 0.1765625 0.68046875 0.096875 0.01015625
0 0.26796875 0.68046875 0.06015625 0.009375
0 0.33359375 0.68125 0.04453125 0.009375
0 0.5546875 0.68125 0.04296875 0.01015625
0 0.65234375 0.68125 0.134375 0.01015625
0 0.74453125 0.68125 0.0296875 0.00859375
0 0.6765625 0.696875 0.0875 0.0109375
0 0.18046875 0.696875 0.0453125 0.009375
0 0.27578125 0.696875 0.12578125 0.01015625
0 0.5984375 0.696875 0.046875 0.01015625
0 0.74453125 0.69765625 0.0296875 0.009375
0 0.28046875 0.71328125 0.0421875 0.009375
0 0.2171875 0.71328125 0.065625 0.01015625
0 0.36171875 0.71328125 0.07265625 0.009375
0 0.696875 0.7140625 0.04296875 0.009375
0 0.63359375 0.7140625 0.0671875 0.009375
0 0.78046875 0.7140625 0.07578125 0.009375
0 0.7234375 0.734375 0.0625 0.009375
0 0.7859375 0.734375 0.03984375 0.009375
0 0.8421875 0.734375 0.0546875 0.01015625
0 0.66171875 0.73515625 0.04765625 0.01171875
0 0.5390625 0.75 0.04453125 0.009375
0 0.62578125 0.75078125 0.109375 0.009375
0 0.7265625 0.75078125 0.06953125 0.009375
0 0.1265625 0.77265625 0.13515625 0.00859375
0 0.28984375 0.7734375 0.16796875 0.0109375
0 0.09921875 0.784375 0.084375 0.01015625
0 0.37109375 0.784375 0.121875 0.009375
0 0.2234375 0.78515625 0.15546875 0.01015625
0 0.09296875 0.80234375 0.06328125 0.01015625
0 0.49453125 0.80390625 0.1421875 0.01171875
0 0.20078125 0.80390625 0.1328125 0.0125
0 0.79609375 0.8046875 0.13046875 0.0125
0 0.4859375 0.815625 0.146875 0.01328125
0 0.53203125 0.83203125 0.090625 0.0109375
0 0.11484375 0.83203125 0.109375 0.009375
0 0.8390625 0.8328125 0.0625 0.01015625
0 0.546875 0.84765625 0.06171875 0.01953125
0 0.11328125 0.8484375 0.109375 0.0140625
0 0.8390625 0.84921875 0.06015625 0.009375
0 0.546875 0.8640625 0.06171875 0.01953125
0 0.14296875 0.86484375 0.1625 0.01171875
0 0.8390625 0.865625 0.06015625 0.009375
0 0.1109375 0.884375 0.096875 0.01015625
0 0.53203125 0.88515625 0.0921875 0.01015625
0 0.834375 0.8859375 0.06328125 0.00859375
0 0.17734375 0.9109375 0.075 0.0078125
0 0.27109375 0.9109375 0.0921875 0.00703125
0 0.09296875 0.9109375 0.078125 0.00703125
0 0.63359375 0.91171875 0.06953125 0.00859375
0 0.7015625 0.91171875 0.04453125 0.0078125
0 0.39453125 0.91171875 0.134375 0.009375
0 0.4890625 0.91171875 0.0421875 0.009375
0 0.55546875 0.9125 0.0671875 0.00859375
0 0.81171875 0.9125 0.15546875 0.009375
0 0.08671875 0.92109375 0.065625 0.0078125
0 0.259375 0.921875 0.03203125 0.00703125
0 0.6296875 0.92265625 0.059375 0.0078125
0 0.1828125 0.92265625 0.10703125 0.01015625
0 0.36171875 0.92265625 0.159375 0.009375
0 0.51796875 0.92265625 0.1375 0.00859375
0 0.7078125 0.92265625 0.075 0.0078125
0 0.79453125 0.9234375 0.07265625 0.0078125
0 0.8578125 0.9234375 0.03828125 0.0078125
0 0.13046875 0.93203125 0.14453125 0.0078125
0 0.25859375 0.9328125 0.0921875 0.0078125
0 0.5078125 0.9328125 0.1046875 0.0078125
0 0.60546875 0.9328125 0.06796875 0.0078125
0 0.3796875 0.9328125 0.125 0.009375
0 0.73984375 0.93359375 0.06328125 0.0078125
0 0.6734375 0.93359375 0.046875 0.0078125
0 0.79609375 0.93359375 0.03046875 0.00859375
0 0.10703125 0.94296875 0.1046875 0.00859375
0 0.22890625 0.94296875 0.08515625 0.009375
0 0.29296875 0.94375 0.0171875 0.00859375
0 0.39453125 0.94375 0.15234375 0.01015625
0 0.53359375 0.94375 0.11015625 0.009375