0 0.21796875 0.12421875 0.24296875 0.01953125
0 0.51328125 0.12421875 0.3140625 0.01953125
0 0.72890625 0.12421875 0.08203125 0.01953125
0 0.8375 0.12421875 0.09609375 0.01953125
0 0.490625 0.1546875 0.1625 0.01796875
0 0.284375 0.178125 0.0515625 0.015625
0 0.553125 0.178125 0.0578125 0.015625
0 0.4578125 0.178125 0.109375 0.015625
0 0.66015625 0.178125 0.12421875 0.0171875
0 0.35546875 0.178125 0.065625 0.01796875
0 0.490625 0.20234375 0.16875 0.0171875
0 0.46640625 0.228125 0.115625 0.01640625
0 0.615625 0.228125 0.159375 0.01640625
0 0.33828125 0.22890625 0.1078125 0.01640625
0 0.36796875 0.25234375 0.06171875 0.01484375
0 0.53828125 0.25234375 0.21640625 0.01484375
0 0.33046875 0.28515625 0.0703125 0.01484375
0 0.3953125 0.28515625 0.0328125 0.01484375
0 0.56484375 0.28515625 0.24609375 0.01484375
0 0.35859375 0.31171875 0.21953125 0.015625
0 0.6515625 0.31171875 0.16015625 0.015625
0 0.51953125 0.3125 0.07265625 0.015625
0 0.096875 0.35234375 0.09921875 0.01796875
0 0.078125 0.3796875 0.06171875 0.01484375
0 0.80234375 0.3796875 0.17734375 0.015625
0 0.41953125 0.38046875 0.2109375 0.01484375
0 0.6375 0.38046875 0.07734375 0.01484375
0 0.14453125 0.38046875 0.04375 0.01484375
0 0.63828125 0.40546875 0.08359375 0.015625
0 0.78203125 0.40546875 0.134375 0.015625
0 0.1046875 0.40703125 0.11796875 0.01328125
0 0.3625 0.4078125 0.09609375 0.0140625
0 0.6265625 0.4328125 0.06171875 0.01484375
0 0.146875 0.43515625 0.196875 0.01796875
0 0.74296875 0.48125 0.13671875 0.01796875
0 0.56015625 0.48125 0.12734375 0.01953125
0 0.0796875 0.48125 0.0734375 0.015625
0 0.88359375 0.48125 0.0578125 0.01640625
0 0.39375 0.4828125 0.0546875 0.01953125
0 0.39140625 0.50546875 0.0109375 0.0140625
0 0.559375 0.50546875 0.06640625 0.0140625
0 0.775 0.50546875 0.0671875 0.0140625
0 0.88515625 0.50546875 0.04609375 0.0140625
0 0.0859375 0.50625 0.0703125 0.01484375
0 0.4125 0.53203125 0.07265625 0.01484375
0 0.08671875 0.5328125 0.075 0.01484375
0 0.23828125 0.5328125 0.20390625 0.01640625
0 0.18046875 0.55703125 0.08125 0.01640625
0 0.77734375 0.55703125 0.07265625 0.01875
0 0.39140625 0.55859375 0.0125 0.015625
0 0.2578125 0.55859375 0.05546875 0.02109375
0 0.18046875 0.59609375 0.07734375 0.01484375
0 0.275 0.59609375 0.0859375 0.01484375
0 0.771875 0.59609375 0.06875 0.01484375
0 0.54453125 0.596875 0.0859375 0.01796875
0 0.4125 0.59765625 0.15703125 0.0234375
0 0.51796875 0.625 0.1390625 0.01484375
0 0.771875 0.625 0.06875 0.01484375
0 0.7734375 0.653125 0.06640625 0.015625
0 0.55078125 0.653125 0.0703125 0.015625
0 0.46484375 0.653125 0.07578125 0.015625
0 0.771875 0.68203125 0.06875 0.01484375
0 0.51171875 0.684375 0.146875 0.01953125
0 0.1140625 0.715625 0.0859375 0.015625
0 0.21796875 0.715625 0.09296875 0.015625
0 0.7734375 0.715625 0.06640625 0.015625
0 0.47734375 0.715625 0.02890625 0.01484375
0 0.36171875 0.7171875 0.16796875 0.01953125
0 0.54609375 0.7171875 0.08671875 0.01953125
0 0.771875 0.74609375 0.06875 0.01484375
0 0.53515625 0.746875 0.09921875 0.01484375
0 0.7734375 0.7734375 0.06875 0.01484375
0 0.52109375 0.775 0.134375 0.01953125
0 0.30234375 0.82421875 0.2 0.01796875
0 0.1484375 0.825 0.084375 0.015625
0 0.15 0.8578125 0.06015625 0.01796875
0 0.23984375 0.8609375 0.08046875 0.0171875
0 0.38671875 0.8609375 0.0265625 0.0171875
0 0.56953125 0.8609375 0.16171875 0.01796875
0 0.79375 0.8609375 0.15390625 0.01796875
0 0.6109375 0.88125 0.07578125 0.01640625
0 0.8328125 0.88125 0.075 0.01640625
0 0.146875 0.88125 0.0515625 0.01640625
0 0.38828125 0.88125 0.01953125 0.01640625
0 0.6109375 0.9140625 0.07578125 0.015625
0 0.36015625 0.9140625 0.0890625 0.015625
0 0.8328125 0.9140625 0.075 0.015625
0 0.4234375 0.915625 0.00390625 0.0125
0 0.16015625 0.965625 0.11640625 0.01328125
0 0.27109375 0.965625 0.08203125 0.01328125
0 0.35390625 0.965625 0.06171875 0.01328125
0 0.42890625 0.965625 0.06015625 0.01328125
0 0.7421875 0.965625 0.10078125 0.0140625
0 0.57578125 0.96640625 0.20859375 0.01484375
0 0.8375 0.96640625 0.0640625 0.01171875