0 0.65234375 0.21796875 0.1890625 0.0203125
0 0.21328125 0.21796875 0.0375 0.01875
0 0.303125 0.21875 0.096875 0.01953125
0 0.4125 0.21875 0.07734375 0.01953125
0 0.50234375 0.21875 0.05859375 0.01953125
0 0.6828125 0.24765625 0.01484375 0.01796875
0 0.6140625 0.24765625 0.07421875 0.0203125
0 0.28359375 0.24765625 0.0578125 0.0203125
0 0.3703125 0.2484375 0.071875 0.0203125
0 0.490625 0.25 0.109375 0.025
0 0.6625 0.27890625 0.096875 0.01875
0 0.284375 0.27890625 0.09765625 0.01953125
0 0.54375 0.27890625 0.096875 0.01953125
0 0.41015625 0.28125 0.109375 0.025
0 0.6125 0.31015625 0.1578125 0.01953125
0 0.3234375 0.31015625 0.09765625 0.01953125
0 0.45078125 0.3125 0.11015625 0.025
0 0.6328125 0.34140625 0.1171875 0.01953125
0 0.5015625 0.34140625 0.09609375 0.01953125
0 0.35546875 0.34140625 0.153125 0.01953125
0 0.2640625 0.371875 0.0578125 0.01953125
0 0.34296875 0.371875 0.0484375 0.01953125
0 0.4140625 0.371875 0.03828125 0.01796875
0 0.6125 0.371875 0.23671875 0.01953125
0 0.4609375 0.375 0.0078125 0.0125
0 0.39453125 0.4328125 0.03828125 0.01953125
0 0.625 0.4328125 0.29296875 0.0203125
0 0.28515625 0.4328125 0.1359375 0.0203125
0 0.4421875 0.43515625 0.01015625 0.01484375
0 0.81328125 0.4953125 0.15546875 0.01953125
0 0.16328125 0.4953125 0.1421875 0.02109375
0 0.49140625 0.4953125 0.1203125 0.02109375
0 0.58359375 0.5546875 0.09609375 0.0203125
0 0.33671875 0.55546875 0.07890625 0.01875
0 0.78203125 0.55546875 0.1359375 0.0234375
0 0.4546875 0.55546875 0.11953125 0.02109375
0 0.22734375 0.55546875 0.096875 0.02265625
0 0.12265625 0.55625 0.0609375 0.0234375
0 0.8828125 0.5578125 0.01796875 0.0171875
0 0.67421875 0.615625 0.0375 0.01875
0 0.4375 0.61640625 0.190625 0.01953125
0 0.26484375 0.61640625 0.09765625 0.01953125
0 0.8046875 0.61640625 0.09609375 0.01953125
0 0.59140625 0.61640625 0.07421875 0.01953125
0 0.14453125 0.61640625 0.09609375 0.01953125
0 0.67421875 0.646875 0.0375 0.01875
0 0.80390625 0.646875 0.09453125 0.01953125
0 0.59375 0.646875 0.07734375 0.01953125
0 0.675 0.678125 0.0375 0.01875
0 0.575 0.678125 0.115625 0.01953125
0 0.8234375 0.678125 0.05546875 0.01796875
0 0.12578125 0.73828125 0.0578125 0.01875
0 0.8015625 0.73828125 0.13046875 0.01875
0 0.57734375 0.73828125 0.0640625 0.01953125
0 0.4734375 0.73828125 0.12265625 0.025
0 0.246875 0.740625 0.1375 0.02578125
0 0.84453125 0.76796875 0.05390625 0.0203125
0 0.146875 0.76796875 0.0171875 0.009375
0 0.19609375 0.76953125 0.03828125 0.01875
0 0.56796875 0.76953125 0.09609375 0.0234375
0 0.10546875 0.77109375 0.015625 0.01328125
0 0.246875 0.859375 0.096875 0.0203125
0 0.47578125 0.86015625 0.11796875 0.0203125
0 0.35390625 0.86015625 0.06953125 0.01875
0 0.5953125 0.8625 0.07734375 0.01484375
0 0.70625 0.86328125 0.096875 0.0234375
0 0.22890625 0.890625 0.053125 0.0203125
0 0.46640625 0.89140625 0.05390625 0.01953125
0 0.34765625 0.89140625 0.13515625 0.01953125
0 0.80546875 0.8921875 0.1328125 0.015625
0 0.1375 0.89296875 0.07890625 0.0234375
0 0.615625 0.89296875 0.19453125 0.025