0 0.3125 0.08828125 0.0734375 0.0171875
0 0.39609375 0.08828125 0.0484375 0.0171875
0 0.54921875 0.08828125 0.05390625 0.0171875
0 0.47421875 0.0890625 0.04765625 0.01953125
0 0.69296875 0.0890625 0.18125 0.01953125
0 0.28359375 0.11171875 0.0546875 0.0171875
0 0.46484375 0.11171875 0.071875 0.0171875
0 0.56953125 0.11171875 0.09140625 0.0171875
0 0.690625 0.11171875 0.11015625 0.0171875
0 0.7875 0.11171875 0.0359375 0.0171875
0 0.3671875 0.1125 0.0671875 0.01875
0 0.56953125 0.13515625 0.09140625 0.01796875
0 0.690625 0.1359375 0.11015625 0.0171875
0 0.321875 0.1359375 0.05390625 0.0171875
0 0.434375 0.13671875 0.125 0.01875
0 0.475 0.159375 0.090625 0.0171875
0 0.58828125 0.159375 0.09296875 0.0171875
0 0.71328125 0.159375 0.11015625 0.0171875
0 0.3390625 0.16015625 0.12578125 0.01875
0 0.40859375 0.1828125 0.03359375 0.0171875
0 0.5984375 0.1828125 0.225 0.0171875
0 0.34140625 0.1828125 0.05390625 0.015625
0 0.45546875 0.18515625 0.00625 0.0125
0 0.43828125 0.20625 0.165625 0.01796875
0 0.5890625 0.20625 0.09140625 0.0171875
0 0.7625 0.22734375 0.0546875 0.0203125
0 0.46875 0.22890625 0.0734375 0.0171875
0 0.675 0.2296875 0.071875 0.0171875
0 0.55234375 0.2296875 0.059375 0.01796875
0 0.34609375 0.2296875 0.13828125 0.0171875
0 0.33203125 0.27578125 0.2265625 0.01796875
0 0.809375 0.27578125 0.11015625 0.01796875
0 0.1828125 0.2765625 0.02890625 0.015625
0 0.46015625 0.3 0.0859375 0.0171875
0 0.309375 0.3 0.17890625 0.0171875
0 0.3328125 0.32265625 0.2265625 0.01796875
0 0.18203125 0.3234375 0.03046875 0.015625
0 0.81015625 0.3234375 0.10859375 0.01640625
0 0.27578125 0.346875 0.11171875 0.01796875
0 0.390625 0.346875 0.071875 0.01796875
0 0.475 0.346875 0.05390625 0.0171875
0 0.8078125 0.3703125 0.1109375 0.0171875
0 0.33359375 0.37109375 0.225 0.015625
0 0.1828125 0.37109375 0.03046875 0.01484375
0 0.38125 0.39296875 0.05390625 0.0171875
0 0.27734375 0.39296875 0.10859375 0.0171875
0 0.46640625 0.39296875 0.07109375 0.0171875
0 0.18828125 0.4390625 0.16484375 0.0171875
0 0.821875 0.43984375 0.0875 0.0171875
0 0.15234375 0.4625 0.08515625 0.01796875
0 0.26796875 0.4625 0.090625 0.01796875
0 0.3703125 0.4625 0.06796875 0.01875
0 0.4578125 0.46328125 0.05390625 0.0171875
0 0.8203125 0.46328125 0.0890625 0.0171875
0 0.15234375 0.4859375 0.0828125 0.01796875
0 0.26796875 0.48671875 0.090625 0.0171875
0 0.4484375 0.48671875 0.06484375 0.01796875
0 0.53359375 0.48671875 0.05390625 0.0171875
0 0.821875 0.48671875 0.0875 0.01796875
0 0.3609375 0.4875 0.04921875 0.0203125
0 0.14296875 0.51015625 0.0734375 0.0171875
0 0.81953125 0.5109375 0.09140625 0.0171875
0 0.146875 0.5328125 0.06875 0.01640625
0 0.24765625 0.5328125 0.0890625 0.0171875
0 0.325 0.5328125 0.01640625 0.01640625
0 0.6078125 0.53359375 0.0515625 0.0171875
0 0.81953125 0.53359375 0.09140625 0.0171875
0 0.5046875 0.534375 0.1109375 0.0203125
0 0.25 0.55625 0.12734375 0.0171875
0 0.36015625 0.55703125 0.0484375 0.015625
0 0.58984375 0.55703125 0.35859375 0.0171875
0 0.1328125 0.5796875 0.053125 0.0171875
0 0.5421875 0.58046875 0.1078125 0.01796875
0 0.8375 0.58046875 0.0515625 0.0171875
0 0.24765625 0.58125 0.13125 0.01953125
0 0.1234375 0.603125 0.0359375 0.0171875
0 0.21875 0.60390625 0.03671875 0.0171875
0 0.171875 0.60390625 0.01640625 0.015625
0 0.55234375 0.60390625 0.0828125 0.0171875
0 0.828125 0.6046875 0.07421875 0.0171875
0 0.15078125 0.62578125 0.0859375 0.01796875
0 0.55234375 0.62734375 0.0828125 0.0171875
0 0.828125 0.62734375 0.07421875 0.0171875
0 0.3640625 0.64921875 0.08828125 0.015625
0 0.59921875 0.64921875 0.0734375 0.01640625
0 0.20390625 0.65 0.18125 0.01953125
0 0.68515625 0.65 0.05390625 0.0171875
0 0.79921875 0.65 0.12734375 0.0171875
0 0.171875 0.671875 0.13046875 0.0171875
0 0.371875 0.67265625 0.2265625 0.01796875
0 0.61796875 0.67265625 0.07421875 0.0171875
0 0.53359375 0.67265625 0.05390625 0.0203125
0 0.38125 0.74140625 0.09296875 0.01796875
0 0.5046875 0.7421875 0.1109375 0.0171875
0 0.65703125 0.7421875 0.15 0.01796875
0 0.3234375 0.76484375 0.0515625 0.0171875
0 0.4984375 0.765625 0.23828125 0.0171875
0 0.69453125 0.76796875 0.1046875 0.01875
0 0.3046875 0.7875 0.090625 0.015625
0 0.4765625 0.7875 0.0515625 0.0171875
0 0.4 0.78828125 0.05390625 0.015625
0 0.56171875 0.78828125 0.071875 0.01640625
0 0.703125 0.7890625 0.1671875 0.01796875
0 0.40859375 0.8125 0.10859375 0.015625
0 0.521875 0.8125 0.071875 0.0171875
0 0.62734375 0.81328125 0.09296875 0.015625