0 0.38359375 0.06875 0.2 0.015625
0 0.6234375 0.06875 0.07578125 0.015625
0 0.71796875 0.06875 0.08046875 0.015625
0 0.1640625 0.06953125 0.2078125 0.01328125
0 0.53671875 0.0703125 0.07734375 0.0171875
0 0.83125 0.0703125 0.12421875 0.015625
0 0.92421875 0.0703125 0.0390625 0.015625
0 0.55859375 0.0875 0.11796875 0.015625
0 0.31015625 0.0875 0.053125 0.015625
0 0.4390625 0.08828125 0.08671875 0.01640625
0 0.6734375 0.0890625 0.07578125 0.0171875
0 0.3640625 0.0890625 0.02421875 0.01875
0 0.4046875 0.10703125 0.08359375 0.01640625
0 0.30546875 0.10859375 0.0953125 0.015625
0 0.50859375 0.10859375 0.1015625 0.01875
0 0.6546875 0.109375 0.1546875 0.01796875
0 0.7296875 0.1265625 0.15 0.01640625
0 0.2890625 0.12734375 0.0390625 0.0140625
0 0.41015625 0.12734375 0.15 0.015625
0 0.578125 0.12734375 0.12109375 0.0140625
0 0.2265625 0.12734375 0.06328125 0.015625
0 0.5765625 0.146875 0.22734375 0.0140625
0 0.425 0.146875 0.05 0.0140625
0 0.34765625 0.146875 0.07578125 0.015625
0 0.46015625 0.1859375 0.01796875 0.025
0 0.58515625 0.1859375 0.190625 0.0265625
0 0.73671875 0.1859375 0.07109375 0.0265625
0 0.24921875 0.18671875 0.05625 0.02578125
0 0.36640625 0.18671875 0.12890625 0.02578125
0 0.43671875 0.234375 0.07421875 0.02578125
0 0.74140625 0.234375 0.15 0.02421875
0 0.6046875 0.23515625 0.06796875 0.0234375
0 0.52265625 0.23515625 0.0546875 0.025
0 0.10859375 0.2609375 0.12734375 0.015625
0 0.7296875 0.26171875 0.18203125 0.01484375
0 0.5640625 0.2625 0.08515625 0.01328125
0 0.490625 0.2921875 0.0546875 0.02421875
0 0.565625 0.2921875 0.05625 0.02421875
0 0.11953125 0.2921875 0.1515625 0.025
0 0.2640625 0.2921875 0.0890625 0.0234375
0 0.38515625 0.2921875 0.11640625 0.025
0 0.43125 0.31953125 0.02109375 0.01328125
0 0.33359375 0.31953125 0.0484375 0.01328125
0 0.39609375 0.31953125 0.01796875 0.01328125
0 0.1 0.3203125 0.11328125 0.0140625
0 0.478125 0.32109375 0.03046875 0.015625
0 0.23125 0.32109375 0.1046875 0.015625
0 0.09140625 0.3390625 0.0921875 0.0140625
0 0.1765625 0.3390625 0.03046875 0.0140625
0 0.27265625 0.340625 0.1 0.01640625
0 0.48203125 0.35859375 0.1484375 0.0140625
0 0.21640625 0.35859375 0.109375 0.0140625
0 0.08984375 0.359375 0.0953125 0.01171875
0 0.33984375 0.359375 0.08203125 0.01640625
0 0.09609375 0.37734375 0.0984375 0.0140625
0 0.37265625 0.37734375 0.096875 0.015625
0 0.23671875 0.37734375 0.1484375 0.0171875
0 0.57421875 0.396875 0.17421875 0.0140625
0 0.74765625 0.396875 0.07890625 0.0140625
0 0.43671875 0.39765625 0.0578125 0.021875
0 0.54296875 0.41953125 0.01796875 0.0125
0 0.46640625 0.41953125 0.0515625 0.0125
0 0.39140625 0.41953125 0.05 0.0125
0 0.61171875 0.41953125 0.07578125 0.0171875
0 0.31171875 0.42109375 0.06640625 0.01328125
0 0.7515625 0.421875 0.12890625 0.0171875
0 0.14453125 0.421875 0.21484375 0.0171875
0 0.77265625 0.45 0.08671875 0.0140625
0 0.54140625 0.45 0.01796875 0.0140625
0 0.63671875 0.45 0.01640625 0.0140625
0 0.48515625 0.45078125 0.01640625 0.01171875
0 0.4015625 0.45078125 0.03203125 0.01171875
0 0.0734375 0.45078125 0.06640625 0.01328125
0 0.178125 0.45078125 0.0921875 0.01328125
0 0.3046875 0.45078125 0.07109375 0.01171875
0 0.48515625 0.46875 0.01640625 0.0140625
0 0.77265625 0.46875 0.090625 0.0140625
0 0.63515625 0.46875 0.01640625 0.0140625
0 0.54296875 0.46875 0.01796875 0.0140625
0 0.3046875 0.4703125 0.07109375 0.01328125
0 0.40703125 0.4703125 0.01796875 0.01171875
0 0.11953125 0.4703125 0.1609375 0.01328125
0 0.63671875 0.48828125 0.01328125 0.0140625
0 0.40859375 0.48828125 0.01484375 0.0140625
0 0.54296875 0.48828125 0.01796875 0.0140625
0 0.48359375 0.4890625 0.01640625 0.01171875
0 0.1640625 0.4890625 0.0890625 0.01171875
0 0.30859375 0.4890625 0.06640625 0.01171875
0 0.06796875 0.4890625 0.0515625 0.01328125
0 0.78046875 0.4890625 0.07734375 0.01796875
0 0.34921875 0.52109375 0.0921875 0.02734375
0 0.4390625 0.52109375 0.0390625 0.02734375
0 0.77265625 0.521875 0.09375 0.025
0 0.55859375 0.52421875 0.16328125 0.03359375
0 0.77265625 0.55625 0.08671875 0.01328125
0 0.628125 0.55625 0.03046875 0.01328125
0 0.54296875 0.55703125 0.01796875 0.0140625
0 0.303125 0.55703125 0.07421875 0.0140625
0 0.40859375 0.55703125 0.01796875 0.0140625
0 0.48359375 0.55703125 0.01640625 0.0140625
0 0.1140625 0.5578125 0.146875 0.01328125
0 0.40859375 0.57578125 0.01796875 0.0140625
0 0.48515625 0.57578125 0.01640625 0.0140625
0 0.54296875 0.57578125 0.01796875 0.0140625
0 0.6296875 0.57578125 0.03359375 0.0140625
0 0.7640625 0.57578125 0.1078125 0.0140625
0 0.16640625 0.57734375 0.0609375 0.01171875
0 0.08359375 0.57734375 0.08359375 0.01171875
0 0.3046875 0.57734375 0.06796875 0.02421875
0 0.12109375 0.6078125 0.090625 0.0265625
0 0.76171875 0.60859375 0.1078125 0.02578125
0 0.21015625 0.609375 0.03671875 0.0234375
0 0.47265625 0.6109375 0.10625 0.03203125
0 0.32265625 0.6109375 0.1484375 0.03203125
0 0.59765625 0.6109375 0.08515625 0.03359375
0 0.77265625 0.64765625 0.090625 0.025
0 0.60703125 0.64765625 0.06640625 0.025
0 0.140625 0.6890625 0.090625 0.02734375
0 0.2296875 0.6890625 0.03671875 0.025
0 0.7640625 0.6890625 0.1078125 0.025
0 0.34140625 0.6921875 0.15 0.03203125
0 0.48125 0.6921875 0.0890625 0.03203125
0 0.59765625 0.6921875 0.08515625 0.03203125
0 0.34921875 0.72734375 0.0921875 0.02734375
0 0.77265625 0.72734375 0.09375 0.0265625
0 0.4390625 0.72890625 0.0390625 0.02578125
0 0.55859375 0.7296875 0.16328125 0.03515625
0 0.4265625 0.76953125 0.0890625 0.02734375
0 0.77265625 0.7703125 0.09375 0.0265625
0 0.5640625 0.77265625 0.13046875 0.03515625
0 0.11796875 0.8171875 0.1390625 0.0125
0 0.12109375 0.83671875 0.1484375 0.01328125
0 0.2640625 0.83671875 0.0921875 0.01328125
0 0.64453125 0.83671875 0.0921875 0.01328125
0 0.803125 0.8375 0.18046875 0.01328125
0 0.3765625 0.8375 0.0890625 0.015625
0 0.46484375 0.8375 0.03203125 0.0109375
0 0.5390625 0.8375 0.07421875 0.0171875
0 0.46171875 0.85546875 0.18515625 0.01328125
0 0.07265625 0.85546875 0.0546875 0.01328125
0 0.6515625 0.85703125 0.1484375 0.0171875
0 0.203125 0.85703125 0.1609375 0.01171875
0 0.76796875 0.85703125 0.02890625 0.01015625
0 0.30859375 0.87421875 0.07890625 0.01328125
0 0.87265625 0.87578125 0.0484375 0.0109375
0 0.8046875 0.87578125 0.03515625 0.0109375
0 0.23515625 0.87578125 0.03203125 0.0109375
0 0.66171875 0.87578125 0.2046875 0.0171875
0 0.12109375 0.8765625 0.1453125 0.01640625
0 0.4515625 0.87890625 0.16796875 0.01171875
0 0.47265625 0.89375 0.0546875 0.01328125
0 0.56640625 0.89375 0.09375 0.01328125
0 0.653125 0.89375 0.03515625 0.01328125
0 0.72109375 0.89375 0.0515625 0.01328125
0 0.2984375 0.8953125 0.12578125 0.015625
0 0.18359375 0.8953125 0.0515625 0.0109375
0 0.4046875 0.8953125 0.03515625 0.0109375
0 0.090625 0.896875 0.090625 0.0140625
0 0.48203125 0.9125 0.06796875 0.01484375
0 0.32109375 0.9140625 0.090625 0.0125
0 0.56640625 0.9140625 0.0515625 0.0125
0 0.68203125 0.9140625 0.12890625 0.0125
0 0.14609375 0.9140625 0.2046875 0.0171875
0 0.40625 0.915625 0.03203125 0.01015625
0 0.29140625 0.93359375 0.07890625 0.01484375
0 0.1390625 0.9359375 0.19375 0.0171875
0 0.43984375 0.95546875 0.259375 0.015625
0 0.63671875 0.95546875 0.10625 0.015625