0 0.43046875 0.1703125 0.0734375 0.01328125
0 0.50390625 0.1703125 0.03046875 0.01328125
0 0.58046875 0.1703125 0.071875 0.0140625
0 0.50546875 0.1890625 0.0734375 0.0140625
0 0.665625 0.1890625 0.05546875 0.0140625
0 0.21171875 0.1890625 0.16328125 0.0140625
0 0.35546875 0.1890625 0.0734375 0.0140625
0 0.428125 0.1890625 0.03046875 0.01328125
0 0.58984375 0.1890625 0.05546875 0.01328125
0 0.7984375 0.18984375 0.1640625 0.01328125
0 0.43984375 0.2078125 0.0921875 0.0140625
0 0.56015625 0.20859375 0.10625 0.0140625
0 0.30703125 0.20859375 0.04765625 0.01328125
0 0.36484375 0.20859375 0.00703125 0.0125
0 0.6765625 0.209375 0.06875 0.01484375
0 0.29765625 0.22734375 0.11015625 0.0140625
0 0.571875 0.228125 0.0921875 0.0140625
0 0.43046875 0.228125 0.11015625 0.01484375
0 0.703125 0.22890625 0.13046875 0.01640625
0 0.4109375 0.24765625 0.1484375 0.01640625
0 0.59921875 0.24765625 0.1484375 0.015625
0 0.45 0.26640625 0.03515625 0.01328125
0 0.28046875 0.2671875 0.06953125 0.0140625
0 0.37109375 0.2671875 0.06875 0.01484375
0 0.64453125 0.26796875 0.240625 0.015625
0 0.496875 0.26875 0.00625 0.01015625
0 0.37109375 0.2859375 0.17890625 0.0140625
0 0.59609375 0.2859375 0.18046875 0.0140625
0 0.22265625 0.3046875 0.18203125 0.0140625
0 0.37265625 0.30546875 0.03046875 0.01328125
0 0.15859375 0.32421875 0.05078125 0.0140625
0 0.23984375 0.32421875 0.06875 0.0140625
0 0.35625 0.32421875 0.10625 0.0140625
0 0.77734375 0.325 0.0171875 0.0140625
0 0.6734375 0.32578125 0.109375 0.0171875
0 0.1671875 0.34375 0.0734375 0.0140625
0 0.39140625 0.34375 0.18515625 0.0140625
0 0.5828125 0.34375 0.14296875 0.0140625
0 0.27109375 0.3453125 0.00625 0.01015625
0 0.36484375 0.3625 0.13046875 0.01796875
0 0.4578125 0.36328125 0.0171875 0.0125
0 0.19296875 0.3640625 0.128125 0.01484375
0 0.75703125 0.40234375 0.0859375 0.01328125
0 0.34921875 0.40234375 0.2109375 0.01328125
0 0.15546875 0.40234375 0.05546875 0.01484375
0 0.853125 0.40234375 0.053125 0.01328125
0 0.42109375 0.43984375 0.05390625 0.0140625
0 0.49609375 0.43984375 0.06015625 0.01640625
0 0.32578125 0.43984375 0.08984375 0.0140625
0 0.23125 0.440625 0.05703125 0.0140625
0 0.578125 0.440625 0.08359375 0.01484375
0 0.1375 0.440625 0.009375 0.0125
0 0.7671875 0.440625 0.07421875 0.0140625
0 0.86328125 0.440625 0.040625 0.0140625
0 0.5421875 0.46015625 0.0734375 0.01328125
0 0.2328125 0.46015625 0.05390625 0.0125
0 0.43828125 0.46015625 0.09140625 0.0125
0 0.6359375 0.46015625 0.07421875 0.0140625
0 0.325 0.46015625 0.08828125 0.0125
0 0.2328125 0.47890625 0.0515625 0.01328125
0 0.37265625 0.47890625 0.0359375 0.01328125
0 0.1375 0.47890625 0.009375 0.01328125
0 0.30703125 0.47890625 0.05546875 0.01328125
0 0.52578125 0.47890625 0.06328125 0.01328125
0 0.43359375 0.47890625 0.04140625 0.0125
0 0.60546875 0.47890625 0.05 0.01328125
0 0.7671875 0.4796875 0.07421875 0.01328125
0 0.86171875 0.4796875 0.03515625 0.01328125
0 0.3265625 0.49765625 0.0890625 0.0140625
0 0.23125 0.49765625 0.053125 0.01328125
0 0.51484375 0.4984375 0.05078125 0.0125
0 0.42734375 0.4984375 0.07109375 0.01328125
0 0.58046875 0.4984375 0.03359375 0.01328125
0 0.140625 0.5171875 0.015625 0.0140625
0 0.2328125 0.5171875 0.05390625 0.0140625
0 0.30859375 0.5171875 0.0515625 0.01328125
0 0.37265625 0.5171875 0.0359375 0.0140625
0 0.76953125 0.51796875 0.06875 0.0140625
0 0.86171875 0.51796875 0.03515625 0.01328125
0 0.2328125 0.53671875 0.05390625 0.01328125
0 0.37265625 0.53671875 0.184375 0.01328125
0 0.52578125 0.5375 0.06875 0.0125
0 0.60859375 0.53828125 0.05 0.015625
0 0.17265625 0.575 0.0953125 0.01484375
0 0.47421875 0.57578125 0.05078125 0.015625
0 0.8328125 0.5765625 0.09296875 0.01328125
0 0.34453125 0.57734375 0.175 0.015625
0 0.17265625 0.59453125 0.08671875 0.0140625
0 0.41875 0.5953125 0.08359375 0.01484375
0 0.29765625 0.5953125 0.11015625 0.01484375
0 0.84140625 0.59609375 0.0734375 0.01328125
0 0.15546875 0.6140625 0.053125 0.0140625
0 0.39921875 0.61484375 0.084375 0.015625
0 0.26875 0.61484375 0.12890625 0.01640625
0 0.84296875 0.61484375 0.0625 0.01328125
0 0.17265625 0.6328125 0.08671875 0.0140625
0 0.46484375 0.6328125 0.03359375 0.0140625
0 0.33515625 0.63359375 0.18359375 0.015625
0 0.8328125 0.63359375 0.09296875 0.0140625
0 0.5484375 0.634375 0.08671875 0.015625
0 0.203125 0.653125 0.14921875 0.015625
0 0.83125 0.653125 0.0859375 0.01328125
0 0.3265625 0.6546875 0.05390625 0.0171875
0 0.22109375 0.678125 0.1875 0.0296875
0 0.78203125 0.6796875 0.190625 0.02890625
0 0.18828125 0.71953125 0.115625 0.0140625
0 0.57890625 0.71953125 0.18515625 0.0140625
0 0.43828125 0.73828125 0.01484375 0.01328125
0 0.19140625 0.7390625 0.12265625 0.0140625
0 0.34296875 0.7390625 0.12890625 0.0140625
0 0.4828125 0.796875 0.00078125 0.00234375
0 0.15546875 0.81484375 0.05546875 0.01484375
0 0.81328125 0.815625 0.128125 0.0171875
0 0.65546875 0.81640625 0.0625 0.015625
0 0.55703125 0.81640625 0.10390625 0.0140625
0 0.26953125 0.8171875 0.13203125 0.0140625
0 0.60625 0.91171875 0.203125 0.0140625
0 0.39765625 0.91171875 0.16171875 0.015625
0 0.27890625 0.93046875 0.07109375 0.0140625
0 0.68828125 0.93046875 0.14296875 0.01484375
0 0.5109375 0.93046875 0.1609375 0.01484375
0 0.39921875 0.93046875 0.01875 0.01328125
0 0.353125 0.93203125 0.0359375 0.0109375
0 0.28515625 0.94921875 0.0859375 0.01484375
0 0.58671875 0.95 0.39375 0.01640625
0 0.36328125 0.9515625 0.00625 0.01015625