0 0.37421875 0.06484375 0.19609375 0.01484375
0 0.71015625 0.06640625 0.0796875 0.0140625
0 0.15546875 0.06640625 0.2109375 0.0140625
0 0.61953125 0.06640625 0.0734375 0.0140625
0 0.53046875 0.0671875 0.078125 0.01640625
0 0.82734375 0.0671875 0.128125 0.01640625
0 0.9234375 0.0671875 0.0390625 0.01640625
0 0.4421875 0.08515625 0.06953125 0.01484375
0 0.55390625 0.08515625 0.1296875 0.01484375
0 0.31953125 0.0859375 0.10078125 0.015625
0 0.66875 0.0859375 0.075 0.0171875
0 0.4 0.1046875 0.0796875 0.0140625
0 0.30390625 0.1046875 0.09453125 0.01484375
0 0.50703125 0.10546875 0.0921875 0.01640625
0 0.65 0.10625 0.15390625 0.01953125
0 0.246875 0.12265625 0.1203125 0.015625
0 0.4046875 0.1234375 0.15078125 0.0140625
0 0.571875 0.1234375 0.121875 0.0140625
0 0.72578125 0.1234375 0.15234375 0.0140625
0 0.41875 0.1421875 0.0515625 0.01484375
0 0.33828125 0.1421875 0.06953125 0.01484375
0 0.62265625 0.1421875 0.125 0.01484375
0 0.5046875 0.1421875 0.084375 0.01484375
0 0.45546875 0.18203125 0.01796875 0.02421875
0 0.24453125 0.1828125 0.05390625 0.025
0 0.3609375 0.1828125 0.125 0.02578125
0 0.73359375 0.1828125 0.07109375 0.02578125
0 0.58046875 0.1828125 0.18984375 0.02578125
0 0.43203125 0.2296875 0.075 0.0265625
0 0.6 0.23125 0.06640625 0.02421875
0 0.7359375 0.23125 0.15078125 0.02421875
0 0.51796875 0.23125 0.0484375 0.02421875
0 0.15 0.2578125 0.03046875 0.01484375
0 0.0828125 0.25859375 0.0875 0.0140625
0 0.7234375 0.25859375 0.18984375 0.0140625
0 0.55703125 0.25859375 0.0875 0.0140625
0 0.25625 0.28828125 0.090625 0.02578125
0 0.38125 0.2890625 0.11328125 0.02421875
0 0.4859375 0.2890625 0.05390625 0.02578125
0 0.56171875 0.2890625 0.05546875 0.02578125
0 0.109375 0.2890625 0.15078125 0.02578125
0 0.4265625 0.3171875 0.01953125 0.01328125
0 0.321875 0.3171875 0.0375 0.01171875
0 0.09296875 0.3171875 0.11171875 0.01328125
0 0.225 0.31875 0.10546875 0.015625
0 0.4734375 0.31875 0.03046875 0.015625
0 0.0875 0.3375 0.084375 0.01171875
0 0.26484375 0.3375 0.10390625 0.01484375
0 0.165625 0.3375 0.02265625 0.01171875
0 0.540625 0.34609375 0.003125 0.00234375
0 0.478125 0.35625 0.14453125 0.0125
0 0.32734375 0.35625 0.06328125 0.0125
0 0.06953125 0.35625 0.07109375 0.0125
0 0.20859375 0.35625 0.11171875 0.0125
0 0.0828125 0.3734375 0.0875 0.0140625
0 0.36640625 0.37421875 0.09921875 0.0140625
0 0.23125 0.375 0.14765625 0.01640625
0 0.56953125 0.39375 0.171875 0.0171875
0 0.74453125 0.39375 0.0921875 0.015625
0 0.43203125 0.3953125 0.05859375 0.01796875
0 0.53671875 0.41640625 0.02109375 0.015625
0 0.46015625 0.4171875 0.06015625 0.0140625
0 0.60625 0.4171875 0.0734375 0.01328125
0 0.30703125 0.4171875 0.05859375 0.01484375
0 0.746875 0.41875 0.1328125 0.015625
0 0.134375 0.41875 0.2078125 0.0140625
0 0.3859375 0.41875 0.05703125 0.0140625
0 0.62421875 0.446875 0.0375 0.0140625
0 0.29453125 0.446875 0.0828125 0.0140625
0 0.05390625 0.446875 0.0421875 0.0109375
0 0.16875 0.44765625 0.084375 0.01171875
0 0.76796875 0.44765625 0.09765625 0.01328125
0 0.5375 0.44765625 0.02265625 0.01328125
0 0.4796875 0.4484375 0.02109375 0.0140625
0 0.39453125 0.4484375 0.0390625 0.0171875
0 0.4828125 0.46640625 0.01484375 0.0140625
0 0.29765625 0.46640625 0.06953125 0.0125
0 0.6296875 0.46640625 0.01640625 0.0140625
0 0.4109375 0.4671875 0.0359375 0.0109375
0 0.76953125 0.4671875 0.090625 0.0109375
0 0.1078125 0.4671875 0.1609375 0.01484375
0 0.5359375 0.4671875 0.02578125 0.01484375
0 0.41015625 0.48515625 0.03046875 0.01015625
0 0.76796875 0.4859375 0.090625 0.0140625
0 0.621875 0.4859375 0.0328125 0.0125
0 0.48828125 0.4859375 0.0328125 0.0140625
0 0.5359375 0.4859375 0.01953125 0.0125
0 0.15859375 0.4859375 0.0859375 0.0125
0 0.06015625 0.48671875 0.06171875 0.0140625
0 0.2984375 0.4875 0.075 0.01328125
0 0.3421875 0.51953125 0.090625 0.0265625
0 0.76953125 0.5203125 0.10078125 0.0265625
0 0.43203125 0.5203125 0.0390625 0.025
0 0.55390625 0.52109375 0.1625 0.034375
0 0.49921875 0.5546875 0.0921875 0.015625
0 0.7703125 0.5546875 0.0859375 0.0140625
0 0.40234375 0.5546875 0.01640625 0.01171875
0 0.62421875 0.5546875 0.03046875 0.01328125
0 0.11640625 0.55546875 0.1703125 0.0140625
0 0.29609375 0.55546875 0.0734375 0.0140625
0 0.5359375 0.5734375 0.01953125 0.0140625
0 0.11953125 0.5734375 0.1609375 0.0140625
0 0.77734375 0.57421875 0.08125 0.0140625
0 0.40234375 0.57421875 0.0515625 0.01171875
0 0.29765625 0.575 0.06953125 0.01171875
0 0.48125 0.575 0.05 0.01640625
0 0.6296875 0.57578125 0.01953125 0.01328125
0 0.7703125 0.6046875 0.09609375 0.0265625
0 0.203125 0.60703125 0.0390625 0.02421875
0 0.11328125 0.60703125 0.090625 0.02578125
0 0.3140625 0.60859375 0.14765625 0.0328125
0 0.46640625 0.60859375 0.10546875 0.0328125
0 0.590625 0.60859375 0.0875 0.034375
0 0.76796875 0.64453125 0.09453125 0.028125
0 0.60078125 0.64609375 0.06796875 0.02421875
0 0.134375 0.68671875 0.0875 0.0265625
0 0.76796875 0.6875 0.09765625 0.0265625
0 0.22109375 0.6875 0.0390625 0.025
0 0.590625 0.68984375 0.0875 0.03203125
0 0.33515625 0.690625 0.14765625 0.03359375
0 0.47578125 0.690625 0.0875 0.03359375
0 0.7671875 0.725 0.10234375 0.028125
0 0.43203125 0.7265625 0.0390625 0.02578125
0 0.34296875 0.72734375 0.0890625 0.02578125
0 0.55390625 0.72890625 0.1625 0.034375
0 0.4234375 0.76796875 0.084375 0.0265625
0 0.7671875 0.7703125 0.09921875 0.028125
0 0.56171875 0.77109375 0.14296875 0.0328125
0 0.10078125 0.81484375 0.1234375 0.01171875
0 0.25546875 0.83515625 0.0921875 0.01171875
0 0.79375 0.83515625 0.165625 0.01171875
0 0.63984375 0.83515625 0.090625 0.01015625
0 0.5359375 0.8359375 0.07109375 0.01640625
0 0.11328125 0.8359375 0.15234375 0.0140625
0 0.45859375 0.8359375 0.034375 0.009375
0 0.36875 0.83671875 0.0875 0.01640625
0 0.06484375 0.85390625 0.05859375 0.0140625
0 0.325 0.85390625 0.0328125 0.0125
0 0.45546875 0.85390625 0.18671875 0.0125
0 0.765625 0.8546875 0.02734375 0.01015625
0 0.196875 0.85625 0.1640625 0.0140625
0 0.64609375 0.85625 0.14609375 0.0140625
0 0.30390625 0.8734375 0.075 0.0125
0 0.7078125 0.8734375 0.10078125 0.0125
0 0.11328125 0.8734375 0.14921875 0.0140625
0 0.228125 0.87421875 0.034375 0.0109375
0 0.80390625 0.87421875 0.0328125 0.0109375
0 0.871875 0.875 0.0453125 0.01015625
0 0.44453125 0.875 0.165625 0.01015625
0 0.58515625 0.875 0.06328125 0.01484375
0 0.46796875 0.89296875 0.05390625 0.01328125
0 0.646875 0.89375 0.03046875 0.009375
0 0.17890625 0.89375 0.0484375 0.0125
0 0.71796875 0.89453125 0.05 0.0109375
0 0.2859375 0.89453125 0.11015625 0.015625
0 0.39921875 0.8953125 0.0359375 0.00859375
0 0.55703125 0.89609375 0.08125 0.00859375
0 0.08515625 0.89609375 0.0828125 0.0140625
0 0.5640625 0.9125 0.04375 0.01328125
0 0.68046875 0.9125 0.1265625 0.01328125
0 0.3140625 0.9140625 0.0921875 0.0109375
0 0.47578125 0.9140625 0.07109375 0.015625
0 0.08046875 0.91484375 0.0859375 0.015625
0 0.1921875 0.91484375 0.10859375 0.01328125
0 0.403125 0.915625 0.03046875 0.00859375
0 0.28828125 0.93359375 0.0796875 0.0125
0 0.1296875 0.93515625 0.18515625 0.01640625
0 0.434375 0.9546875 0.26171875 0.0140625
0 0.6296875 0.9546875 0.09765625 0.01484375