0 0.64609375 0.190625 0.07421875 0.0109375
0 0.5609375 0.19140625 0.07578125 0.01015625
0 0.31484375 0.19296875 0.059375 0.01015625
0 0.43359375 0.19296875 0.15859375 0.01015625
0 0.49375 0.20859375 0.1078125 0.009375
0 0.3359375 0.20859375 0.0671875 0.009375
0 0.4046875 0.20859375 0.04375 0.0109375
0 0.646875 0.23203125 0.07890625 0.01015625
0 0.43359375 0.23359375 0.15859375 0.01015625
0 0.56171875 0.23359375 0.07421875 0.009375
0 0.31484375 0.23359375 0.059375 0.009375
0 0.4984375 0.2484375 0.109375 0.01015625
0 0.33984375 0.24921875 0.06875 0.009375
0 0.6125 0.24921875 0.09453125 0.0109375
0 0.4078125 0.25 0.04375 0.0109375
0 0.5078125 0.26640625 0.0671875 0.009375
0 0.5921875 0.26640625 0.07421875 0.009375
0 0.690625 0.26640625 0.09296875 0.009375
0 0.34375 0.26796875 0.09453125 0.009375
0 0.4234375 0.26796875 0.03359375 0.009375
0 0.26171875 0.26796875 0.05078125 0.009375
0 0.4578125 0.27265625 0.0046875 0.003125
0 0.62734375 0.284375 0.20234375 0.009375
0 0.284375 0.284375 0.09921875 0.00859375
0 0.37890625 0.284375 0.06875 0.00859375
0 0.46796875 0.28515625 0.0859375 0.0109375
0 0.7359375 0.30078125 0.1875 0.009375
0 0.6015625 0.30078125 0.059375 0.0078125
0 0.10234375 0.30078125 0.0625 0.0078125
0 0.52265625 0.3015625 0.07734375 0.009375
0 0.31015625 0.3015625 0.33359375 0.009375
0 0.50234375 0.31875 0.05390625 0.009375
0 0.63984375 0.31875 0.153125 0.009375
0 0.43359375 0.32109375 0.0640625 0.01328125
0 0.3046875 0.32109375 0.1734375 0.01328125
0 0.44375 0.33828125 0.05390625 0.009375
0 0.3734375 0.340625 0.059375 0.01328125
0 0.60546875 0.340625 0.24609375 0.01328125
0 0.28984375 0.340625 0.084375 0.01328125
0 0.5078125 0.3671875 0.14140625 0.01015625
0 0.3890625 0.3671875 0.06875 0.01015625
0 0.12578125 0.40390625 0.09921875 0.01015625
0 0.2859375 0.40390625 0.20078125 0.0109375
0 0.1265625 0.428125 0.1078125 0.009375
0 0.22109375 0.428125 0.05390625 0.009375
0 0.4640625 0.428125 0.165625 0.009375
0 0.1125 0.4453125 0.07578125 0.0109375
0 0.478125 0.4453125 0.1734375 0.0109375
0 0.15 0.4640625 0.15546875 0.0109375
0 0.7796875 0.490625 0.0890625 0.009375
0 0.52734375 0.490625 0.05546875 0.0109375
0 0.325 0.5125 0.153125 0.0109375
0 0.1078125 0.51328125 0.07109375 0.009375
0 0.1953125 0.51328125 0.07421875 0.009375
0 0.528125 0.53359375 0.084375 0.009375
0 0.825 0.53359375 0.04375 0.009375
0 0.1671875 0.55234375 0.14140625 0.009375
0 0.809375 0.55234375 0.0640625 0.009375
0 0.12734375 0.57734375 0.103125 0.009375
0 0.2640625 0.57734375 0.15 0.0109375
0 0.521875 0.59921875 0.0890625 0.0109375
0 0.81953125 0.59921875 0.046875 0.009375
0 0.17109375 0.6171875 0.14296875 0.01015625
0 0.8125 0.61796875 0.0671875 0.009375
0 0.4484375 0.64921875 0.128125 0.0109375
0 0.81015625 0.65 0.065625 0.009375
0 0.13671875 0.675 0.07421875 0.009375
0 0.2265625 0.675 0.09296875 0.009375
0 0.48359375 0.67578125 0.07734375 0.0109375
0 0.81484375 0.6765625 0.07109375 0.009375
0 0.36015625 0.6765625 0.16015625 0.01328125
0 0.11640625 0.69375 0.07734375 0.01015625
0 0.2109375 0.69375 0.084375 0.01015625
0 0.42890625 0.69375 0.03203125 0.009375
0 0.4921875 0.69375 0.07421875 0.009375
0 0.33359375 0.69375 0.13828125 0.009375
0 0.81953125 0.69453125 0.0640625 0.009375
0 0.81484375 0.7140625 0.0640625 0.009375
0 0.25546875 0.7140625 0.13359375 0.01328125
0 0.41796875 0.71484375 0.17890625 0.0125
0 0.81484375 0.74453125 0.0640625 0.009375
0 0.428125 0.7453125 0.13828125 0.01328125
0 0.4875 0.76484375 0.0640625 0.009375
0 0.81796875 0.76484375 0.0671875 0.01015625
0 0.38359375 0.765625 0.1234375 0.01328125
0 0.39375 0.8046875 0.01875 0.01015625
0 0.1765625 0.8046875 0.20078125 0.01328125
0 0.10703125 0.83046875 0.07578125 0.0109375
0 0.8078125 0.83203125 0.05390625 0.009375
0 0.23046875 0.8328125 0.15703125 0.01328125
0 0.53125 0.83359375 0.128125 0.0109375
0 0.09609375 0.84921875 0.04375 0.0109375
0 0.5765625 0.85078125 0.0640625 0.009375
0 0.20390625 0.85234375 0.0640625 0.01328125
0 0.81875 0.85234375 0.059375 0.009375
0 0.37890625 0.93046875 0.18359375 0.015625
0 0.53828125 0.93125 0.11484375 0.015625
0 0.2796875 0.95 0.2125 0.015625
0 0.47734375 0.95 0.15859375 0.015625
0 0.6546875 0.95078125 0.171875 0.0140625