0 0.384375 0.07734375 0.2015625 0.01484375
0 0.1640625 0.078125 0.2109375 0.01328125
0 0.62421875 0.07890625 0.07421875 0.01484375
0 0.7171875 0.0796875 0.08203125 0.015625
0 0.5390625 0.08046875 0.07734375 0.0171875
0 0.83515625 0.08046875 0.12578125 0.0171875
0 0.928125 0.08046875 0.040625 0.01796875
0 0.31171875 0.096875 0.05625 0.01484375
0 0.4390625 0.09765625 0.090625 0.01484375
0 0.3640625 0.09765625 0.02734375 0.0171875
0 0.5640625 0.0984375 0.12734375 0.01484375
0 0.6765625 0.10078125 0.07265625 0.0171875
0 0.30625 0.115625 0.09375 0.015625
0 0.40859375 0.115625 0.08203125 0.015625
0 0.5078125 0.11796875 0.1 0.0171875
0 0.65078125 0.11953125 0.15 0.01953125
0 0.58125 0.13515625 0.12109375 0.01484375
0 0.23125 0.13671875 0.06328125 0.01484375
0 0.3 0.13671875 0.0515625 0.01484375
0 0.4140625 0.13671875 0.15 0.01484375
0 0.73125 0.13671875 0.15 0.01484375
0 0.34765625 0.15390625 0.07578125 0.01484375
0 0.4265625 0.15546875 0.053125 0.01328125
0 0.5796875 0.15703125 0.22734375 0.01484375
0 0.5890625 0.1953125 0.190625 0.025
0 0.253125 0.19609375 0.0546875 0.0234375
0 0.365625 0.196875 0.12734375 0.025
0 0.7390625 0.196875 0.07421875 0.025
0 0.4390625 0.2421875 0.07421875 0.025
0 0.5265625 0.2421875 0.05 0.025
0 0.74296875 0.24453125 0.146875 0.025
0 0.60859375 0.24453125 0.06953125 0.02578125
0 0.11015625 0.26953125 0.12734375 0.01484375
0 0.56640625 0.27109375 0.08359375 0.0125
0 0.73203125 0.27109375 0.18359375 0.0125
0 0.1171875 0.3015625 0.15 0.025
0 0.2640625 0.3015625 0.0921875 0.025
0 0.3890625 0.3015625 0.11328125 0.025
0 0.49453125 0.3015625 0.053125 0.025
0 0.56953125 0.3015625 0.0546875 0.025
0 0.1015625 0.32890625 0.11328125 0.01171875
0 0.39765625 0.33046875 0.01484375 0.0125
0 0.33671875 0.33046875 0.0484375 0.0125
0 0.43515625 0.33046875 0.01640625 0.0125
0 0.23125 0.33203125 0.1078125 0.01484375
0 0.48125 0.33203125 0.03046875 0.01484375
0 0.1796875 0.3484375 0.03359375 0.0125
0 0.090625 0.35078125 0.090625 0.0125
0 0.27265625 0.35 0.10625 0.01484375
0 0.0890625 0.36796875 0.09375 0.0125
0 0.2140625 0.36796875 0.1078125 0.0125
0 0.3390625 0.36953125 0.08671875 0.01484375
0 0.48125 0.3703125 0.146875 0.0125
0 0.09765625 0.38671875 0.1015625 0.015625
0 0.29453125 0.38671875 0.259375 0.01640625
0 0.44609375 0.4046875 0.06328125 0.01484375
0 0.578125 0.4046875 0.16640625 0.01484375
0 0.74765625 0.40625 0.08515625 0.0125
0 0.70625 0.42890625 0.07109375 0.0125
0 0.41015625 0.4296875 0.05625 0.0109375
0 0.484375 0.43046875 0.05 0.0125
0 0.5640625 0.43046875 0.053125 0.0125
0 0.6390625 0.43046875 0.01640625 0.0125
0 0.14453125 0.43046875 0.2078125 0.01640625
0 0.84765625 0.43203125 0.13046875 0.015625
0 0.1796875 0.45859375 0.0921875 0.0125
0 0.07265625 0.46015625 0.06484375 0.0125
0 0.5046875 0.46015625 0.01328125 0.0125
0 0.39765625 0.46015625 0.07265625 0.0125
0 0.58125 0.46015625 0.01484375 0.0125
0 0.73359375 0.46015625 0.01328125 0.0125
0 0.87421875 0.46015625 0.07421875 0.01484375
0 0.6390625 0.46015625 0.01953125 0.0125
0 0.12265625 0.47890625 0.16484375 0.0125
0 0.5046875 0.48046875 0.01328125 0.0125
0 0.58203125 0.48046875 0.01640625 0.0125
0 0.6390625 0.48046875 0.01640625 0.0125
0 0.73359375 0.48046875 0.01328125 0.0125
0 0.878125 0.4796875 0.07265625 0.01484375
0 0.4015625 0.48046875 0.07109375 0.0125
0 0.06796875 0.4984375 0.0515625 0.0125
0 0.1640625 0.4984375 0.0921875 0.0125
0 0.4015625 0.49921875 0.07109375 0.01171875
0 0.5046875 0.5 0.01328125 0.01015625
0 0.73125 0.50078125 0.01484375 0.0125
0 0.58359375 0.50078125 0.01953125 0.0125
0 0.865625 0.50078125 0.0921875 0.0125
0 0.6390625 0.50078125 0.01953125 0.01484375
0 0.34921875 0.53125 0.0921875 0.02734375
0 0.77265625 0.534375 0.090625 0.025
0 0.4390625 0.534375 0.0421875 0.025
0 0.56171875 0.53671875 0.16640625 0.034375
0 0.5046875 0.56796875 0.01328125 0.0125
0 0.19296875 0.56796875 0.3015625 0.0125
0 0.39765625 0.56796875 0.07265625 0.0125
0 0.6390625 0.56953125 0.01640625 0.0109375
0 0.58203125 0.5703125 0.01640625 0.0125
0 0.73125 0.5703125 0.01484375 0.0125
0 0.878125 0.5703125 0.07578125 0.0125
0 0.08359375 0.58828125 0.08671875 0.0125
0 0.19609375 0.58828125 0.1046875 0.0125
0 0.39765625 0.58828125 0.07265625 0.0125
0 0.725 0.58828125 0.03359375 0.0125
0 0.49765625 0.58828125 0.03359375 0.0125
0 0.58203125 0.58828125 0.01640625 0.0125
0 0.6390625 0.58828125 0.01953125 0.0125
0 0.86953125 0.58828125 0.090625 0.0125
0 0.12265625 0.61875 0.090625 0.02734375
0 0.21171875 0.621875 0.03671875 0.025
0 0.77265625 0.621875 0.09375 0.025
0 0.32265625 0.62265625 0.1484375 0.0328125
0 0.59765625 0.62265625 0.0890625 0.0328125
0 0.47265625 0.62265625 0.10625 0.0328125
0 0.60859375 0.659375 0.06640625 0.025
0 0.78125 0.66015625 0.07578125 0.025
0 0.14296875 0.7 0.0890625 0.025
0 0.2296875 0.7015625 0.040625 0.025
0 0.77265625 0.7015625 0.090625 0.025
0 0.340625 0.7046875 0.1484375 0.03046875
0 0.48515625 0.70546875 0.08359375 0.0328125
0 0.59765625 0.70546875 0.0890625 0.0328125
0 0.34921875 0.7390625 0.0921875 0.028125
0 0.4390625 0.73984375 0.0390625 0.025
0 0.77265625 0.74140625 0.090625 0.025
0 0.56015625 0.74296875 0.16328125 0.0328125
0 0.428125 0.7828125 0.0921875 0.025
0 0.77265625 0.784375 0.09375 0.025
0 0.57109375 0.7859375 0.1421875 0.0328125
0 0.11953125 0.828125 0.1421875 0.0125
0 0.12265625 0.84765625 0.1484375 0.0125
0 0.2640625 0.84765625 0.0921875 0.0125
0 0.3796875 0.84921875 0.0890625 0.01484375
0 0.8046875 0.85 0.17734375 0.01328125
0 0.64609375 0.85 0.0921875 0.01328125
0 0.46796875 0.8515625 0.03203125 0.01015625
0 0.5390625 0.8515625 0.07421875 0.01484375
0 0.07265625 0.86640625 0.0578125 0.0125
0 0.33359375 0.86796875 0.03515625 0.01328125
0 0.77265625 0.86953125 0.03203125 0.01484375
0 0.20859375 0.86953125 0.16640625 0.015625
0 0.4640625 0.86953125 0.1921875 0.0140625
0 0.6546875 0.86953125 0.1484375 0.01484375
0 0.31171875 0.88828125 0.07578125 0.0125
0 0.875 0.8890625 0.05 0.0125
0 0.6640625 0.8890625 0.2015625 0.0171875
0 0.80859375 0.8890625 0.03359375 0.0125
0 0.23671875 0.88984375 0.03515625 0.0109375
0 0.12265625 0.88984375 0.1484375 0.015625
0 0.4546875 0.890625 0.17109375 0.0125
0 0.57109375 0.9078125 0.090625 0.01484375
0 0.4765625 0.9078125 0.053125 0.0125
0 0.1859375 0.9078125 0.05 0.0125
0 0.65703125 0.9078125 0.03359375 0.01484375
0 0.72265625 0.9078125 0.0546875 0.0125
0 0.09609375 0.909375 0.0890625 0.01484375
0 0.40859375 0.909375 0.03671875 0.01015625
0 0.303125 0.909375 0.12265625 0.015625
0 0.48515625 0.928125 0.06796875 0.0125
0 0.32265625 0.928125 0.09375 0.0125
0 0.40625 0.928125 0.03203125 0.0125
0 0.56953125 0.928125 0.0515625 0.0125
0 0.68671875 0.928125 0.12578125 0.0125
0 0.14765625 0.9296875 0.2078125 0.015625
0 0.29453125 0.94765625 0.07265625 0.0125
0 0.1390625 0.95078125 0.19375 0.01796875
0 0.44453125 0.96953125 0.259375 0.01484375
0 0.6390625 0.971875 0.109375 0.01484375