0 0.2234375 0.1296875 0.053125 0.03125
0 0.271875 0.1296875 0.01171875 0.03125
0 0.3171875 0.1296875 0.07734375 0.03125
0 0.37109375 0.1296875 0.01015625 0.03125
0 0.45703125 0.12890625 0.15703125 0.03125
0 0.615625 0.128125 0.11640625 0.03125
0 0.6890625 0.128125 0.01015625 0.03125
0 0.7484375 0.12734375 0.09140625 0.03046875
0 0.17734375 0.1609375 0.1578125 0.0296875
0 0.30703125 0.1609375 0.05703125 0.0296875
0 0.34453125 0.1609375 0.0046875 0.0296875
0 0.4359375 0.1609375 0.11484375 0.0296875
0 0.5453125 0.1609375 0.05546875 0.0296875
0 0.5828125 0.1609375 0.009375 0.0296875
0 0.634375 0.1609375 0.03515625 0.0296875
0 0.66953125 0.1609375 0.009375 0.0296875
0 0.7078125 0.1609375 0.053125 0.0296875
0 0.7671875 0.16328125 0.01796875 0.021875
0 0.48671875 0.190625 0.09453125 0.0265625
0 0.3640625 0.2234375 0.03984375 0.02734375
0 0.40546875 0.2234375 0.00234375 0.02734375
0 0.46640625 0.2234375 0.05625 0.02734375
0 0.58515625 0.22421875 0.13515625 0.028125
0 0.26796875 0.25390625 0.05703125 0.0296875
0 0.3953125 0.25390625 0.1546875 0.03046875
0 0.584375 0.2546875 0.17421875 0.03046875
0 0.72265625 0.2546875 0.05703125 0.0296875
0 0.1984375 0.2859375 0.11640625 0.0296875
0 0.403125 0.2859375 0.01015625 0.0296875
0 0.58203125 0.2859375 0.28671875 0.0296875
0 0.78203125 0.2859375 0.05703125 0.0296875
0 0.81953125 0.2859375 0.0046875 0.0296875
0 0.1796875 0.315625 0.15625 0.02890625
0 0.30859375 0.31640625 0.05703125 0.02890625
0 0.3484375 0.31640625 0.0046875 0.028125
0 0.39765625 0.31640625 0.03671875 0.028125
0 0.425 0.31640625 0.0046875 0.028125
0 0.4578125 0.31640625 0.0296875 0.028125
0 0.58359375 0.3171875 0.17265625 0.02890625
0 0.78828125 0.3171875 0.190625 0.02890625
0 0.4078125 0.346875 0.09140625 0.0234375
0 0.55390625 0.346875 0.1453125 0.0234375
0 0.1484375 0.37421875 0.09609375 0.0234375
0 0.23828125 0.37421875 0.03515625 0.02421875
0 0.12109375 0.40546875 0.0140625 0.0296875
0 0.16015625 0.40546875 0.00859375 0.0296875
0 0.31328125 0.40546875 0.2796875 0.0296875
0 0.5140625 0.40546875 0.01015625 0.0296875
0 0.55 0.40546875 0.01171875 0.0296875
0 0.728125 0.40546875 0.3078125 0.0296875
0 0.28828125 0.4375 0.14375 0.02578125
0 0.36796875 0.43515625 0.009375 0.03125
0 0.4015625 0.43515625 0.02734375 0.03125
0 0.54453125 0.43515625 0.0171875 0.03125
0 0.56328125 0.43515625 0.00625 0.03125
0 0.6328125 0.43515625 0.11328125 0.03125
0 0.7203125 0.43515625 0.01484375 0.03125
0 0.73828125 0.43515625 0.003125 0.03125
0 0.1296875 0.465625 0.05390625 0.0234375
0 0.171875 0.465625 0.0109375 0.0234375
0 0.26640625 0.465625 0.17109375 0.0234375
0 0.39765625 0.465625 0.0359375 0.0234375
0 0.4265625 0.465625 0.01171875 0.0234375
0 0.60078125 0.465625 0.05234375 0.0234375
0 0.64375 0.465625 0.00859375 0.0234375
0 0.671875 0.465625 0.0328125 0.0234375
0 0.72578125 0.465625 0.0296875 0.0234375
0 0.75625 0.465625 0.00390625 0.0234375
0 0.81640625 0.465625 0.09375 0.0234375
0 0.1328125 0.49375 0.05703125 0.028125
0 0.1734375 0.49375 0.009375 0.028125
0 0.5625 0.49375 0.16796875 0.028125
0 0.66328125 0.49375 0.009375 0.028125
0 0.71015625 0.49375 0.075 0.028125
0 0.825 0.49375 0.1125 0.028125
0 0.13359375 0.525 0.05859375 0.0234375
0 0.23359375 0.52578125 0.0578125 0.0234375
0 0.32265625 0.52421875 0.0078125 0.02109375
0 0.403125 0.52421875 0.0625 0.0234375
0 0.46640625 0.52421875 0.0546875 0.0234375
0 0.396875 0.55390625 0.109375 0.0234375
0 0.50234375 0.55390625 0.05 0.0234375
0 0.5921875 0.55390625 0.07421875 0.0234375
0 0.15390625 0.58359375 0.09296875 0.0234375
0 0.28046875 0.58359375 0.10390625 0.0234375
0 0.446875 0.61171875 0.1015625 0.02421875
0 0.265625 0.64140625 0.17421875 0.02890625
0 0.4046875 0.64140625 0.053125 0.02890625
0 0.49609375 0.64140625 0.07578125 0.02890625
0 0.6140625 0.64140625 0.11171875 0.02890625
0 0.74765625 0.64140625 0.0984375 0.02890625
0 0.1328125 0.67109375 0.07890625 0.028125
0 0.2734375 0.67109375 0.16328125 0.028125
0 0.36640625 0.67109375 0.01328125 0.028125
0 0.43671875 0.67109375 0.121875 0.028125
0 0.709375 0.67109375 0.38359375 0.028125
0 0.33203125 0.734375 0.04296875 0.028125
0 0.52734375 0.734375 0.3046875 0.02734375
0 0.41640625 0.7671875 0.0765625 0.02890625
0 0.49296875 0.7671875 0.025 0.02890625
0 0.17734375 0.80078125 0.10078125 0.03046875
0 0.31171875 0.80078125 0.12109375 0.03046875
0 0.45546875 0.80078125 0.121875 0.03046875
0 0.68359375 0.7984375 0.28671875 0.0265625
0 0.83828125 0.80546875 0.0109375 0.015625
0 0.3828125 0.8625 0.27890625 0.0328125
0 0.6546875 0.8625 0.15859375 0.0328125
0 0.24765625 0.896875 0.12421875 0.02734375
0 0.35234375 0.896875 0.03984375 0.02734375
0 0.3828125 0.896875 0.00625 0.02734375
0 0.45703125 0.896875 0.0796875 0.02734375
0 0.5609375 0.896875 0.0796875 0.02734375
0 0.66640625 0.896875 0.08203125 0.02734375
0 0.7703125 0.896875 0.08125 0.02734375
0 0.4984375 0.92890625 0.45703125 0.028125
0 0.18515625 0.95859375 0.0375 0.021875
0 0.28046875 0.959375 0.1078125 0.021875
0 0.41328125 0.96015625 0.0828125 0.03125
0 0.73828125 0.9609375 0.140625 0.02734375
0 0.84921875 0.159375 0.10234375 0.02109375
0 0.1484375 0.4359375 0.10390625 0.0234375
0 0.81015625 0.43515625 0.1203125 0.025
0 0.321875 0.4953125 0.2796875 0.02265625
0 0.55390625 0.6109375 0.034375 0.0203125
0 0.575 0.765625 0.08515625 0.02578125
0 0.5640625 0.9609375 0.165625 0.025