0 0.2 0.13515625 0.11953125 0.02578125
0 0.41875 0.1359375 0.24375 0.02578125
0 0.73359375 0.13671875 0.30859375 0.0265625
0 0.2390625 0.1671875 0.03828125 0.01796875
0 0.37109375 0.16796875 0.1734375 0.01875
0 0.55859375 0.16796875 0.15078125 0.01875
0 0.690625 0.16875 0.0609375 0.0171875
0 0.7796875 0.16875 0.06171875 0.0171875
0 0.51640625 0.19375 0.1921875 0.01875
0 0.13671875 0.21796875 0.08984375 0.0203125
0 0.2546875 0.21796875 0.0953125 0.01875
0 0.4046875 0.21953125 0.15078125 0.01875
0 0.5203125 0.21953125 0.028125 0.01953125
0 0.60390625 0.21953125 0.1046875 0.01875
0 0.734375 0.22109375 0.1078125 0.0171875
0 0.85625 0.22109375 0.084375 0.0171875
0 0.25078125 0.24453125 0.1046875 0.0171875
0 0.4109375 0.2453125 0.159375 0.01953125
0 0.56171875 0.2453125 0.1015625 0.0171875
0 0.703125 0.2453125 0.128125 0.01875
0 0.33984375 0.2703125 0.06015625 0.0171875
0 0.4890625 0.2703125 0.14296875 0.01953125
0 0.63671875 0.2703125 0.08515625 0.01953125
0 0.5125 0.31328125 0.1734375 0.02265625
0 0.1203125 0.384375 0.1421875 0.01875
0 0.2828125 0.38515625 0.084375 0.0171875
0 0.55859375 0.38671875 0.15078125 0.01953125
0 0.7140625 0.3875 0.1078125 0.01875
0 0.07421875 0.41015625 0.06328125 0.0171875
0 0.1515625 0.41015625 0.04296875 0.01875
0 0.20546875 0.4109375 0.0140625 0.01953125
0 0.53515625 0.4109375 0.1046875 0.01875
0 0.7 0.4109375 0.03984375 0.01875
0 0.08359375 0.43515625 0.084375 0.0171875
0 0.296875 0.4359375 0.18984375 0.01953125
0 0.5015625 0.4375 0.159375 0.01875
0 0.0953125 0.46015625 0.10703125 0.01953125
0 0.12421875 0.51015625 0.0703125 0.015625
0 0.49609375 0.5109375 0.1328125 0.01875
0 0.33671875 0.5109375 0.053125 0.0171875
0 0.68046875 0.51171875 0.13046875 0.01875
0 0.825 0.51328125 0.05625 0.01640625
0 0.89921875 0.51328125 0.06328125 0.0171875
0 0.1609375 0.559375 0.15078125 0.0171875
0 0.315625 0.559375 0.10546875 0.01875
0 0.446875 0.56015625 0.1078125 0.01953125
0 0.1375 0.584375 0.1046875 0.01953125
0 0.49296875 0.5859375 0.10390625 0.01875
0 0.33671875 0.58671875 0.0109375 0.01953125
0 0.66953125 0.58671875 0.02265625 0.01953125
0 0.7234375 0.58671875 0.04453125 0.01953125
0 0.8671875 0.58671875 0.10234375 0.01875
0 0.115625 0.61015625 0.06171875 0.01953125
0 0.35859375 0.61015625 0.1046875 0.01875
0 0.22578125 0.6109375 0.10546875 0.021875
0 0.578125 0.61171875 0.06015625 0.0171875
0 0.47890625 0.61171875 0.084375 0.0171875
0 0.13828125 0.634375 0.1078125 0.01875
0 0.503125 0.6359375 0.08515625 0.01875
0 0.33671875 0.6359375 0.009375 0.01875
0 0.671875 0.63671875 0.028125 0.01875
0 0.72578125 0.6375 0.04296875 0.01953125
0 0.878125 0.6375 0.08515625 0.01875
0 0.1375 0.66015625 0.1046875 0.0171875
0 0.24921875 0.66015625 0.06015625 0.0171875
0 0.37109375 0.66015625 0.1109375 0.021875
0 0.4671875 0.66171875 0.0609375 0.0171875
0 0.1265625 0.68515625 0.08203125 0.01953125
0 0.22578125 0.68671875 0.06015625 0.0171875
0 0.503125 0.68671875 0.08515625 0.01875
0 0.671875 0.68671875 0.02578125 0.01953125
0 0.33671875 0.6875 0.009375 0.0171875
0 0.87578125 0.6875 0.08515625 0.01875
0 0.7234375 0.68828125 0.04296875 0.01953125
0 0.16015625 0.72421875 0.06015625 0.01875
0 0.26796875 0.72578125 0.09921875 0.0171875
0 0.41328125 0.72578125 0.128125 0.01875
0 0.5890625 0.7265625 0.16953125 0.0171875
0 0.76796875 0.72734375 0.04140625 0.01796875
0 0.8671875 0.72734375 0.10546875 0.01953125
0 0.20390625 0.75 0.15078125 0.01953125
0 0.36875 0.75234375 0.128125 0.021875
0 0.89921875 0.75234375 0.03984375 0.0171875
0 0.78828125 0.75234375 0.04296875 0.0171875
0 0.8484375 0.75234375 0.02578125 0.0171875
0 0.1796875 0.77578125 0.0984375 0.0171875
0 0.31328125 0.77578125 0.10546875 0.01875
0 0.765625 0.77734375 0.04140625 0.0171875
0 0.83671875 0.77734375 0.0484375 0.01875
0 0.89921875 0.77734375 0.03984375 0.01875
0 0.21484375 0.8015625 0.1734375 0.021875
0 0.4359375 0.80234375 0.2140625 0.02109375
0 0.8484375 0.80234375 0.02578125 0.01875
0 0.89921875 0.803125 0.03984375 0.01953125
0 0.78828125 0.803125 0.04296875 0.0171875
0 0.22265625 0.85078125 0.1953125 0.0328125
0 0.784375 0.85234375 0.09296875 0.034375
0 0.65234375 0.85234375 0.0734375 0.03359375
0 0.89921875 0.85234375 0.06875 0.03359375
0 0.203125 0.89609375 0.15625 0.0328125
0 0.65234375 0.8984375 0.0734375 0.0328125
0 0.784375 0.8984375 0.09296875 0.0328125
0 0.89921875 0.8984375 0.06875 0.03359375
0 0.24296875 0.94296875 0.2359375 0.0328125
0 0.8046875 0.94453125 0.0515625 0.03359375
0 0.6921875 0.94453125 0.075 0.03359375
0 0.89921875 0.94453125 0.071875 0.0328125