0 0.1203125 0.07578125 0.13203125 0.04375
0 0.39609375 0.13125 0.065625 0.0125
0 0.52421875 0.13125 0.1421875 0.0125
0 0.37578125 0.15 0.215625 0.01875
0 0.59765625 0.15 0.1515625 0.01796875
0 0.275 0.18671875 0.11015625 0.01015625
0 0.425 0.1875 0.1546875 0.01015625
0 0.6 0.1875 0.153125 0.009375
0 0.71875 0.1875 0.04296875 0.009375
0 0.4890625 0.20390625 0.1484375 0.01015625
0 0.56171875 0.221875 0.10234375 0.0109375
0 0.3890625 0.221875 0.17578125 0.01171875
0 0.65234375 0.22265625 0.02890625 0.01171875
0 0.309375 0.2375 0.0609375 0.01171875
0 0.41953125 0.2390625 0.11484375 0.0125
0 0.55078125 0.2390625 0.08125 0.0125
0 0.65234375 0.2390625 0.0703125 0.0125
0 0.26171875 0.2546875 0.04765625 0.01171875
0 0.4390625 0.2546875 0.09765625 0.0109375
0 0.33828125 0.2546875 0.0640625 0.0125
0 0.6203125 0.25546875 0.2203125 0.0125
0 0.22734375 0.2703125 0.11640625 0.0125
0 0.38203125 0.271875 0.1640625 0.0125
0 0.53671875 0.271875 0.090625 0.0109375
0 0.6828125 0.271875 0.17578125 0.0125
0 0.3484375 0.28671875 0.04921875 0.01171875
0 0.51171875 0.2875 0.2453125 0.01171875
0 0.26640625 0.30234375 0.05703125 0.01171875
0 0.34140625 0.30234375 0.03515625 0.01171875
0 0.57265625 0.303125 0.27734375 0.0125
0 0.490625 0.34296875 0.28515625 0.025
0 0.0953125 0.38046875 0.10234375 0.0125
0 0.25234375 0.38046875 0.165625 0.01171875
0 0.7203125 0.38203125 0.1609375 0.0125
0 0.88046875 0.3828125 0.09921875 0.01171875
0 0.0953125 0.39765625 0.10234375 0.0109375
0 0.18828125 0.39765625 0.03203125 0.0109375
0 0.3078125 0.39765625 0.015625 0.0109375
0 0.56015625 0.39765625 0.05703125 0.01171875
0 0.41796875 0.3984375 0.15625 0.0125
0 0.6546875 0.3984375 0.078125 0.01171875
0 0.74921875 0.39921875 0.0609375 0.0109375
0 0.1046875 0.42890625 0.11953125 0.0109375
0 0.284375 0.4296875 0.18671875 0.0109375
0 0.43203125 0.43046875 0.04453125 0.01171875
0 0.7078125 0.43203125 0.0125 0.01171875
0 0.8375 0.43203125 0.09921875 0.0109375
0 0.92109375 0.43203125 0.02109375 0.01171875
0 0.07265625 0.4453125 0.059375 0.01171875
0 0.2203125 0.44609375 0.18828125 0.0125
0 0.3890625 0.44609375 0.10234375 0.0125
0 0.49375 0.446875 0.04296875 0.0125
0 0.70703125 0.44765625 0.0140625 0.0125
0 0.8359375 0.44765625 0.09921875 0.0125
0 0.92109375 0.44765625 0.02109375 0.01171875
0 0.09140625 0.46171875 0.10390625 0.0109375
0 0.2109375 0.46171875 0.08125 0.0109375
0 0.84609375 0.46328125 0.084375 0.01171875
0 0.7078125 0.4640625 0.0125 0.01171875
0 0.91953125 0.46484375 0.02109375 0.01171875
0 0.09140625 0.478125 0.10390625 0.01171875
0 0.2203125 0.478125 0.09921875 0.0109375
0 0.346875 0.47890625 0.0875 0.01171875
0 0.7078125 0.48046875 0.0125 0.0125
0 0.84609375 0.48046875 0.08125 0.0109375
0 0.91953125 0.48046875 0.02109375 0.0125
0 0.346875 0.49453125 0.1421875 0.0125
0 0.2203125 0.49453125 0.05703125 0.0125
0 0.1046875 0.49453125 0.12265625 0.0125
0 0.46796875 0.4953125 0.03046875 0.0125
0 0.70546875 0.49609375 0.0140625 0.0125
0 0.84609375 0.49609375 0.084375 0.01171875
0 0.91953125 0.496875 0.02109375 0.0125
0 0.5671875 0.49765625 0.10703125 0.015625
0 0.325 0.51171875 0.05703125 0.01171875
0 0.11171875 0.51171875 0.1375 0.0125
0 0.43203125 0.51171875 0.10234375 0.0109375
0 0.24140625 0.51171875 0.059375 0.0125
0 0.70546875 0.51328125 0.0140625 0.0125
0 0.92109375 0.51328125 0.02109375 0.0125
0 0.834375 0.51328125 0.09921875 0.0125
0 0.11328125 0.52734375 0.05703125 0.01171875
0 0.28203125 0.52734375 0.0609375 0.0109375
0 0.196875 0.52734375 0.05546875 0.0109375
0 0.70546875 0.5296875 0.0140625 0.01171875
0 0.1578125 0.54296875 0.14375 0.01171875
0 0.28203125 0.54453125 0.05703125 0.01171875
0 0.3890625 0.5453125 0.0859375 0.0125
0 0.70546875 0.54609375 0.0140625 0.01171875
0 0.70546875 0.5625 0.0140625 0.01171875
0 0.259375 0.59296875 0.18046875 0.01171875
0 0.85 0.59375 0.04765625 0.0109375
0 0.90703125 0.59453125 0.03984375 0.01171875
0 0.2390625 0.609375 0.146875 0.0109375
0 0.4 0.609375 0.12421875 0.0125
0 0.8859375 0.61015625 0.08125 0.01171875
0 0.196875 0.625 0.059375 0.01171875
0 0.3359375 0.625 0.03984375 0.01015625
0 0.271875 0.6265625 0.03359375 0.0078125
0 0.8875 0.6265625 0.078125 0.0109375
0 0.26640625 0.6640625 0.18828125 0.021875
0 0.76796875 0.66484375 0.10078125 0.021875
0 0.88515625 0.66484375 0.0765625 0.021875
0 0.196875 0.703125 0.059375 0.01171875
0 0.325 0.703125 0.14375 0.01171875
0 0.4484375 0.7046875 0.05703125 0.009375
0 0.8484375 0.7046875 0.04765625 0.01171875
0 0.90546875 0.7046875 0.03984375 0.01171875
0 0.196875 0.7203125 0.059375 0.0109375
0 0.271875 0.7203125 0.03984375 0.0109375
0 0.8859375 0.721875 0.08125 0.0109375
0 0.20703125 0.7359375 0.0828125 0.0109375
0 0.34453125 0.7359375 0.146875 0.01171875
0 0.46953125 0.7375 0.059375 0.009375
0 0.8859375 0.7375 0.08125 0.0109375
0 0.06875 0.76875 0.0609375 0.0109375
0 0.1421875 0.76875 0.03203125 0.0109375
0 0.29296875 0.76875 0.1609375 0.0125
0 0.48203125 0.76875 0.1625 0.01015625
0 0.47109375 0.784375 0.10078125 0.01171875
0 0.28046875 0.784375 0.146875 0.01171875
0 0.11171875 0.78515625 0.140625 0.0125
0 0.62890625 0.7859375 0.1640625 0.01171875
0 0.07578125 0.8015625 0.071875 0.0109375
0 0.17421875 0.8015625 0.0609375 0.0109375
0 0.90546875 0.803125 0.04296875 0.0125
0 0.84296875 0.803125 0.03984375 0.0125
0 0.4140625 0.81796875 0.071875 0.01171875
0 0.51171875 0.81875 0.0609375 0.0109375
0 0.67421875 0.81953125 0.078125 0.0125
0 0.80859375 0.81953125 0.0609375 0.0125
0 0.89296875 0.81953125 0.0609375 0.01171875
0 0.08125 0.834375 0.0796875 0.01015625
0 0.52265625 0.834375 0.03984375 0.009375
0 0.64609375 0.83515625 0.02890625 0.0109375
0 0.69296875 0.83515625 0.03984375 0.01015625
0 0.46015625 0.83515625 0.03984375 0.0109375
0 0.90546875 0.83515625 0.03984375 0.01015625
0 0.8375 0.83515625 0.0703125 0.01015625
0 0.2265625 0.85078125 0.12421875 0.0125
0 0.90546875 0.85078125 0.03671875 0.0109375
0 0.8359375 0.85078125 0.0703125 0.0109375
0 0.2171875 0.91328125 0.10234375 0.0109375
0 0.33125 0.9140625 0.075 0.01171875
0 0.58828125 0.91484375 0.0796875 0.0109375
0 0.45859375 0.91484375 0.12265625 0.0109375
0 0.7109375 0.91484375 0.12109375 0.01171875