0 0.5875 0.1640625 0.1 0.01953125
0 0.6921875 0.1640625 0.071875 0.01875
0 0.34296875 0.16484375 0.1609375 0.021875
0 0.4796875 0.16640625 0.08671875 0.02265625
0 0.55078125 0.19375 0.08125 0.01484375
0 0.453125 0.19375 0.08359375 0.0140625
0 0.61640625 0.19453125 0.0265625 0.01640625
0 0.68671875 0.19453125 0.090625 0.01796875
0 0.34921875 0.19453125 0.10546875 0.01796875
0 0.4390625 0.2234375 0.11953125 0.01796875
0 0.58203125 0.22421875 0.14375 0.01875
0 0.30078125 0.2515625 0.09609375 0.01640625
0 0.403125 0.25234375 0.07578125 0.015625
0 0.740625 0.253125 0.05703125 0.01640625
0 0.49921875 0.25390625 0.090625 0.01796875
0 0.62578125 0.25390625 0.1328125 0.01796875
0 0.46953125 0.2796875 0.12421875 0.015625
0 0.58359375 0.2796875 0.07578125 0.015625
0 0.6015625 0.3078125 0.234375 0.015625
0 0.340625 0.3078125 0.071875 0.01484375
0 0.41875 0.309375 0.06015625 0.0171875
0 0.4015625 0.34375 0.0171875 0.015625
0 0.55703125 0.34609375 0.240625 0.021875
0 0.83046875 0.37421875 0.134375 0.01640625
0 0.653125 0.37578125 0.1875 0.01484375
0 0.18046875 0.37890625 0.07578125 0.01640625
0 0.37578125 0.37890625 0.24609375 0.01640625
0 0.21015625 0.40703125 0.14140625 0.01875
0 0.44296875 0.4109375 0.025 0.02265625
0 0.3671875 0.4109375 0.096875 0.021875
0 0.34921875 0.434375 0.21328125 0.01796875
0 0.665625 0.43515625 0.09296875 0.0171875
0 0.80390625 0.43515625 0.09296875 0.01796875
0 0.17109375 0.43671875 0.0625 0.02109375
0 0.7765625 0.4703125 0.0453125 0.015625
0 0.334375 0.4734375 0.10390625 0.01640625
0 0.5375 0.4734375 0.0890625 0.01875
0 0.20546875 0.47421875 0.134375 0.01796875
0 0.4390625 0.4734375 0.08515625 0.0171875
0 0.80234375 0.5015625 0.12109375 0.01796875
0 0.63828125 0.50234375 0.12109375 0.0171875
0 0.284375 0.50234375 0.13203125 0.0171875
0 0.17890625 0.50234375 0.0171875 0.0171875
0 0.1796875 0.53828125 0.02109375 0.01640625
0 0.409375 0.5390625 0.01484375 0.01640625
0 0.29453125 0.540625 0.0984375 0.021875
0 0.78046875 0.571875 0.12265625 0.01875
0 0.22578125 0.57265625 0.16640625 0.01796875
0 0.8 0.60390625 0.07734375 0.0171875
0 0.225 0.60546875 0.16484375 0.0203125
0 0.3515625 0.60546875 0.05859375 0.0203125
0 0.2015625 0.63671875 0.1 0.01953125
0 0.38125 0.6375 0.20078125 0.01953125
0 0.56015625 0.6375 0.11875 0.01953125
0 0.76015625 0.63828125 0.15703125 0.02265625
0 0.18515625 0.66796875 0.0875 0.015625
0 0.7796875 0.66875 0.12109375 0.01640625
0 0.80703125 0.71484375 0.06640625 0.01796875
0 0.578125 0.71640625 0.14140625 0.0171875
0 0.1828125 0.71640625 0.07890625 0.0171875
0 0.3265625 0.72109375 0.178125 0.02265625
0 0.58671875 0.74375 0.11015625 0.02109375
0 0.7828125 0.74375 0.11484375 0.02265625
0 0.80703125 0.78203125 0.07734375 0.0171875
0 0.17109375 0.7828125 0.0546875 0.0171875
0 0.5890625 0.7828125 0.12109375 0.01640625
0 0.42421875 0.85390625 0.1078125 0.01875
0 0.18984375 0.8546875 0.0921875 0.01796875
0 0.30234375 0.8546875 0.109375 0.01953125
0 0.33984375 0.8890625 0.09609375 0.01640625
0 0.19765625 0.88984375 0.1078125 0.01796875
0 0.39453125 0.92890625 0.14140625 0.0234375
0 0.5171875 0.93359375 0.07890625 0.01875
0 0.30703125 0.959375 0.1453125 0.021875
0 0.58984375 0.9609375 0.1171875 0.025
0 0.45703125 0.96171875 0.1171875 0.01640625