0 0.32421875 0.159375 0.14921875 0.0171875
0 0.446875 0.159375 0.0546875 0.0171875
0 0.5421875 0.159375 0.0921875 0.0171875
0 0.41015625 0.18359375 0.2046875 0.01875
0 0.315625 0.20703125 0.0921875 0.01875
0 0.19921875 0.20859375 0.08359375 0.0203125
0 0.63671875 0.20859375 0.0828125 0.02109375
0 0.4765625 0.209375 0.18671875 0.02109375
0 0.38125 0.23125 0.11015625 0.01875
0 0.5234375 0.23125 0.1296875 0.01875
0 0.18125 0.2328125 0.12890625 0.02109375
0 0.284375 0.2328125 0.0296875 0.0203125
0 0.67265625 0.2328125 0.12421875 0.02109375
0 0.2578125 0.25625 0.0921875 0.01796875
0 0.3875 0.25625 0.12578125 0.01953125
0 0.55234375 0.25703125 0.146875 0.02109375
0 0.21796875 0.2796875 0.05390625 0.01875
0 0.3703125 0.2796875 0.046875 0.01875
0 0.2953125 0.28046875 0.0546875 0.01875
0 0.53359375 0.28046875 0.225 0.01875
0 0.24765625 0.328125 0.10625 0.01875
0 0.4765625 0.328125 0.25546875 0.01875
0 0.06875 0.375 0.0515625 0.01796875
0 0.61796875 0.37578125 0.12890625 0.01875
0 0.13671875 0.37578125 0.03515625 0.0171875
0 0.278125 0.37578125 0.12578125 0.0171875
0 0.4484375 0.37734375 0.13125 0.01796875
0 0.078125 0.4 0.07421875 0.01875
0 0.30625 0.4 0.18359375 0.01875
0 0.49765625 0.40078125 0.14453125 0.01796875
0 0.675 0.4484375 0.09453125 0.0203125
0 0.7703125 0.4484375 0.0578125 0.01875
0 0.14453125 0.44921875 0.21171875 0.0234375
0 0.35390625 0.44921875 0.059375 0.02421875
0 0.5234375 0.44921875 0.134375 0.02109375
0 0.16484375 0.496875 0.05078125 0.021875
0 0.0765625 0.49765625 0.071875 0.02265625
0 0.5125 0.5203125 0.07265625 0.0171875
0 0.68359375 0.5203125 0.07265625 0.01796875
0 0.31796875 0.5203125 0.0125 0.01875
0 0.7796875 0.5203125 0.034375 0.0171875
0 0.35390625 0.521875 0.0203125 0.015625
0 0.078125 0.54296875 0.071875 0.01875
0 0.1625 0.54375 0.0484375 0.02109375
0 0.5125 0.5671875 0.07265625 0.0171875
0 0.68359375 0.5671875 0.07265625 0.01796875
0 0.31640625 0.5671875 0.0125 0.01875
0 0.7796875 0.5671875 0.034375 0.0171875
0 0.353125 0.56875 0.01953125 0.01328125
0 0.078125 0.58984375 0.071875 0.01875
0 0.171875 0.5921875 0.07265625 0.01953125
0 0.315625 0.6140625 0.01484375 0.0171875
0 0.68359375 0.61484375 0.07265625 0.0171875
0 0.7796875 0.61484375 0.034375 0.0171875
0 0.5125 0.61484375 0.07265625 0.0171875
0 0.3515625 0.615625 0.0125 0.01328125
0 0.084375 0.6609375 0.0859375 0.01875
0 0.25859375 0.66171875 0.0171875 0.01875
0 0.18203125 0.66171875 0.0546875 0.01953125
0 0.08515625 0.68515625 0.0890625 0.01796875
0 0.7609375 0.6859375 0.07109375 0.0171875
0 0.2484375 0.6859375 0.18359375 0.02109375
0 0.39921875 0.68671875 0.07109375 0.021875
0 0.06640625 0.709375 0.05390625 0.01796875
0 0.7609375 0.71015625 0.07265625 0.01875
0 0.18046875 0.71015625 0.12890625 0.02109375
0 0.30546875 0.71015625 0.06953125 0.02109375
0 0.084375 0.73203125 0.0859375 0.01875
0 0.37890625 0.7328125 0.03359375 0.01796875
0 0.2484375 0.7328125 0.18359375 0.02109375
0 0.7609375 0.73359375 0.07265625 0.01796875
0 0.45703125 0.734375 0.07265625 0.01953125
0 0.134375 0.7578125 0.1859375 0.01875
0 0.7203125 0.7578125 0.146875 0.01796875
0 0.078125 0.80390625 0.071875 0.0171875
0 0.759375 0.8046875 0.07265625 0.01875
0 0.06796875 0.875 0.05390625 0.01796875
0 0.51171875 0.87578125 0.184375 0.01953125
0 0.18125 0.8765625 0.12890625 0.02109375
0 0.73046875 0.8765625 0.12421875 0.02109375
0 0.059375 0.89921875 0.034375 0.01796875
0 0.56953125 0.89921875 0.07109375 0.01796875
0 0.24921875 0.9 0.03359375 0.0203125
0 0.759375 0.9 0.07265625 0.01875
0 0.31328125 0.9 0.0515625 0.01953125