0 0.21640625 0.12265625 0.05234375 0.0234375
0 0.26796875 0.12265625 0.009375 0.0234375
0 0.31328125 0.12265625 0.07890625 0.0234375
0 0.36796875 0.12265625 0.009375 0.0234375
0 0.459375 0.12265625 0.16171875 0.0234375
0 0.61953125 0.12265625 0.11484375 0.0234375
0 0.69765625 0.12265625 0.009375 0.0234375
0 0.75546875 0.12265625 0.10390625 0.0234375
0 0.17265625 0.15234375 0.16484375 0.028125
0 0.3046875 0.153125 0.059375 0.028125
0 0.4390625 0.153125 0.12109375 0.028125
0 0.55078125 0.15390625 0.059375 0.028125
0 0.59765625 0.15390625 0.01328125 0.02734375
0 0.64453125 0.15390625 0.040625 0.0265625
0 0.67578125 0.15390625 0.00859375 0.0265625
0 0.75859375 0.15390625 0.00859375 0.0265625
0 0.78125 0.15390625 0.01015625 0.0265625
0 0.49140625 0.184375 0.1015625 0.0234375
0 0.36796875 0.2140625 0.05078125 0.0296875
0 0.471875 0.21484375 0.0609375 0.0296875
0 0.26484375 0.246875 0.05625 0.0296875
0 0.40078125 0.246875 0.159375 0.0296875
0 0.59375 0.24765625 0.18203125 0.0296875
0 0.73671875 0.2484375 0.06171875 0.0203125
0 0.196875 0.2765625 0.1234375 0.02890625
0 0.590625 0.27734375 0.2953125 0.0296875
0 0.7921875 0.278125 0.0546875 0.02890625
0 0.83359375 0.28671875 0.01015625 0.0125
0 0.17890625 0.309375 0.16328125 0.0296875
0 0.3109375 0.309375 0.05859375 0.0296875
0 0.3515625 0.31484375 0.01171875 0.0171875
0 0.40859375 0.309375 0.05234375 0.0296875
0 0.446875 0.309375 0.00078125 0.0296875
0 0.465625 0.309375 0.03203125 0.0296875
0 0.59453125 0.309375 0.17734375 0.0296875
0 0.80234375 0.309375 0.196875 0.0296875
0 0.41640625 0.33828125 0.0953125 0.02265625
0 0.1453125 0.365625 0.08984375 0.02265625
0 0.24140625 0.365625 0.0359375 0.02265625
0 0.115625 0.39609375 0.02109375 0.0265625
0 0.16015625 0.39375 0.015625 0.03671875
0 0.32421875 0.39375 0.27734375 0.03671875
0 0.5234375 0.396875 0.03203125 0.028125
0 0.56171875 0.396875 0.01171875 0.02421875
0 0.74921875 0.39375 0.30859375 0.03671875
0 0.1171875 0.42578125 0.0390625 0.02890625
0 0.18359375 0.42578125 0.0328125 0.02890625
0 0.21875 0.42578125 0.009375 0.02890625
0 0.29609375 0.42578125 0.13125 0.02890625
0 0.3765625 0.42578125 0.01015625 0.02890625
0 0.41015625 0.42578125 0.03359375 0.02890625
0 0.55546875 0.42578125 0.0125 0.02890625
0 0.5796875 0.42578125 0.00859375 0.02890625
0 0.6484375 0.42578125 0.11640625 0.02890625
0 0.7375 0.428125 0.015625 0.0171875
0 0.75859375 0.4296875 0.01015625 0.02109375
0 0.1296875 0.45703125 0.05859375 0.02265625
0 0.17421875 0.45703125 0.009375 0.02265625
0 0.27578125 0.45703125 0.18125 0.021875
0 0.4046875 0.45703125 0.034375 0.02265625
0 0.43984375 0.45625 0.009375 0.02265625
0 0.61640625 0.45546875 0.05234375 0.02265625
0 0.659375 0.45546875 0.009375 0.02265625
0 0.68828125 0.45546875 0.0375 0.02265625
0 0.74921875 0.45546875 0.0390625 0.02265625
0 0.77734375 0.45546875 0.009375 0.02265625
0 0.8375 0.45546875 0.1 0.02265625
0 0.12890625 0.4875 0.0578125 0.028125
0 0.17734375 0.4875 0.009375 0.028125
0 0.578125 0.4875 0.1765625 0.028125
0 0.6796875 0.4875 0.00859375 0.028125
0 0.73203125 0.4875 0.071875 0.028125
0 0.846875 0.4875 0.11484375 0.028125
0 0.134375 0.51796875 0.059375 0.02265625
0 0.40859375 0.5453125 0.11640625 0.0265625
0 0.51796875 0.5453125 0.05390625 0.0265625
0 0.61015625 0.5453125 0.07578125 0.0265625
0 0.15859375 0.57578125 0.0984375 0.02109375
0 0.2875 0.575 0.11171875 0.02109375
0 0.46328125 0.60390625 0.0984375 0.02109375
0 0.2765625 0.634375 0.184375 0.02265625
0 0.4203125 0.6328125 0.06328125 0.0234375
0 0.5171875 0.6328125 0.07734375 0.02265625
0 0.63671875 0.63203125 0.115625 0.02265625
0 0.775 0.63125 0.1 0.0234375
0 0.140625 0.665625 0.084375 0.025
0 0.28984375 0.66484375 0.16875 0.02421875
0 0.3828125 0.66484375 0.01015625 0.025
0 0.45625 0.66484375 0.12421875 0.02421875
0 0.56875 0.6640625 0.05390625 0.025
0 0.6125 0.66328125 0.0125 0.025
0 0.6453125 0.66328125 0.03828125 0.02421875
0 0.675 0.66328125 0.01171875 0.025
0 0.81484375 0.6625 0.2421875 0.0234375
0 0.35234375 0.7265625 0.03828125 0.02421875
0 0.43984375 0.759375 0.08125 0.021875
0 0.51953125 0.75859375 0.0265625 0.02265625
0 0.190625 0.79375 0.1078125 0.02265625
0 0.3328125 0.79296875 0.12890625 0.02265625
0 0.48203125 0.7921875 0.12890625 0.02265625
0 0.71484375 0.79140625 0.29609375 0.02265625
0 0.875 0.7890625 0.01015625 0.0234375
0 0.40859375 0.8578125 0.28671875 0.02578125
0 0.6921875 0.85625 0.15859375 0.0265625
0 0.271875 0.8921875 0.13046875 0.025
0 0.37578125 0.890625 0.03828125 0.0265625
0 0.40859375 0.890625 0.01015625 0.0265625
0 0.48671875 0.88984375 0.08515625 0.0265625
0 0.703125 0.8890625 0.0875 0.0265625
0 0.53125 0.9234375 0.478125 0.0234375
0 0.20390625 0.95703125 0.0359375 0.0234375
0 0.3046875 0.95703125 0.10546875 0.0234375
0 0.39609375 0.95703125 0.01171875 0.0234375
0 0.446875 0.95703125 0.0875 0.0234375
0 0.7140625 0.1546875 0.0546875 0.0203125
0 0.86171875 0.1546875 0.1015625 0.0234375
0 0.59453125 0.21484375 0.14609375 0.021875
0 0.3375 0.278125 0.11640625 0.025
0 0.56875 0.33984375 0.15703125 0.021875
0 0.82890625 0.42734375 0.1203125 0.02265625
0 0.32734375 0.48984375 0.28359375 0.025
0 0.48359375 0.51796875 0.06328125 0.02421875
0 0.5734375 0.603125 0.04296875 0.01953125
0 0.5578125 0.72734375 0.325 0.025
0 0.60859375 0.75859375 0.0859375 0.02421875
0 0.8109375 0.8890625 0.09296875 0.02578125
0 0.5953125 0.890625 0.09375 0.0234375
0 0.59453125 0.95703125 0.17265625 0.02265625
0 0.7734375 0.95546875 0.1390625 0.028125