0 0.22890625 0.0625 0.125 0.02265625
0 0.41875 0.065625 0.21875 0.01875
0 0.64140625 0.0671875 0.184375 0.02265625
0 0.4125 0.17265625 0.07734375 0.01484375
0 0.49453125 0.17265625 0.01328125 0.01484375
0 0.56484375 0.17265625 0.08203125 0.01484375
0 0.67578125 0.1734375 0.0890625 0.015625
0 0.29609375 0.1734375 0.0953125 0.015625
0 0.4125 0.19453125 0.0953125 0.01484375
0 0.64375 0.1953125 0.05234375 0.0140625
0 0.534375 0.19609375 0.10234375 0.0140625
0 0.31796875 0.19765625 0.05234375 0.01875
0 0.4703125 0.2234375 0.10703125 0.015625
0 0.34140625 0.2234375 0.1046875 0.01484375
0 0.59921875 0.22578125 0.1 0.01875
0 0.67421875 0.24609375 0.1140625 0.01171875
0 0.4109375 0.24765625 0.10234375 0.01328125
0 0.278125 0.24765625 0.109375 0.0109375
0 0.546875 0.2484375 0.11875 0.01484375
0 0.65234375 0.27109375 0.2984375 0.0171875
0 0.31328125 0.271875 0.2984375 0.015625
0 0.471875 0.32109375 0.1546875 0.015625
0 0.3921875 0.37265625 0.1640625 0.0109375
0 0.1640625 0.3734375 0.2046875 0.0140625
0 0.53671875 0.3734375 0.06171875 0.0140625
0 0.71328125 0.39609375 0.03671875 0.01484375
0 0.83828125 0.39609375 0.1046875 0.015625
0 0.54296875 0.39609375 0.2484375 0.015625
0 0.13203125 0.396875 0.1640625 0.01484375
0 0.2703125 0.396875 0.0390625 0.01484375
0 0.22109375 0.446875 0.15 0.015625
0 0.08515625 0.44765625 0.06171875 0.01484375
0 0.78125 0.4734375 0.25078125 0.01484375
0 0.1 0.47421875 0.08203125 0.01484375
0 0.1890625 0.475 0.059375 0.0140625
0 0.27109375 0.47578125 0.03671875 0.0171875
0 0.77109375 0.5203125 0.14375 0.01484375
0 0.60234375 0.52109375 0.10234375 0.015625
0 0.1515625 0.521875 0.19375 0.015625
0 0.453125 0.52265625 0.059375 0.01875
0 0.56015625 0.54765625 0.109375 0.015625
0 0.4109375 0.5484375 0.1484375 0.01484375
0 0.1859375 0.54921875 0.2484375 0.0171875
0 0.7953125 0.5703125 0.1046875 0.01484375
0 0.60390625 0.57109375 0.1 0.01484375
0 0.475 0.57109375 0.01171875 0.01484375
0 0.11171875 0.571875 0.109375 0.01484375
0 0.534375 0.596875 0.06171875 0.01484375
0 0.36640625 0.59765625 0.23203125 0.015625
0 0.1421875 0.5984375 0.16640625 0.01484375
0 0.471875 0.6203125 0.01328125 0.01171875
0 0.79375 0.62109375 0.10703125 0.01328125
0 0.6046875 0.621875 0.10703125 0.0140625
0 0.109375 0.62265625 0.109375 0.01328125
0 0.5515625 0.64453125 0.12265625 0.015625
0 0.38984375 0.64453125 0.1046875 0.0171875
0 0.7953125 0.64453125 0.1046875 0.01484375
0 0.38984375 0.67265625 0.01796875 0.0140625
0 0.121875 0.6734375 0.125 0.0140625
0 0.23671875 0.675 0.059375 0.01875
0 0.7953125 0.69453125 0.1046875 0.01484375
0 0.61171875 0.6953125 0.034375 0.015625
0 0.21875 0.6953125 0.059375 0.015625
0 0.1078125 0.696875 0.10234375 0.01484375
0 0.14453125 0.72265625 0.16640625 0.01484375
0 0.79375 0.7234375 0.09765625 0.015625
0 0.27890625 0.7234375 0.06171875 0.015625
0 0.7953125 0.76953125 0.1046875 0.0171875
0 0.6078125 0.76953125 0.0453125 0.015625
0 0.7953125 0.796875 0.1046875 0.0140625
0 0.60703125 0.79765625 0.04296875 0.0171875
0 0.1046875 0.79765625 0.08671875 0.015625
0 0.7953125 0.81796875 0.109375 0.01484375
0 0.6046875 0.81875 0.04296875 0.015625
0 0.121875 0.81953125 0.125 0.01484375
0 0.59375 0.8921875 0.084375 0.01484375
0 0.4625 0.89296875 0.12734375 0.01484375
0 0.30390625 0.89296875 0.06171875 0.01484375
0 0.1984375 0.89375 0.1046875 0.01484375
0 0.70859375 0.89375 0.109375 0.01875
0 0.67578125 0.91953125 0.21171875 0.015625
0 0.515625 0.91953125 0.06171875 0.0140625
0 0.43046875 0.91953125 0.0640625 0.01484375
0 0.33828125 0.92109375 0.084375 0.01484375
0 0.21875 0.92109375 0.1046875 0.01484375
0 0.740625 0.94296875 0.12265625 0.01328125
0 0.6265625 0.94296875 0.0640625 0.01328125
0 0.3375 0.94296875 0.03671875 0.0140625
0 0.47578125 0.94375 0.19140625 0.01484375
0 0.221875 0.94609375 0.14375 0.01875