0 0.25 0.15625 0.121875 0.01484375
0 0.5703125 0.15625 0.41875 0.01484375
0 0.16328125 0.18046875 0.121875 0.015625
0 0.334375 0.18046875 0.12109375 0.015625
0 0.30625 0.2046875 0.0625 0.01484375
0 0.38828125 0.2046875 0.05625 0.01484375
0 0.5703125 0.2046875 0.25078125 0.01484375
0 0.4765625 0.22890625 0.10390625 0.0140625
0 0.68828125 0.22890625 0.01953125 0.0140625
0 0.28203125 0.22890625 0.0625 0.0140625
0 0.603125 0.22890625 0.1015625 0.01484375
0 0.36875 0.22890625 0.0609375 0.01484375
0 0.51953125 0.253125 0.06015625 0.01484375
0 0.3046875 0.25390625 0.0625 0.0140625
0 0.4109375 0.2546875 0.09921875 0.01875
0 0.6328125 0.2546875 0.11875 0.01875
0 0.32578125 0.27734375 0.10390625 0.01484375
0 0.23984375 0.2765625 0.01328125 0.01484375
0 0.4859375 0.27890625 0.16875 0.01875
0 0.66484375 0.27890625 0.140625 0.01875
0 0.2625 0.30078125 0.10390625 0.01484375
0 0.40234375 0.30078125 0.1234375 0.01484375
0 0.80390625 0.30234375 0.1234375 0.01875
0 0.14296875 0.30234375 0.078125 0.01875
0 0.6015625 0.30234375 0.23046875 0.01875
0 0.28359375 0.325 0.31796875 0.015625
0 0.6859375 0.325 0.315625 0.015625
0 0.14453125 0.371875 0.1671875 0.01484375
0 0.4640625 0.371875 0.0828125 0.015625
0 0.2625 0.37265625 0.01796875 0.01484375
0 0.34609375 0.37265625 0.10625 0.01484375
0 0.4765625 0.39609375 0.146875 0.01484375
0 0.19765625 0.39609375 0.27578125 0.01484375
0 0.8984375 0.39609375 0.01796875 0.0140625
0 0.8140625 0.396875 0.103125 0.01484375
0 0.1984375 0.44453125 0.10078125 0.01484375
0 0.85546875 0.44453125 0.103125 0.01484375
0 0.396875 0.44609375 0.24921875 0.01875
0 0.59140625 0.44609375 0.078125 0.01875
0 0.85546875 0.46875 0.103125 0.01484375
0 0.5484375 0.4703125 0.16875 0.0203125
0 0.58125 0.52265625 0.103125 0.02890625
0 0.85546875 0.5234375 0.1078125 0.0296875
0 0.85546875 0.5578125 0.103125 0.01484375
0 0.59140625 0.5578125 0.0828125 0.01484375
0 0.5703125 0.58203125 0.1234375 0.01484375
0 0.85625 0.58203125 0.09921875 0.01484375
0 0.06875 0.6296875 0.0203125 0.0140625
0 0.16484375 0.6296875 0.03984375 0.01484375
0 0.23984375 0.6296875 0.0609375 0.01484375
0 0.865625 0.6296875 0.0828125 0.01484375
0 0.6375 0.63046875 0.0890625 0.01484375
0 0.2203125 0.65390625 0.06015625 0.01484375
0 0.08125 0.65390625 0.03984375 0.01484375
0 0.14453125 0.65390625 0.040625 0.015625
0 0.62421875 0.65390625 0.10390625 0.015625
0 0.86875 0.65390625 0.07890625 0.01484375
0 0.12109375 0.70078125 0.11796875 0.01484375
0 0.2203125 0.70078125 0.01953125 0.01484375
0 0.37578125 0.70078125 0.1640625 0.01484375
0 0.55 0.70078125 0.12578125 0.01484375
0 0.7078125 0.70078125 0.14375 0.01484375
0 0.85546875 0.70078125 0.103125 0.01484375
0 0.13515625 0.72421875 0.14375 0.01484375
0 0.8453125 0.725 0.1234375 0.01484375
0 0.69609375 0.725 0.11875 0.01484375
0 0.378125 0.725 0.128125 0.01484375
0 0.259375 0.725 0.0578125 0.0140625
0 0.44765625 0.746875 0.15625 0.01796875
0 0.11171875 0.7484375 0.10078125 0.01484375
0 0.27265625 0.7484375 0.1265625 0.01484375
0 0.65546875 0.7484375 0.20703125 0.01484375
0 0.84375 0.7484375 0.11953125 0.01484375
0 0.08125 0.77265625 0.03984375 0.0140625
0 0.21875 0.79609375 0.10546875 0.01484375
0 0.634375 0.79609375 0.29375 0.015625
0 0.3359375 0.79609375 0.08359375 0.01484375
0 0.4328125 0.79765625 0.06015625 0.01171875
0 0.4640625 0.81953125 0.040625 0.01484375
0 0.75 0.81953125 0.1015625 0.01484375
0 0.55 0.81953125 0.0828125 0.01484375
0 0.64453125 0.81953125 0.06015625 0.0140625
0 0.23984375 0.821875 0.18984375 0.01796875
0 0.38984375 0.82421875 0.0625 0.01484375
0 0.27265625 0.84375 0.1265625 0.0140625
0 0.73984375 0.84375 0.08359375 0.0140625
0 0.82421875 0.84375 0.03984375 0.0140625
0 0.36875 0.84375 0.0203125 0.01484375
0 0.55 0.84375 0.0828125 0.01484375
0 0.64453125 0.84375 0.06015625 0.01484375
0 0.14375 0.8453125 0.08125 0.01875
0 0.44296875 0.8453125 0.0828125 0.01875
0 0.44375 0.86796875 0.0828125 0.01484375
0 0.55 0.86875 0.0828125 0.0140625
0 0.6875 0.8703125 0.14453125 0.01875
0 0.29375 0.86953125 0.16640625 0.01875
0 0.6125 0.89375 0.12109375 0.01875
0 0.41328125 0.89375 0.22734375 0.01875
0 0.45625 0.91484375 0.05859375 0.01484375
0 0.2640625 0.915625 0.103125 0.01484375
0 0.36953125 0.915625 0.0609375 0.0140625
0 0.71953125 0.915625 0.0359375 0.0140625
0 0.59140625 0.9171875 0.1671875 0.01875
0 0.49609375 0.93828125 0.0625 0.01484375
0 0.3484375 0.93828125 0.0609375 0.01484375
0 0.4234375 0.93828125 0.03984375 0.01484375
0 0.6015625 0.93828125 0.10390625 0.01484375