0 0.66875 0.2125 0.06328125 0.01875
0 0.76171875 0.2125 0.06328125 0.01875
0 0.1890625 0.21328125 0.04375 0.0171875
0 0.325 0.21328125 0.1296875 0.0171875
0 0.51640625 0.21328125 0.17421875 0.01953125
0 0.58828125 0.23828125 0.21953125 0.02109375
0 0.31875 0.2390625 0.06015625 0.01953125
0 0.41171875 0.2390625 0.06328125 0.02109375
0 0.76171875 0.2625 0.06328125 0.01796875
0 0.8390625 0.26484375 0.03515625 0.0203125
0 0.153125 0.26484375 0.059375 0.01875
0 0.2828125 0.26484375 0.13203125 0.01875
0 0.3875 0.26484375 0.01796875 0.0171875
0 0.5640625 0.26484375 0.27265625 0.02109375
0 0.45625 0.2890625 0.29921875 0.01796875
0 0.19921875 0.290625 0.15859375 0.01875
0 0.73515625 0.28984375 0.1984375 0.01953125
0 0.75 0.3140625 0.1796875 0.01875
0 0.32734375 0.315625 0.0875 0.01796875
0 0.5125 0.31640625 0.2234375 0.01953125
0 0.2015625 0.31640625 0.10859375 0.01796875
0 0.61171875 0.340625 0.309375 0.0203125
0 0.33046875 0.34140625 0.0390625 0.01875
0 0.39921875 0.34140625 0.0390625 0.01875
0 0.2375 0.3421875 0.084375 0.02109375
0 0.51640625 0.36640625 0.08984375 0.01796875
0 0.39921875 0.3671875 0.0875 0.01796875
0 0.7015625 0.3671875 0.221875 0.02109375
0 0.25 0.36796875 0.153125 0.0203125
0 0.53125 0.3921875 0.153125 0.01796875
0 0.3875 0.3921875 0.06328125 0.01796875
0 0.53984375 0.46875 0.13515625 0.01796875
0 0.75234375 0.46875 0.1265625 0.01796875
0 0.93515625 0.46875 0.0390625 0.0171875
0 0.40234375 0.46953125 0.084375 0.01796875
0 0.12109375 0.46953125 0.1796875 0.01796875
0 0.2828125 0.46953125 0.0875 0.01796875
0 0.21640625 0.49453125 0.03671875 0.01875
0 0.0734375 0.4953125 0.08984375 0.01796875
0 0.8546875 0.51953125 0.1109375 0.01796875
0 0.6 0.51953125 0.015625 0.01796875
0 0.69296875 0.51953125 0.10546875 0.01796875
0 0.178125 0.51953125 0.29921875 0.01875
0 0.55234375 0.51953125 0.01796875 0.0171875
0 0.946875 0.57109375 0.01796875 0.0171875
0 0.79453125 0.57109375 0.13203125 0.02109375
0 0.2734375 0.5734375 0.0125 0.0203125
0 0.10859375 0.57265625 0.14921875 0.02109375
0 0.79765625 0.621875 0.0390625 0.01796875
0 0.90234375 0.621875 0.10859375 0.01796875
0 0.378125 0.621875 0.13203125 0.01796875
0 0.08515625 0.62265625 0.1109375 0.01875
0 0.221875 0.62265625 0.10390625 0.01875
0 0.90234375 0.64765625 0.1109375 0.01796875
0 0.79765625 0.64765625 0.0390625 0.01796875
0 0.0734375 0.64921875 0.08984375 0.01796875
0 0.528125 0.69921875 0.153125 0.021875
0 0.75859375 0.69921875 0.153125 0.0203125
0 0.0609375 0.7 0.06640625 0.01875
0 0.2015625 0.7015625 0.15859375 0.02109375
0 0.8421875 0.72421875 0.08984375 0.01796875
0 0.6 0.72578125 0.10859375 0.0171875
0 0.165625 0.725 0.0875 0.01796875
0 0.0609375 0.72578125 0.06640625 0.01796875
0 0.8421875 0.80078125 0.228125 0.01953125
0 0.66875 0.8015625 0.015625 0.01796875
0 0.53671875 0.8015625 0.0828125 0.01796875
0 0.69296875 0.8015625 0.015625 0.02109375
0 0.4234375 0.80234375 0.08984375 0.01875
0 0.29765625 0.80234375 0.10546875 0.01875
0 0.12109375 0.803125 0.1796875 0.01953125
0 0.4828125 0.828125 0.15625 0.01875
0 0.2828125 0.82890625 0.0875 0.01796875
0 0.11796875 0.8296875 0.1828125 0.01953125
0 0.72578125 0.878125 0.13515625 0.01796875
0 0.55234375 0.87890625 0.15859375 0.01875
0 0.41171875 0.87890625 0.06640625 0.01875
0 0.26171875 0.8796875 0.17734375 0.01953125
0 0.62109375 0.903125 0.15625 0.01953125
0 0.47109375 0.90546875 0.0875 0.01875
0 0.3546875 0.90546875 0.0875 0.01875
0 0.27109375 0.90546875 0.02109375 0.01953125
0 0.53984375 0.9296875 0.08984375 0.01796875
0 0.68046875 0.9296875 0.13515625 0.02109375
0 0.30625 0.93046875 0.1796875 0.01796875
0 0.446875 0.93046875 0.0390625 0.01796875