0 0.53671875 0.065625 0.0640625 0.0140625
0 0.721875 0.065625 0.065625 0.0140625
0 0.3890625 0.06640625 0.20234375 0.0140625
0 0.63046875 0.065625 0.075 0.01328125
0 0.93515625 0.065625 0.0375 0.01640625
0 0.16640625 0.06796875 0.2125 0.0171875
0 0.840625 0.06796875 0.12890625 0.0171875
0 0.56171875 0.08359375 0.12109375 0.01484375
0 0.3140625 0.084375 0.05546875 0.01484375
0 0.44296875 0.08515625 0.08828125 0.0140625
0 0.3703125 0.08515625 0.028125 0.01640625
0 0.6828125 0.0859375 0.075 0.015625
0 0.309375 0.1015625 0.09609375 0.0140625
0 0.41328125 0.10390625 0.08515625 0.01484375
0 0.5140625 0.1046875 0.08984375 0.015625
0 0.659375 0.10390625 0.1453125 0.01640625
0 0.73984375 0.12109375 0.15390625 0.01484375
0 0.4171875 0.12109375 0.15234375 0.0140625
0 0.584375 0.12109375 0.11953125 0.0140625
0 0.23359375 0.121875 0.06171875 0.0140625
0 0.2953125 0.12265625 0.040625 0.01484375
0 0.51796875 0.140625 0.09453125 0.01328125
0 0.6375 0.140625 0.12734375 0.01328125
0 0.4328125 0.140625 0.05234375 0.01328125
0 0.3546875 0.140625 0.071875 0.01328125
0 0.46796875 0.1796875 0.01484375 0.02421875
0 0.25546875 0.1796875 0.05703125 0.0234375
0 0.37265625 0.1796875 0.13046875 0.0234375
0 0.59453125 0.1796875 0.18984375 0.0234375
0 0.7484375 0.18125 0.078125 0.02421875
0 0.4421875 0.2265625 0.0734375 0.0234375
0 0.75078125 0.2265625 0.15234375 0.025
0 0.53203125 0.2265625 0.05390625 0.02421875
0 0.596875 0.22734375 0.034375 0.02109375
0 0.1125 0.25390625 0.12734375 0.0140625
0 0.57109375 0.2546875 0.08671875 0.01328125
0 0.7390625 0.2546875 0.18828125 0.01328125
0 0.39375 0.28359375 0.1140625 0.0234375
0 0.4984375 0.28359375 0.05546875 0.0234375
0 0.5734375 0.28359375 0.05546875 0.0234375
0 0.12265625 0.284375 0.15390625 0.02421875
0 0.26875 0.284375 0.09296875 0.02421875
0 0.4390625 0.3125 0.01796875 0.01171875
0 0.403125 0.31328125 0.01796875 0.0125
0 0.340625 0.31328125 0.04765625 0.0125
0 0.10234375 0.31328125 0.1125 0.0125
0 0.4859375 0.31328125 0.03125 0.0140625
0 0.23515625 0.3140625 0.1078125 0.0140625
0 0.0953125 0.33125 0.08671875 0.01171875
0 0.18203125 0.33125 0.034375 0.01171875
0 0.278125 0.33125 0.1015625 0.015625
0 0.4890625 0.34921875 0.1484375 0.0125
0 0.09140625 0.34921875 0.09453125 0.0125
0 0.21875 0.34921875 0.1109375 0.0125
0 0.34140625 0.35078125 0.08828125 0.01484375
0 0.23515625 0.3671875 0.1375 0.01484375
0 0.09765625 0.3671875 0.1015625 0.01328125
0 0.378125 0.3671875 0.11953125 0.0140625
0 0.45 0.3859375 0.0671875 0.01484375
0 0.58359375 0.3859375 0.1703125 0.01484375
0 0.7578125 0.3859375 0.08203125 0.01484375
0 0.31953125 0.40859375 0.05390625 0.0125
0 0.61875 0.409375 0.0703125 0.01328125
0 0.5515625 0.40859375 0.01796875 0.0140625
0 0.396875 0.40859375 0.05234375 0.0125
0 0.475 0.40859375 0.05703125 0.0140625
0 0.76171875 0.409375 0.134375 0.01640625
0 0.14609375 0.41171875 0.2140625 0.015625
0 0.7546875 0.4390625 0.0359375 0.01484375
0 0.0734375 0.43984375 0.06875 0.01328125
0 0.646875 0.43984375 0.01953125 0.01484375
0 0.1828125 0.43984375 0.09140625 0.01328125
0 0.30859375 0.43984375 0.075 0.01328125
0 0.40859375 0.440625 0.0359375 0.0125
0 0.81015625 0.440625 0.0328125 0.0140625
0 0.54921875 0.440625 0.01953125 0.0140625
0 0.49453125 0.440625 0.01796875 0.0140625
0 0.4921875 0.45859375 0.01640625 0.01328125
0 0.79140625 0.4578125 0.0734375 0.0140625
0 0.55078125 0.45859375 0.01953125 0.01484375
0 0.1234375 0.45859375 0.171875 0.01328125
0 0.309375 0.45859375 0.0734375 0.01328125
0 0.415625 0.459375 0.01484375 0.01484375
0 0.64765625 0.459375 0.01796875 0.015625
0 0.79140625 0.478125 0.0734375 0.01484375
0 0.41640625 0.478125 0.01640625 0.01484375
0 0.55 0.478125 0.01796875 0.01484375
0 0.64765625 0.478125 0.02109375 0.01484375
0 0.0671875 0.478125 0.05546875 0.01171875
0 0.16640625 0.478125 0.09140625 0.01171875
0 0.49296875 0.47890625 0.02109375 0.01328125
0 0.31015625 0.47890625 0.075 0.01328125
0 0.35625 0.509375 0.08828125 0.02578125
0 0.78046875 0.509375 0.09296875 0.025
0 0.44296875 0.5109375 0.0390625 0.02265625
0 0.565625 0.51328125 0.16328125 0.03046875
0 0.75234375 0.54375 0.028125 0.0125
0 0.640625 0.54375 0.0296875 0.0125
0 0.49609375 0.54453125 0.01484375 0.0125
0 0.55 0.54453125 0.01796875 0.0125
0 0.40703125 0.54453125 0.0359375 0.0125
0 0.3078125 0.54453125 0.0734375 0.0125
0 0.1359375 0.54453125 0.1859375 0.01328125
0 0.80859375 0.54453125 0.0328125 0.0078125
0 0.63671875 0.56328125 0.0375 0.0125
0 0.55 0.56328125 0.01796875 0.0125
0 0.75390625 0.5625 0.028125 0.009375
0 0.10625 0.56328125 0.13046875 0.0125
0 0.3078125 0.56328125 0.0765625 0.0140625
0 0.40703125 0.56328125 0.0359375 0.0109375
0 0.490625 0.56328125 0.01796875 0.0109375
0 0.809375 0.5640625 0.0375 0.01171875
0 0.7734375 0.58125 0.109375 0.01328125
0 0.55 0.58203125 0.01796875 0.01171875
0 0.48359375 0.58203125 0.0296875 0.01171875
0 0.6265625 0.58203125 0.05078125 0.01171875
0 0.4140625 0.58203125 0.01796875 0.01171875
0 0.30859375 0.5828125 0.071875 0.0140625
0 0.1359375 0.5828125 0.19296875 0.0140625
0 0.78203125 0.6140625 0.09296875 0.0234375
0 0.12421875 0.6140625 0.09140625 0.02578125
0 0.2140625 0.61484375 0.0359375 0.0234375
0 0.47890625 0.6171875 0.1046875 0.03046875
0 0.60546875 0.6171875 0.08359375 0.03046875
0 0.32734375 0.6171875 0.1484375 0.03046875
0 0.790625 0.65234375 0.078125 0.025
0 0.6140625 0.653125 0.065625 0.0234375
0 0.14453125 0.69296875 0.09296875 0.02578125
0 0.7828125 0.69296875 0.09140625 0.02421875
0 0.234375 0.69375 0.0375 0.0234375
0 0.60546875 0.6953125 0.08359375 0.03046875
0 0.346875 0.6953125 0.1484375 0.0328125
0 0.4890625 0.696875 0.08359375 0.0296875
0 0.35703125 0.73203125 0.08671875 0.025
0 0.78125 0.73203125 0.09140625 0.0234375
0 0.44375 0.73203125 0.040625 0.02265625
0 0.56640625 0.734375 0.16171875 0.03046875
0 0.78203125 0.7734375 0.09609375 0.0234375
0 0.43203125 0.7734375 0.09296875 0.025
0 0.57109375 0.77578125 0.13203125 0.03046875
0 0.13046875 0.81796875 0.09140625 0.01171875
0 0.05625 0.81796875 0.01171875 0.01171875
0 0.8140625 0.8359375 0.1796875 0.01328125
0 0.65546875 0.83671875 0.09140625 0.0125
0 0.26875 0.83671875 0.09296875 0.01328125
0 0.125 0.8375 0.15234375 0.01171875
0 0.47421875 0.83828125 0.0296875 0.0078125
0 0.3828125 0.8390625 0.08984375 0.015625
0 0.54921875 0.8390625 0.071875 0.0140625
0 0.33671875 0.85703125 0.0328125 0.01328125
0 0.46953125 0.85703125 0.18828125 0.01171875
0 0.66171875 0.85703125 0.146875 0.01484375
0 0.7796875 0.85703125 0.0328125 0.009375
0 0.0734375 0.8578125 0.05546875 0.01171875
0 0.21015625 0.859375 0.16484375 0.01328125
0 0.884375 0.87578125 0.05234375 0.01328125
0 0.8171875 0.87734375 0.0328125 0.0109375
0 0.67265625 0.878125 0.20390625 0.015625
0 0.315625 0.878125 0.075 0.00859375
0 0.240625 0.878125 0.034375 0.00859375
0 0.125 0.87890625 0.15234375 0.01484375
0 0.4609375 0.8796875 0.16640625 0.01171875
0 0.66484375 0.8953125 0.0359375 0.01328125
0 0.73359375 0.8953125 0.05234375 0.0125
0 0.57578125 0.8953125 0.09296875 0.0109375
0 0.4828125 0.89609375 0.05390625 0.009375
0 0.19140625 0.896875 0.05234375 0.0109375
0 0.30625 0.89765625 0.12578125 0.0171875
0 0.41484375 0.89765625 0.0359375 0.009375
0 0.09609375 0.8984375 0.08828125 0.01328125
0 0.78828125 0.9140625 0.01484375 0.0125
0 0.57578125 0.9140625 0.04765625 0.0125
0 0.69453125 0.9140625 0.12734375 0.01328125
0 0.4921875 0.9140625 0.065625 0.0125
0 0.3265625 0.9140625 0.09453125 0.0125
0 0.41640625 0.9171875 0.0328125 0.00859375
0 0.15390625 0.9171875 0.209375 0.015625
0 0.29921875 0.934375 0.075 0.0109375
0 0.1453125 0.9359375 0.19296875 0.0171875
0 0.6484375 0.9546875 0.1046875 0.0140625
0 0.45078125 0.95546875 0.26484375 0.0140625