0 0.32734375 0.05625 0.21875 0.0203125
0 0.546875 0.06171875 0.1671875 0.01640625
0 0.69375 0.06484375 0.06953125 0.01484375
0 0.7921875 0.06640625 0.06875 0.0140625
0 0.31484375 0.07421875 0.05234375 0.01328125
0 0.39453125 0.07734375 0.04765625 0.01484375
0 0.48125 0.078125 0.09921875 0.01328125
0 0.61171875 0.08125 0.11875 0.01484375
0 0.71796875 0.08359375 0.04296875 0.01484375
0 0.3390625 0.0921875 0.11875 0.01484375
0 0.47109375 0.0953125 0.09921875 0.01328125
0 0.5875 0.0984375 0.08671875 0.01484375
0 0.71328125 0.1 0.096875 0.0125
0 0.2875 0.1078125 0.09765625 0.01484375
0 0.43671875 0.1109375 0.1640625 0.01640625
0 0.575 0.11484375 0.0671875 0.01484375
0 0.72109375 0.11640625 0.15625 0.01484375
0 0.346875 0.125 0.05625 0.0125
0 0.42109375 0.12734375 0.04765625 0.0140625
0 0.61015625 0.13203125 0.20546875 0.01640625
0 0.33671875 0.14296875 0.06015625 0.0140625
0 0.41171875 0.14375 0.04765625 0.0125
0 0.609375 0.1484375 0.23828125 0.01484375
0 0.21328125 0.15625 0.0546875 0.01484375
0 0.32734375 0.16015625 0.15390625 0.01484375
0 0.46796875 0.16328125 0.078125 0.01328125
0 0.565625 0.1640625 0.06953125 0.0125
0 0.678125 0.16640625 0.13671875 0.01484375
0 0.81015625 0.16875 0.0796875 0.0125
0 0.41640625 0.19609375 0.06953125 0.01484375
0 0.5671875 0.19765625 0.16640625 0.01640625
0 0.17578125 0.21875 0.15390625 0.01640625
0 0.35234375 0.221875 0.1390625 0.0140625
0 0.60234375 0.225 0.07421875 0.0140625
0 0.69296875 0.22734375 0.0515625 0.01328125
0 0.82734375 0.2296875 0.15625 0.01328125
0 0.1265625 0.23359375 0.06015625 0.0140625
0 0.33984375 0.2390625 0.11953125 0.01484375
0 0.23828125 0.23984375 0.0265625 0.00859375
0 0.6140625 0.24296875 0.09921875 0.01328125
0 0.75546875 0.24609375 0.00703125 0.01171875
0 0.13359375 0.25234375 0.07734375 0.0140625
0 0.2375 0.2546875 0.08203125 0.0140625
0 0.44140625 0.25703125 0.203125 0.015625
0 0.1359375 0.26875 0.07734375 0.0140625
0 0.253125 0.27109375 0.11484375 0.0140625
0 0.44140625 0.2734375 0.20078125 0.01484375
0 0.64453125 0.27734375 0.15859375 0.0140625
0 0.7625 0.2796875 0.03671875 0.0125
0 0.13359375 0.303125 0.0796875 0.0140625
0 0.42890625 0.3078125 0.1734375 0.01328125
0 0.13359375 0.3203125 0.0796875 0.01328125
0 0.3796875 0.3234375 0.0796875 0.0140625
0 0.1640625 0.3375 0.1421875 0.01484375
0 0.11953125 0.38984375 0.06015625 0.01328125
0 0.19609375 0.38984375 0.04765625 0.0125
0 0.15625 0.4421875 0.1390625 0.0140625
0 0.87421875 0.45 0.03671875 0.01171875
0 0.10703125 0.45859375 0.03828125 0.0125
0 0.1984375 0.459375 0.09921875 0.01328125
0 0.3125 0.46015625 0.0796875 0.0125
0 0.4140625 0.4609375 0.07734375 0.01171875
0 0.096875 0.475 0.00859375 0.01171875
0 0.23125 0.4765625 0.03671875 0.0125
0 0.35234375 0.47734375 0.078125 0.0125
0 0.44140625 0.47734375 0.05390625 0.0125
0 0.50625 0.478125 0.00703125 0.01171875
0 0.65390625 0.4796875 0.16171875 0.0140625
0 0.85234375 0.48125 0.08046875 0.0125
0 0.15625 0.49296875 0.1390625 0.01328125
0 0.87421875 0.49765625 0.0390625 0.0125
0 0.1265625 0.509375 0.07734375 0.0140625
0 0.20859375 0.5109375 0.03828125 0.01328125
0 0.3296875 0.5109375 0.03671875 0.01171875
0 0.2703125 0.5109375 0.03671875 0.0125
0 0.4015625 0.5109375 0.0578125 0.01171875
0 0.503125 0.51171875 0.09921875 0.01328125
0 0.62421875 0.51328125 0.09921875 0.01328125
0 0.23046875 0.52734375 0.03828125 0.01328125
0 0.09375 0.52734375 0.0171875 0.0125
0 0.3390625 0.528125 0.096875 0.0140625
0 0.440625 0.52890625 0.05234375 0.01328125
0 0.50546875 0.5296875 0.00859375 0.0140625
0 0.65390625 0.53046875 0.15625 0.01328125
0 0.84140625 0.53125 0.096875 0.01328125
0 0.11171875 0.5609375 0.06015625 0.01328125
0 0.21328125 0.5609375 0.09375 0.01328125
0 0.7109375 0.56484375 0.03515625 0.01328125
0 0.8390625 0.56484375 0.096875 0.01171875
0 0.15390625 0.57734375 0.1421875 0.0125
0 0.3078125 0.5796875 0.11875 0.015625
0 0.846875 0.58125 0.08046875 0.01328125
0 0.7109375 0.58125 0.03515625 0.0125
0 0.1515625 0.59375 0.1421875 0.01484375
0 0.265625 0.59453125 0.0390625 0.01171875
0 0.7109375 0.5984375 0.03828125 0.0125
0 0.85 0.5984375 0.078125 0.0125
0 0.1421875 0.621875 0.11953125 0.0140625
0 0.52578125 0.62421875 0.04375 0.01328125
0 0.684375 0.625 0.1140625 0.01484375
0 0.1140625 0.640625 0.0671875 0.0140625
0 0.52578125 0.64375 0.04375 0.0140625
0 0.684375 0.64375 0.1140625 0.01328125
0 0.1640625 0.65859375 0.1640625 0.01640625
0 0.52578125 0.6625 0.04375 0.0140625
0 0.69375 0.6625 0.0890625 0.0140625
0 0.11953125 0.70390625 0.07734375 0.01328125
0 0.2375 0.70390625 0.1140625 0.01328125
0 0.3328125 0.7046875 0.0171875 0.01171875
0 0.20859375 0.72109375 0.09921875 0.01328125
0 0.10703125 0.72109375 0.06015625 0.01484375
0 0.35234375 0.72109375 0.05625 0.01171875
0 0.1359375 0.75390625 0.11875 0.01328125
0 0.26796875 0.75390625 0.09296875 0.01328125
0 0.44140625 0.7546875 0.203125 0.01484375
0 0.6421875 0.75625 0.15390625 0.0125
0 0.7625 0.75625 0.03671875 0.0125
0 0.1265625 0.7796875 0.1015625 0.0140625
0 0.23359375 0.7796875 0.065625 0.01484375
0 0.36171875 0.7796875 0.1171875 0.0140625
0 0.596875 0.78359375 0.10625 0.01484375
0 0.48359375 0.78359375 0.0796875 0.00859375
0 0.1265625 0.79609375 0.1015625 0.01328125
0 0.23828125 0.79609375 0.078125 0.01328125
0 0.78515625 0.7984375 0.19765625 0.0125
0 0.3296875 0.7984375 0.05859375 0.00859375
0 0.5671875 0.7984375 0.2078125 0.01484375
0 0.40859375 0.8 0.0578125 0.01015625
0 0.20859375 0.8125 0.06015625 0.01171875
0 0.290625 0.81328125 0.06015625 0.0140625
0 0.1140625 0.8140625 0.0796875 0.01328125
0 0.38125 0.81484375 0.07578125 0.01328125
0 0.5828125 0.81484375 0.07734375 0.01328125
0 0.47890625 0.81484375 0.07421875 0.0125
0 0.20859375 0.83125 0.06015625 0.0125
0 0.3796875 0.83125 0.07421875 0.01328125
0 0.28984375 0.83125 0.05859375 0.01328125
0 0.1140625 0.83125 0.0796875 0.01328125
0 0.5828125 0.83125 0.07421875 0.0125
0 0.48125 0.83203125 0.07734375 0.0140625
0 0.20625 0.84765625 0.06015625 0.01328125
0 0.1140625 0.8484375 0.07734375 0.01328125
0 0.3171875 0.8484375 0.11875 0.01328125
0 0.68125 0.8484375 0.07421875 0.0125
0 0.42890625 0.8484375 0.05625 0.0125
0 0.5921875 0.8484375 0.0578125 0.0125
0 0.5125 0.84921875 0.05234375 0.0140625
0 0.68671875 0.8734375 0.128125 0.01484375
0 0.51796875 0.87421875 0.06484375 0.0140625
0 0.1046875 0.87421875 0.0625 0.0140625
0 0.41875 0.87421875 0.11875 0.01328125
0 0.22578125 0.875 0.140625 0.01484375
0 0.14453125 0.90625 0.01953125 0.0125
0 0.19609375 0.90625 0.040625 0.0125
0 0.0921875 0.9078125 0.040625 0.01328125
0 0.71796875 0.9078125 0.0796875 0.01328125
0 0.5078125 0.90859375 0.09921875 0.01328125
0 0.15390625 0.9234375 0.16171875 0.01640625
0 0.71796875 0.925 0.0796875 0.01171875
0 0.51796875 0.925 0.07734375 0.0125