0 0.7171875 0.134375 0.21953125 0.02109375
0 0.19296875 0.1609375 0.0859375 0.01875
0 0.3203125 0.1609375 0.13359375 0.0171875
0 0.5359375 0.1609375 0.26015625 0.01875
0 0.72734375 0.1625 0.09296875 0.01796875
0 0.840625 0.1625 0.09296875 0.01796875
0 0.346875 0.184375 0.09921875 0.01484375
0 0.484375 0.184375 0.096875 0.01640625
0 0.5796875 0.184375 0.0609375 0.01640625
0 0.67265625 0.1859375 0.09296875 0.0203125
0 0.2234375 0.20703125 0.1609375 0.01484375
0 0.46015625 0.2078125 0.26953125 0.015625
0 0.6625 0.209375 0.10390625 0.01640625
0 0.81015625 0.21171875 0.1671875 0.0171875
0 0.36796875 0.2328125 0.21796875 0.015625
0 0.196875 0.2328125 0.04765625 0.01484375
0 0.5765625 0.234375 0.0546875 0.015625
0 0.74765625 0.234375 0.215625 0.015625
0 0.30625 0.2578125 0.065625 0.01484375
0 0.45 0.2578125 0.04765625 0.01484375
0 0.63828125 0.2578125 0.246875 0.01484375
0 0.38125 0.26015625 0.05703125 0.01875
0 0.40859375 0.29609375 0.06796875 0.015625
0 0.53125 0.29609375 0.146875 0.015625
0 0.35390625 0.3328125 0.040625 0.01484375
0 0.2171875 0.3328125 0.04765625 0.01484375
0 0.12109375 0.3328125 0.11171875 0.01484375
0 0.47734375 0.334375 0.17578125 0.01953125
0 0.10078125 0.3578125 0.07109375 0.0140625
0 0.6140625 0.3578125 0.14453125 0.0140625
0 0.72421875 0.3578125 0.04765625 0.0140625
0 0.4296875 0.359375 0.1921875 0.01875
0 0.37109375 0.3828125 0.071875 0.01640625
0 0.2203125 0.3828125 0.04765625 0.01484375
0 0.12109375 0.38359375 0.1171875 0.015625
0 0.12734375 0.40859375 0.1265625 0.01484375
0 0.23125 0.40859375 0.04765625 0.01328125
0 0.35078125 0.40859375 0.03125 0.01328125
0 0.6140625 0.43671875 0.14453125 0.01640625
0 0.72421875 0.43671875 0.04765625 0.01640625
0 0.12109375 0.43671875 0.109375 0.01484375
0 0.23046875 0.43828125 0.0734375 0.0171875
0 0.4296875 0.43828125 0.1921875 0.0203125
0 0.4875 0.46640625 0.0625 0.0171875
0 0.56953125 0.46640625 0.07890625 0.0171875
0 0.10078125 0.4671875 0.0765625 0.01640625
0 0.775 0.4671875 0.13046875 0.01640625
0 0.2 0.4671875 0.09296875 0.01640625
0 0.3609375 0.46796875 0.0546875 0.0203125
0 0.378125 0.4953125 0.0609375 0.01484375
0 0.2578125 0.4953125 0.14296875 0.01640625
0 0.5625 0.4953125 0.0546875 0.01640625
0 0.47421875 0.4953125 0.09296875 0.01640625
0 0.66875 0.4953125 0.040625 0.01484375
0 0.11796875 0.4953125 0.1046875 0.01640625
0 0.61796875 0.49609375 0.03125 0.0171875
0 0.378125 0.52578125 0.01796875 0.0140625
0 0.5703125 0.52578125 0.071875 0.0140625
0 0.7921875 0.52578125 0.0859375 0.0140625
0 0.87421875 0.52890625 0.03671875 0.01171875
0 0.07265625 0.5640625 0.01796875 0.01640625
0 0.41953125 0.5640625 0.08203125 0.01796875
0 0.7921875 0.5640625 0.09140625 0.01640625
0 0.52265625 0.565625 0.09921875 0.0203125
0 0.165625 0.5671875 0.12421875 0.01875
0 0.5421875 0.5953125 0.0546875 0.01484375
0 0.8 0.5953125 0.06796875 0.01328125
0 0.428125 0.59609375 0.0640625 0.01484375
0 0.4875 0.59765625 0.0296875 0.01640625
0 0.340625 0.63359375 0.0546875 0.01484375
0 0.41953125 0.634375 0.08203125 0.0171875
0 0.7921875 0.63515625 0.08828125 0.01640625
0 0.52421875 0.6359375 0.0984375 0.021875
0 0.79921875 0.6671875 0.071875 0.01484375
0 0.41875 0.66796875 0.1515625 0.0203125
0 0.5390625 0.66796875 0.0609375 0.0203125
0 0.3890625 0.70546875 0.140625 0.015625
0 0.26484375 0.70625 0.071875 0.01484375
0 0.18671875 0.70625 0.0515625 0.01328125
0 0.7921875 0.70625 0.08828125 0.01640625
0 0.52421875 0.7078125 0.0984375 0.02109375
0 0.7921875 0.734375 0.08828125 0.01484375
0 0.10078125 0.73515625 0.07890625 0.015625
0 0.8 0.77109375 0.06796875 0.01484375
0 0.125 0.7734375 0.12421875 0.01796875
0 0.7953125 0.83203125 0.0546875 0.01484375
0 0.47421875 0.8328125 0.065625 0.0140625
0 0.878125 0.8328125 0.0859375 0.0171875
0 0.5875 0.83359375 0.109375 0.01328125
0 0.090625 0.83359375 0.0609375 0.01484375
0 0.696875 0.8328125 0.0859375 0.0171875
0 0.19921875 0.834375 0.13203125 0.0171875
0 0.890625 0.86484375 0.06015625 0.01171875
0 0.70390625 0.86484375 0.075 0.01171875
0 0.1765625 0.86640625 0.0453125 0.0125
0 0.5015625 0.86640625 0.01328125 0.0140625
0 0.0828125 0.8671875 0.040625 0.01484375
0 0.125 0.86875 0.02890625 0.01640625
0 0.73125 0.95078125 0.00390625 0.01484375
0 0.2578125 0.95234375 0.09921875 0.015625
0 0.45703125 0.95234375 0.09921875 0.015625
0 0.35390625 0.953125 0.07109375 0.01484375
0 0.56328125 0.953125 0.08828125 0.01484375
0 0.66640625 0.95390625 0.09296875 0.0171875