0 0.23046875 0.1328125 0.0515625 0.025
0 0.2765625 0.1328125 0.009375 0.025
0 0.321875 0.1328125 0.07109375 0.025
0 0.3765625 0.1328125 0.009375 0.025
0 0.46171875 0.1328125 0.1609375 0.025
0 0.621875 0.1328125 0.1109375 0.025
0 0.696875 0.1328125 0.00859375 0.025
0 0.75625 0.1328125 0.096875 0.025
0 0.18828125 0.1640625 0.1578125 0.025
0 0.3171875 0.1640625 0.059375 0.02421875
0 0.44453125 0.16484375 0.11875 0.025
0 0.5546875 0.165625 0.05859375 0.02421875
0 0.59375 0.165625 0.0046875 0.02421875
0 0.64375 0.16640625 0.0359375 0.02421875
0 0.6734375 0.16484375 0.00859375 0.02421875
0 0.77421875 0.16640625 0.01171875 0.02421875
0 0.4953125 0.19765625 0.09609375 0.0234375
0 0.3796875 0.23125 0.04921875 0.0234375
0 0.47734375 0.23125 0.05625 0.0234375
0 0.5953125 0.23125 0.134375 0.02421875
0 0.28359375 0.26171875 0.0546875 0.025
0 0.409375 0.2625 0.15390625 0.02578125
0 0.5953125 0.26328125 0.1734375 0.02578125
0 0.73046875 0.2640625 0.05546875 0.025
0 0.21796875 0.29296875 0.1140625 0.02421875
0 0.5921875 0.29453125 0.28203125 0.025
0 0.78671875 0.2953125 0.05078125 0.0234375
0 0.82421875 0.2953125 0.0078125 0.0234375
0 0.203125 0.32421875 0.15390625 0.0296875
0 0.32734375 0.325 0.053125 0.0296875
0 0.365625 0.325 0.00703125 0.02890625
0 0.4203125 0.325 0.04921875 0.0296875
0 0.45546875 0.325 0.0015625 0.02890625
0 0.47421875 0.325 0.03125 0.02890625
0 0.59609375 0.32578125 0.16875 0.0296875
0 0.796875 0.3265625 0.1890625 0.0296875
0 0.42734375 0.35546875 0.08828125 0.02421875
0 0.56640625 0.35546875 0.13359375 0.02421875
0 0.17109375 0.384375 0.08359375 0.025
0 0.26328125 0.384375 0.0359375 0.025
0 0.29140625 0.384375 0.00625 0.025
0 0.1484375 0.415625 0.01640625 0.0234375
0 0.1828125 0.4140625 0.01171875 0.01953125
0 0.340625 0.4140625 0.26328125 0.03046875
0 0.5265625 0.415625 0.03125 0.0234375
0 0.565625 0.4140625 0.009375 0.034375
0 0.73984375 0.41484375 0.3015625 0.02734375
0 0.17890625 0.4421875 0.09453125 0.028125
0 0.31328125 0.44296875 0.13046875 0.028125
0 0.38828125 0.44296875 0.00625 0.028125
0 0.41796875 0.44296875 0.03359375 0.028125
0 0.55625 0.44375 0.01015625 0.02734375
0 0.58125 0.44375 0.00703125 0.02734375
0 0.6453125 0.44453125 0.10703125 0.028125
0 0.72890625 0.44453125 0.015625 0.02734375
0 0.74609375 0.44453125 0.003125 0.02734375
0 0.81484375 0.44453125 0.11171875 0.028125
0 0.16171875 0.4734375 0.05078125 0.02109375
0 0.20078125 0.4734375 0.00859375 0.02109375
0 0.29140625 0.4734375 0.1671875 0.02109375
0 0.4171875 0.4734375 0.02890625 0.02109375
0 0.446875 0.4734375 0.01015625 0.02109375
0 0.51328125 0.4734375 0.10625 0.02109375
0 0.61484375 0.4734375 0.05390625 0.02109375
0 0.653125 0.4734375 0.0046875 0.02109375
0 0.68125 0.4734375 0.034375 0.02109375
0 0.7390625 0.4734375 0.0359375 0.02109375
0 0.76640625 0.4734375 0.00703125 0.02109375
0 0.82109375 0.4734375 0.09375 0.02109375
0 0.16015625 0.503125 0.04921875 0.0234375
0 0.203125 0.503125 0.00859375 0.0234375
0 0.5203125 0.50390625 0.0515625 0.0234375
0 0.56015625 0.50390625 0.01015625 0.0234375
0 0.61484375 0.50390625 0.08828125 0.02421875
0 0.67265625 0.50390625 0.0109375 0.0234375
0 0.71796875 0.50390625 0.071875 0.0234375
0 0.8296875 0.5046875 0.10546875 0.0234375
0 0.16796875 0.53203125 0.059375 0.02421875
0 0.4859375 0.53125 0.05390625 0.02421875
0 0.41875 0.56171875 0.10546875 0.02421875
0 0.52109375 0.56171875 0.0484375 0.0234375
0 0.60703125 0.5625 0.0703125 0.0234375
0 0.18828125 0.58828125 0.0890625 0.021875
0 0.30859375 0.5890625 0.09765625 0.02109375
0 0.465625 0.61484375 0.09140625 0.02578125
0 0.2890625 0.6421875 0.16796875 0.02421875
0 0.4234375 0.6421875 0.05078125 0.0234375
0 0.51171875 0.64296875 0.071875 0.0234375
0 0.6234375 0.64296875 0.10703125 0.02421875
0 0.75234375 0.64375 0.09453125 0.0234375
0 0.16171875 0.67265625 0.078125 0.02265625
0 0.3 0.67265625 0.16171875 0.02265625
0 0.38359375 0.67265625 0.01015625 0.02265625
0 0.45390625 0.67265625 0.11328125 0.02265625
0 0.71484375 0.67265625 0.365625 0.02265625
0 0.34921875 0.73125 0.0359375 0.02265625
0 0.53828125 0.73203125 0.29375 0.0234375
0 0.43046875 0.7625 0.071875 0.02421875
0 0.196875 0.7953125 0.1 0.02265625
0 0.328125 0.79609375 0.11796875 0.02265625
0 0.46796875 0.79609375 0.11796875 0.02265625
0 0.6875 0.796875 0.271875 0.0234375
0 0.834375 0.79765625 0.00859375 0.021875
0 0.39375 0.859375 0.28203125 0.0296875
0 0.65859375 0.859375 0.15 0.0265625
0 0.26015625 0.89140625 0.121875 0.03125
0 0.3625 0.89140625 0.0375 0.03046875
0 0.39140625 0.89140625 0.0078125 0.03046875
0 0.66953125 0.89296875 0.078125 0.03046875
0 0.35234375 0.92578125 0.01015625 0.02421875
0 0.54609375 0.92734375 0.36171875 0.0265625
0 0.19453125 0.9578125 0.03203125 0.028125
0 0.2890625 0.95859375 0.10078125 0.02890625
0 0.425 0.95859375 0.08515625 0.028125
0 0.5703125 0.959375 0.16640625 0.02734375
0 0.73515625 0.95859375 0.125 0.025
0 0.7140625 0.165625 0.05390625 0.0234375
0 0.85625 0.16640625 0.10390625 0.02421875
0 0.35078125 0.29375 0.11953125 0.0234375
0 0.34375 0.50234375 0.2671875 0.0234375
0 0.56875 0.615625 0.03203125 0.01953125
0 0.50703125 0.76328125 0.0359375 0.0234375
0 0.5859375 0.76328125 0.0796875 0.02578125
0 0.77421875 0.89453125 0.0859375 0.0203125
0 0.5671875 0.8921875 0.0875 0.025
0 0.46640625 0.89140625 0.08828125 0.0234375
0 0.30859375 0.925 0.065625 0.0234375