0 0.24375 0.12421875 0.14296875 0.015625
0 0.41484375 0.125 0.1578125 0.015625
0 0.56796875 0.125 0.10703125 0.015625
0 0.7203125 0.12578125 0.16875 0.015625
0 0.4890625 0.14296875 0.2640625 0.01484375
0 0.30546875 0.16484375 0.065625 0.01171875
0 0.3828125 0.16484375 0.05703125 0.01171875
0 0.47890625 0.16484375 0.109375 0.0125
0 0.6265625 0.165625 0.15703125 0.01328125
0 0.43359375 0.1859375 0.1546875 0.01171875
0 0.29296875 0.1859375 0.0984375 0.01171875
0 0.6375 0.1875 0.20703125 0.0109375
0 0.184375 0.21953125 0.06328125 0.0125
0 0.3546875 0.2203125 0.215625 0.0125
0 0.546875 0.2203125 0.065625 0.01171875
0 0.23203125 0.22109375 0.00234375 0.00859375
0 0.71796875 0.22109375 0.21328125 0.0125
0 0.32890625 0.24296875 0.06953125 0.01171875
0 0.39453125 0.24296875 0.0296875 0.0125
0 0.5625 0.24375 0.24375 0.0125
0 0.4015625 0.2703125 0.075 0.0140625
0 0.53515625 0.27109375 0.1609375 0.0140625
0 0.06796875 0.28828125 0.03828125 0.0109375
0 0.1203125 0.28828125 0.03828125 0.01171875
0 0.08671875 0.31171875 0.08125 0.0109375
0 0.190625 0.31171875 0.1015625 0.0109375
0 0.303125 0.31171875 0.09765625 0.0125
0 0.4765625 0.3125 0.22734375 0.01171875
0 0.07265625 0.33125 0.05078125 0.01171875
0 0.12109375 0.33203125 0.0125 0.0125
0 0.19375 0.33203125 0.10859375 0.0125
0 0.38671875 0.33203125 0.01640625 0.0125
0 0.31328125 0.33203125 0.10078125 0.0125
0 0.1078125 0.35078125 0.12109375 0.0125
0 0.23046875 0.3515625 0.09453125 0.0125
0 0.3375 0.3515625 0.1 0.0109375
0 0.1234375 0.37265625 0.1546875 0.01328125
0 0.3140625 0.3734375 0.19765625 0.0125
0 0.15234375 0.39375 0.21484375 0.0125
0 0.14453125 0.41484375 0.0453125 0.01328125
0 0.07890625 0.41484375 0.065625 0.0140625
0 0.41015625 0.415625 0.21328125 0.0125
0 0.84453125 0.415625 0.18046875 0.0125
0 0.68046875 0.41640625 0.07734375 0.01328125
0 0.1078125 0.43671875 0.1234375 0.0125
0 0.35546875 0.43828125 0.0953125 0.0125
0 0.82421875 0.43828125 0.13515625 0.0125
0 0.68203125 0.43828125 0.0828125 0.0125
0 0.14453125 0.4609375 0.19765625 0.015625
0 0.68125 0.46171875 0.0578125 0.0125
0 0.60703125 0.49296875 0.0859375 0.01328125
0 0.79453125 0.49296875 0.08671875 0.01328125
0 0.61015625 0.50703125 0.10859375 0.0109375
0 0.07578125 0.50703125 0.06796875 0.0109375
0 0.77890625 0.5078125 0.1140625 0.0125
0 0.46328125 0.50859375 0.10546875 0.0125
0 0.33203125 0.50859375 0.05078125 0.01328125
0 0.915625 0.509375 0.05234375 0.0109375
0 0.096875 0.525 0.0984375 0.01015625
0 0.3296875 0.52578125 0.0140625 0.009375
0 0.46640625 0.5265625 0.059375 0.0109375
0 0.6078125 0.52734375 0.059375 0.0109375
0 0.8 0.52734375 0.07421875 0.0109375
0 0.921875 0.52734375 0.03671875 0.0109375
0 0.178125 0.546875 0.040625 0.0109375
0 0.0796875 0.546875 0.065625 0.0109375
0 0.1359375 0.546875 0.01640625 0.009375
0 0.2453125 0.5484375 0.065625 0.0125
0 0.096875 0.5703125 0.0984375 0.01015625
0 0.33125 0.57109375 0.0140625 0.0109375
0 0.46640625 0.57109375 0.07421875 0.0109375
0 0.60859375 0.57265625 0.071875 0.01015625
0 0.7921875 0.57265625 0.0921875 0.0109375
0 0.92265625 0.57265625 0.03671875 0.01015625
0 0.08125 0.5921875 0.065625 0.0109375
0 0.17578125 0.5921875 0.0296875 0.0109375
0 0.13671875 0.5921875 0.01796875 0.01015625
0 0.23515625 0.59296875 0.06640625 0.0125
0 0.1296875 0.6140625 0.0796875 0.01328125
0 0.334375 0.615625 0.0375 0.0125
0 0.20625 0.61640625 0.05390625 0.01484375
0 0.78984375 0.61640625 0.10703125 0.0125
0 0.21328125 0.65 0.075 0.0109375
0 0.3109375 0.65078125 0.07734375 0.01171875
0 0.78984375 0.6515625 0.10546875 0.0109375
0 0.44375 0.65234375 0.1578125 0.015625
0 0.578125 0.65234375 0.084375 0.01328125
0 0.5515625 0.67734375 0.1375 0.0125
0 0.80703125 0.67734375 0.06953125 0.0109375
0 0.49921875 0.703125 0.0765625 0.0125
0 0.58515625 0.703125 0.06953125 0.0125
0 0.80078125 0.7046875 0.084375 0.0109375
0 0.80703125 0.7296875 0.06796875 0.01171875
0 0.54765625 0.73046875 0.14453125 0.015625
0 0.14921875 0.7546875 0.08359375 0.0109375
0 0.2515625 0.7546875 0.09296875 0.01171875
0 0.5109375 0.75546875 0.03203125 0.01171875
0 0.39609375 0.75625 0.16953125 0.0140625
0 0.78984375 0.75625 0.10703125 0.0109375
0 0.58125 0.75703125 0.084375 0.015625
0 0.56953125 0.78125 0.0984375 0.01171875
0 0.78984375 0.7828125 0.10703125 0.0125
0 0.80859375 0.80234375 0.06953125 0.0125
0 0.55390625 0.80390625 0.134375 0.01484375
0 0.14453125 0.84765625 0.07421875 0.01328125
0 0.28984375 0.84765625 0.18671875 0.0109375
0 0.146875 0.8734375 0.0640625 0.01328125
0 0.23359375 0.8734375 0.08984375 0.0125
0 0.7796875 0.875 0.06015625 0.0125
0 0.39609375 0.875 0.028125 0.0140625
0 0.58671875 0.87578125 0.1609375 0.015625
0 0.8625 0.8765625 0.0796875 0.01484375
0 0.13984375 0.89296875 0.04609375 0.0125
0 0.39453125 0.89296875 0.01796875 0.0125
0 0.6140625 0.89375 0.10546875 0.0125
0 0.86015625 0.8953125 0.08671875 0.01328125
0 0.36484375 0.915625 0.0859375 0.0109375
0 0.60859375 0.91640625 0.10625 0.0125
0 0.85859375 0.9171875 0.08671875 0.0125
0 0.16171875 0.953125 0.11484375 0.0109375
0 0.27109375 0.953125 0.08125 0.0109375
0 0.35546875 0.953125 0.059375 0.0109375
0 0.42890625 0.953125 0.0640625 0.0109375
0 0.7453125 0.9546875 0.09765625 0.0109375
0 0.578125 0.9546875 0.20703125 0.0109375
0 0.8390625 0.9546875 0.0640625 0.01015625