0 0.4734375 0.08515625 0.37578125 0.01875
0 0.74609375 0.0859375 0.15390625 0.01796875
0 0.17734375 0.08671875 0.19453125 0.01796875
0 0.10703125 0.1109375 0.053125 0.01015625
0 0.5984375 0.1109375 0.10625 0.01015625
0 0.371875 0.1109375 0.09765625 0.01015625
0 0.484375 0.1109375 0.09609375 0.01015625
0 0.67734375 0.11171875 0.01953125 0.01015625
0 0.75390625 0.1125 0.1078125 0.01171875
0 0.23125 0.1125 0.16015625 0.0125
0 0.12578125 0.125 0.10078125 0.01015625
0 0.240625 0.125 0.09609375 0.01015625
0 0.3421875 0.125 0.08671875 0.01015625
0 0.12890625 0.1421875 0.09765625 0.01015625
0 0.6515625 0.1421875 0.07734375 0.01015625
0 0.5078125 0.1421875 0.178125 0.01015625
0 0.2859375 0.14296875 0.1890625 0.0140625
0 0.38359375 0.16015625 0.07734375 0.009375
0 0.240625 0.16015625 0.1796875 0.009375
0 0.10546875 0.16015625 0.059375 0.009375
0 0.39609375 0.175 0.2375 0.01015625
0 0.1109375 0.175 0.0640625 0.00859375
0 0.17265625 0.175 0.03671875 0.00859375
0 0.23046875 0.175 0.05 0.00859375
0 0.7109375 0.18203125 0.08671875 0.0125
0 0.85859375 0.18203125 0.1796875 0.0125
0 0.1125 0.1921875 0.09609375 0.009375
0 0.1859375 0.1921875 0.03515625 0.01015625
0 0.11328125 0.2046875 0.09765625 0.00859375
0 0.23046875 0.2046875 0.1140625 0.00859375
0 0.328125 0.2046875 0.059375 0.00859375
0 0.3984375 0.2046875 0.0609375 0.00859375
0 0.5234375 0.20625 0.16015625 0.01171875
0 0.11953125 0.23671875 0.09765625 0.0109375
0 0.240625 0.23671875 0.1125 0.0109375
0 0.39375 0.23671875 0.171875 0.0109375
0 0.60546875 0.2734375 0.1703125 0.01171875
0 0.75078125 0.2734375 0.09453125 0.0109375
0 0.475 0.2734375 0.0671875 0.0109375
0 0.22265625 0.2734375 0.175 0.01015625
0 0.10078125 0.2734375 0.01640625 0.01015625
0 0.88359375 0.275 0.13984375 0.01328125
0 0.47890625 0.2890625 0.07578125 0.009375
0 0.17578125 0.30859375 0.02109375 0.009375
0 0.25390625 0.30859375 0.109375 0.009375
0 0.14609375 0.30859375 0.009375 0.009375
0 0.81171875 0.30859375 0.06875 0.009375
0 0.9171875 0.30859375 0.03984375 0.009375
0 0.22265625 0.3265625 0.171875 0.01015625
0 0.09921875 0.32734375 0.02265625 0.0109375
0 0.5515625 0.32734375 0.21328125 0.01015625
0 0.728125 0.328125 0.1140625 0.01015625
0 0.8359375 0.328125 0.08046875 0.01015625
0 0.92265625 0.328125 0.0609375 0.01015625
0 0.50078125 0.34296875 0.1125 0.01015625
0 0.253125 0.3609375 0.1109375 0.009375
0 0.14296875 0.3609375 0.01640625 0.009375
0 0.17734375 0.3609375 0.01796875 0.009375
0 0.9171875 0.3609375 0.03984375 0.00859375
0 0.8109375 0.3609375 0.0703125 0.00859375
0 0.22265625 0.37890625 0.171875 0.009375
0 0.51875 0.37890625 0.15390625 0.009375
0 0.10546875 0.37890625 0.02734375 0.01015625
0 0.6546875 0.37890625 0.03828125 0.009375
0 0.76328125 0.37890625 0.15546875 0.009375
0 0.89453125 0.37890625 0.07890625 0.009375
0 0.49609375 0.3953125 0.109375 0.0125
0 0.765625 0.3953125 0.353125 0.0125
0 0.55546875 0.4109375 0.225 0.01328125
0 0.26484375 0.428125 0.13125 0.01015625
0 0.17734375 0.428125 0.01796875 0.01015625
0 0.9171875 0.42890625 0.04296875 0.01015625
0 0.80234375 0.42890625 0.08984375 0.01015625
0 0.14609375 0.42890625 0.0125 0.01015625
0 0.42265625 0.44921875 0.0625 0.009375
0 0.090625 0.44921875 0.07890625 0.009375
0 0.3078125 0.44921875 0.13828125 0.009375
0 0.18671875 0.45 0.07890625 0.01015625
0 0.5078125 0.45 0.08515625 0.0109375
0 0.803125 0.45078125 0.09453125 0.01015625
0 0.465625 0.46796875 0.13515625 0.01015625
0 0.81484375 0.46953125 0.071875 0.0109375
0 0.43125 0.4921875 0.07890625 0.0109375
0 0.809375 0.49453125 0.09296875 0.0109375
0 0.446875 0.51171875 0.09765625 0.01015625
0 0.53125 0.5125 0.0515625 0.01328125
0 0.81640625 0.51328125 0.071875 0.01015625
0 0.51796875 0.53515625 0.07890625 0.01015625
0 0.43203125 0.53515625 0.0703125 0.01015625
0 0.80625 0.53671875 0.09453125 0.01015625
0 0.43984375 0.56796875 0.08359375 0.009375
0 0.7984375 0.56953125 0.1078125 0.01015625
0 0.4640625 0.58515625 0.13125 0.01015625
0 0.81015625 0.5875 0.09453125 0.0109375
0 0.0875 0.609375 0.0625 0.009375
0 0.5203125 0.61171875 0.20234375 0.0125
0 0.20703125 0.61171875 0.14765625 0.0125
0 0.84375 0.61171875 0.13359375 0.0125
0 0.18125 0.628125 0.0515625 0.009375
0 0.0765625 0.628125 0.03984375 0.009375
0 0.57734375 0.62890625 0.08828125 0.01015625
0 0.878125 0.62890625 0.0671875 0.01015625
0 0.12421875 0.62890625 0.03046875 0.0109375
0 0.08671875 0.67578125 0.0578125 0.01015625
0 0.34296875 0.67578125 0.2484375 0.01015625
0 0.15859375 0.67578125 0.0546875 0.01015625
0 0.378125 0.69296875 0.184375 0.0125
0 0.09453125 0.69453125 0.07421875 0.009375
0 0.096875 0.71171875 0.08203125 0.01015625
0 0.29609375 0.71171875 0.02109375 0.00859375
0 0.17421875 0.7125 0.05625 0.0125
0 0.728125 0.73359375 0.08203125 0.01015625
0 0.0953125 0.734375 0.071875 0.009375
0 0.94140625 0.734375 0.03359375 0.009375
0 0.846875 0.734375 0.1234375 0.009375
0 0.58828125 0.734375 0.15859375 0.01015625
0 0.1796875 0.734375 0.08046875 0.01015625
0 0.471875 0.734375 0.03828125 0.009375
0 0.36015625 0.73515625 0.15546875 0.01171875
0 0.17578125 0.77890625 0.1140625 0.01015625
0 0.27890625 0.77890625 0.0703125 0.01015625
0 0.5640625 0.77890625 0.20078125 0.009375
0 0.68828125 0.77890625 0.02578125 0.009375
0 0.81875 0.77890625 0.20546875 0.009375
0 0.42421875 0.7796875 0.05625 0.009375
0 0.35390625 0.78046875 0.05625 0.00703125
0 0.4578125 0.80859375 0.0703125 0.01015625
0 0.3703125 0.80859375 0.07890625 0.01015625
0 0.55546875 0.80859375 0.10234375 0.01015625
0 0.259375 0.809375 0.1265625 0.00859375
0 0.73046875 0.81015625 0.225 0.009375
0 0.5203125 0.828125 0.109375 0.009375
0 0.6484375 0.828125 0.128125 0.009375
0 0.390625 0.828125 0.1265625 0.009375
0 0.40859375 0.859375 0.10078125 0.009375
0 0.66640625 0.859375 0.15390625 0.009375
0 0.27109375 0.859375 0.14453125 0.009375
0 0.5375 0.859375 0.07421875 0.009375
0 0.7953125 0.859375 0.07890625 0.01015625
0 0.45234375 0.88828125 0.07421875 0.00859375
0 0.3578125 0.88828125 0.08046875 0.00859375
0 0.23671875 0.88828125 0.1265625 0.00859375
0 0.57578125 0.8890625 0.14609375 0.00859375
0 0.89921875 0.8890625 0.0453125 0.00859375
0 0.69453125 0.8890625 0.06875 0.00859375
0 0.80078125 0.8890625 0.121875 0.00859375
0 0.6375 0.90625 0.1765625 0.00859375
0 0.8421875 0.90625 0.21015625 0.00859375
0 0.51796875 0.90625 0.03984375 0.00859375
0 0.44296875 0.90625 0.0703125 0.00859375
0 0.34765625 0.90625 0.09453125 0.00859375
0 0.19296875 0.90625 0.19296875 0.00859375
0 0.490625 0.92578125 0.16875 0.009375
0 0.4640625 0.95546875 0.1703125 0.01015625
0 0.21640625 0.95546875 0.11875 0.01015625
0 0.34921875 0.95703125 0.03359375 0.0109375
0 0.30546875 0.95625 0.03671875 0.0078125
0 0.73203125 0.95703125 0.3078125 0.0125