0 0.259375 0.0359375 0.46953125 0.03046875
0 0.34609375 0.0734375 0.09140625 0.01484375
0 0.54453125 0.0734375 0.2703125 0.01484375
0 0.490625 0.0921875 0.24375 0.01328125
0 0.47890625 0.11171875 0.16171875 0.01171875
0 0.328125 0.1125 0.1078125 0.0125
0 0.63828125 0.1125 0.13359375 0.01171875
0 0.465625 0.13125 0.12109375 0.01171875
0 0.59296875 0.13125 0.10078125 0.01171875
0 0.1875 0.13125 0.109375 0.01171875
0 0.35078125 0.13203125 0.06328125 0.01171875
0 0.27890625 0.13203125 0.04453125 0.01171875
0 0.7484375 0.1328125 0.1828125 0.0125
0 0.23203125 0.15 0.1625 0.0125
0 0.3484375 0.15 0.03515625 0.0109375
0 0.4390625 0.15 0.09921875 0.0125
0 0.54140625 0.15 0.078125 0.0125
0 0.7109375 0.15078125 0.234375 0.0125
0 0.34921875 0.16875 0.19765625 0.0125
0 0.5203125 0.16875 0.1140625 0.0125
0 0.65859375 0.16875 0.11953125 0.01171875
0 0.36796875 0.1890625 0.0578125 0.01171875
0 0.53671875 0.1890625 0.2125 0.01015625
0 0.61015625 0.209375 0.24375 0.0109375
0 0.43046875 0.209375 0.05078125 0.0109375
0 0.28125 0.209375 0.0703125 0.0109375
0 0.36328125 0.21015625 0.06171875 0.01484375
0 0.40234375 0.23125 0.07265625 0.0140625
0 0.53125 0.23125 0.1625 0.0140625
0 0.07734375 0.25703125 0.0609375 0.0109375
0 0.14375 0.25703125 0.04296875 0.0109375
0 0.4703125 0.25703125 0.0953125 0.0109375
0 0.35703125 0.2578125 0.1078125 0.0109375
0 0.68203125 0.2578125 0.07421875 0.0109375
0 0.846875 0.2578125 0.18046875 0.0109375
0 0.33828125 0.2765625 0.06328125 0.01171875
0 0.10703125 0.2765625 0.125 0.01171875
0 0.82734375 0.27734375 0.1359375 0.01171875
0 0.68046875 0.27734375 0.07421875 0.01171875
0 0.6828125 0.2984375 0.05546875 0.0125
0 0.1453125 0.3 0.19921875 0.015625
0 0.60625 0.3265625 0.08515625 0.01328125
0 0.79609375 0.3265625 0.0875 0.01328125
0 0.60703125 0.33984375 0.1046875 0.0109375
0 0.78203125 0.33984375 0.11328125 0.0109375
0 0.903125 0.33984375 0.05390625 0.0109375
0 0.0703125 0.33984375 0.06484375 0.0109375
0 0.46640625 0.340625 0.10390625 0.0109375
0 0.32734375 0.34140625 0.05234375 0.0125
0 0.465625 0.36015625 0.06171875 0.01171875
0 0.60703125 0.36171875 0.06171875 0.0125
0 0.1546875 0.36171875 0.22109375 0.0125
0 0.32734375 0.36171875 0.0125 0.0109375
0 0.91015625 0.3625 0.0390625 0.0109375
0 0.8125 0.3625 0.0609375 0.0109375
0 0.3046875 0.38125 0.146875 0.01015625
0 0.43515625 0.38125 0.08203125 0.01015625
0 0.13125 0.38125 0.1734375 0.01015625
0 0.07890625 0.4 0.06328125 0.01015625
0 0.47890625 0.40078125 0.03203125 0.0109375
0 0.58515625 0.40078125 0.0125 0.01015625
0 0.621875 0.40078125 0.0296875 0.01015625
0 0.3296875 0.40078125 0.0078125 0.01015625
0 0.78671875 0.40078125 0.01484375 0.0109375
0 0.440625 0.40078125 0.01484375 0.0109375
0 0.90234375 0.40078125 0.05546875 0.01015625
0 0.82421875 0.40234375 0.03125 0.0109375
0 0.196875 0.4203125 0.165625 0.01015625
0 0.06875 0.4203125 0.04609375 0.01015625
0 0.36875 0.4203125 0.04609375 0.01015625
0 0.3125 0.4203125 0.0375 0.01015625
0 0.43203125 0.4203125 0.04609375 0.00859375
0 0.1515625 0.4421875 0.2140625 0.009375
0 0.584375 0.4421875 0.01328125 0.01015625
0 0.62265625 0.44140625 0.03125 0.0109375
0 0.440625 0.4421875 0.01484375 0.01015625
0 0.47890625 0.4421875 0.03203125 0.01015625
0 0.33046875 0.4421875 0.00703125 0.009375
0 0.825 0.4421875 0.03203125 0.01015625
0 0.7859375 0.4421875 0.01875 0.009375
0 0.90234375 0.44296875 0.05546875 0.009375
0 0.2453125 0.45859375 0.11328125 0.01015625
0 0.32890625 0.45859375 0.03125 0.01015625
0 0.10859375 0.45859375 0.13046875 0.01015625
0 0.3765625 0.459375 0.0375 0.01015625
0 0.47890625 0.47890625 0.03203125 0.0109375
0 0.58828125 0.47890625 0.01875 0.0109375
0 0.62265625 0.47890625 0.03125 0.0109375
0 0.33046875 0.47890625 0.00703125 0.0109375
0 0.78671875 0.47890625 0.0125 0.01015625
0 0.07734375 0.47890625 0.06328125 0.01015625
0 0.4421875 0.47890625 0.01484375 0.0109375
0 0.825 0.4796875 0.03203125 0.0109375
0 0.9109375 0.48046875 0.0375 0.01015625
0 0.11171875 0.496875 0.134375 0.01171875
0 0.4140625 0.496875 0.11171875 0.01015625
0 0.27109375 0.496875 0.13828125 0.01015625
0 0.08046875 0.5171875 0.0609375 0.009375
0 0.78671875 0.51640625 0.01484375 0.01015625
0 0.58671875 0.51640625 0.01875 0.01015625
0 0.825 0.51796875 0.03203125 0.01015625
0 0.44140625 0.51796875 0.01328125 0.009375
0 0.4796875 0.51796875 0.02578125 0.009375
0 0.62265625 0.51796875 0.03125 0.01015625
0 0.33125 0.51875 0.00546875 0.009375
0 0.91171875 0.51875 0.03671875 0.01015625
0 0.07734375 0.53515625 0.06328125 0.01015625
0 0.31171875 0.53671875 0.14375 0.01015625
0 0.17109375 0.53671875 0.10234375 0.01015625
0 0.428125 0.53671875 0.06171875 0.01015625
0 0.521875 0.5375 0.04296875 0.00859375
0 0.48046875 0.5375 0.01328125 0.00859375
0 0.0859375 0.5546875 0.08359375 0.01015625
0 0.62265625 0.55546875 0.028125 0.009375
0 0.465625 0.55625 0.059375 0.01015625
0 0.58671875 0.55625 0.01640625 0.01015625
0 0.15859375 0.55625 0.04296875 0.01015625
0 0.33046875 0.55625 0.009375 0.01015625
0 0.825 0.55625 0.03203125 0.01015625
0 0.78671875 0.55625 0.01484375 0.01015625
0 0.9109375 0.55625 0.0375 0.01015625
0 0.1046875 0.57578125 0.11875 0.01015625
0 0.1921875 0.57578125 0.03203125 0.009375
0 0.23984375 0.57578125 0.03203125 0.01015625
0 0.79921875 0.5953125 0.09140625 0.0125
0 0.32890625 0.5953125 0.0203125 0.0125
0 0.128125 0.5953125 0.078125 0.01328125
0 0.20390625 0.59609375 0.0578125 0.01484375
0 0.2125 0.6234375 0.075 0.0109375
0 0.7984375 0.62421875 0.0875 0.0109375
0 0.309375 0.62421875 0.0859375 0.0109375
0 0.44453125 0.625 0.16171875 0.01484375
0 0.58046875 0.625 0.08359375 0.0125
0 0.5546875 0.64921875 0.1375 0.01171875
0 0.8125 0.65 0.06875 0.01015625
0 0.8125 0.66953125 0.06328125 0.0109375
0 0.50234375 0.66953125 0.075 0.0109375
0 0.5859375 0.66953125 0.07109375 0.0109375
0 0.8125 0.69140625 0.06875 0.01171875
0 0.54765625 0.69375 0.1484375 0.0140625
0 0.14921875 0.71328125 0.08359375 0.0109375
0 0.2515625 0.71328125 0.0890625 0.0125
0 0.509375 0.71328125 0.03125 0.0125
0 0.7984375 0.7140625 0.0875 0.0125
0 0.58125 0.715625 0.0859375 0.01484375
0 0.39609375 0.715625 0.1734375 0.01328125
0 0.56796875 0.73515625 0.09921875 0.01171875
0 0.7984375 0.7359375 0.0875 0.01171875
0 0.8 0.75703125 0.0875 0.01171875
0 0.55546875 0.75859375 0.13359375 0.01484375
0 0.14609375 0.79921875 0.0765625 0.0125
0 0.2875 0.80078125 0.184375 0.01171875
0 0.234375 0.82578125 0.0890625 0.0125
0 0.1453125 0.8265625 0.059375 0.0140625
0 0.39765625 0.8265625 0.02578125 0.0140625
0 0.8625 0.828125 0.08046875 0.0140625
0 0.58828125 0.828125 0.16171875 0.0140625
0 0.78359375 0.828125 0.0609375 0.0140625
0 0.13984375 0.84609375 0.04609375 0.01171875
0 0.8734375 0.846875 0.06484375 0.01171875
0 0.3953125 0.846875 0.0203125 0.01015625
0 0.59609375 0.846875 0.0375 0.01015625
0 0.64765625 0.846875 0.0375 0.01015625
0 0.14609375 0.86796875 0.0609375 0.0109375
0 0.3953125 0.86796875 0.0203125 0.0109375
0 0.60078125 0.86796875 0.03125 0.01015625
0 0.64765625 0.86796875 0.0375 0.01015625
0 0.8703125 0.86796875 0.07109375 0.0109375
0 0.36484375 0.890625 0.0890625 0.01171875
0 0.871875 0.890625 0.0671875 0.01171875
0 0.62109375 0.890625 0.08984375 0.01171875
0 0.31796875 0.9203125 0.05625 0.01015625
0 0.39375 0.9203125 0.0578125 0.009375
0 0.23515625 0.9203125 0.0796875 0.009375
0 0.6578125 0.9203125 0.01640625 0.009375
0 0.121875 0.9203125 0.1140625 0.009375
0 0.53671875 0.9203125 0.19921875 0.01015625
0 0.79921875 0.92109375 0.23125 0.0125
0 0.44765625 0.9359375 0.0953125 0.01015625
0 0.54375 0.9359375 0.07265625 0.009375