0 0.23984375 0.209375 0.05390625 0.01875
0 0.35546875 0.209375 0.1171875 0.01875
0 0.66171875 0.209375 0.0578125 0.01875
0 0.746875 0.21015625 0.05859375 0.01875
0 0.5265625 0.21171875 0.15390625 0.02265625
0 0.38828125 0.23984375 0.015625 0.0171875
0 0.29453125 0.240625 0.11796875 0.01875
0 0.17578125 0.240625 0.05625 0.01875
0 0.7453125 0.240625 0.059375 0.01875
0 0.63984375 0.240625 0.1 0.01875
0 0.490625 0.24296875 0.1375 0.02265625
0 0.81953125 0.24375 0.03515625 0.02109375
0 0.24140625 0.27109375 0.14296875 0.01875
0 0.47265625 0.27109375 0.2703125 0.01875
0 0.7234375 0.2734375 0.18125 0.02265625
0 0.3546875 0.3015625 0.07890625 0.01875
0 0.240625 0.3015625 0.1 0.0171875
0 0.7359375 0.3015625 0.16796875 0.01875
0 0.52265625 0.30390625 0.20234375 0.02265625
0 0.3578125 0.33203125 0.03359375 0.0171875
0 0.4203125 0.33203125 0.03828125 0.0171875
0 0.275 0.3328125 0.07421875 0.0203125
0 0.609375 0.334375 0.28125 0.02109375
0 0.534375 0.3640625 0.09765625 0.02109375
0 0.4328125 0.3640625 0.05546875 0.0234375
0 0.14375 0.42109375 0.12265625 0.01796875
0 0.29296875 0.42109375 0.11796875 0.01796875
0 0.42890625 0.421875 0.1015625 0.01640625
0 0.903125 0.421875 0.040625 0.01640625
0 0.18828125 0.4515625 0.20703125 0.01875
0 0.421875 0.4515625 0.11796875 0.01875
0 0.69296875 0.48125 0.0796875 0.01875
0 0.15625 0.48125 0.14453125 0.01875
0 0.83984375 0.48125 0.08359375 0.01875
0 0.6 0.48125 0.02109375 0.01875
0 0.559375 0.4828125 0.01484375 0.0203125
0 0.30390625 0.5421875 0.01328125 0.0171875
0 0.91640625 0.54296875 0.01484375 0.0171875
0 0.15703125 0.54453125 0.13828125 0.02109375
0 0.77578125 0.54453125 0.1171875 0.02109375
0 0.2625 0.60234375 0.09453125 0.01796875
0 0.39921875 0.60234375 0.12265625 0.01796875
0 0.88515625 0.60234375 0.07890625 0.01796875
0 0.8 0.603125 0.0375 0.0171875
0 0.1375 0.603125 0.1015625 0.0171875
0 0.12421875 0.63203125 0.08125 0.01796875
0 0.7984375 0.63203125 0.03828125 0.01796875
0 0.88359375 0.63203125 0.08203125 0.01796875
0 0.11484375 0.69140625 0.05625 0.01875
0 0.2 0.69140625 0.059375 0.01875
0 0.3359375 0.6921875 0.16328125 0.01640625
0 0.46328125 0.6921875 0.0375 0.01640625
0 0.5578125 0.6921875 0.1 0.01640625
0 0.73671875 0.6921875 0.03828125 0.01640625
0 0.82109375 0.6921875 0.08125 0.01640625
0 0.440625 0.7515625 0.07734375 0.0171875
0 0.5484375 0.7515625 0.07890625 0.0171875
0 0.16796875 0.7515625 0.1609375 0.0171875
0 0.8203125 0.75234375 0.20625 0.0171875
0 0.32734375 0.75234375 0.09765625 0.0171875
0 0.6734375 0.75234375 0.0359375 0.0171875
0 0.16640625 0.78125 0.165625 0.01796875
0 0.303125 0.78125 0.0609375 0.01796875
0 0.4515625 0.78125 0.1015625 0.01796875
0 0.4296875 0.840625 0.0578125 0.01875
0 0.5578125 0.840625 0.1421875 0.01875
0 0.71484375 0.840625 0.12265625 0.01875
0 0.2921875 0.84140625 0.16328125 0.01640625
0 0.303125 0.8703125 0.015625 0.0171875
0 0.365625 0.8703125 0.05625 0.0171875
0 0.4609375 0.8703125 0.0796875 0.0171875
0 0.60546875 0.8703125 0.1625 0.0171875
0 0.4625 0.9 0.0359375 0.0171875
0 0.68046875 0.90078125 0.13984375 0.0171875
0 0.33515625 0.90078125 0.165625 0.0171875
0 0.546875 0.90078125 0.0796875 0.0171875