0 0.140625 0.27734375 0.08203125 0.015625
0 0.30234375 0.27890625 0.20703125 0.01640625
0 0.5359375 0.28046875 0.21796875 0.0171875
0 0.7109375 0.2828125 0.09921875 0.01640625
0 0.8296875 0.2828125 0.09921875 0.01640625
0 0.465625 0.309375 0.13515625 0.01484375
0 0.13515625 0.33046875 0.02890625 0.01171875
0 0.21796875 0.33125 0.08984375 0.01171875
0 0.29453125 0.33125 0.03671875 0.01171875
0 0.365625 0.33203125 0.08359375 0.0125
0 0.51875 0.33203125 0.1890625 0.01328125
0 0.6671875 0.334375 0.08203125 0.01484375
0 0.76484375 0.33359375 0.08515625 0.0125
0 0.83515625 0.33359375 0.03046875 0.0125
0 0.34921875 0.35390625 0.065625 0.0140625
0 0.48828125 0.35390625 0.13828125 0.0140625
0 0.61953125 0.35546875 0.08671875 0.01484375
0 0.30703125 0.384375 0.02421875 0.0109375
0 0.39375 0.38515625 0.03046875 0.01328125
0 0.5640625 0.3859375 0.2421875 0.01484375
0 0.153125 0.42265625 0.046875 0.0140625
0 0.08046875 0.42265625 0.0703125 0.0140625
0 0.365625 0.42421875 0.225 0.01484375
0 0.64296875 0.425 0.1203125 0.01484375
0 0.7921875 0.428125 0.06875 0.01484375
0 0.11328125 0.45 0.13671875 0.01484375
0 0.30546875 0.45 0.10078125 0.01484375
0 0.62578125 0.45234375 0.08671875 0.0140625
0 0.8359375 0.45390625 0.19609375 0.01484375
0 0.15703125 0.47734375 0.21796875 0.01875
0 0.6265625 0.47734375 0.09453125 0.0140625
0 0.8171875 0.478125 0.14765625 0.0140625
0 0.1453125 0.51796875 0.20078125 0.01796875
0 0.71171875 0.5203125 0.08828125 0.0140625
0 0.56484375 0.52109375 0.0578125 0.0171875
0 0.8578125 0.52265625 0.13671875 0.01484375
0 0.0875 0.54140625 0.08515625 0.015625
0 0.221875 0.54140625 0.15390625 0.0140625
0 0.36015625 0.5421875 0.09765625 0.01328125
0 0.565625 0.54296875 0.046875 0.01484375
0 0.72265625 0.54375 0.0671875 0.01484375
0 0.8828125 0.54453125 0.08359375 0.01328125
0 0.08828125 0.5609375 0.08046875 0.0125
0 0.18671875 0.56171875 0.09140625 0.0140625
0 0.31640625 0.5625 0.14140625 0.0140625
0 0.2578125 0.58828125 0.01796875 0.0140625
0 0.328125 0.5890625 0.09765625 0.0140625
0 0.56484375 0.58984375 0.0453125 0.01484375
0 0.71171875 0.59140625 0.08515625 0.0125
0 0.88359375 0.5921875 0.08515625 0.0140625
0 0.1015625 0.6078125 0.1078125 0.01328125
0 0.1953125 0.63359375 0.09765625 0.01328125
0 0.34375 0.63515625 0.09921875 0.0140625
0 0.08828125 0.63515625 0.08671875 0.015625
0 0.2671875 0.6359375 0.01796875 0.01171875
0 0.56484375 0.63671875 0.0453125 0.01328125
0 0.7125 0.6375 0.08359375 0.01484375
0 0.88125 0.6390625 0.08359375 0.0140625
0 0.13515625 0.6546875 0.1734375 0.01484375
0 0.08828125 0.68203125 0.08671875 0.015625
0 0.37109375 0.68203125 0.125 0.0140625
0 0.225 0.68359375 0.14140625 0.0265625
0 0.56328125 0.684375 0.0484375 0.01484375
0 0.71875 0.684375 0.0671875 0.01484375
0 0.890625 0.68515625 0.0671875 0.0140625
0 0.12890625 0.703125 0.16875 0.0171875
0 0.20859375 0.72734375 0.115625 0.01484375
0 0.08984375 0.728125 0.08984375 0.015625
0 0.33046875 0.728125 0.09921875 0.0140625
0 0.565625 0.728125 0.04296875 0.0125
0 0.7125 0.72890625 0.08359375 0.0125
0 0.4015625 0.73046875 0.01640625 0.00859375
0 0.88203125 0.73125 0.08515625 0.0125
0 0.10546875 0.74609375 0.1203125 0.0140625
0 0.2578125 0.746875 0.15859375 0.01328125
0 0.39453125 0.746875 0.08046875 0.01484375
0 0.878125 0.77421875 0.09921875 0.0140625
0 0.303125 0.77578125 0.08359375 0.0140625
0 0.56484375 0.778125 0.01953125 0.01484375
0 0.38984375 0.77890625 0.0578125 0.01875
0 0.30234375 0.8265625 0.07578125 0.0140625
0 0.39765625 0.828125 0.08515625 0.01484375
0 0.665625 0.82890625 0.08515625 0.01640625
0 0.53125 0.83046875 0.16015625 0.0171875
0 0.88359375 0.83046875 0.08828125 0.0140625
0 0.62734375 0.8609375 0.15078125 0.0171875
0 0.8875 0.86171875 0.07421875 0.0140625
0 0.58671875 0.88984375 0.07578125 0.0140625
0 0.67109375 0.88984375 0.0703125 0.0140625
0 0.89296875 0.8921875 0.065625 0.01328125
0 0.61953125 0.9234375 0.1640625 0.01953125
0 0.884375 0.9234375 0.07421875 0.0140625
0 0.2296875 0.9515625 0.08671875 0.01484375
0 0.3375 0.9515625 0.10078125 0.01484375
0 0.4921875 0.95390625 0.178125 0.01875
0 0.61328125 0.95390625 0.03515625 0.0140625
0 0.68828125 0.95546875 0.08984375 0.01953125
0 0.865625 0.95625 0.1109375 0.01796875