0 0.19765625 0.0703125 0.2015625 0.01484375
0 0.41171875 0.07109375 0.19140625 0.01484375
0 0.64375 0.071875 0.06171875 0.0140625
0 0.7296875 0.07265625 0.07578125 0.01484375
0 0.5421875 0.07265625 0.04921875 0.01640625
0 0.8390625 0.07421875 0.11875 0.015625
0 0.92890625 0.07421875 0.03359375 0.0171875
0 0.340625 0.090625 0.04921875 0.01328125
0 0.46328125 0.090625 0.08203125 0.01640625
0 0.57578125 0.090625 0.115625 0.01640625
0 0.39453125 0.0921875 0.01875 0.0171875
0 0.6890625 0.09296875 0.06796875 0.0171875
0 0.33671875 0.1109375 0.0875 0.01484375
0 0.43046875 0.1109375 0.07890625 0.01484375
0 0.5265625 0.1109375 0.08203125 0.015625
0 0.6796875 0.1140625 0.1265625 0.01875
0 0.2609375 0.12890625 0.05703125 0.015625
0 0.3203125 0.12890625 0.03359375 0.015625
0 0.58984375 0.1296875 0.1046875 0.0171875
0 0.43515625 0.13046875 0.14296875 0.01484375
0 0.740625 0.13203125 0.13984375 0.015625
0 0.371875 0.15078125 0.06328125 0.015625
0 0.44453125 0.15078125 0.03515625 0.015625
0 0.52890625 0.15078125 0.0875 0.015625
0 0.58515625 0.15078125 0.009375 0.0171875
0 0.64921875 0.15078125 0.10625 0.01640625
0 0.28125 0.19296875 0.05078125 0.02578125
0 0.3921875 0.19296875 0.121875 0.02578125
0 0.6015625 0.19375 0.18046875 0.02578125
0 0.74609375 0.19453125 0.06796875 0.0265625
0 0.48125 0.19453125 0.0140625 0.02265625
0 0.459375 0.24140625 0.06796875 0.0265625
0 0.53984375 0.2421875 0.05078125 0.025
0 0.75 0.24375 0.14296875 0.02578125
0 0.60546875 0.24453125 0.03984375 0.0265625
0 0.1265625 0.26796875 0.08046875 0.01484375
0 0.190625 0.26875 0.02890625 0.0140625
0 0.578125 0.27109375 0.08359375 0.0140625
0 0.73671875 0.271875 0.17890625 0.0140625
0 0.153125 0.3 0.14296875 0.025
0 0.290625 0.30078125 0.0875 0.02578125
0 0.409375 0.30078125 0.103125 0.02578125
0 0.5109375 0.3015625 0.04765625 0.025
0 0.58203125 0.3015625 0.05078125 0.0265625
0 0.13515625 0.32890625 0.10625 0.0140625
0 0.35390625 0.33046875 0.03203125 0.01171875
0 0.45234375 0.33125 0.0171875 0.01328125
0 0.259375 0.33125 0.1 0.01640625
0 0.41796875 0.33125 0.0140625 0.01328125
0 0.49609375 0.33359375 0.028125 0.01328125
0 0.13046875 0.35078125 0.07890625 0.01171875
0 0.20390625 0.35078125 0.0265625 0.01015625
0 0.29453125 0.3515625 0.08359375 0.01875
0 0.12578125 0.3703125 0.0875 0.01171875
0 0.24453125 0.37109375 0.103125 0.01484375
0 0.5 0.371875 0.1375 0.0140625
0 0.3625 0.371875 0.07578125 0.015625
0 0.1296875 0.3890625 0.0953125 0.01484375
0 0.25859375 0.3890625 0.1296875 0.01640625
0 0.39453125 0.38984375 0.1109375 0.0171875
0 0.46328125 0.409375 0.05703125 0.015625
0 0.58828125 0.41015625 0.16015625 0.01796875
0 0.75078125 0.41015625 0.07890625 0.021875
0 0.3375 0.43359375 0.05234375 0.01484375
0 0.621875 0.434375 0.07265625 0.01875
0 0.17421875 0.434375 0.2 0.01640625
0 0.41328125 0.43515625 0.04609375 0.015625
0 0.48359375 0.43515625 0.05234375 0.0171875
0 0.55546875 0.4359375 0.0234375 0.0140625
0 0.75546875 0.4359375 0.125 0.01953125
0 0.09765625 0.4640625 0.04765625 0.0140625
0 0.42734375 0.465625 0.0109375 0.0109375
0 0.20703125 0.465625 0.084375 0.01328125
0 0.33125 0.465625 0.05546875 0.01328125
0 0.55390625 0.4671875 0.0171875 0.0140625
0 0.64453125 0.4671875 0.0140625 0.01171875
0 0.77421875 0.46796875 0.08203125 0.01328125
0 0.5 0.46796875 0.0171875 0.009375
0 0.14921875 0.48515625 0.15390625 0.0140625
0 0.32734375 0.4859375 0.06640625 0.0140625
0 0.42734375 0.4859375 0.0109375 0.01015625
0 0.4984375 0.48671875 0.0171875 0.0109375
0 0.64375 0.48671875 0.0125 0.0109375
0 0.55390625 0.48828125 0.0171875 0.01015625
0 0.77578125 0.48828125 0.09375 0.0140625
0 0.371875 0.51875 0.0875 0.03515625
0 0.76953125 0.521875 0.0875 0.0265625
0 0.4515625 0.521875 0.04296875 0.04140625
0 0.56328125 0.521875 0.14296875 0.0359375
0 0.15 0.55546875 0.15546875 0.01328125
0 0.32578125 0.55625 0.07578125 0.0140625
0 0.42578125 0.55625 0.0171875 0.01171875
0 0.4984375 0.55625 0.0171875 0.0171875
0 0.553125 0.5578125 0.015625 0.009375
0 0.771875 0.559375 0.0921875 0.0140625
0 0.64453125 0.559375 0.0140625 0.015625
0 0.14921875 0.58828125 0.0859375 0.02734375
0 0.23359375 0.58984375 0.0265625 0.0265625
0 0.771875 0.5921875 0.0859375 0.025
0 0.3484375 0.5921875 0.14453125 0.03359375
0 0.4890625 0.5921875 0.09375 0.03515625
0 0.59453125 0.59375 0.06484375 0.034375
0 0.6125 0.63203125 0.06328125 0.0265625
0 0.7734375 0.63203125 0.0921875 0.028125
0 0.16796875 0.67265625 0.0859375 0.02734375
0 0.253125 0.67421875 0.03203125 0.025
0 0.7703125 0.6765625 0.08359375 0.025
0 0.359375 0.6765625 0.14140625 0.03359375
0 0.48828125 0.67734375 0.06796875 0.03359375
0 0.603125 0.678125 0.08203125 0.0328125
0 0.36796875 0.71328125 0.08359375 0.0265625
0 0.45234375 0.71484375 0.03515625 0.025
0 0.76640625 0.7171875 0.090625 0.028125
0 0.5671875 0.7171875 0.15390625 0.0328125
0 0.44453125 0.75859375 0.090625 0.03046875
0 0.76640625 0.759375 0.1 0.02578125
0 0.57578125 0.7609375 0.134375 0.03515625
0 0.17421875 0.8046875 0.07421875 0.0140625
0 0.1734375 0.825 0.0875 0.01484375
0 0.2828125 0.82578125 0.0875 0.0140625
0 0.3921875 0.82734375 0.084375 0.01796875
0 0.64765625 0.82734375 0.084375 0.01328125
0 0.47734375 0.828125 0.028125 0.009375
0 0.79765625 0.828125 0.17109375 0.01484375
0 0.54609375 0.8296875 0.06953125 0.01328125
0 0.34453125 0.8453125 0.02890625 0.01484375
0 0.4734375 0.846875 0.17421875 0.0140625
0 0.76484375 0.846875 0.0265625 0.0171875
0 0.22578125 0.84765625 0.15546875 0.01484375
0 0.653125 0.84921875 0.14140625 0.015625
0 0.1796875 0.865625 0.07578125 0.0140625
0 0.25546875 0.865625 0.04296875 0.0171875
0 0.32734375 0.865625 0.06953125 0.0140625
0 0.80078125 0.86875 0.03203125 0.01171875
0 0.6625 0.86875 0.19453125 0.0171875
0 0.46484375 0.86953125 0.15859375 0.01328125
0 0.8640625 0.86953125 0.04609375 0.0109375
0 0.209375 0.8859375 0.04296875 0.01171875
0 0.15 0.8859375 0.0171875 0.01015625
0 0.31796875 0.8859375 0.115625 0.0171875
0 0.4828125 0.8875 0.05078125 0.01171875
0 0.65390625 0.8875 0.03515625 0.01484375
0 0.56875 0.8875 0.08046875 0.01328125
0 0.71796875 0.8875 0.04921875 0.01484375
0 0.41875 0.88828125 0.03359375 0.009375
0 0.20859375 0.90625 0.11875 0.01328125
0 0.5703125 0.90703125 0.04609375 0.0140625
0 0.3390625 0.90703125 0.0890625 0.0140625
0 0.49453125 0.9078125 0.07421875 0.01171875
0 0.68359375 0.909375 0.11875 0.01328125
0 0.4203125 0.909375 0.028125 0.009375
0 0.2015625 0.92734375 0.1015625 0.01328125
0 0.30859375 0.92734375 0.06953125 0.01484375
0 0.45390625 0.95078125 0.25078125 0.0171875
0 0.6390625 0.9515625 0.103125 0.01796875