0 0.21484375 0.1625 0.1421875 0.01796875
0 0.46328125 0.1625 0.25859375 0.01796875
0 0.33203125 0.1875 0.11171875 0.0171875
0 0.48203125 0.1875 0.06953125 0.0171875
0 0.4171875 0.18828125 0.01640625 0.015625
0 0.3109375 0.2140625 0.06328125 0.01953125
0 0.44375 0.2140625 0.14375 0.01953125
0 0.4921875 0.23828125 0.0921875 0.0171875
0 0.34140625 0.23828125 0.16640625 0.0171875
0 0.22578125 0.26328125 0.0515625 0.01875
0 0.29375 0.26328125 0.03515625 0.0171875
0 0.48203125 0.2640625 0.22421875 0.0171875
0 0.07734375 0.3109375 0.084375 0.01796875
0 0.253125 0.31171875 0.10859375 0.01875
0 0.3671875 0.31171875 0.02734375 0.01875
0 0.075 0.3609375 0.0921875 0.0171875
0 0.3484375 0.36171875 0.29921875 0.01953125
0 0.09453125 0.38515625 0.13046875 0.01796875
0 0.29453125 0.38671875 0.1828125 0.0203125
0 0.09453125 0.4109375 0.134375 0.01875
0 0.265625 0.4109375 0.13046875 0.01875
0 0.140625 0.43359375 0.03515625 0.01875
0 0.0640625 0.434375 0.06953125 0.01796875
0 0.48515625 0.4359375 0.14375 0.01796875
0 0.29453125 0.43671875 0.1828125 0.0203125
0 0.59765625 0.43671875 0.03203125 0.01875
0 0.76875 0.43671875 0.03515625 0.0171875
0 0.0546875 0.484375 0.0515625 0.0171875
0 0.14375 0.484375 0.07109375 0.0171875
0 0.7296875 0.48515625 0.1046875 0.01796875
0 0.10234375 0.534375 0.03359375 0.015625
0 0.03828125 0.534375 0.01484375 0.01484375
0 0.20703125 0.534375 0.12890625 0.0171875
0 0.31484375 0.534375 0.03203125 0.0171875
0 0.4171875 0.53515625 0.12890625 0.015625
0 0.7328125 0.53515625 0.10859375 0.0171875
0 0.03828125 0.55859375 0.01484375 0.01796875
0 0.10234375 0.559375 0.03359375 0.01875
0 0.18984375 0.559375 0.0921875 0.01875
0 0.27578125 0.559375 0.03046875 0.01875
0 0.37890625 0.559375 0.13046875 0.01875
0 0.7328125 0.5609375 0.10859375 0.015625
0 0.03515625 0.60703125 0.01640625 0.0171875
0 0.1125 0.60703125 0.053125 0.0171875
0 0.209375 0.60703125 0.0921875 0.01875
0 0.7328125 0.609375 0.11171875 0.01796875
0 0.15 0.63203125 0.12890625 0.01953125
0 0.29296875 0.63203125 0.11171875 0.01953125
0 0.4 0.63203125 0.05 0.01796875
0 0.7421875 0.6328125 0.0921875 0.01796875
0 0.1109375 0.65625 0.053125 0.0171875
0 0.18046875 0.65625 0.03359375 0.0171875
0 0.7421875 0.65703125 0.0859375 0.01875
0 0.16015625 0.68203125 0.1484375 0.01953125
0 0.28359375 0.68203125 0.05 0.0171875
0 0.7421875 0.6828125 0.0921875 0.0171875
0 0.7328125 0.73984375 0.11171875 0.034375
0 0.11171875 0.746875 0.0453125 0.015625
0 0.21328125 0.746875 0.084375 0.01796875
0 0.7625 0.81953125 0.0515625 0.01953125
0 0.5578125 0.8203125 0.10859375 0.01484375
0 0.0546875 0.8421875 0.0515625 0.0171875
0 0.56171875 0.84296875 0.11171875 0.01796875
0 0.16953125 0.84296875 0.12890625 0.01796875
0 0.31328125 0.84609375 0.10625 0.01171875
0 0.41171875 0.84609375 0.02890625 0.0109375
0 0.046875 0.86640625 0.03515625 0.015625
0 0.56171875 0.8671875 0.11171875 0.0171875
0 0.12265625 0.8671875 0.03515625 0.0171875
0 0.19921875 0.86640625 0.0375 0.015625
0 0.209375 0.915625 0.0890625 0.01875