0 0.5546875 0.1171875 0.23359375 0.02109375
0 0.28125 0.1171875 0.27578125 0.02109375
0 0.7859375 0.1171875 0.18828125 0.02109375
0 0.44453125 0.1515625 0.10859375 0.02265625
0 0.578125 0.1515625 0.1109375 0.02109375
0 0.37265625 0.18359375 0.0546875 0.01796875
0 0.45546875 0.18359375 0.071875 0.01796875
0 0.60390625 0.1859375 0.18671875 0.01796875
0 0.340625 0.2078125 0.271875 0.01484375
0 0.66953125 0.2078125 0.096875 0.01484375
0 0.55234375 0.2078125 0.10859375 0.01484375
0 0.16171875 0.2078125 0.0515625 0.015625
0 0.79140625 0.2078125 0.11953125 0.015625
0 0.87421875 0.20859375 0.0234375 0.015625
0 0.33515625 0.22890625 0.125 0.015625
0 0.46796875 0.23046875 0.10859375 0.01484375
0 0.58046875 0.23046875 0.0984375 0.01484375
0 0.69609375 0.23046875 0.1078125 0.01484375
0 0.51015625 0.2609375 0.2234375 0.0171875
0 0.47109375 0.29140625 0.0703125 0.015625
0 0.54453125 0.2921875 0.04921875 0.01328125
0 0.43046875 0.3390625 0.196875 0.015625
0 0.6484375 0.3390625 0.09375 0.01640625
0 0.56484375 0.33984375 0.0390625 0.01640625
0 0.35859375 0.3765625 0.13359375 0.02734375
0 0.59296875 0.3765625 0.28125 0.02734375
0 0.16640625 0.41171875 0.1109375 0.02109375
0 0.38515625 0.41171875 0.2859375 0.02109375
0 0.21875 0.45078125 0.18984375 0.0171875
0 0.34140625 0.4515625 0.0203125 0.015625
0 0.9 0.4515625 0.03359375 0.015625
0 0.75390625 0.4515625 0.1953125 0.0171875
0 0.1265625 0.49609375 0.04453125 0.015625
0 0.23671875 0.496875 0.0875 0.015625
0 0.46640625 0.496875 0.1609375 0.015625
0 0.603125 0.496875 0.06015625 0.015625
0 0.6984375 0.496875 0.071875 0.015625
0 0.7875 0.49765625 0.0546875 0.01484375
0 0.88828125 0.49765625 0.07734375 0.01484375
0 0.4265625 0.52109375 0.08828125 0.015625
0 0.6171875 0.52109375 0.0546875 0.015625
0 0.79140625 0.52109375 0.0546875 0.015625
0 0.88046875 0.521875 0.090625 0.01484375
0 0.178125 0.5578125 0.1484375 0.015625
0 0.334375 0.55859375 0.12734375 0.015625
0 0.24375 0.58515625 0.10703125 0.015625
0 0.1234375 0.58515625 0.0140625 0.015625
0 0.78359375 0.58515625 0.07109375 0.015625
0 0.8890625 0.58515625 0.07109375 0.015625
0 0.4359375 0.58671875 0.07421875 0.01640625
0 0.61015625 0.58671875 0.07421875 0.01640625
0 0.15078125 0.63515625 0.09921875 0.0171875
0 0.3546875 0.63515625 0.0828125 0.01640625
0 0.8828125 0.6359375 0.08203125 0.0171875
0 0.2546875 0.6375 0.07421875 0.02109375
0 0.15078125 0.671875 0.09921875 0.0171875
0 0.30703125 0.671875 0.1765625 0.01796875
0 0.45703125 0.6734375 0.09296875 0.0171875
0 0.54921875 0.6734375 0.0625 0.0171875
0 0.88359375 0.67421875 0.084375 0.0171875
0 0.2078125 0.709375 0.21875 0.02109375
0 0.41875 0.71015625 0.16953125 0.02265625
0 0.15 0.74296875 0.0984375 0.0171875
0 0.8578125 0.74375 0.13125 0.0171875
0 0.86875 0.77578125 0.10859375 0.0171875
0 0.1765625 0.77734375 0.15078125 0.02109375
0 0.1390625 0.81328125 0.07734375 0.015625
0 0.53125 0.8140625 0.1421875 0.015625
0 0.7859375 0.81484375 0.059375 0.015625
0 0.2796875 0.81484375 0.17578125 0.01953125
0 0.65546875 0.81640625 0.08515625 0.01953125
0 0.8734375 0.81640625 0.08515625 0.01953125
0 0.1828125 0.84765625 0.16796875 0.015625
0 0.665625 0.8484375 0.06484375 0.015625
0 0.88125 0.84921875 0.0703125 0.0140625
0 0.28359375 0.88046875 0.1421875 0.0171875
0 0.4109375 0.88203125 0.08046875 0.01640625
0 0.5734375 0.88125 0.0625 0.0171875
0 0.71953125 0.88203125 0.20234375 0.015625
0 0.496875 0.88359375 0.0625 0.01328125
0 0.18984375 0.90859375 0.11875 0.0171875
0 0.37421875 0.90859375 0.053125 0.0171875
0 0.78671875 0.909375 0.2265625 0.01796875
0 0.62578125 0.91015625 0.0390625 0.015625
0 0.50234375 0.91171875 0.17890625 0.02109375
0 0.296875 0.9125 0.071875 0.0171875
0 0.31953125 0.93515625 0.1953125 0.0171875
0 0.5109375 0.93515625 0.15390625 0.0171875
0 0.65078125 0.93515625 0.090625 0.01796875
0 0.7578125 0.9359375 0.09296875 0.01796875