0 0.3765625 0.140625 0.0796875 0.01640625
0 0.16640625 0.14140625 0.06328125 0.0171875
0 0.2671875 0.14140625 0.10859375 0.0171875
0 0.54375 0.14140625 0.22578125 0.0171875
0 0.7609375 0.14140625 0.16484375 0.0171875
0 0.53359375 0.17109375 0.06875 0.015625
0 0.46328125 0.17109375 0.04921875 0.015625
0 0.2171875 0.17109375 0.0421875 0.015625
0 0.26484375 0.171875 0.0234375 0.01640625
0 0.63125 0.1734375 0.103125 0.01953125
0 0.35859375 0.17421875 0.13359375 0.0203125
0 0.47109375 0.19609375 0.1 0.015625
0 0.57734375 0.196875 0.08359375 0.01484375
0 0.334375 0.196875 0.06875 0.01484375
0 0.39375 0.196875 0.025 0.01484375
0 0.16796875 0.196875 0.0828125 0.0140625
0 0.69296875 0.196875 0.11484375 0.01328125
0 0.25390625 0.19921875 0.0640625 0.01796875
0 0.44453125 0.2203125 0.175 0.015625
0 0.3328125 0.24296875 0.05703125 0.015625
0 0.51640625 0.24296875 0.13359375 0.015625
0 0.234375 0.24296875 0.04609375 0.015625
0 0.2796875 0.24375 0.01953125 0.0140625
0 0.40546875 0.24375 0.06015625 0.0140625
0 0.63359375 0.24375 0.071875 0.0140625
0 0.396875 0.26796875 0.13359375 0.015625
0 0.5140625 0.26796875 0.07421875 0.015625
0 0.42421875 0.3 0.04296875 0.015625
0 0.59921875 0.30078125 0.2421875 0.0171875
0 0.35859375 0.3015625 0.0609375 0.0203125
0 0.23984375 0.30234375 0.15078125 0.01953125
0 0.55625 0.3296875 0.25078125 0.021875
0 0.2375 0.33203125 0.071875 0.015625
0 0.38984375 0.3328125 0.04921875 0.0140625
0 0.31875 0.33515625 0.0609375 0.0203125
0 0.3640625 0.365625 0.06640625 0.015625
0 0.48359375 0.365625 0.14375 0.015625
0 0.4171875 0.403125 0.0984375 0.015625
0 0.0984375 0.40390625 0.11484375 0.015625
0 0.1890625 0.40390625 0.04375 0.015625
0 0.33046875 0.40390625 0.046875 0.015625
0 0.07890625 0.43359375 0.071875 0.015625
0 0.396875 0.43359375 0.1796875 0.015625
0 0.54609375 0.43359375 0.084375 0.015625
0 0.3390625 0.4640625 0.0609375 0.015625
0 0.18671875 0.4640625 0.01796875 0.01328125
0 0.103125 0.4640625 0.1234375 0.01484375
0 0.79609375 0.50234375 0.0953125 0.015625
0 0.64609375 0.503125 0.05546875 0.015625
0 0.07890625 0.52734375 0.071875 0.015625
0 0.171875 0.52734375 0.084375 0.015625
0 0.2109375 0.55703125 0.07421875 0.015625
0 0.11953125 0.5578125 0.078125 0.0140625
0 0.4390625 0.5578125 0.06875 0.015625
0 0.8203125 0.55859375 0.0421875 0.015625
0 0.33828125 0.559375 0.01171875 0.01015625
0 0.64296875 0.559375 0.07109375 0.01484375
0 0.2875 0.5890625 0.12578125 0.01484375
0 0.64453125 0.58984375 0.06875 0.015625
0 0.33359375 0.63984375 0.07109375 0.015625
0 0.2109375 0.640625 0.04921875 0.0140625
0 0.271875 0.640625 0.028125 0.0140625
0 0.13359375 0.63984375 0.07734375 0.015625
0 0.6453125 0.640625 0.06875 0.0140625
0 0.6453125 0.6703125 0.06875 0.01484375
0 0.284375 0.67265625 0.1359375 0.01953125
0 0.3203125 0.69921875 0.06328125 0.015625
0 0.6453125 0.69921875 0.06875 0.015625
0 0.2140625 0.7015625 0.121875 0.01953125
0 0.3 0.7328125 0.03828125 0.01953125
0 0.0875 0.73359375 0.075 0.015625
0 0.19375 0.73515625 0.10859375 0.01796875
0 0.5265625 0.76796875 0.0578125 0.01640625
0 0.71875 0.76875 0.1421875 0.01796875
0 0.0875 0.76953125 0.06953125 0.01484375
0 0.41953125 0.76953125 0.12578125 0.01640625
0 0.21015625 0.77109375 0.14609375 0.0203125
0 0.521875 0.80078125 0.06640625 0.015625
0 0.75546875 0.8015625 0.065625 0.01328125
0 0.26171875 0.8015625 0.0484375 0.0140625
0 0.07734375 0.8015625 0.04609375 0.015625
0 0.20546875 0.80390625 0.03203125 0.01875
0 0.39375 0.88828125 0.12109375 0.015625
0 0.503125 0.8890625 0.071875 0.01484375
0 0.31640625 0.91484375 0.13359375 0.015625
0 0.45 0.91484375 0.10703125 0.015625
0 0.56953125 0.91484375 0.10859375 0.015625
0 0.1640625 0.94140625 0.14609375 0.015625
0 0.296875 0.94140625 0.09609375 0.015625
0 0.39453125 0.94140625 0.06875 0.015625
0 0.47890625 0.94140625 0.071875 0.015625
0 0.6578125 0.9421875 0.25390625 0.015625