0 0.3234375 0.16796875 0.14921875 0.01875
0 0.44609375 0.16796875 0.05390625 0.01875
0 0.540625 0.16796875 0.0921875 0.01875
0 0.409375 0.19296875 0.2046875 0.0203125
0 0.31328125 0.21875 0.0921875 0.0203125
0 0.1984375 0.21953125 0.0859375 0.0203125
0 0.475 0.2203125 0.18671875 0.021875
0 0.6359375 0.2203125 0.0828125 0.0203125
0 0.37890625 0.24375 0.11015625 0.0203125
0 0.521875 0.24375 0.1296875 0.0203125
0 0.18046875 0.24375 0.12890625 0.021875
0 0.28359375 0.24453125 0.0296875 0.021875
0 0.67109375 0.24453125 0.12578125 0.021875
0 0.2578125 0.26953125 0.08984375 0.01875
0 0.55078125 0.2703125 0.14921875 0.02265625
0 0.38671875 0.2703125 0.12578125 0.02109375
0 0.21796875 0.29375 0.05390625 0.01875
0 0.29453125 0.29453125 0.0546875 0.01953125
0 0.3671875 0.29453125 0.0484375 0.01953125
0 0.53203125 0.29453125 0.225 0.01953125
0 0.24453125 0.34453125 0.10703125 0.0203125
0 0.4765625 0.3453125 0.25546875 0.0203125
0 0.06796875 0.3953125 0.0515625 0.01953125
0 0.4546875 0.3953125 0.14609375 0.01953125
0 0.1421875 0.3953125 0.05078125 0.01796875
0 0.275 0.3953125 0.1234375 0.01953125
0 0.61796875 0.3953125 0.12890625 0.01953125
0 0.078125 0.41953125 0.071875 0.01953125
0 0.30546875 0.41953125 0.18359375 0.01953125
0 0.49609375 0.4203125 0.146875 0.01953125
0 0.675 0.4703125 0.08984375 0.0203125
0 0.7703125 0.47109375 0.05546875 0.01953125
0 0.14375 0.47109375 0.21015625 0.021875
0 0.5234375 0.47109375 0.134375 0.02109375
0 0.35234375 0.471875 0.05703125 0.02265625
0 0.14375 0.5203125 0.0171875 0.01796875
0 0.2 0.52109375 0.0484375 0.02109375
0 0.07578125 0.52265625 0.06796875 0.02109375
0 0.334375 0.5453125 0.05078125 0.01875
0 0.5125 0.5453125 0.07265625 0.01875
0 0.68359375 0.5453125 0.07265625 0.01875
0 0.7796875 0.54609375 0.034375 0.01875
0 0.078125 0.56875 0.071875 0.01953125
0 0.171875 0.5703125 0.07265625 0.0203125
0 0.334375 0.5953125 0.05078125 0.01796875
0 0.5125 0.5953125 0.07265625 0.01875
0 0.68359375 0.5953125 0.07265625 0.01875
0 0.7796875 0.59609375 0.034375 0.01875
0 0.0859375 0.64453125 0.0859375 0.01953125
0 0.25859375 0.6453125 0.01484375 0.01796875
0 0.1890625 0.6453125 0.06796875 0.01953125
0 0.084375 0.66953125 0.0859375 0.0203125
0 0.7609375 0.66953125 0.07109375 0.01796875
0 0.2484375 0.67109375 0.18359375 0.02265625
0 0.39921875 0.6703125 0.07109375 0.021875
0 0.06796875 0.69375 0.05390625 0.01875
0 0.30546875 0.6953125 0.06796875 0.02265625
0 0.18046875 0.6953125 0.13125 0.02265625
0 0.7609375 0.6953125 0.07265625 0.01875
0 0.084375 0.71953125 0.0859375 0.0203125
0 0.37890625 0.71953125 0.03359375 0.01953125
0 0.2484375 0.7203125 0.18359375 0.021875
0 0.7609375 0.72109375 0.07265625 0.01796875
0 0.45625 0.72109375 0.07109375 0.0203125
0 0.13359375 0.7453125 0.18359375 0.0203125
0 0.7203125 0.7453125 0.146875 0.01953125
0 0.078125 0.79453125 0.071875 0.01875
0 0.7609375 0.7953125 0.07265625 0.0203125
0 0.06796875 0.86875 0.05390625 0.01875
0 0.51171875 0.8703125 0.184375 0.02109375
0 0.18046875 0.8703125 0.12890625 0.02265625
0 0.73046875 0.8703125 0.1265625 0.02109375
0 0.0609375 0.89453125 0.03671875 0.01953125
0 0.25078125 0.8953125 0.03359375 0.021875
0 0.3125 0.8953125 0.05078125 0.0203125
0 0.56953125 0.8953125 0.07109375 0.01796875
0 0.759375 0.8953125 0.07265625 0.01953125