0 0.62265625 0.0671875 0.071875 0.01328125
0 0.1546875 0.0671875 0.2109375 0.0140625
0 0.37890625 0.0671875 0.20234375 0.0140625
0 0.7171875 0.0671875 0.078125 0.0140625
0 0.53359375 0.06796875 0.0796875 0.015625
0 0.83203125 0.06796875 0.12734375 0.01640625
0 0.92890625 0.06796875 0.0375 0.01640625
0 0.30546875 0.0859375 0.05546875 0.0140625
0 0.55703125 0.0859375 0.12734375 0.0140625
0 0.43984375 0.0859375 0.08828125 0.01484375
0 0.67421875 0.08671875 0.0734375 0.0140625
0 0.3578125 0.0875 0.02578125 0.01484375
0 0.30078125 0.10390625 0.09765625 0.0140625
0 0.5015625 0.10390625 0.09140625 0.0140625
0 0.403125 0.1046875 0.08359375 0.01328125
0 0.64921875 0.10546875 0.1484375 0.01796875
0 0.284375 0.12265625 0.0390625 0.01328125
0 0.4078125 0.12265625 0.15234375 0.0140625
0 0.22109375 0.12265625 0.0640625 0.0140625
0 0.72890625 0.12265625 0.15 0.0140625
0 0.575 0.12265625 0.12109375 0.0140625
0 0.3421875 0.14296875 0.0765625 0.0140625
0 0.421875 0.14296875 0.05234375 0.0140625
0 0.62734375 0.14296875 0.12734375 0.0140625
0 0.50703125 0.14296875 0.09296875 0.01484375
0 0.4578125 0.18203125 0.01953125 0.025
0 0.58203125 0.18359375 0.19296875 0.025
0 0.73671875 0.18359375 0.06875 0.025
0 0.3609375 0.18359375 0.12734375 0.025
0 0.24453125 0.18359375 0.05390625 0.025
0 0.4328125 0.23125 0.075 0.025
0 0.51953125 0.23203125 0.05546875 0.02421875
0 0.603125 0.23203125 0.065625 0.02421875
0 0.740625 0.23203125 0.1484375 0.02421875
0 0.1 0.2578125 0.12734375 0.01484375
0 0.56015625 0.26015625 0.08828125 0.01328125
0 0.7296875 0.26015625 0.18828125 0.01328125
0 0.56328125 0.28828125 0.05703125 0.02421875
0 0.4875 0.28828125 0.05390625 0.02421875
0 0.11015625 0.28828125 0.15234375 0.0234375
0 0.38125 0.28828125 0.115625 0.02421875
0 0.2546875 0.28828125 0.09140625 0.0234375
0 0.390625 0.3171875 0.01953125 0.01171875
0 0.3265625 0.3171875 0.04921875 0.01171875
0 0.08984375 0.3171875 0.1140625 0.01171875
0 0.42890625 0.3171875 0.01796875 0.0109375
0 0.47421875 0.31796875 0.0296875 0.0140625
0 0.22265625 0.31796875 0.10625 0.0140625
0 0.1703125 0.3359375 0.0328125 0.01328125
0 0.08203125 0.3359375 0.09140625 0.0125
0 0.26484375 0.3375 0.1046875 0.015625
0 0.07890625 0.3546875 0.09609375 0.0125
0 0.20703125 0.35546875 0.1125 0.0109375
0 0.478125 0.35546875 0.1484375 0.0109375
0 0.3296875 0.35703125 0.08515625 0.0140625
0 0.08515625 0.37265625 0.1015625 0.0140625
0 0.22265625 0.37265625 0.1390625 0.0140625
0 0.3640625 0.37421875 0.12109375 0.01484375
0 0.43359375 0.39296875 0.05390625 0.01484375
0 0.57265625 0.39296875 0.16796875 0.01484375
0 0.74609375 0.39375 0.0796875 0.0140625
0 0.384375 0.41640625 0.05234375 0.01328125
0 0.3078125 0.41640625 0.05703125 0.01484375
0 0.5390625 0.4171875 0.01953125 0.015625
0 0.4625 0.4171875 0.05546875 0.0140625
0 0.60625 0.4171875 0.071875 0.01484375
0 0.1328125 0.41796875 0.2109375 0.0171875
0 0.74921875 0.41875 0.13203125 0.01875
0 0.17109375 0.446875 0.09296875 0.01328125
0 0.05546875 0.446875 0.05546875 0.01328125
0 0.7796875 0.44765625 0.075 0.0125
0 0.4796875 0.44765625 0.01796875 0.0140625
0 0.2984375 0.446875 0.0734375 0.01328125
0 0.6359375 0.44765625 0.01953125 0.0140625
0 0.4046875 0.44765625 0.01484375 0.0140625
0 0.5390625 0.44765625 0.01953125 0.01328125
0 0.11015625 0.465625 0.16796875 0.0125
0 0.296875 0.46640625 0.0765625 0.01328125
0 0.63671875 0.4671875 0.01796875 0.01328125
0 0.403125 0.4671875 0.01796875 0.01328125
0 0.4796875 0.46796875 0.01796875 0.01484375
0 0.53828125 0.46796875 0.01796875 0.01171875
0 0.78046875 0.46796875 0.0734375 0.01171875
0 0.05546875 0.4859375 0.05546875 0.01328125
0 0.153125 0.48671875 0.09296875 0.0125
0 0.48046875 0.4875 0.01953125 0.0140625
0 0.2984375 0.4875 0.0765625 0.0125
0 0.634375 0.4875 0.01640625 0.0140625
0 0.53828125 0.4875 0.02109375 0.0140625
0 0.4046875 0.4875 0.02109375 0.01328125
0 0.77890625 0.4875 0.0734375 0.01328125
0 0.340625 0.51875 0.09609375 0.02578125
0 0.43203125 0.51875 0.040625 0.02421875
0 0.76953125 0.51953125 0.09140625 0.02421875
0 0.546875 0.52109375 0.15234375 0.03359375
0 0.53671875 0.55390625 0.01796875 0.0125
0 0.11328125 0.55390625 0.171875 0.0125
0 0.29375 0.55390625 0.075 0.0125
0 0.39375 0.55390625 0.0359375 0.0125
0 0.478125 0.55390625 0.01796875 0.0125
0 0.6234375 0.5546875 0.0375 0.01328125
0 0.7703125 0.55390625 0.09296875 0.0140625
0 0.62421875 0.57421875 0.0328125 0.0109375
0 0.53671875 0.57421875 0.01796875 0.0109375
0 0.29375 0.57421875 0.075 0.0109375
0 0.09296875 0.57421875 0.13046875 0.0109375
0 0.403125 0.57421875 0.02109375 0.01171875
0 0.4796875 0.57421875 0.01796875 0.01484375
0 0.77890625 0.575 0.0765625 0.01328125
0 0.1109375 0.6046875 0.08828125 0.02578125
0 0.2 0.60625 0.0375 0.02421875
0 0.77109375 0.6078125 0.09453125 0.02578125
0 0.45703125 0.60859375 0.08984375 0.03125
0 0.3140625 0.60859375 0.15 0.03125
0 0.590625 0.609375 0.08671875 0.03125
0 0.6015625 0.64609375 0.065625 0.02421875
0 0.77890625 0.646875 0.0765625 0.02421875
0 0.1296875 0.6859375 0.08984375 0.02421875
0 0.21875 0.6859375 0.0359375 0.025
0 0.77109375 0.6890625 0.09140625 0.02578125
0 0.334375 0.6890625 0.1484375 0.03046875
0 0.475 0.68984375 0.08671875 0.03125
0 0.590625 0.690625 0.08671875 0.0328125
0 0.340625 0.72421875 0.09296875 0.0265625
0 0.43203125 0.72578125 0.040625 0.025
0 0.76953125 0.728125 0.09140625 0.02578125
0 0.55390625 0.728125 0.16328125 0.03125
0 0.41875 0.76796875 0.09296875 0.028125
0 0.76953125 0.7703125 0.09453125 0.025
0 0.5609375 0.771875 0.1453125 0.03359375
0 0.09765625 0.81328125 0.12734375 0.0140625
0 0.10859375 0.83203125 0.1484375 0.01328125
0 0.253125 0.8328125 0.09140625 0.01328125
0 0.36953125 0.8359375 0.08828125 0.015625
0 0.4578125 0.8359375 0.0328125 0.00859375
0 0.534375 0.8359375 0.075 0.01640625
0 0.64140625 0.8359375 0.09296875 0.01328125
0 0.80078125 0.8359375 0.1828125 0.01328125
0 0.06015625 0.8515625 0.05546875 0.01171875
0 0.3203125 0.853125 0.0359375 0.01328125
0 0.45390625 0.8546875 0.18984375 0.01328125
0 0.19453125 0.8546875 0.1703125 0.0140625
0 0.765625 0.85546875 0.03125 0.01328125
0 0.64765625 0.85703125 0.1484375 0.01484375
0 0.3015625 0.87265625 0.0765625 0.0109375
0 0.22421875 0.8734375 0.0328125 0.01171875
0 0.10859375 0.8734375 0.1484375 0.0125
0 0.6578125 0.8765625 0.2078125 0.015625
0 0.80390625 0.87578125 0.0359375 0.01171875
0 0.44453125 0.8765625 0.1703125 0.01328125
0 0.871875 0.87734375 0.05078125 0.01171875
0 0.17578125 0.8921875 0.05078125 0.0109375
0 0.46640625 0.89375 0.05078125 0.0125
0 0.07890625 0.89375 0.08984375 0.0140625
0 0.64921875 0.89375 0.0375 0.01328125
0 0.56015625 0.89375 0.09140625 0.01328125
0 0.290625 0.89375 0.12734375 0.01640625
0 0.71640625 0.89375 0.05078125 0.01328125
0 0.3984375 0.89375 0.0359375 0.00859375
0 0.1359375 0.91171875 0.20625 0.015625
0 0.31015625 0.91171875 0.09453125 0.01328125
0 0.47578125 0.9125 0.06875 0.01328125
0 0.559375 0.91328125 0.05390625 0.0109375
0 0.67890625 0.9140625 0.12890625 0.01484375
0 0.4 0.9140625 0.0328125 0.01015625
0 0.7734375 0.9140625 0.01484375 0.0109375
0 0.1265625 0.93203125 0.18828125 0.015625
0 0.2828125 0.93203125 0.078125 0.01171875
0 0.43359375 0.95390625 0.26328125 0.01484375
0 0.6296875 0.95546875 0.10625 0.01484375