0 0.284375 0.11640625 0.275 0.02265625
0 0.55546875 0.1171875 0.2328125 0.02265625
0 0.78828125 0.11796875 0.18671875 0.0234375
0 0.4453125 0.15234375 0.109375 0.021875
0 0.5796875 0.15234375 0.11015625 0.021875
0 0.375 0.18359375 0.0546875 0.0171875
0 0.45703125 0.18359375 0.07265625 0.01640625
0 0.60546875 0.18671875 0.18359375 0.01875
0 0.16328125 0.20625 0.05078125 0.01484375
0 0.33984375 0.20703125 0.27109375 0.01484375
0 0.6703125 0.2078125 0.09765625 0.01484375
0 0.553125 0.2078125 0.10859375 0.01484375
0 0.790625 0.20859375 0.1203125 0.01484375
0 0.8734375 0.21015625 0.0234375 0.015625
0 0.46796875 0.2296875 0.109375 0.015625
0 0.58203125 0.2296875 0.09765625 0.01640625
0 0.696875 0.23046875 0.10859375 0.015625
0 0.33515625 0.234375 0.12578125 0.025
0 0.51171875 0.2609375 0.2234375 0.0171875
0 0.4703125 0.2921875 0.071875 0.01484375
0 0.540625 0.29296875 0.04296875 0.015625
0 0.40625 0.3390625 0.19453125 0.0171875
0 0.6234375 0.33984375 0.1890625 0.01640625
0 0.35859375 0.375 0.13203125 0.02890625
0 0.59296875 0.3765625 0.28125 0.0296875
0 0.16171875 0.41171875 0.11875 0.0234375
0 0.38671875 0.41171875 0.284375 0.0234375
0 0.20703125 0.45078125 0.21015625 0.01796875
0 0.34140625 0.4515625 0.025 0.0171875
0 0.7796875 0.45234375 0.2046875 0.01875
0 0.91015625 0.453125 0.02109375 0.0171875
0 0.23671875 0.49609375 0.084375 0.01484375
0 0.1375 0.49609375 0.07421875 0.01640625
0 0.465625 0.496875 0.1609375 0.01640625
0 0.60234375 0.496875 0.059375 0.015625
0 0.696875 0.49765625 0.06953125 0.015625
0 0.78515625 0.49765625 0.0546875 0.015625
0 0.8859375 0.4984375 0.0765625 0.01640625
0 0.42734375 0.52109375 0.0859375 0.01640625
0 0.615625 0.52109375 0.05546875 0.01640625
0 0.78984375 0.521875 0.05390625 0.01640625
0 0.87578125 0.52265625 0.0921875 0.0171875
0 0.34453125 0.55703125 0.0921875 0.02109375
0 0.19296875 0.55859375 0.17265625 0.015625
0 0.4703125 0.559375 0.12578125 0.01640625
0 0.2421875 0.58515625 0.10703125 0.015625
0 0.43359375 0.58515625 0.07109375 0.015625
0 0.1234375 0.58515625 0.01484375 0.0171875
0 0.6078125 0.58515625 0.071875 0.015625
0 0.78046875 0.5859375 0.071875 0.015625
0 0.88671875 0.58671875 0.071875 0.015625
0 0.15 0.63515625 0.10078125 0.01875
0 0.35390625 0.63515625 0.08125 0.01875
0 0.88125 0.63671875 0.0828125 0.01875
0 0.25546875 0.6375 0.075 0.0234375
0 0.1515625 0.67265625 0.0984375 0.01953125
0 0.30625 0.67265625 0.175 0.01953125
0 0.45625 0.6734375 0.08984375 0.01875
0 0.5484375 0.6734375 0.0609375 0.01953125
0 0.88125 0.67421875 0.084375 0.01953125
0 0.20703125 0.7078125 0.21875 0.01875
0 0.4171875 0.70859375 0.175 0.02109375
0 0.15 0.7421875 0.0984375 0.01875
0 0.8671875 0.74453125 0.10625 0.0171875
0 0.17734375 0.7765625 0.15234375 0.021875
0 0.88046875 0.7765625 0.0828125 0.01875
0 0.1390625 0.8125 0.078125 0.01640625
0 0.784375 0.8140625 0.0625 0.015625
0 0.2796875 0.81484375 0.171875 0.02109375
0 0.578125 0.815625 0.2390625 0.02109375
0 0.87265625 0.81640625 0.08359375 0.02109375
0 0.1359375 0.846875 0.06953125 0.015625
0 0.23828125 0.846875 0.06015625 0.01640625
0 0.66484375 0.8484375 0.065625 0.015625
0 0.88046875 0.8484375 0.06796875 0.01484375
0 0.284375 0.88046875 0.14375 0.01796875
0 0.41171875 0.88125 0.08046875 0.0171875
0 0.5734375 0.88203125 0.06328125 0.0171875
0 0.71796875 0.88203125 0.20078125 0.01796875
0 0.49609375 0.88359375 0.06328125 0.01328125
0 0.190625 0.9078125 0.1171875 0.01796875
0 0.37421875 0.9078125 0.0515625 0.01796875
0 0.784375 0.909375 0.2296875 0.01875
0 0.62421875 0.91015625 0.03828125 0.0171875
0 0.5015625 0.9125 0.17890625 0.0234375
0 0.2984375 0.9125 0.071875 0.0171875
0 0.31953125 0.93515625 0.19296875 0.0171875
0 0.5109375 0.9359375 0.1546875 0.0171875
0 0.65 0.9359375 0.08984375 0.0171875
0 0.75546875 0.93671875 0.0921875 0.01875