0 0.2015625 0.11796875 0.11875 0.01171875
0 0.390625 0.11796875 0.1625 0.01171875
0 0.684375 0.11875 0.3296875 0.0125
0 0.346875 0.13203125 0.4125 0.01171875
0 0.73203125 0.13359375 0.23828125 0.01328125
0 0.5375 0.146875 0.11640625 0.01171875
0 0.32421875 0.146875 0.19453125 0.0140625
0 0.70625 0.146875 0.1203125 0.01171875
0 0.49375 0.16015625 0.165625 0.01171875
0 0.240625 0.17265625 0.0578125 0.01328125
0 0.3390625 0.17265625 0.0828125 0.0125
0 0.47265625 0.17265625 0.1 0.0125
0 0.60078125 0.17421875 0.1015625 0.01171875
0 0.7265625 0.175 0.103125 0.01171875
0 0.40078125 0.1875 0.1015625 0.0125
0 0.5484375 0.1875 0.1015625 0.01171875
0 0.66484375 0.18828125 0.08125 0.0109375
0 0.29375 0.18828125 0.05234375 0.0140625
0 0.2640625 0.20078125 0.1453125 0.01171875
0 0.39375 0.2015625 0.0625 0.0125
0 0.5203125 0.2015625 0.1 0.0109375
0 0.634375 0.20234375 0.08125 0.01015625
0 0.74140625 0.20234375 0.084375 0.0125
0 0.14296875 0.21484375 0.07578125 0.0109375
0 0.4109375 0.215625 0.1453125 0.01171875
0 0.24140625 0.215625 0.059375 0.01171875
0 0.54296875 0.21640625 0.078125 0.0109375
0 0.6296875 0.21640625 0.0375 0.0109375
0 0.79921875 0.21640625 0.1671875 0.0125
0 0.315625 0.2296875 0.0625 0.01171875
0 0.3984375 0.2296875 0.05546875 0.01171875
0 0.578125 0.2296875 0.2484375 0.01171875
0 0.3671875 0.26171875 0.21015625 0.021875
0 0.6515625 0.26171875 0.1421875 0.021875
0 0.52734375 0.26171875 0.059375 0.021875
0 0.1109375 0.31015625 0.0828125 0.01171875
0 0.14140625 0.3390625 0.14375 0.01171875
0 0.2546875 0.3390625 0.03203125 0.01171875
0 0.4015625 0.3390625 0.2046875 0.01171875
0 0.58046875 0.33984375 0.1015625 0.0109375
0 0.76328125 0.33984375 0.21015625 0.0125
0 0.18125 0.35234375 0.2265625 0.01171875
0 0.415625 0.353125 0.103125 0.0109375
0 0.5796875 0.353125 0.09609375 0.0109375
0 0.7421875 0.35390625 0.1671875 0.01171875
0 0.109375 0.38046875 0.0796875 0.0109375
0 0.478125 0.38125 0.059375 0.01171875
0 0.64453125 0.38203125 0.0609375 0.0109375
0 0.80546875 0.38203125 0.125 0.01171875
0 0.63515625 0.39609375 0.07578125 0.0140625
0 0.8265625 0.39765625 0.07265625 0.0140625
0 0.203125 0.4078125 0.27109375 0.01171875
0 0.4578125 0.40859375 0.01171875 0.0109375
0 0.625 0.40859375 0.103125 0.0125
0 0.9 0.41015625 0.0171875 0.0109375
0 0.81640625 0.41015625 0.103125 0.0125
0 0.10546875 0.421875 0.07578125 0.01015625
0 0.190625 0.421875 0.0390625 0.01171875
0 0.40234375 0.42265625 0.08125 0.0109375
0 0.5078125 0.42265625 0.078125 0.0109375
0 0.2859375 0.42265625 0.1015625 0.0109375
0 0.61171875 0.42265625 0.0796875 0.0109375
0 0.70859375 0.4234375 0.0640625 0.01015625
0 0.115625 0.44921875 0.103125 0.01015625
0 0.27734375 0.44921875 0.165625 0.01171875
0 0.603125 0.45 0.01171875 0.01015625
0 0.4828125 0.490625 0.184375 0.0109375
0 0.8609375 0.49140625 0.1015625 0.0109375
0 0.65078125 0.4921875 0.09296875 0.0140625
0 0.55703125 0.5046875 0.08125 0.01171875
0 0.87421875 0.50546875 0.0796875 0.0109375
0 0.59921875 0.51875 0.165625 0.0109375
0 0.87109375 0.51953125 0.08125 0.01171875
0 0.21796875 0.53125 0.203125 0.01171875
0 0.81171875 0.53359375 0.2046875 0.01171875
0 0.20078125 0.54609375 0.1609375 0.0125
0 0.8125 0.54765625 0.203125 0.0109375
0 0.2421875 0.56015625 0.246875 0.01171875
0 0.83046875 0.56171875 0.1625 0.01171875
0 0.246875 0.58828125 0.08125 0.0109375
0 0.321875 0.58828125 0.0203125 0.01015625
0 0.50234375 0.58828125 0.1625 0.0109375
0 0.3765625 0.58828125 0.0390625 0.0109375
0 0.62890625 0.5890625 0.03515625 0.01171875
0 0.72109375 0.5890625 0.1046875 0.01171875
0 0.40546875 0.61484375 0.059375 0.0109375
0 0.53203125 0.61484375 0.14375 0.0109375
0 0.1203125 0.64140625 0.08125 0.01171875
0 0.48046875 0.6421875 0.121875 0.01171875
0 0.65546875 0.64375 0.01484375 0.0109375
0 0.82890625 0.64375 0.1390625 0.0109375
0 0.1 0.66875 0.040625 0.0109375
0 0.490625 0.66953125 0.1015625 0.01171875
0 0.6546875 0.6703125 0.0203125 0.01015625
0 0.85859375 0.67109375 0.0796875 0.01171875
0 0.50859375 0.7109375 0.059375 0.0109375
0 0.6234375 0.71171875 0.1203125 0.01171875
0 0.8578125 0.7125 0.08125 0.0109375
0 0.228125 0.76875 0.1015625 0.009375
0 0.34765625 0.76875 0.0828125 0.009375
0 0.43828125 0.76875 0.0578125 0.009375
0 0.525 0.76875 0.0625 0.009375
0 0.68515625 0.7703125 0.2203125 0.01171875
0 0.27421875 0.78203125 0.1046875 0.01015625
0 0.38046875 0.7828125 0.0640625 0.009375
0 0.46171875 0.7828125 0.0640625 0.009375
0 0.6015625 0.7828125 0.17109375 0.009375
0 0.72734375 0.78359375 0.04765625 0.009375
0 0.1484375 0.79609375 0.065625 0.009375
0 0.27421875 0.79609375 0.1421875 0.009375
0 0.453125 0.79609375 0.1625 0.009375
0 0.69609375 0.796875 0.0625 0.01015625
0 0.59921875 0.796875 0.08125 0.01015625
0 0.80546875 0.79765625 0.1046875 0.009375
0 0.15625 0.80859375 0.1671875 0.009375
0 0.32890625 0.809375 0.13046875 0.009375
0 0.425 0.809375 0.01015625 0.00859375
0 0.49921875 0.809375 0.08125 0.00859375
0 0.603125 0.809375 0.0828125 0.009375
0 0.78203125 0.81015625 0.23671875 0.01015625
0 0.15078125 0.821875 0.1046875 0.009375
0 0.2640625 0.82265625 0.084375 0.01015625
0 0.41640625 0.82265625 0.040625 0.01015625
0 0.35078125 0.82265625 0.0421875 0.01015625
0 0.5390625 0.82265625 0.1640625 0.01015625
0 0.79453125 0.8234375 0.0421875 0.009375
0 0.69765625 0.8234375 0.103125 0.009375
0 0.85625 0.82421875 0.0375 0.00859375
0 0.346875 0.8359375 0.17265625 0.01015625
0 0.4828125 0.83671875 0.059375 0.009375
0 0.62109375 0.83671875 0.17578125 0.009375