0 0.31953125 0.0625 0.115625 0.02734375
0 0.496875 0.065625 0.19609375 0.01875
0 0.709375 0.06953125 0.16796875 0.02734375
0 0.22109375 0.17890625 0.03671875 0.01484375
0 0.33203125 0.1796875 0.12421875 0.015625
0 0.503125 0.17890625 0.14375 0.0171875
0 0.6375 0.1796875 0.06328125 0.0140625
0 0.72578125 0.1796875 0.0609375 0.0140625
0 0.37265625 0.2015625 0.1484375 0.01796875
0 0.58359375 0.203125 0.209375 0.01875
0 0.26875 0.22421875 0.12421875 0.015625
0 0.6375 0.22421875 0.10703125 0.015625
0 0.14453125 0.22421875 0.0546875 0.015625
0 0.47734375 0.22421875 0.14375 0.0171875
0 0.36953125 0.22421875 0.015625 0.01484375
0 0.7515625 0.22421875 0.0609375 0.015625
0 0.81953125 0.22421875 0.0171875 0.01875
0 0.21171875 0.24453125 0.15234375 0.0171875
0 0.45625 0.24453125 0.28515625 0.0171875
0 0.72421875 0.2484375 0.19375 0.01875
0 0.21171875 0.26796875 0.10859375 0.015625
0 0.33203125 0.26953125 0.08046875 0.015625
0 0.51015625 0.26953125 0.21328125 0.01796875
0 0.7421875 0.26953125 0.171875 0.015625
0 0.36953125 0.2890625 0.05859375 0.0171875
0 0.48359375 0.2890625 0.1046875 0.0171875
0 0.27890625 0.290625 0.0609375 0.01875
0 0.63828125 0.29140625 0.14375 0.01796875
0 0.48046875 0.31328125 0.19375 0.0171875
0 0.13046875 0.35703125 0.17421875 0.0171875
0 0.303125 0.3578125 0.1046875 0.015625
0 0.503125 0.3578125 0.23984375 0.015625
0 0.7046875 0.3578125 0.10234375 0.015625
0 0.134375 0.37890625 0.171875 0.015625
0 0.3125 0.37890625 0.03671875 0.0140625
0 0.12109375 0.40234375 0.14609375 0.015625
0 0.55 0.40234375 0.0109375 0.0171875
0 0.684375 0.403125 0.1046875 0.015625
0 0.84296875 0.403125 0.1 0.015625
0 0.59453125 0.40234375 0.0171875 0.0171875
0 0.221875 0.4234375 0.17421875 0.015625
0 0.4125 0.4234375 0.14609375 0.015625
0 0.07734375 0.4234375 0.05859375 0.015625
0 0.6 0.425 0.171875 0.01875
0 0.76171875 0.4265625 0.08046875 0.015625
0 0.1078125 0.446875 0.12890625 0.0171875
0 0.26875 0.44765625 0.0328125 0.015625
0 0.12109375 0.46875 0.14609375 0.015625
0 0.6953125 0.46953125 0.0828125 0.0140625
0 0.8484375 0.47109375 0.08515625 0.0171875
0 0.546875 0.47109375 0.01328125 0.0171875
0 0.59375 0.47109375 0.01953125 0.0171875
0 0.09765625 0.49140625 0.1046875 0.015625
0 0.28828125 0.49140625 0.2203125 0.015625
0 0.503125 0.49296875 0.15234375 0.015625
0 0.6609375 0.49296875 0.09765625 0.015625
0 0.12109375 0.5125 0.14609375 0.015625
0 0.28828125 0.5125 0.04140625 0.015625
0 0.18828125 0.5359375 0.28515625 0.015625
0 0.546875 0.53671875 0.01328125 0.015625
0 0.59453125 0.53671875 0.0171875 0.015625
0 0.69140625 0.53671875 0.08515625 0.015625
0 0.8484375 0.5375 0.08515625 0.0171875
0 0.08359375 0.55703125 0.08515625 0.015625
0 0.2015625 0.55703125 0.071875 0.015625
0 0.365625 0.55703125 0.19609375 0.015625
0 0.546875 0.55703125 0.10859375 0.015625
0 0.2453125 0.57890625 0.03671875 0.0140625
0 0.096875 0.58046875 0.10234375 0.0171875
0 0.18828125 0.6015625 0.28515625 0.0171875
0 0.8484375 0.60234375 0.08515625 0.015625
0 0.546875 0.60234375 0.00859375 0.015625
0 0.69140625 0.60234375 0.08515625 0.015625
0 0.59375 0.6015625 0.01953125 0.0171875
0 0.11796875 0.64609375 0.14375 0.01796875
0 0.27578125 0.64609375 0.01953125 0.015625
0 0.77890625 0.646875 0.12890625 0.01875
0 0.92734375 0.65 0.01953125 0.015625
0 0.09375 0.6875 0.1046875 0.015625
0 0.78203125 0.69140625 0.0390625 0.015625
0 0.853125 0.69140625 0.0546875 0.015625
0 0.91640625 0.69140625 0.04140625 0.015625
0 0.12890625 0.71171875 0.17421875 0.015625
0 0.353125 0.7125 0.221875 0.0171875
0 0.7921875 0.71171875 0.05859375 0.015625
0 0.8921875 0.71328125 0.08515625 0.01875
0 0.09375 0.73203125 0.1046875 0.015625
0 0.2515625 0.73359375 0.15 0.01875
0 0.77890625 0.7359375 0.04140625 0.015625
0 0.88203125 0.7359375 0.1046875 0.015625
0 0.08515625 0.75625 0.0875 0.01796875
0 0.77890625 0.75625 0.04140625 0.015625
0 0.88203125 0.75625 0.1046875 0.015625
0 0.1046875 0.77734375 0.1265625 0.0140625
0 0.77890625 0.78046875 0.04140625 0.015625
0 0.88203125 0.78046875 0.1046875 0.015625
0 0.41640625 0.82109375 0.078125 0.015625
0 0.13203125 0.82109375 0.16796875 0.015625
0 0.2953125 0.82109375 0.10703125 0.015625
0 0.53359375 0.821875 0.0828125 0.01484375
0 0.66796875 0.82265625 0.03671875 0.01484375
0 0.82578125 0.82421875 0.21796875 0.015625
0 0.12890625 0.8421875 0.17421875 0.0171875
0 0.31953125 0.84375 0.15 0.0140625
0 0.496875 0.8453125 0.15234375 0.0171875
0 0.40625 0.88671875 0.05859375 0.015625
0 0.26171875 0.88671875 0.1703125 0.015625
0 0.54375 0.88828125 0.14609375 0.01875
0 0.71171875 0.890625 0.12890625 0.0171875
0 0.27265625 0.9109375 0.0171875 0.015625
0 0.46328125 0.9109375 0.08515625 0.015625
0 0.353125 0.9109375 0.0828125 0.015625
0 0.61796875 0.9109375 0.171875 0.015625
0 0.3046875 0.93125 0.1703125 0.015625
0 0.44296875 0.93125 0.03671875 0.015625
0 0.53046875 0.9328125 0.08515625 0.01875
0 0.66796875 0.934375 0.12890625 0.0171875