0 0.23203125 0.12265625 0.0515625 0.025
0 0.27734375 0.12265625 0.00859375 0.02421875
0 0.32734375 0.12265625 0.0765625 0.02421875
0 0.37890625 0.1234375 0.00859375 0.0234375
0 0.46875 0.1234375 0.159375 0.025
0 0.628125 0.12421875 0.1109375 0.025
0 0.703125 0.12421875 0.00859375 0.0234375
0 0.7640625 0.125 0.0984375 0.02421875
0 0.1859375 0.15234375 0.159375 0.02890625
0 0.3171875 0.153125 0.0578125 0.028125
0 0.35625 0.153125 0.00546875 0.028125
0 0.4484375 0.15390625 0.11875 0.02890625
0 0.5609375 0.1546875 0.0578125 0.028125
0 0.60078125 0.15546875 0.003125 0.028125
0 0.65 0.15546875 0.034375 0.028125
0 0.68359375 0.15546875 0.0078125 0.028125
0 0.76953125 0.15625 0.0078125 0.028125
0 0.7875 0.15625 0.01328125 0.028125
0 0.5 0.18515625 0.09921875 0.02265625
0 0.38046875 0.21640625 0.04375 0.02578125
0 0.41796875 0.21640625 0.0078125 0.0265625
0 0.4828125 0.2171875 0.0578125 0.0265625
0 0.60390625 0.21796875 0.1390625 0.02734375
0 0.28046875 0.246875 0.05703125 0.02890625
0 0.41015625 0.24765625 0.15390625 0.0296875
0 0.6046875 0.24921875 0.1796875 0.0296875
0 0.7453125 0.25 0.05703125 0.028125
0 0.2125 0.27578125 0.11640625 0.03125
0 0.35390625 0.27734375 0.11640625 0.03125
0 0.60234375 0.2796875 0.2921875 0.03359375
0 0.803125 0.28203125 0.05234375 0.0296875
0 0.1953125 0.30703125 0.16015625 0.028125
0 0.32734375 0.3078125 0.05703125 0.0265625
0 0.365625 0.30859375 0.00546875 0.0265625
0 0.41640625 0.30859375 0.0375 0.0265625
0 0.4453125 0.30859375 0.00546875 0.0265625
0 0.47890625 0.309375 0.03125 0.0265625
0 0.60625 0.3109375 0.17734375 0.028125
0 0.81484375 0.3125 0.19609375 0.02890625
0 0.42890625 0.33828125 0.09609375 0.02578125
0 0.57890625 0.33984375 0.14296875 0.0265625
0 0.16015625 0.36484375 0.08828125 0.025
0 0.2578125 0.36484375 0.0375 0.025
0 0.33671875 0.3953125 0.275 0.03125
0 0.53984375 0.396875 0.03125 0.0296875
0 0.57734375 0.396875 0.00859375 0.0296875
0 0.7578125 0.39765625 0.31484375 0.03203125
0 0.13828125 0.425 0.0375 0.028125
0 0.19921875 0.425 0.0375 0.028125
0 0.3109375 0.42578125 0.13828125 0.02890625
0 0.38984375 0.42578125 0.00625 0.02734375
0 0.42109375 0.4265625 0.0375 0.028125
0 0.56796875 0.42734375 0.01171875 0.02734375
0 0.59375 0.42734375 0.00859375 0.028125
0 0.7484375 0.42890625 0.0125 0.02734375
0 0.7703125 0.42890625 0.0078125 0.028125
0 0.15 0.4546875 0.0578125 0.02578125
0 0.18984375 0.45546875 0.0046875 0.025
0 0.421875 0.45625 0.02890625 0.02578125
0 0.4546875 0.45703125 0.0109375 0.025
0 0.63125 0.4578125 0.0578125 0.02578125
0 0.6703125 0.4578125 0.00703125 0.025
0 0.7015625 0.45859375 0.03671875 0.02578125
0 0.7625 0.45859375 0.0390625 0.02578125
0 0.79140625 0.45859375 0.0078125 0.025
0 0.8515625 0.45859375 0.0953125 0.02578125
0 0.153125 0.48359375 0.0578125 0.0265625
0 0.1921875 0.484375 0.00546875 0.0265625
0 0.590625 0.48671875 0.1703125 0.028125
0 0.690625 0.4875 0.0078125 0.0265625
0 0.7421875 0.4875 0.07578125 0.028125
0 0.859375 0.4890625 0.1140625 0.028125
0 0.15703125 0.5140625 0.0703125 0.0265625
0 0.49453125 0.515625 0.05703125 0.025
0 0.4265625 0.5453125 0.11328125 0.02265625
0 0.534375 0.54453125 0.05234375 0.02578125
0 0.625 0.54609375 0.07421875 0.02578125
0 0.17890625 0.5734375 0.09765625 0.025
0 0.30703125 0.5734375 0.1125 0.025
0 0.47734375 0.60234375 0.09609375 0.021875
0 0.2921875 0.63046875 0.1796875 0.0234375
0 0.4359375 0.63125 0.05859375 0.02265625
0 0.5296875 0.63203125 0.078125 0.02265625
0 0.6484375 0.63203125 0.1171875 0.02265625
0 0.78359375 0.6328125 0.10078125 0.0234375
0 0.1578125 0.66015625 0.0796875 0.02578125
0 0.3046875 0.6609375 0.1671875 0.0265625
0 0.3953125 0.66171875 0.0109375 0.025
0 0.4703125 0.6625 0.1171875 0.02578125
0 0.7453125 0.6640625 0.38828125 0.028125
0 0.36171875 0.725 0.03671875 0.02421875
0 0.4484375 0.7578125 0.08046875 0.02890625
0 0.20390625 0.78984375 0.103125 0.02578125
0 0.34296875 0.78984375 0.1265625 0.02578125
0 0.49140625 0.78984375 0.125 0.02578125
0 0.72265625 0.790625 0.28828125 0.02578125
0 0.87734375 0.7921875 0.00859375 0.025
0 0.41796875 0.8546875 0.27734375 0.028125
0 0.27890625 0.88828125 0.1265625 0.03125
0 0.38359375 0.8890625 0.0375 0.03125
0 0.41640625 0.8890625 0.009375 0.03125
0 0.49453125 0.8890625 0.08671875 0.03125
0 0.7078125 0.88984375 0.0859375 0.03125
0 0.3765625 0.92421875 0.01171875 0.0265625
0 0.5765625 0.92421875 0.3828125 0.0265625
0 0.2109375 0.9546875 0.0328125 0.028125
0 0.3125 0.95546875 0.10703125 0.028125
0 0.396875 0.95546875 0.01328125 0.028125
0 0.4515625 0.95625 0.08125 0.028125
0 0.7234375 0.15546875 0.06484375 0.021875
0 0.8671875 0.15703125 0.1046875 0.02265625
0 0.34296875 0.48515625 0.2796875 0.025
0 0.2859375 0.45625 0.18125 0.02578125
0 0.66328125 0.42734375 0.11953125 0.021875
0 0.84140625 0.42890625 0.12265625 0.02421875
0 0.58828125 0.60234375 0.03828125 0.02109375
0 0.56484375 0.72578125 0.3171875 0.0265625
0 0.53203125 0.75859375 0.03984375 0.025
0 0.6140625 0.7578125 0.0859375 0.021875
0 0.69453125 0.85625 0.15625 0.025
0 0.6 0.890625 0.090625 0.02421875
0 0.8171875 0.890625 0.0875 0.0234375
0 0.77734375 0.95625 0.1359375 0.021875
0 0.60390625 0.95703125 0.1734375 0.02265625
0 0.33125 0.9234375 0.065625 0.0234375