0 0.6171875 0.1671875 0.06484375 0.0140625
0 0.7109375 0.1671875 0.06328125 0.0140625
0 0.26640625 0.1671875 0.05625 0.01328125
0 0.3953125 0.16796875 0.128125 0.0140625
0 0.525 0.16796875 0.05625 0.01640625
0 0.59140625 0.1875 0.23359375 0.01640625
0 0.36328125 0.18828125 0.15234375 0.01484375
0 0.1296875 0.20625 0.059375 0.01328125
0 0.75703125 0.20625 0.06328125 0.0140625
0 0.2578125 0.20625 0.1296875 0.0140625
0 0.3625 0.20703125 0.01796875 0.0125
0 0.64140625 0.20703125 0.10859375 0.01484375
0 0.8359375 0.20703125 0.03515625 0.015625
0 0.47890625 0.2078125 0.14375 0.015625
0 0.19765625 0.225 0.15625 0.01484375
0 0.45390625 0.22578125 0.296875 0.01484375
0 0.73203125 0.2265625 0.2 0.015625
0 0.19765625 0.2453125 0.1109375 0.0140625
0 0.32578125 0.2453125 0.0828125 0.01484375
0 0.7453125 0.24609375 0.18046875 0.0140625
0 0.5109375 0.246875 0.22109375 0.01640625
0 0.32890625 0.26484375 0.03828125 0.0140625
0 0.39765625 0.26484375 0.040625 0.0140625
0 0.23515625 0.26484375 0.084375 0.01640625
0 0.6078125 0.26484375 0.3109375 0.01640625
0 0.53515625 0.28515625 0.175 0.015625
0 0.3734375 0.28515625 0.08203125 0.015625
0 0.38515625 0.30390625 0.06640625 0.01484375
0 0.52578125 0.30390625 0.15625 0.015625
0 0.08203125 0.34375 0.10859375 0.0140625
0 0.21015625 0.34375 0.084375 0.0140625
0 0.3625 0.34375 0.15625 0.0140625
0 0.93515625 0.34375 0.03671875 0.0140625
0 0.52578125 0.34375 0.103125 0.01640625
0 0.2796875 0.3625 0.040625 0.01328125
0 0.10390625 0.3625 0.1578125 0.0140625
0 0.10390625 0.38203125 0.15625 0.0140625
0 0.5515625 0.3828125 0.0125 0.01328125
0 0.70390625 0.3828125 0.08203125 0.0140625
0 0.86640625 0.3828125 0.084375 0.0140625
0 0.596875 0.3828125 0.01953125 0.01484375
0 0.1890625 0.40078125 0.084375 0.01484375
0 0.0703125 0.40078125 0.084375 0.01484375
0 0.3625 0.4015625 0.20390625 0.0140625
0 0.93515625 0.4015625 0.03671875 0.0140625
0 0.54765625 0.40234375 0.1125 0.01484375
0 0.140625 0.42109375 0.228125 0.01484375
0 0.3515625 0.421875 0.03828125 0.0140625
0 0.17578125 0.440625 0.29609375 0.0140625
0 0.7015625 0.440625 0.0875 0.0140625
0 0.86328125 0.440625 0.0875 0.0140625
0 0.55078125 0.44140625 0.0109375 0.01484375
0 0.596875 0.44140625 0.01953125 0.015625
0 0.08203125 0.46015625 0.10859375 0.01484375
0 0.21015625 0.46015625 0.0875 0.01484375
0 0.3625 0.4609375 0.15625 0.0140625
0 0.9328125 0.4609375 0.040625 0.0140625
0 0.54765625 0.4609375 0.14921875 0.015625
0 0.0703125 0.4796875 0.084375 0.01484375
0 0.2109375 0.4796875 0.040625 0.0140625
0 0.10390625 0.5 0.1578125 0.01328125
0 0.55078125 0.5 0.0109375 0.01328125
0 0.70390625 0.5 0.08203125 0.0140625
0 0.86640625 0.5 0.084375 0.0140625
0 0.59765625 0.5 0.02109375 0.01484375
0 0.05703125 0.51953125 0.06328125 0.01484375
0 0.16328125 0.51953125 0.084375 0.01484375
0 0.29140625 0.51953125 0.1125 0.01484375
0 0.45390625 0.51953125 0.15625 0.0140625
0 0.60703125 0.51953125 0.084375 0.0140625
0 0.7578125 0.51953125 0.1578125 0.0140625
0 0.9578125 0.51953125 0.0390625 0.0140625
0 0.0703125 0.53828125 0.084375 0.0140625
0 0.23203125 0.5390625 0.0875 0.0171875
0 0.17578125 0.55859375 0.29609375 0.0140625
0 0.69140625 0.55859375 0.10703125 0.01484375
0 0.55078125 0.559375 0.0109375 0.0140625
0 0.85390625 0.559375 0.10546875 0.0140625
0 0.596875 0.559375 0.01953125 0.015625
0 0.05703125 0.5765625 0.06328125 0.01328125
0 0.16328125 0.57734375 0.084375 0.0140625
0 0.31640625 0.57734375 0.15390625 0.01484375
0 0.9328125 0.578125 0.040625 0.0140625
0 0.06953125 0.59765625 0.0828125 0.0140625
0 0.2078125 0.59765625 0.040625 0.0140625
0 0.10390625 0.6171875 0.15625 0.01484375
0 0.70390625 0.6171875 0.08203125 0.01484375
0 0.86640625 0.6171875 0.084375 0.0140625
0 0.55078125 0.6171875 0.0109375 0.01484375
0 0.596875 0.61796875 0.02265625 0.01484375
0 0.2546875 0.6375 0.0875 0.01328125
0 0.93515625 0.6375 0.03671875 0.01328125
0 0.10390625 0.6375 0.15625 0.01328125
0 0.08203125 0.65625 0.10859375 0.0140625
0 0.86328125 0.6578125 0.0875 0.01484375
0 0.5484375 0.6578125 0.0125 0.01484375
0 0.7015625 0.6578125 0.084375 0.01484375
0 0.59765625 0.6578125 0.02109375 0.01484375
0 0.10390625 0.696875 0.14921875 0.01640625
0 0.9453125 0.696875 0.0171875 0.0140625
0 0.26953125 0.696875 0.02109375 0.015625
0 0.79140625 0.696875 0.13203125 0.01640625
0 0.7921875 0.73515625 0.040625 0.0140625
0 0.89765625 0.73515625 0.1109375 0.01484375
0 0.0796875 0.73515625 0.10546875 0.015625
0 0.21015625 0.7359375 0.08203125 0.01484375
0 0.3734375 0.7359375 0.13828125 0.01484375
0 0.06953125 0.75390625 0.0890625 0.01484375
0 0.7921875 0.75390625 0.040625 0.0140625
0 0.8984375 0.7546875 0.11015625 0.01484375
0 0.09140625 0.7734375 0.13515625 0.0140625
0 0.89765625 0.77421875 0.1109375 0.01328125
0 0.7953125 0.77421875 0.040625 0.0125
0 0.1515625 0.8125 0.06640625 0.01484375
0 0.05703125 0.8125 0.06640625 0.01484375
0 0.30390625 0.8125 0.17734375 0.01484375
0 0.4453125 0.81328125 0.03671875 0.01484375
0 0.54765625 0.81328125 0.10390625 0.01484375
0 0.8421875 0.81328125 0.084375 0.01484375
0 0.74765625 0.81328125 0.0390625 0.01484375
0 0.11640625 0.8515625 0.18203125 0.01484375
0 0.29140625 0.85234375 0.10703125 0.01484375
0 0.4171875 0.85234375 0.084375 0.01484375
0 0.5359375 0.85234375 0.0890625 0.0140625
0 0.6765625 0.853125 0.040625 0.01484375
0 0.8421875 0.853125 0.228125 0.01484375
0 0.1140625 0.87265625 0.1828125 0.01484375
0 0.3140625 0.87265625 0.1578125 0.01484375
0 0.50078125 0.87265625 0.159375 0.01484375
0 0.25703125 0.91171875 0.17890625 0.01328125
0 0.40703125 0.9125 0.06171875 0.01328125
0 0.72578125 0.9125 0.13359375 0.0140625
0 0.5484375 0.9125 0.15625 0.0140625
0 0.2671875 0.93125 0.015625 0.01484375
0 0.4421875 0.93203125 0.0875 0.01484375
0 0.3390625 0.93203125 0.06328125 0.01484375
0 0.60390625 0.93203125 0.175 0.01484375
0 0.30390625 0.95078125 0.18046875 0.01484375
0 0.44453125 0.95078125 0.040625 0.01484375
0 0.5359375 0.9515625 0.0890625 0.01484375
0 0.6859375 0.9515625 0.1546875 0.01484375