0 0.2 0.12109375 0.1078125 0.01796875
0 0.38984375 0.12109375 0.2375 0.01796875
0 0.66875 0.12109375 0.290625 0.01875
0 0.29375 0.1484375 0.11953125 0.01875
0 0.428125 0.1484375 0.12265625 0.01875
0 0.57890625 0.1484375 0.1421875 0.01875
0 0.696875 0.15 0.0640625 0.0203125
0 0.571875 0.17421875 0.14140625 0.01796875
0 0.4015625 0.17421875 0.16484375 0.01796875
0 0.6578125 0.1984375 0.2140625 0.01953125
0 0.2515625 0.20078125 0.11640625 0.0171875
0 0.43125 0.2015625 0.20859375 0.01875
0 0.56640625 0.225 0.09375 0.015625
0 0.425 0.225 0.1546875 0.015625
0 0.0953125 0.2578125 0.04140625 0.015625
0 0.1515625 0.25859375 0.040625 0.01484375
0 0.35390625 0.25859375 0.15390625 0.01484375
0 0.80546875 0.259375 0.1109375 0.0171875
0 0.54140625 0.284375 0.125 0.01484375
0 0.63984375 0.284375 0.04453125 0.01484375
0 0.11171875 0.284375 0.0734375 0.01484375
0 0.79296875 0.284375 0.05234375 0.01640625
0 0.3703125 0.28515625 0.1890625 0.01796875
0 0.13203125 0.309375 0.1140625 0.01484375
0 0.30625 0.309375 0.0546875 0.01484375
0 0.103125 0.33515625 0.05234375 0.01328125
0 0.2828125 0.33515625 0.0203125 0.0140625
0 0.6453125 0.39375 0.08125 0.01484375
0 0.825 0.39375 0.125 0.0125
0 0.26171875 0.39453125 0.1796875 0.0171875
0 0.509375 0.39453125 0.05625 0.01640625
0 0.26484375 0.4171875 0.1921875 0.01328125
0 0.8484375 0.41875 0.0765625 0.01328125
0 0.1234375 0.41875 0.0140625 0.0125
0 0.646875 0.41875 0.07578125 0.01328125
0 0.5265625 0.41875 0.0109375 0.01328125
0 0.37890625 0.434375 0.0953125 0.01171875
0 0.29140625 0.434375 0.0578125 0.01171875
0 0.2109375 0.434375 0.08203125 0.01171875
0 0.2203125 0.45390625 0.09609375 0.0140625
0 0.30546875 0.4703125 0.18359375 0.01171875
0 0.18515625 0.4703125 0.03125 0.01171875
0 0.8484375 0.47109375 0.0765625 0.0125
0 0.6484375 0.471875 0.0765625 0.0125
0 0.12421875 0.471875 0.01484375 0.01171875
0 0.5265625 0.47109375 0.00859375 0.01171875
0 0.325 0.4875 0.06484375 0.01171875
0 0.22890625 0.4875 0.11328125 0.01171875
0 0.33359375 0.50234375 0.12109375 0.01484375
0 0.21640625 0.5046875 0.0890625 0.01015625
0 0.1828125 0.52265625 0.02578125 0.01171875
0 0.31328125 0.52265625 0.209375 0.01171875
0 0.85 0.5234375 0.07578125 0.01328125
0 0.64921875 0.52421875 0.0734375 0.0125
0 0.12421875 0.52421875 0.01484375 0.01171875
0 0.5265625 0.52421875 0.00859375 0.0125
0 0.2203125 0.53984375 0.1015625 0.01171875
0 0.33046875 0.53984375 0.090625 0.01171875
0 0.2171875 0.55859375 0.09921875 0.0078125
0 0.29375 0.57578125 0.1625 0.01171875
0 0.18515625 0.57578125 0.03125 0.0109375
0 0.64921875 0.5765625 0.0734375 0.01171875
0 0.85 0.5765625 0.0734375 0.01171875
0 0.5265625 0.5765625 0.0140625 0.01171875
0 0.1234375 0.57734375 0.0140625 0.01171875
0 0.2734375 0.5921875 0.20703125 0.01171875
0 0.4015625 0.59375 0.02421875 0.00859375
0 0.1953125 0.6125 0.05234375 0.00625
0 0.1953125 0.62890625 0.0484375 0.01171875
0 0.3109375 0.62890625 0.1625 0.01171875
0 0.86015625 0.62890625 0.05546875 0.01171875
0 0.6578125 0.62890625 0.05859375 0.01171875
0 0.1234375 0.62890625 0.0140625 0.01171875
0 0.5265625 0.62890625 0.01484375 0.0109375
0 0.29765625 0.65234375 0.14609375 0.01171875
0 0.19453125 0.653125 0.04296875 0.0109375
0 0.12421875 0.65390625 0.01484375 0.01171875
0 0.859375 0.65390625 0.05625 0.0125
0 0.5265625 0.65390625 0.00859375 0.01171875
0 0.6578125 0.6546875 0.05859375 0.01171875
0 0.203125 0.6703125 0.06015625 0.01171875
0 0.27421875 0.6890625 0.2015625 0.0109375
0 0.5265625 0.68984375 0.00859375 0.01171875
0 0.12265625 0.68984375 0.00859375 0.01171875
0 0.6578125 0.690625 0.05859375 0.01171875
0 0.859375 0.690625 0.05625 0.01171875
0 0.21953125 0.70703125 0.09921875 0.01171875
0 0.25078125 0.725 0.15625 0.0109375
0 0.52734375 0.72578125 0.00546875 0.01015625
0 0.6578125 0.7265625 0.05625 0.01171875
0 0.859375 0.7265625 0.05625 0.01171875
0 0.1234375 0.7265625 0.0140625 0.01171875
0 0.22890625 0.74140625 0.11875 0.0109375
0 0.35625 0.74140625 0.1140625 0.0109375
0 0.19765625 0.75859375 0.0515625 0.01171875
0 0.509375 0.78984375 0.06875 0.0125
0 0.8484375 0.790625 0.0765625 0.01328125
0 0.5078125 0.81796875 0.06640625 0.01171875
0 0.84765625 0.81796875 0.07578125 0.0125
0 0.421875 0.81875 0.08359375 0.01171875
0 0.47890625 0.84140625 0.121875 0.01171875
0 0.37109375 0.84140625 0.06875 0.01171875
0 0.8421875 0.84140625 0.0921875 0.0125
0 0.85859375 0.86640625 0.06015625 0.0125
0 0.490625 0.86796875 0.10234375 0.01484375
0 0.41953125 0.90390625 0.2640625 0.01328125
0 0.8484375 0.90390625 0.0765625 0.0125
0 0.3109375 0.9484375 0.08515625 0.0125
0 0.39296875 0.9484375 0.06015625 0.0125
0 0.484375 0.9484375 0.090625 0.0125
0 0.58046875 0.9484375 0.08046875 0.0125
0 0.671875 0.95 0.08359375 0.01484375