0 0.19609375 0.15078125 0.1828125 0.0171875
0 0.46328125 0.15234375 0.25859375 0.0171875
0 0.33203125 0.175 0.11171875 0.01875
0 0.4171875 0.17578125 0.01640625 0.015625
0 0.48203125 0.17578125 0.07265625 0.0171875
0 0.31171875 0.19921875 0.06484375 0.01796875
0 0.44375 0.19921875 0.14375 0.0203125
0 0.34140625 0.221875 0.16640625 0.01640625
0 0.4921875 0.221875 0.0921875 0.01640625
0 0.22578125 0.2453125 0.0515625 0.01640625
0 0.29375 0.2453125 0.03515625 0.01796875
0 0.48203125 0.2453125 0.22421875 0.01640625
0 0.3234375 0.29140625 0.0515625 0.0171875
0 0.43671875 0.2921875 0.12734375 0.01875
0 0.07421875 0.315625 0.0875 0.0171875
0 0.234375 0.31640625 0.07109375 0.01875
0 0.0578125 0.3625 0.0484375 0.01640625
0 0.13046875 0.3625 0.0453125 0.01640625
0 0.34765625 0.3625 0.3359375 0.01875
0 0.61875 0.3625 0.17421875 0.015625
0 0.0546875 0.384375 0.0515625 0.01640625
0 0.146875 0.384375 0.0875 0.01640625
0 0.31171875 0.38515625 0.1875 0.01875
0 0.10078125 0.40703125 0.14375 0.01640625
0 0.2640625 0.4078125 0.13046875 0.01796875
0 0.0546875 0.4296875 0.0515625 0.01640625
0 0.12734375 0.4296875 0.0484375 0.01640625
0 0.4625 0.43046875 0.1375 0.01640625
0 0.578125 0.43125 0.03515625 0.01640625
0 0.27265625 0.43125 0.1875 0.0203125
0 0.7671875 0.43203125 0.03515625 0.015625
0 0.0546875 0.4765625 0.0546875 0.0171875
0 0.14375 0.47734375 0.07109375 0.01875
0 0.73046875 0.4796875 0.10625 0.01640625
0 0.0375 0.52421875 0.01328125 0.0171875
0 0.1046875 0.52421875 0.0390625 0.0171875
0 0.20703125 0.5234375 0.1328125 0.01796875
0 0.31484375 0.5234375 0.03203125 0.01796875
0 0.41796875 0.52421875 0.13046875 0.01640625
0 0.62890625 0.525 0.05 0.01796875
0 0.75859375 0.525 0.05625 0.01640625
0 0.209375 0.57109375 0.0921875 0.01796875
0 0.0390625 0.57109375 0.009375 0.01640625
0 0.1140625 0.57109375 0.05625 0.01796875
0 0.73359375 0.571875 0.11015625 0.015625
0 0.7125 0.59296875 0.02890625 0.015625
0 0.15078125 0.59453125 0.13046875 0.01796875
0 0.29296875 0.59375 0.11484375 0.0171875
0 0.76875 0.59453125 0.03515625 0.015625
0 0.4 0.5953125 0.053125 0.0171875
0 0.1109375 0.6171875 0.053125 0.0171875
0 0.18046875 0.61796875 0.0375 0.01875
0 0.73359375 0.6734375 0.11015625 0.03203125
0 0.1140625 0.68046875 0.053125 0.01875
0 0.21015625 0.6796875 0.09375 0.01796875
0 0.1234375 0.703125 0.07578125 0.0171875
0 0.7328125 0.703125 0.11171875 0.01640625
0 0.7390625 0.734375 0.0921875 0.03125
0 0.140625 0.73984375 0.11015625 0.01640625
0 0.5578125 0.80859375 0.10859375 0.0171875
0 0.75859375 0.80859375 0.053125 0.0171875
0 0.0578125 0.80859375 0.0515625 0.0171875
0 0.16953125 0.809375 0.1328125 0.01875
0 0.56171875 0.83125 0.10859375 0.01640625
0 0.1703125 0.83125 0.13046875 0.01640625
0 0.31171875 0.83125 0.11015625 0.01640625
0 0.05625 0.83125 0.0546875 0.01640625
0 0.41015625 0.83203125 0.03203125 0.01640625
0 0.7421875 0.83203125 0.0859375 0.0171875
0 0.046875 0.8546875 0.03515625 0.01640625
0 0.13046875 0.8546875 0.0546875 0.01640625
0 0.2 0.85390625 0.03515625 0.0171875
0 0.56171875 0.85390625 0.10859375 0.0171875
0 0.75078125 0.8546875 0.07265625 0.0171875
0 0.209375 0.9 0.0921875 0.01640625
0 0.31171875 0.9 0.06796875 0.01640625
0 0.396875 0.9 0.053125 0.01796875
0 0.4859375 0.90078125 0.07109375 0.01640625
0 0.58828125 0.9015625 0.09375 0.01875