0 0.653125 0.08203125 0.18046875 0.02734375
0 0.34453125 0.08203125 0.32265625 0.02734375
0 0.39375 0.11953125 0.11328125 0.0328125
0 0.58125 0.12109375 0.13125 0.02734375
0 0.77421875 0.12109375 0.13359375 0.02734375
0 0.190625 0.121875 0.10625 0.02578125
0 0.575 0.15 0.2 0.0140625
0 0.40234375 0.15 0.05390625 0.0140625
0 0.29609375 0.15 0.07421875 0.015625
0 0.7140625 0.171875 0.1078125 0.0140625
0 0.55078125 0.17265625 0.159375 0.01328125
0 0.40234375 0.17265625 0.05390625 0.01328125
0 0.20625 0.1734375 0.08359375 0.0140625
0 0.3125 0.1734375 0.06328125 0.0140625
0 0.81015625 0.19296875 0.11171875 0.0140625
0 0.6921875 0.19453125 0.06484375 0.0125
0 0.4265625 0.1953125 0.15078125 0.01484375
0 0.58671875 0.1953125 0.08515625 0.0125
0 0.08515625 0.1953125 0.040625 0.0125
0 0.2640625 0.1953125 0.109375 0.0125
0 0.1515625 0.19609375 0.03359375 0.0140625
0 0.70546875 0.2171875 0.18203125 0.01484375
0 0.19453125 0.2171875 0.1109375 0.0140625
0 0.3359375 0.2171875 0.1109375 0.0140625
0 0.49921875 0.21796875 0.1484375 0.01484375
0 0.53984375 0.240625 0.1859375 0.0140625
0 0.34921875 0.240625 0.1375 0.0140625
0 0.6484375 0.28515625 0.21171875 0.015625
0 0.43046875 0.2859375 0.15390625 0.0140625
0 0.2390625 0.28671875 0.059375 0.0140625
0 0.8078125 0.33125 0.23359375 0.01484375
0 0.6109375 0.33203125 0.08515625 0.0140625
0 0.49296875 0.33203125 0.09296875 0.01484375
0 0.3171875 0.3328125 0.1109375 0.0140625
0 0.1375 0.3328125 0.18046875 0.0140625
0 0.7453125 0.3546875 0.1109375 0.01484375
0 0.5875 0.35390625 0.13359375 0.0140625
0 0.0734375 0.35546875 0.0609375 0.0140625
0 0.1578125 0.35546875 0.0375 0.0140625
0 0.7796875 0.3984375 0.13359375 0.0140625
0 0.1734375 0.40078125 0.25234375 0.01484375
0 0.3625 0.44453125 0.11171875 0.0140625
0 0.15546875 0.4453125 0.0296875 0.01328125
0 0.07734375 0.44609375 0.06328125 0.0140625
0 0.23046875 0.44609375 0.08671875 0.0140625
0 0.85625 0.46640625 0.03671875 0.0140625
0 0.78828125 0.4671875 0.05703125 0.0140625
0 0.915625 0.4671875 0.0203125 0.01484375
0 0.31640625 0.46796875 0.11171875 0.0140625
0 0.22265625 0.46796875 0.01875 0.009375
0 0.14765625 0.46875 0.06640625 0.01484375
0 0.78984375 0.4890625 0.05703125 0.0140625
0 0.85390625 0.4890625 0.0421875 0.0140625
0 0.18359375 0.48984375 0.2296875 0.0140625
0 0.40234375 0.48984375 0.140625 0.015625
0 0.85625 0.534375 0.0390625 0.0140625
0 0.790625 0.534375 0.05703125 0.01484375
0 0.5078125 0.534375 0.06875 0.0140625
0 0.31484375 0.53515625 0.0984375 0.0140625
0 0.2109375 0.53515625 0.0421875 0.0140625
0 0.425 0.53515625 0.04296875 0.01484375
0 0.10078125 0.5359375 0.109375 0.0140625
0 0.8546875 0.55625 0.0421875 0.0140625
0 0.80234375 0.55703125 0.03125 0.0140625
0 0.13984375 0.559375 0.18515625 0.0140625
0 0.2921875 0.559375 0.0609375 0.0140625
0 0.85625 0.5796875 0.0421875 0.01484375
0 0.790625 0.58046875 0.059375 0.015625
0 0.21015625 0.58203125 0.04296875 0.01328125
0 0.10234375 0.58203125 0.1109375 0.0140625
0 0.85703125 0.60234375 0.0375 0.0140625
0 0.7796875 0.603125 0.0765625 0.0140625
0 0.090625 0.60390625 0.0890625 0.0140625
0 0.790625 0.62578125 0.05703125 0.01484375
0 0.85625 0.62578125 0.0390625 0.01484375
0 0.11640625 0.62734375 0.1375 0.0140625
0 0.86640625 0.6703125 0.01875 0.0140625
0 0.2203125 0.67109375 0.10234375 0.0140625
0 0.096875 0.671875 0.08203125 0.0125
0 0.56796875 0.69296875 0.08125 0.01484375
0 0.721875 0.69296875 0.06484375 0.0140625
0 0.83203125 0.69296875 0.08203125 0.01484375
0 0.42578125 0.69296875 0.13359375 0.01328125
0 0.0765625 0.69296875 0.0765625 0.01328125
0 0.221875 0.69453125 0.1609375 0.01328125
0 0.80625 0.71484375 0.03125 0.0140625
0 0.85859375 0.715625 0.0375 0.0140625
0 0.559375 0.715625 0.10625 0.01328125
0 0.10546875 0.715625 0.01875 0.009375
0 0.05703125 0.71640625 0.01875 0.01328125
0 0.165625 0.7171875 0.0421875 0.01328125
0 0.790625 0.76015625 0.05390625 0.0140625
0 0.85546875 0.76015625 0.040625 0.0140625
0 0.1015625 0.76171875 0.109375 0.01328125
0 0.27421875 0.7625 0.16171875 0.015625
0 0.690625 0.80703125 0.1390625 0.0140625
0 0.54921875 0.80625 0.0890625 0.015625
0 0.2734375 0.80703125 0.0171875 0.0140625
0 0.3921875 0.80703125 0.1609375 0.0140625
0 0.21328125 0.8078125 0.04296875 0.0140625
0 0.7015625 0.828125 0.2078125 0.0140625
0 0.4875 0.82890625 0.16328125 0.0140625
0 0.32265625 0.82890625 0.11328125 0.0140625
0 0.2015625 0.8296875 0.06640625 0.01328125
0 0.61875 0.85078125 0.0875 0.01328125
0 0.75625 0.85078125 0.12578125 0.01328125
0 0.47734375 0.8515625 0.1359375 0.01328125
0 0.32890625 0.8515625 0.0765625 0.01328125
0 0.20078125 0.85234375 0.11328125 0.01328125
0 0.496875 0.8734375 0.0703125 0.0140625
0 0.5890625 0.87578125 0.0796875 0.009375
0 0.30390625 0.87578125 0.07578125 0.009375
0 0.66484375 0.8765625 0.0390625 0.009375
0 0.403125 0.87734375 0.08671875 0.01015625
0 0.53515625 0.89609375 0.109375 0.01328125
0 0.68984375 0.89609375 0.13515625 0.0140625
0 0.36875 0.89609375 0.1578125 0.01328125
0 0.225 0.896875 0.0609375 0.01328125
0 0.52578125 0.91953125 0.47109375 0.0140625
0 0.23359375 0.92109375 0.07578125 0.009375