0 0.5546875 0.15703125 0.09140625 0.0171875
0 0.459375 0.15703125 0.053125 0.0171875
0 0.3359375 0.15703125 0.15 0.0171875
0 0.42109375 0.18046875 0.20703125 0.0171875
0 0.32734375 0.2046875 0.09296875 0.01796875
0 0.64921875 0.20546875 0.08515625 0.01953125
0 0.4890625 0.20546875 0.18515625 0.01953125
0 0.2109375 0.20546875 0.08515625 0.01953125
0 0.53515625 0.228125 0.128125 0.01796875
0 0.68515625 0.228125 0.12734375 0.0203125
0 0.39296875 0.228125 0.1109375 0.01796875
0 0.29609375 0.22890625 0.03046875 0.01953125
0 0.19375 0.22890625 0.1328125 0.01953125
0 0.2703125 0.2515625 0.09296875 0.0171875
0 0.56484375 0.2515625 0.14765625 0.0203125
0 0.40078125 0.25234375 0.125 0.01796875
0 0.5453125 0.27421875 0.2265625 0.01796875
0 0.23203125 0.275 0.05390625 0.0171875
0 0.3078125 0.275 0.05625 0.01796875
0 0.38203125 0.275 0.04609375 0.0171875
0 0.4890625 0.321875 0.25625 0.0171875
0 0.26328125 0.321875 0.09609375 0.0171875
0 0.62265625 0.3671875 0.10859375 0.01953125
0 0.08046875 0.36796875 0.05078125 0.0171875
0 0.290625 0.36796875 0.12734375 0.015625
0 0.4671875 0.36796875 0.1453125 0.015625
0 0.16328125 0.36875 0.06796875 0.015625
0 0.509375 0.390625 0.1453125 0.0171875
0 0.3203125 0.39140625 0.18515625 0.01796875
0 0.0890625 0.3921875 0.07109375 0.0171875
0 0.78359375 0.43828125 0.0546875 0.01796875
0 0.6875 0.43828125 0.090625 0.01953125
0 0.5359375 0.43984375 0.134375 0.0203125
0 0.15703125 0.43984375 0.209375 0.0203125
0 0.3671875 0.43984375 0.0546875 0.02109375
0 0.0828125 0.48515625 0.05390625 0.01953125
0 0.15625 0.48515625 0.04921875 0.0203125
0 0.78359375 0.5078125 0.05390625 0.0171875
0 0.69765625 0.5078125 0.071875 0.0171875
0 0.52578125 0.50859375 0.0734375 0.0171875
0 0.32890625 0.509375 0.01171875 0.01953125
0 0.36640625 0.51015625 0.01953125 0.0140625
0 0.08828125 0.53203125 0.0734375 0.01796875
0 0.17421875 0.5328125 0.0484375 0.01953125
0 0.69765625 0.5546875 0.071875 0.0171875
0 0.78359375 0.5546875 0.05390625 0.0171875
0 0.52578125 0.55546875 0.0734375 0.0171875
0 0.32890625 0.55625 0.0109375 0.01796875
0 0.3640625 0.5578125 0.01328125 0.01171875
0 0.18515625 0.57890625 0.071875 0.01640625
0 0.08828125 0.5796875 0.0734375 0.01875
0 0.32890625 0.60078125 0.0109375 0.01875
0 0.78359375 0.6015625 0.05390625 0.0171875
0 0.52890625 0.6015625 0.0703125 0.0171875
0 0.70078125 0.6015625 0.0703125 0.0171875
0 0.365625 0.603125 0.0203125 0.0140625
0 0.09140625 0.6234375 0.0703125 0.01875
0 0.18515625 0.62578125 0.071875 0.0171875
0 0.5265625 0.646875 0.0734375 0.01640625
0 0.6984375 0.646875 0.07421875 0.01640625
0 0.784375 0.646875 0.05390625 0.0171875
0 0.32734375 0.646875 0.01484375 0.01640625
0 0.36640625 0.64921875 0.01484375 0.01171875
0 0.0984375 0.6921875 0.0875 0.0171875
0 0.2703125 0.6921875 0.01484375 0.01640625
0 0.20234375 0.69375 0.07109375 0.0171875
0 0.775 0.71640625 0.071875 0.0171875
0 0.0984375 0.71640625 0.0859375 0.01796875
0 0.2625 0.7171875 0.184375 0.0203125
0 0.4125 0.7171875 0.07109375 0.01953125
0 0.775 0.7390625 0.071875 0.0171875
0 0.39296875 0.7390625 0.03359375 0.0171875
0 0.0984375 0.73984375 0.08515625 0.0171875
0 0.2625 0.740625 0.184375 0.01953125
0 0.478125 0.73984375 0.08828125 0.01875
0 0.73671875 0.7625 0.14765625 0.0171875
0 0.16171875 0.76328125 0.2109375 0.0171875
0 0.090625 0.80859375 0.0734375 0.0171875
0 0.77578125 0.809375 0.0734375 0.0171875
0 0.08046875 0.878125 0.053125 0.0171875
0 0.5265625 0.87890625 0.1828125 0.0203125
0 0.7484375 0.87890625 0.12421875 0.01953125
0 0.1953125 0.8796875 0.1296875 0.01953125
0 0.5859375 0.9015625 0.071875 0.0171875
0 0.77578125 0.9015625 0.0734375 0.0171875
0 0.08046875 0.9015625 0.05078125 0.01953125
0 0.26328125 0.9015625 0.03359375 0.01953125
0 0.32734375 0.9015625 0.0515625 0.0203125