0 0.125 0.0390625 0.1953125 0.01875
0 0.38203125 0.15625 0.27265625 0.0171875
0 0.54765625 0.15625 0.02578125 0.0171875
0 0.69296875 0.15703125 0.23359375 0.015625
0 0.2046875 0.15703125 0.053125 0.0171875
0 0.58828125 0.184375 0.14765625 0.0140625
0 0.44765625 0.184375 0.11640625 0.01328125
0 0.35 0.1859375 0.04765625 0.0140625
0 0.475 0.2109375 0.11640625 0.01171875
0 0.60390625 0.2109375 0.11640625 0.01328125
0 0.36640625 0.2109375 0.0734375 0.01328125
0 0.46640625 0.2375 0.1203125 0.01328125
0 0.6203125 0.2375 0.16328125 0.01171875
0 0.3359375 0.23828125 0.103125 0.01328125
0 0.4921875 0.26328125 0.1921875 0.01328125
0 0.534375 0.2953125 0.053125 0.01328125
0 0.65703125 0.2953125 0.1609375 0.01328125
0 0.459375 0.29765625 0.06875 0.0171875
0 0.32734375 0.29765625 0.1609375 0.01875
0 0.61796875 0.3234375 0.2625 0.01328125
0 0.43984375 0.3234375 0.053125 0.01328125
0 0.28203125 0.32421875 0.0734375 0.01328125
0 0.365625 0.32578125 0.071875 0.01875
0 0.409375 0.36015625 0.0703125 0.01328125
0 0.53671875 0.36015625 0.1546875 0.01328125
0 0.46796875 0.39296875 0.103125 0.0140625
0 0.375 0.39296875 0.053125 0.0140625
0 0.234375 0.39296875 0.06328125 0.0140625
0 0.12890625 0.39453125 0.11640625 0.0140625
0 0.60234375 0.41875 0.0890625 0.01171875
0 0.44765625 0.41953125 0.1890625 0.01171875
0 0.12109375 0.42109375 0.09765625 0.0140625
0 0.375 0.446875 0.0390625 0.01328125
0 0.15859375 0.446875 0.18046875 0.01328125
0 0.86953125 0.47578125 0.103125 0.01484375
0 0.71328125 0.4765625 0.06484375 0.01484375
0 0.60234375 0.50546875 0.0203125 0.01328125
0 0.43984375 0.50546875 0.22109375 0.01328125
0 0.14296875 0.50625 0.14609375 0.01328125
0 0.27265625 0.50625 0.0890625 0.01328125
0 0.896875 0.53046875 0.05859375 0.01328125
0 0.48515625 0.53046875 0.0890625 0.01328125
0 0.68984375 0.53125 0.11015625 0.01171875
0 0.2078125 0.53203125 0.1921875 0.01328125
0 0.371875 0.5328125 0.0171875 0.01015625
0 0.33125 0.56171875 0.1375 0.01328125
0 0.69296875 0.56171875 0.11328125 0.01328125
0 0.7109375 0.58984375 0.11796875 0.021875
0 0.31640625 0.59453125 0.0328125 0.0140625
0 0.38203125 0.59453125 0.07734375 0.0140625
0 0.15234375 0.59453125 0.0859375 0.0140625
0 0.246875 0.59609375 0.071875 0.015625
0 0.69296875 0.621875 0.11328125 0.0140625
0 0.1671875 0.6234375 0.08046875 0.0140625
0 0.25625 0.6234375 0.0671875 0.0140625
0 0.31796875 0.6234375 0.0328125 0.0140625
0 0.38203125 0.6234375 0.07734375 0.0140625
0 0.6953125 0.65 0.11484375 0.0140625
0 0.13671875 0.65234375 0.084375 0.0140625
0 0.34765625 0.65234375 0.15625 0.01171875
0 0.22578125 0.65390625 0.0671875 0.01328125
0 0.69296875 0.67578125 0.11328125 0.01328125
0 0.325 0.678125 0.14921875 0.01875
0 0.7109375 0.70078125 0.0734375 0.01328125
0 0.36640625 0.70234375 0.0703125 0.01328125
0 0.25390625 0.703125 0.13046875 0.01640625
0 0.1203125 0.73359375 0.08203125 0.01328125
0 0.328125 0.73359375 0.0359375 0.01328125
0 0.2296875 0.73515625 0.11640625 0.01875
0 0.746875 0.7609375 0.06015625 0.01328125
0 0.578125 0.76328125 0.07890625 0.0171875
0 0.8234375 0.76328125 0.08203125 0.0171875
0 0.4640625 0.76328125 0.13203125 0.0140625
0 0.12109375 0.765625 0.07734375 0.01328125
0 0.25625 0.76640625 0.159375 0.0171875
0 0.83125 0.79375 0.0734375 0.01328125
0 0.56875 0.79375 0.090625 0.01328125
0 0.30390625 0.79453125 0.0515625 0.0140625
0 0.115625 0.79453125 0.053125 0.0140625
0 0.246875 0.796875 0.0375 0.0171875
0 0.44765625 0.896875 0.1265625 0.01171875
0 0.5609375 0.896875 0.07890625 0.01171875
0 0.50859375 0.91953125 0.11171875 0.0140625
0 0.6328125 0.9203125 0.11640625 0.0125
0 0.36171875 0.91953125 0.14765625 0.01328125