0 0.76484375 0.1453125 0.08203125 0.01484375
0 0.62109375 0.1484375 0.14296875 0.015625
0 0.30234375 0.15078125 0.146875 0.015625
0 0.46328125 0.15078125 0.12421875 0.01484375
0 0.72265625 0.1671875 0.2046875 0.0203125
0 0.5609375 0.16875 0.06171875 0.0125
0 0.26953125 0.16953125 0.0375 0.01328125
0 0.36640625 0.16953125 0.10234375 0.0140625
0 0.4734375 0.16953125 0.0609375 0.01328125
0 0.859375 0.1828125 0.0984375 0.015625
0 0.778125 0.184375 0.02265625 0.01484375
0 0.58203125 0.1875 0.10546875 0.0140625
0 0.4875 0.18828125 0.03359375 0.0125
0 0.13984375 0.1890625 0.0375 0.0125
0 0.3796875 0.1890625 0.03203125 0.0125
0 0.43046875 0.1890625 0.0171875 0.0125
0 0.7 0.1890625 0.0796875 0.0171875
0 0.2140625 0.18984375 0.0515625 0.015625
0 0.30234375 0.18984375 0.05 0.015625
0 0.90390625 0.20078125 0.0609375 0.015625
0 0.80625 0.20234375 0.08203125 0.015625
0 0.690625 0.20390625 0.10078125 0.01953125
0 0.53671875 0.20703125 0.14296875 0.0140625
0 0.1515625 0.20859375 0.146875 0.015625
0 0.34375 0.20859375 0.19140625 0.015625
0 0.690625 0.22578125 0.10078125 0.0140625
0 0.55703125 0.22578125 0.0984375 0.01484375
0 0.39921875 0.228125 0.1671875 0.0140625
0 0.61640625 0.2453125 0.16328125 0.0140625
0 0.49296875 0.24609375 0.05234375 0.0125
0 0.39609375 0.2453125 0.07578125 0.01328125
0 0.6140625 0.2640625 0.25703125 0.01484375
0 0.39921875 0.265625 0.0375 0.0125
0 0.32265625 0.265625 0.06328125 0.0125
0 0.4953125 0.321875 0.146875 0.0140625
0 0.51015625 0.36171875 0.0765625 0.01328125
0 0.16328125 0.3625 0.16171875 0.01328125
0 0.57421875 0.38046875 0.2078125 0.01328125
0 0.15078125 0.38203125 0.1453125 0.01328125
0 0.27265625 0.38203125 0.0390625 0.0140625
0 0.7890625 0.39765625 0.16015625 0.0171875
0 0.57421875 0.40078125 0.2078125 0.015625
0 0.11875 0.40078125 0.08125 0.01328125
0 0.72265625 0.41796875 0.12421875 0.015625
0 0.5375 0.4203125 0.10234375 0.0125
0 0.1515625 0.4203125 0.146875 0.0125
0 0.91875 0.47265625 0.03515625 0.0140625
0 0.71015625 0.47578125 0.10546875 0.01484375
0 0.5625 0.47734375 0.14140625 0.0125
0 0.16171875 0.47734375 0.1671875 0.01328125
0 0.30078125 0.478125 0.059375 0.0140625
0 0.409375 0.478125 0.10546875 0.01484375
0 0.89453125 0.4921875 0.08203125 0.0140625
0 0.65859375 0.4953125 0.08203125 0.01328125
0 0.58125 0.496875 0.01640625 0.00859375
0 0.5390625 0.496875 0.0109375 0.01171875
0 0.21640625 0.49765625 0.2765625 0.0140625
0 0.9265625 0.53203125 0.009375 0.0140625
0 0.23203125 0.5359375 0.096875 0.0125
0 0.11953125 0.53671875 0.08203125 0.0125
0 0.89453125 0.5515625 0.08203125 0.01328125
0 0.1296875 0.55625 0.1 0.01328125
0 0.89453125 0.5703125 0.08203125 0.0140625
0 0.375 0.575 0.20859375 0.0140625
0 0.1625 0.575 0.16875 0.015625
0 0.89453125 0.590625 0.08203125 0.0140625
0 0.1265625 0.59375 0.096875 0.0140625
0 0.25703125 0.59375 0.10546875 0.0140625
0 0.41953125 0.59375 0.16875 0.015625
0 0.875 0.6484375 0.12421875 0.0140625
0 0.11875 0.65234375 0.08125 0.0125
0 0.88359375 0.66796875 0.10625 0.0140625
0 0.26875 0.6703125 0.08203125 0.0125
0 0.1390625 0.671875 0.12421875 0.015625
0 0.90390625 0.74609375 0.05546875 0.0140625
0 0.82890625 0.74609375 0.07578125 0.01484375
0 0.62265625 0.746875 0.1453125 0.01484375
0 0.48203125 0.746875 0.0796875 0.015625
0 0.384375 0.7484375 0.059375 0.0140625
0 0.10703125 0.7484375 0.0578125 0.0125
0 0.20625 0.74921875 0.08125 0.0125
0 0.87109375 0.78515625 0.08515625 0.0125
0 0.634375 0.78515625 0.08203125 0.01328125
0 0.18359375 0.78671875 0.04140625 0.0140625
0 0.0859375 0.7875 0.01640625 0.0125
0 0.77578125 0.8421875 0.0203125 0.0125
0 0.48359375 0.84296875 0.08125 0.0140625
0 0.4 0.84375 0.03515625 0.01328125
0 0.61171875 0.84375 0.11875 0.0125
0 0.1390625 0.84453125 0.12421875 0.0125
0 0.2890625 0.8453125 0.128125 0.0125
0 0.44140625 0.88203125 0.20859375 0.01328125
0 0.27734375 0.8828125 0.05390625 0.01171875
0 0.1484375 0.884375 0.14296875 0.0140625
0 0.65859375 0.90078125 0.16328125 0.0140625
0 0.25390625 0.90234375 0.0984375 0.0125
0 0.44375 0.90234375 0.203125 0.01484375
0 0.0953125 0.903125 0.03359375 0.0125
0 0.153125 0.903125 0.05 0.0125
0 0.51640625 0.9609375 0.1 0.01328125
0 0.6234375 0.9609375 0.06328125 0.0125
0 0.546875 0.9796875 0.08203125 0.01328125
0 0.41796875 0.9796875 0.12421875 0.0125
0 0.6671875 0.98046875 0.10546875 0.015625