0 0.6640625 0.0640625 0.18125 0.0265625
0 0.35390625 0.0640625 0.31875 0.025
0 0.4 0.09921875 0.11640625 0.02890625
0 0.58984375 0.1 0.13125 0.02578125
0 0.78125 0.1 0.134375 0.02578125
0 0.20078125 0.10078125 0.10859375 0.02578125
0 0.409375 0.128125 0.05234375 0.01328125
0 0.58359375 0.128125 0.196875 0.0140625
0 0.30390625 0.12890625 0.07109375 0.0140625
0 0.62890625 0.14921875 0.3 0.0140625
0 0.409375 0.14921875 0.05234375 0.0125
0 0.21484375 0.15078125 0.0828125 0.01484375
0 0.3203125 0.15078125 0.0640625 0.0140625
0 0.70078125 0.1703125 0.0640625 0.01328125
0 0.81953125 0.1703125 0.1109375 0.01328125
0 0.5921875 0.17109375 0.0859375 0.01171875
0 0.434375 0.17109375 0.14765625 0.01328125
0 0.0921875 0.17109375 0.0390625 0.0125
0 0.2703125 0.17109375 0.1109375 0.0125
0 0.15703125 0.171875 0.03203125 0.0140625
0 0.7125 0.19296875 0.18359375 0.0140625
0 0.1984375 0.19296875 0.1125 0.01328125
0 0.3421875 0.19296875 0.1109375 0.01328125
0 0.50703125 0.19375 0.14765625 0.01328125
0 0.653125 0.2140625 0.16484375 0.0140625
0 0.45078125 0.21484375 0.18359375 0.0140625
0 0.26171875 0.215625 0.13828125 0.0140625
0 0.55859375 0.25859375 0.25234375 0.01328125
0 0.31484375 0.25859375 0.05859375 0.0140625
0 0.8125 0.30234375 0.23046875 0.0140625
0 0.615625 0.30234375 0.0859375 0.0140625
0 0.14296875 0.30234375 0.1859375 0.015625
0 0.3234375 0.30234375 0.10703125 0.01328125
0 0.4984375 0.303125 0.09140625 0.0140625
0 0.76484375 0.32421875 0.1328125 0.0140625
0 0.5921875 0.32421875 0.134375 0.0140625
0 0.0703125 0.325 0.0390625 0.01328125
0 0.1671875 0.325 0.08828125 0.0140625
0 0.634375 0.3671875 0.29765625 0.01328125
0 0.30859375 0.36796875 0.0875 0.01171875
0 0.41484375 0.36796875 0.0578125 0.01171875
0 0.1671875 0.36796875 0.134375 0.01328125
0 0.5734375 0.3890625 0.18125 0.0140625
0 0.21484375 0.38984375 0.08828125 0.01328125
0 0.36796875 0.38984375 0.15703125 0.015625
0 0.78125 0.4328125 0.12890625 0.0125
0 0.18125 0.43359375 0.25625 0.01484375
0 0.0734375 0.4765625 0.04140625 0.01328125
0 0.27578125 0.47734375 0.10859375 0.01328125
0 0.4171875 0.47734375 0.1109375 0.01328125
0 0.15625 0.47734375 0.06015625 0.01171875
0 0.9171875 0.4984375 0.02265625 0.0140625
0 0.309375 0.4984375 0.08828125 0.0140625
0 0.8234375 0.4984375 0.11015625 0.0140625
0 0.15625 0.49921875 0.065625 0.0140625
0 0.22890625 0.49921875 0.02265625 0.009375
0 0.825 0.5203125 0.1109375 0.01484375
0 0.1453125 0.52109375 0.13515625 0.0140625
0 0.33671875 0.52109375 0.18515625 0.0140625
0 0.10859375 0.56328125 0.11015625 0.01484375
0 0.21796875 0.56328125 0.0390625 0.01328125
0 0.3203125 0.5640625 0.096875 0.0140625
0 0.428125 0.5640625 0.04140625 0.0140625
0 0.51171875 0.5640625 0.06953125 0.0140625
0 0.83359375 0.5640625 0.08828125 0.0140625
0 0.09765625 0.584375 0.0859375 0.0140625
0 0.8125 0.5859375 0.1390625 0.0140625
0 0.1234375 0.60625 0.13671875 0.0140625
0 0.825 0.6078125 0.1109375 0.0140625
0 0.0984375 0.65078125 0.08203125 0.0140625
0 0.2203125 0.65078125 0.103125 0.0125
0 0.8703125 0.65078125 0.01640625 0.0140625
0 0.084375 0.671875 0.0671875 0.0140625
0 0.22578125 0.67265625 0.1625 0.0140625
0 0.5703125 0.67265625 0.08203125 0.0140625
0 0.42578125 0.67265625 0.125 0.0125
0 0.72578125 0.67265625 0.06328125 0.0140625
0 0.83359375 0.67265625 0.08046875 0.01484375
0 0.05859375 0.69375 0.01875 0.0140625
0 0.10625 0.69375 0.0203125 0.01015625
0 0.83359375 0.69453125 0.08828125 0.0140625
0 0.5421875 0.69453125 0.03046875 0.0125
0 0.16484375 0.69453125 0.04296875 0.01484375
0 0.59453125 0.6953125 0.0390625 0.01328125
0 0.10390625 0.73828125 0.10859375 0.01328125
0 0.8234375 0.73828125 0.11015625 0.0140625
0 0.2734375 0.73828125 0.1609375 0.015625
0 0.27265625 0.78203125 0.0203125 0.0140625
0 0.21484375 0.78203125 0.04453125 0.0140625
0 0.39296875 0.78203125 0.1609375 0.0140625
0 0.5484375 0.78203125 0.09140625 0.0140625
0 0.690625 0.7828125 0.1390625 0.0140625
0 0.4875 0.80390625 0.16484375 0.0140625
0 0.3203125 0.80390625 0.1125 0.0140625
0 0.20078125 0.80390625 0.06953125 0.0140625
0 0.70390625 0.80546875 0.209375 0.0140625
0 0.20078125 0.825 0.1140625 0.0140625
0 0.32578125 0.82578125 0.078125 0.01328125
0 0.47578125 0.82578125 0.13671875 0.01328125
0 0.6203125 0.8265625 0.08828125 0.0140625
0 0.75703125 0.8265625 0.12734375 0.0140625
0 0.5234375 0.84765625 0.328125 0.01484375
0 0.303125 0.85 0.078125 0.00859375
0 0.3671875 0.86953125 0.1578125 0.0140625
0 0.534375 0.86953125 0.1140625 0.0140625
0 0.22578125 0.8703125 0.06328125 0.015625
0 0.68984375 0.86953125 0.13828125 0.0140625
0 0.52578125 0.8921875 0.47734375 0.01484375
0 0.23203125 0.89375 0.08046875 0.009375