0 0.86015625 0.01015625 0.08203125 0.00625
0 0.153125 0.01015625 0.1875 0.0078125
0 0.59921875 0.01015625 0.08515625 0.00625
0 0.17265625 0.02265625 0.228125 0.0125
0 0.43515625 0.07421875 0.1046875 0.0109375
0 0.5453125 0.07421875 0.0640625 0.0109375
0 0.315625 0.09140625 0.13046875 0.0109375
0 0.5546875 0.09140625 0.04140625 0.0109375
0 0.45546875 0.09140625 0.1078125 0.0125
0 0.65234375 0.0921875 0.1078125 0.0109375
0 0.21875 0.125 0.1078125 0.0109375
0 0.3359375 0.12578125 0.08671875 0.0109375
0 0.43515625 0.1265625 0.0625 0.01015625
0 0.684375 0.1265625 0.2140625 0.0109375
0 0.52109375 0.1265625 0.0640625 0.0109375
0 0.29375 0.1421875 0.215625 0.0109375
0 0.44453125 0.1421875 0.03984375 0.009375
0 0.61875 0.14453125 0.25703125 0.01328125
0 0.2484375 0.2765625 0.17421875 0.0109375
0 0.47578125 0.2765625 0.23828125 0.0109375
0 0.64921875 0.27734375 0.0640625 0.0109375
0 0.7375 0.27734375 0.06640625 0.0109375
0 0.43203125 0.29296875 0.10625 0.01015625
0 0.29375 0.29453125 0.125 0.01328125
0 0.5625 0.29453125 0.10234375 0.0125
0 0.22734375 0.31015625 0.0890625 0.0109375
0 0.12890625 0.31015625 0.0625 0.0109375
0 0.3015625 0.31015625 0.01875 0.0109375
0 0.4984375 0.31015625 0.0640625 0.0109375
0 0.59453125 0.31015625 0.0796875 0.01015625
0 0.7390625 0.3109375 0.14921875 0.009375
0 0.38515625 0.31171875 0.10234375 0.0125
0 0.85390625 0.31171875 0.03515625 0.0125
0 0.18359375 0.32578125 0.08203125 0.0109375
0 0.47734375 0.3265625 0.0640625 0.009375
0 0.56484375 0.3265625 0.06640625 0.0109375
0 0.675 0.3265625 0.1078125 0.0109375
0 0.3328125 0.32734375 0.16875 0.0125
0 0.8 0.328125 0.10078125 0.01328125
0 0.25859375 0.3421875 0.109375 0.0109375
0 0.3890625 0.3421875 0.10625 0.0109375
0 0.5390625 0.34375 0.14609375 0.0109375
0 0.28125 0.359375 0.14765625 0.009375
0 0.409375 0.359375 0.05703125 0.01015625
0 0.553125 0.359375 0.1703125 0.01015625
0 0.321875 0.3765625 0.0625 0.0109375
0 0.2390625 0.3765625 0.0640625 0.0109375
0 0.5078125 0.3765625 0.25703125 0.0109375
0 0.2375 0.39375 0.05703125 0.0109375
0 0.35703125 0.39375 0.03984375 0.0109375
0 0.48671875 0.39453125 0.0796875 0.0109375
0 0.596875 0.39453125 0.08359375 0.0109375
0 0.14765625 0.42734375 0.19140625 0.01171875
0 0.54296875 0.428125 0.3234375 0.0109375
0 0.12734375 0.44453125 0.14921875 0.0109375
0 0.4453125 0.4453125 0.12890625 0.0109375
0 0.1375 0.4609375 0.17421875 0.0109375
0 0.26796875 0.4609375 0.04140625 0.0109375
0 0.47578125 0.4609375 0.18984375 0.01015625
0 0.10703125 0.47734375 0.10625 0.01015625
0 0.20546875 0.47734375 0.0453125 0.0109375
0 0.38984375 0.47734375 0.02109375 0.0109375
0 0.47578125 0.49453125 0.18984375 0.01015625
0 0.25390625 0.49453125 0.059375 0.0109375
0 0.12890625 0.49453125 0.14609375 0.0109375
0 0.35546875 0.52734375 0.171875 0.0109375
0 0.53984375 0.52734375 0.1515625 0.0109375
0 0.3109375 0.5609375 0.12890625 0.0109375
0 0.1796875 0.5609375 0.08515625 0.01015625
0 0.4546875 0.5609375 0.10625 0.0109375
0 0.09453125 0.5625 0.0328125 0.01328125
0 0.7828125 0.5625 0.09765625 0.0125
0 0.6375 0.5625 0.1203125 0.01328125
0 0.12578125 0.578125 0.0125 0.0109375
0 0.16953125 0.578125 0.01875 0.0109375
0 0.321875 0.578125 0.1078125 0.0109375
0 0.87109375 0.57890625 0.1046875 0.0109375
0 0.4984375 0.5796875 0.10625 0.01328125
0 0.646875 0.58046875 0.1046875 0.01328125
0 0.14375 0.61640625 0.13359375 0.02109375
0 0.8515625 0.61796875 0.1234375 0.0203125
0 0.86015625 0.646875 0.09921875 0.01875
0 0.1546875 0.6484375 0.20546875 0.02421875
0 0.32265625 0.6484375 0.07109375 0.025
0 0.84765625 0.7046875 0.13046875 0.02109375
0 0.1546875 0.70703125 0.20859375 0.0265625
0 0.090625 0.734375 0.0796875 0.02109375
0 0.26171875 0.734375 0.203125 0.02109375
0 0.8625 0.734375 0.1046875 0.01953125
0 0.8703125 0.759375 0.10625 0.0109375
0 0.553125 0.759375 0.08671875 0.0109375
0 0.57578125 0.77578125 0.12890625 0.0109375
0 0.88125 0.7765625 0.08515625 0.0109375
0 0.10546875 0.80859375 0.10625 0.0109375
0 0.25546875 0.80859375 0.153125 0.009375
0 0.4328125 0.80859375 0.14921875 0.0109375
0 0.74765625 0.80859375 0.08359375 0.009375
0 0.075 0.840625 0.04140625 0.0109375
0 0.13828125 0.840625 0.03984375 0.0109375
0 0.41015625 0.840625 0.0140625 0.01015625
0 0.25546875 0.84140625 0.14296875 0.0125
0 0.08203125 0.90703125 0.0625 0.0109375
0 0.2140625 0.90859375 0.14921875 0.0125
0 0.528125 0.90859375 0.21015625 0.0125
0 0.82421875 0.90859375 0.14609375 0.01328125
0 0.8609375 0.92421875 0.08359375 0.01015625
0 0.5890625 0.92421875 0.10234375 0.01015625
0 0.14765625 0.92421875 0.1875 0.0125
0 0.54375 0.9859375 0.0640625 0.00390625
0 0.43515625 0.9859375 0.1046875 0.00390625