0 0.53984375 0.15390625 0.0921875 0.01796875
0 0.32109375 0.1546875 0.15 0.01796875
0 0.44453125 0.1546875 0.0546875 0.01640625
0 0.40859375 0.17734375 0.2046875 0.01796875
0 0.31328125 0.2 0.0921875 0.01875
0 0.634375 0.20078125 0.084375 0.01953125
0 0.19765625 0.2015625 0.0859375 0.01875
0 0.4734375 0.2015625 0.1859375 0.01953125
0 0.52109375 0.22265625 0.1296875 0.01875
0 0.37890625 0.2234375 0.11015625 0.01875
0 0.6703125 0.2234375 0.12578125 0.01953125
0 0.17890625 0.22421875 0.13125 0.01953125
0 0.28203125 0.22421875 0.0296875 0.01875
0 0.25625 0.24609375 0.0921875 0.01640625
0 0.38671875 0.24609375 0.12578125 0.01953125
0 0.55 0.246875 0.14921875 0.01953125
0 0.21640625 0.26796875 0.05390625 0.01640625
0 0.29453125 0.26796875 0.0546875 0.01640625
0 0.53125 0.26796875 0.225 0.01640625
0 0.3671875 0.26796875 0.0484375 0.01796875
0 0.24375 0.3140625 0.10703125 0.01796875
0 0.475 0.3140625 0.25546875 0.01796875
0 0.6171875 0.36015625 0.12890625 0.0171875
0 0.2765625 0.36015625 0.12578125 0.0171875
0 0.453125 0.36015625 0.14375 0.01640625
0 0.15 0.3609375 0.06640625 0.0171875
0 0.06796875 0.3609375 0.0515625 0.0171875
0 0.49609375 0.3828125 0.14296875 0.01640625
0 0.07578125 0.3828125 0.07421875 0.0171875
0 0.30390625 0.3828125 0.18359375 0.0171875
0 0.6734375 0.428125 0.09140625 0.01953125
0 0.76953125 0.428125 0.05546875 0.0171875
0 0.35 0.4296875 0.05546875 0.01953125
0 0.14296875 0.4296875 0.209375 0.01953125
0 0.52109375 0.43046875 0.1328125 0.0203125
0 0.16171875 0.47421875 0.0484375 0.01796875
0 0.07421875 0.475 0.06796875 0.01953125
0 0.68125 0.496875 0.07265625 0.01640625
0 0.7765625 0.496875 0.03515625 0.01640625
0 0.315625 0.496875 0.0125 0.015625
0 0.51171875 0.496875 0.07265625 0.01640625
0 0.35234375 0.4984375 0.01640625 0.0125
0 0.06796875 0.51953125 0.0515625 0.01796875
0 0.1421875 0.5203125 0.0484375 0.01875
0 0.315625 0.54140625 0.0125 0.015625
0 0.68125 0.5421875 0.07265625 0.01796875
0 0.7765625 0.5421875 0.03515625 0.01796875
0 0.51171875 0.54296875 0.07265625 0.01640625
0 0.35390625 0.54453125 0.01796875 0.0125
0 0.0765625 0.565625 0.07421875 0.01796875
0 0.1625 0.56640625 0.0484375 0.01875
0 0.51171875 0.5875 0.07265625 0.01640625
0 0.3140625 0.5875 0.01484375 0.01640625
0 0.68125 0.58828125 0.07265625 0.01640625
0 0.7765625 0.58828125 0.03515625 0.01640625
0 0.35078125 0.58984375 0.01484375 0.0125
0 0.078125 0.609375 0.071875 0.01875
0 0.171875 0.61015625 0.07265625 0.01875
0 0.3140625 0.63125 0.01484375 0.015625
0 0.51171875 0.63203125 0.07265625 0.01640625
0 0.68203125 0.6328125 0.07265625 0.01640625
0 0.77734375 0.6328125 0.0375 0.01640625
0 0.35078125 0.63359375 0.01484375 0.0125
0 0.2578125 0.678125 0.01484375 0.01640625
0 0.0859375 0.678125 0.0859375 0.0171875
0 0.1890625 0.678125 0.06796875 0.0171875
0 0.084375 0.7 0.0859375 0.01796875
0 0.759375 0.70078125 0.07265625 0.0171875
0 0.40703125 0.7015625 0.08671875 0.01796875
0 0.2484375 0.7015625 0.18359375 0.0203125
0 0.7609375 0.7234375 0.07265625 0.01640625
0 0.06796875 0.7234375 0.05390625 0.0171875
0 0.3140625 0.72421875 0.08359375 0.01953125
0 0.18125 0.72421875 0.12890625 0.0203125
0 0.38046875 0.74453125 0.03359375 0.0171875
0 0.084375 0.74453125 0.08828125 0.01796875
0 0.24921875 0.7453125 0.18359375 0.01953125
0 0.7609375 0.7453125 0.07265625 0.0171875
0 0.4640625 0.74609375 0.08671875 0.01796875
0 0.7203125 0.76796875 0.146875 0.0171875
0 0.14921875 0.76875 0.2125 0.01796875
0 0.7609375 0.81328125 0.07265625 0.01640625
0 0.078125 0.81328125 0.07421875 0.01640625
0 0.06796875 0.88125 0.05390625 0.01640625
0 0.51171875 0.88203125 0.184375 0.01875
0 0.73046875 0.8828125 0.1265625 0.01875
0 0.18203125 0.8828125 0.12890625 0.01875
0 0.56953125 0.903125 0.07265625 0.01640625
0 0.06015625 0.903125 0.034375 0.01796875
0 0.25078125 0.90390625 0.03359375 0.01953125
0 0.3140625 0.90390625 0.0515625 0.01953125
0 0.759375 0.90390625 0.07265625 0.01640625