0 0.1640625 0.0609375 0.2109375 0.01640625
0 0.384375 0.0609375 0.2015625 0.015625
0 0.628125 0.0609375 0.07578125 0.015625
0 0.72109375 0.0609375 0.08046875 0.015625
0 0.5390625 0.06328125 0.07734375 0.01796875
0 0.86171875 0.0640625 0.17578125 0.015625
0 0.31171875 0.07890625 0.053125 0.0125
0 0.44140625 0.08046875 0.08515625 0.015625
0 0.56171875 0.08125 0.12734375 0.01484375
0 0.6765625 0.08125 0.07265625 0.01796875
0 0.3640625 0.08125 0.02734375 0.01484375
0 0.30625 0.09921875 0.09375 0.0125
0 0.40859375 0.09921875 0.08203125 0.01484375
0 0.51171875 0.1015625 0.0984375 0.0171875
0 0.65625 0.1015625 0.1546875 0.0171875
0 0.2296875 0.11875 0.059375 0.01484375
0 0.4140625 0.11875 0.146875 0.01484375
0 0.29609375 0.11875 0.046875 0.0125
0 0.58125 0.11875 0.12421875 0.015625
0 0.73125 0.12109375 0.15 0.01484375
0 0.34765625 0.13828125 0.07578125 0.015625
0 0.4265625 0.13828125 0.05 0.015625
0 0.5796875 0.1390625 0.22734375 0.01640625
0 0.2515625 0.18046875 0.0546875 0.025
0 0.459375 0.18046875 0.01640625 0.025
0 0.365625 0.18125 0.12734375 0.02578125
0 0.7390625 0.18125 0.07109375 0.02578125
0 0.58671875 0.18125 0.190625 0.02578125
0 0.4390625 0.22890625 0.07109375 0.02578125
0 0.525 0.23046875 0.05 0.02578125
0 0.60234375 0.23125 0.06640625 0.025
0 0.74296875 0.23125 0.15 0.025
0 0.11171875 0.25625 0.12734375 0.0125
0 0.5640625 0.25859375 0.08515625 0.0125
0 0.7296875 0.25859375 0.18515625 0.0125
0 0.49296875 0.2890625 0.053125 0.025
0 0.56796875 0.2890625 0.0546875 0.025
0 0.2640625 0.2890625 0.0921875 0.025
0 0.115625 0.2890625 0.15 0.025
0 0.3890625 0.2890625 0.11328125 0.025
0 0.09765625 0.31796875 0.1109375 0.01328125
0 0.33515625 0.31875 0.0484375 0.0125
0 0.39609375 0.31875 0.01796875 0.0125
0 0.43359375 0.31875 0.01640625 0.0125
0 0.23125 0.31875 0.1078125 0.015625
0 0.4796875 0.31875 0.03046875 0.015625
0 0.1765625 0.33828125 0.03359375 0.01015625
0 0.0890625 0.3390625 0.090625 0.0125
0 0.27109375 0.3390625 0.103125 0.01484375
0 0.0890625 0.35625 0.09375 0.01171875
0 0.2140625 0.3578125 0.1109375 0.01171875
0 0.48125 0.35859375 0.146875 0.01171875
0 0.3390625 0.35859375 0.08359375 0.01171875
0 0.09609375 0.37578125 0.1015625 0.01484375
0 0.23125 0.3765625 0.13671875 0.0125
0 0.37265625 0.3765625 0.11640625 0.01484375
0 0.53671875 0.39609375 0.2484375 0.015625
0 0.74609375 0.39609375 0.08203125 0.01171875
0 0.61015625 0.4203125 0.07578125 0.01484375
0 0.3890625 0.4203125 0.0484375 0.0125
0 0.46796875 0.4203125 0.0515625 0.0125
0 0.5390625 0.4203125 0.01640625 0.0125
0 0.3140625 0.42109375 0.05625 0.01171875
0 0.140625 0.42109375 0.209375 0.01796875
0 0.7515625 0.42109375 0.12890625 0.01484375
0 0.07265625 0.45078125 0.06484375 0.0125
0 0.40859375 0.45078125 0.01484375 0.0125
0 0.48359375 0.45078125 0.01953125 0.0125
0 0.3046875 0.45078125 0.07109375 0.0125
0 0.6328125 0.4515625 0.01484375 0.01015625
0 0.7796875 0.4515625 0.07265625 0.01015625
0 0.54140625 0.4515625 0.01796875 0.01015625
0 0.1796875 0.45078125 0.0921875 0.0125
0 0.4828125 0.471875 0.01484375 0.0125
0 0.54140625 0.471875 0.01796875 0.0125
0 0.6328125 0.471875 0.01484375 0.0125
0 0.7796875 0.471875 0.07265625 0.0125
0 0.065625 0.471875 0.06328125 0.0125
0 0.40625 0.471875 0.01640625 0.0125
0 0.1578125 0.471875 0.090625 0.0125
0 0.30234375 0.471875 0.06953125 0.0125
0 0.06015625 0.49140625 0.04375 0.0125
0 0.77265625 0.49140625 0.090625 0.0125
0 0.48515625 0.49140625 0.01640625 0.0125
0 0.54140625 0.49140625 0.01796875 0.01015625
0 0.6296875 0.49140625 0.03359375 0.0125
0 0.4078125 0.49140625 0.01640625 0.0125
0 0.1640625 0.49140625 0.08515625 0.015625
0 0.3046875 0.49140625 0.07421875 0.01171875
0 0.43671875 0.52578125 0.0390625 0.02578125
0 0.7796875 0.52578125 0.07578125 0.025
0 0.34765625 0.5265625 0.0921875 0.02734375
0 0.55625 0.528125 0.16484375 0.03125
0 0.4 0.5609375 0.03515625 0.01171875
0 0.628125 0.5609375 0.03359375 0.01171875
0 0.12265625 0.5609375 0.16796875 0.01171875
0 0.48515625 0.5609375 0.01640625 0.01015625
0 0.54140625 0.5609375 0.01796875 0.01015625
0 0.77109375 0.5609375 0.090625 0.01171875
0 0.30625 0.5609375 0.07109375 0.01171875
0 0.12109375 0.59375 0.090625 0.02734375
0 0.21015625 0.59375 0.03671875 0.025
0 0.77109375 0.59375 0.090625 0.025
0 0.59609375 0.59609375 0.08515625 0.03203125
0 0.47265625 0.596875 0.10625 0.03515625
0 0.32265625 0.59609375 0.1484375 0.03203125
0 0.60234375 0.63359375 0.06640625 0.025
0 0.7796875 0.63359375 0.07265625 0.025
0 0.1390625 0.67578125 0.090625 0.02734375
0 0.228125 0.6765625 0.03671875 0.025
0 0.77109375 0.6765625 0.090625 0.025
0 0.3390625 0.67890625 0.1484375 0.03203125
0 0.48203125 0.67890625 0.08359375 0.03515625
0 0.59609375 0.67890625 0.08515625 0.03515625
0 0.34765625 0.71640625 0.0921875 0.025
0 0.7796875 0.71796875 0.07578125 0.0265625
0 0.43671875 0.71796875 0.0390625 0.025
0 0.55625 0.71875 0.1609375 0.03515625
0 0.4265625 0.75859375 0.0890625 0.02734375
0 0.77109375 0.7609375 0.09375 0.02578125
0 0.5640625 0.76328125 0.14375 0.03203125
0 0.1140625 0.80859375 0.140625 0.0125
0 0.26171875 0.828125 0.0921875 0.01328125
0 0.11953125 0.828125 0.1484375 0.01328125
0 0.64453125 0.82890625 0.0921875 0.0125
0 0.803125 0.82890625 0.18046875 0.0125
0 0.4640625 0.82890625 0.03046875 0.009375
0 0.5390625 0.82890625 0.07421875 0.015625
0 0.3765625 0.82890625 0.0890625 0.015625
0 0.07109375 0.846875 0.0546875 0.0125
0 0.3296875 0.8484375 0.03671875 0.0125
0 0.46171875 0.8484375 0.18515625 0.01171875
0 0.20625 0.8484375 0.16796875 0.015625
0 0.6515625 0.8484375 0.1484375 0.015625
0 0.7640625 0.85078125 0.03046875 0.009375
0 0.30625 0.86796875 0.07421875 0.01171875
0 0.11953125 0.86875 0.1484375 0.01484375
0 0.8734375 0.86875 0.05 0.0125
0 0.23359375 0.86875 0.03515625 0.01015625
0 0.80234375 0.86875 0.03359375 0.01015625
0 0.66171875 0.86875 0.2046875 0.015625
0 0.453125 0.87109375 0.16796875 0.0125
0 0.72109375 0.88828125 0.0515625 0.01171875
0 0.18515625 0.88828125 0.0515625 0.01015625
0 0.29765625 0.88828125 0.12421875 0.015625
0 0.47265625 0.88828125 0.0515625 0.01015625
0 0.5640625 0.88828125 0.0921875 0.01171875
0 0.653125 0.88828125 0.03515625 0.01171875
0 0.09296875 0.88828125 0.08515625 0.015625
0 0.4046875 0.88828125 0.0390625 0.01015625
0 0.31953125 0.9078125 0.09375 0.01328125
0 0.47734375 0.90859375 0.06796875 0.0125
0 0.68125 0.90859375 0.12734375 0.0125
0 0.56640625 0.90859375 0.0515625 0.0125
0 0.7765625 0.909375 0.01484375 0.01015625
0 0.14609375 0.90859375 0.2046875 0.01484375
0 0.40625 0.909375 0.02890625 0.01015625
0 0.2890625 0.92890625 0.08046875 0.01484375
0 0.13671875 0.9296875 0.190625 0.015625
0 0.4390625 0.95078125 0.2578125 0.01484375
0 0.63515625 0.95078125 0.103125 0.01484375