0 0.61640625 0.18984375 0.26171875 0.02734375
0 0.6171875 0.22890625 0.265625 0.03203125
0 0.48203125 0.3125 0.1375 0.01953125
0 0.6734375 0.3125 0.059375 0.0171875
0 0.36796875 0.31328125 0.0609375 0.01953125
0 0.6 0.31328125 0.0609375 0.01953125
0 0.43125 0.33828125 0.06328125 0.02109375
0 0.56171875 0.3390625 0.165625 0.01953125
0 0.49921875 0.365625 0.0515625 0.0203125
0 0.4046875 0.36640625 0.09140625 0.02109375
0 0.67109375 0.36796875 0.0484375 0.01875
0 0.58203125 0.36796875 0.09453125 0.0203125
0 0.446875 0.3921875 0.13203125 0.0171875
0 0.6046875 0.39296875 0.14296875 0.01953125
0 0.72421875 0.41953125 0.0203125 0.01953125
0 0.61953125 0.4203125 0.13515625 0.01875
0 0.365625 0.4203125 0.0484375 0.01875
0 0.48671875 0.4203125 0.0984375 0.0203125
0 0.41640625 0.4203125 0.02265625 0.01875
0 0.3890625 0.4453125 0.0984375 0.01796875
0 0.5046875 0.4453125 0.096875 0.01796875
0 0.63359375 0.446875 0.12578125 0.0203125
0 0.61328125 0.47265625 0.309375 0.021875
0 0.34453125 0.47265625 0.07421875 0.0203125
0 0.42265625 0.47265625 0.03515625 0.01796875
0 0.65078125 0.5 0.0765625 0.01796875
0 0.409375 0.50078125 0.0578125 0.0203125
0 0.52265625 0.50078125 0.1484375 0.01796875
0 0.6 0.5546875 0.26015625 0.01953125
0 0.365625 0.5546875 0.11328125 0.01796875
0 0.69375 0.60703125 0.31015625 0.02109375
0 0.21953125 0.6078125 0.0578125 0.0203125
0 0.37734375 0.60703125 0.0171875 0.01484375
0 0.29921875 0.6078125 0.05390625 0.01796875
0 0.47265625 0.61015625 0.1203125 0.01796875
0 0.76171875 0.6328125 0.17421875 0.01796875
0 0.59921875 0.63359375 0.11328125 0.01796875
0 0.22109375 0.63515625 0.05703125 0.0203125
0 0.296875 0.63515625 0.05703125 0.0171875
0 0.80234375 0.6578125 0.090625 0.01875
0 0.6859375 0.66015625 0.09453125 0.021875
0 0.52265625 0.66015625 0.1859375 0.021875
0 0.34765625 0.6625 0.0765625 0.01796875
0 0.24140625 0.6625 0.096875 0.021875
0 0.80234375 0.68515625 0.08515625 0.01796875
0 0.6859375 0.6859375 0.09140625 0.02109375
0 0.525 0.6875 0.1859375 0.02109375
0 0.23046875 0.68828125 0.078125 0.01796875
0 0.32890625 0.68828125 0.078125 0.01796875
0 0.8140625 0.7125 0.0703125 0.01875
0 0.38828125 0.71484375 0.0765625 0.01875
0 0.2625 0.71640625 0.1359375 0.02109375
0 0.79375 0.73984375 0.11640625 0.01875
0 0.61171875 0.740625 0.01875 0.01796875
0 0.5421875 0.74140625 0.0765625 0.01875
0 0.37890625 0.7421875 0.059375 0.0171875
0 0.26171875 0.74296875 0.1375 0.0203125
0 0.79375 0.79296875 0.11640625 0.01796875
0 0.2546875 0.79765625 0.11875 0.01796875
0 0.79453125 0.81953125 0.11484375 0.01953125
0 0.5453125 0.82265625 0.078125 0.01875
0 0.22421875 0.825 0.05703125 0.01875
0 0.8359375 0.871875 0.02265625 0.01796875
0 0.796875 0.87265625 0.02265625 0.0203125
0 0.715625 0.87265625 0.071875 0.01875
0 0.290625 0.878125 0.18203125 0.01953125
0 0.79921875 0.8984375 0.02578125 0.01796875
0 0.8390625 0.89921875 0.02734375 0.0203125
0 0.71953125 0.9 0.0703125 0.02109375
0 0.275 0.903125 0.159375 0.01796875
0 0.8390625 0.925 0.02734375 0.021875
0 0.79921875 0.92734375 0.02265625 0.01953125
0 0.7171875 0.928125 0.071875 0.01953125
0 0.31640625 0.9328125 0.23359375 0.02109375
0 0.67578125 0.95546875 0.059375 0.01875
0 0.6078125 0.95546875 0.0421875 0.0203125
0 0.48359375 0.95703125 0.16875 0.01953125
0 0.615625 0.98203125 0.059375 0.0171875
0 0.51796875 0.98203125 0.09140625 0.0171875