0 0.22578125 0.175 0.046875 0.0109375
0 0.33125 0.175 0.1046875 0.0109375
0 0.615625 0.175 0.053125 0.0109375
0 0.69296875 0.175 0.05390625 0.0125
0 0.4890625 0.175 0.1421875 0.01328125
0 0.32578125 0.19140625 0.04921875 0.0125
0 0.5484375 0.19140625 0.17890625 0.0140625
0 0.4015625 0.1921875 0.0515625 0.0125
0 0.278125 0.2078125 0.1046875 0.01171875
0 0.16796875 0.2078125 0.04453125 0.0109375
0 0.36328125 0.2078125 0.015625 0.0109375
0 0.59609375 0.2078125 0.09296875 0.0125
0 0.69375 0.2078125 0.053125 0.0125
0 0.7515625 0.2078125 0.01796875 0.0125
0 0.45859375 0.2078125 0.12265625 0.0125
0 0.66328125 0.22421875 0.153125 0.01171875
0 0.228125 0.22421875 0.1296875 0.0109375
0 0.44140625 0.22421875 0.24453125 0.01171875
0 0.228125 0.240625 0.08671875 0.01171875
0 0.48046875 0.240625 0.17265625 0.0125
0 0.3328125 0.240625 0.0703125 0.0125
0 0.68359375 0.240625 0.153125 0.0125
0 0.25859375 0.25625 0.0671875 0.01171875
0 0.3359375 0.25625 0.0296875 0.01171875
0 0.39296875 0.25625 0.0328125 0.0109375
0 0.56796875 0.2578125 0.25625 0.0125
0 0.40390625 0.2734375 0.04921875 0.0125
0 0.49765625 0.27421875 0.08671875 0.0140625
0 0.37109375 0.2890625 0.07421875 0.01171875
0 0.50859375 0.28984375 0.14921875 0.01171875
0 0.35546875 0.321875 0.190625 0.0125
0 0.67578125 0.321875 0.1375 0.0125
0 0.84140625 0.321875 0.0375 0.0125
0 0.1609375 0.32265625 0.14921875 0.0109375
0 0.528125 0.321875 0.1109375 0.0125
0 0.25859375 0.33828125 0.06953125 0.01171875
0 0.1234375 0.3390625 0.0703125 0.0125
0 0.15078125 0.3546875 0.1296875 0.01171875
0 0.6359375 0.35546875 0.09296875 0.0125
0 0.55859375 0.35546875 0.0203125 0.0125
0 0.51875 0.35546875 0.01171875 0.0125
0 0.77265625 0.35546875 0.09609375 0.0125
0 0.45078125 0.37109375 0.15078125 0.0125
0 0.1203125 0.37109375 0.0625 0.01171875
0 0.61796875 0.37109375 0.12578125 0.0125
0 0.26796875 0.371875 0.16953125 0.0125
0 0.840625 0.371875 0.03671875 0.0125
0 0.1234375 0.3875 0.07265625 0.0125
0 0.240625 0.38828125 0.0296875 0.0109375
0 0.63828125 0.40390625 0.08828125 0.0125
0 0.20859375 0.40390625 0.24609375 0.0125
0 0.55859375 0.40390625 0.015625 0.01328125
0 0.77109375 0.4046875 0.0953125 0.0125
0 0.51796875 0.4046875 0.015625 0.0125
0 0.14140625 0.42109375 0.1109375 0.0125
0 0.30625 0.42109375 0.16484375 0.0125
0 0.84140625 0.42109375 0.03515625 0.0125
0 0.3359375 0.43671875 0.03203125 0.01171875
0 0.1703125 0.43671875 0.1671875 0.01171875
0 0.55859375 0.45390625 0.0203125 0.0125
0 0.7828125 0.45390625 0.0765625 0.0125
0 0.15078125 0.45390625 0.1296875 0.0125
0 0.64609375 0.45390625 0.07265625 0.0125
0 0.5203125 0.45390625 0.0109375 0.0125
0 0.2109375 0.46953125 0.05390625 0.01171875
0 0.38359375 0.46953125 0.0890625 0.01171875
0 0.11875 0.46953125 0.065625 0.01171875
0 0.84140625 0.46953125 0.03515625 0.0125
0 0.2859375 0.46953125 0.0515625 0.01171875
0 0.51796875 0.4703125 0.13046875 0.01171875
0 0.18046875 0.48671875 0.18671875 0.01171875
0 0.39375 0.48671875 0.1046875 0.0125
0 0.55859375 0.50234375 0.01796875 0.0109375
0 0.78046875 0.50234375 0.0765625 0.0125
0 0.5203125 0.50234375 0.0109375 0.0125
0 0.20859375 0.50234375 0.24609375 0.0125
0 0.6453125 0.50234375 0.071875 0.01171875
0 0.478125 0.51796875 0.0484375 0.0125
0 0.56796875 0.51953125 0.075 0.0125
0 0.375 0.51953125 0.1109375 0.01171875
0 0.2484375 0.51953125 0.09140625 0.01171875
0 0.84140625 0.51953125 0.0375 0.0125
0 0.13125 0.51953125 0.0953125 0.0125
0 0.12109375 0.5359375 0.06796875 0.0125
0 0.28046875 0.53671875 0.10703125 0.01328125
0 0.5609375 0.55078125 0.01796875 0.0140625
0 0.78359375 0.55078125 0.075 0.0140625
0 0.6484375 0.55078125 0.07265625 0.01171875
0 0.1515625 0.5515625 0.13046875 0.0125
0 0.5234375 0.55234375 0.009375 0.0125
0 0.84140625 0.56796875 0.03515625 0.0125
0 0.30625 0.56796875 0.04921875 0.0125
0 0.22890625 0.56796875 0.05546875 0.0125
0 0.13359375 0.56875 0.090625 0.01171875
0 0.278125 0.58515625 0.03203125 0.0125
0 0.14375 0.58515625 0.1109375 0.0125
0 0.55859375 0.60078125 0.01640625 0.0125
0 0.6375 0.60078125 0.09375 0.0125
0 0.7734375 0.60078125 0.0953125 0.0140625
0 0.1515625 0.6015625 0.13046875 0.0125
0 0.52109375 0.6015625 0.009375 0.0125
0 0.44296875 0.6171875 0.09296875 0.01171875
0 0.31796875 0.6171875 0.1109375 0.01171875
0 0.84140625 0.6171875 0.03515625 0.0125
0 0.16328125 0.61796875 0.14921875 0.01171875
0 0.1234375 0.63359375 0.07265625 0.0125
0 0.27890625 0.63359375 0.10859375 0.0140625
0 0.64765625 0.65 0.07421875 0.0125
0 0.5609375 0.65 0.01796875 0.0140625
0 0.78359375 0.65 0.07265625 0.0125
0 0.52265625 0.65 0.00859375 0.0125
0 0.1515625 0.65078125 0.13046875 0.0125
0 0.28828125 0.68203125 0.01171875 0.0125
0 0.85078125 0.68203125 0.01640625 0.0125
0 0.72265625 0.6828125 0.11171875 0.0140625
0 0.153125 0.6828125 0.12734375 0.0125
0 0.80390625 0.7140625 0.1109375 0.0125
0 0.70546875 0.7140625 0.03671875 0.0125
0 0.240625 0.71484375 0.0671875 0.01328125
0 0.375 0.71484375 0.11328125 0.0125
0 0.1328125 0.715625 0.08671875 0.0125
0 0.803125 0.73125 0.10703125 0.0125
0 0.70390625 0.73125 0.03515625 0.0125
0 0.125 0.7328125 0.07421875 0.01171875
0 0.74375 0.746875 0.03515625 0.0125
0 0.8203125 0.746875 0.071875 0.0125
0 0.14375 0.7484375 0.11328125 0.0125
0 0.6953125 0.78125 0.12734375 0.0140625
0 0.4984375 0.78125 0.12734375 0.0140625
0 0.1109375 0.78125 0.046875 0.0125
0 0.23046875 0.78125 0.1296875 0.0125
0 0.76328125 0.796875 0.07421875 0.0125
0 0.553125 0.796875 0.10625 0.0125
0 0.203125 0.796875 0.071875 0.0125
0 0.11328125 0.79765625 0.053125 0.01171875
0 0.628125 0.84609375 0.03515625 0.01171875
0 0.76328125 0.846875 0.190625 0.0125
0 0.3109375 0.846875 0.08671875 0.0125
0 0.41328125 0.846875 0.07265625 0.0125
0 0.51328125 0.846875 0.07734375 0.0125
0 0.165625 0.846875 0.1484375 0.0125
0 0.48359375 0.8625 0.1296875 0.0125
0 0.328125 0.8625 0.1296875 0.0125
0 0.16328125 0.86328125 0.15078125 0.0125
0 0.3484375 0.8953125 0.0140625 0.01171875
0 0.66796875 0.8953125 0.11171875 0.0125
0 0.52265625 0.89609375 0.13046875 0.0125
0 0.40625 0.89609375 0.0515625 0.0125
0 0.2609375 0.89609375 0.11328125 0.0125
0 0.5609375 0.91171875 0.13046875 0.0125
0 0.43515625 0.91171875 0.075 0.01171875
0 0.3484375 0.91171875 0.0515625 0.01171875
0 0.2890625 0.9125 0.01328125 0.0125
0 0.62890625 0.92890625 0.1140625 0.0125
0 0.3203125 0.92890625 0.146875 0.0125
0 0.51328125 0.92890625 0.075 0.0125
0 0.4359375 0.92890625 0.03203125 0.01171875