0 0.24375 0.12421875 0.14296875 0.015625
0 0.56953125 0.12421875 0.10859375 0.01484375
0 0.41640625 0.12421875 0.15859375 0.015625
0 0.7234375 0.12421875 0.1671875 0.015625
0 0.49140625 0.1421875 0.26484375 0.01484375
0 0.47890625 0.1640625 0.1109375 0.01171875
0 0.30703125 0.1640625 0.0671875 0.0125
0 0.3828125 0.1640625 0.0578125 0.0125
0 0.6296875 0.1640625 0.15859375 0.0125
0 0.29453125 0.18515625 0.09921875 0.0125
0 0.640625 0.1859375 0.2078125 0.01171875
0 0.43984375 0.1859375 0.1640625 0.01328125
0 0.184375 0.21875 0.0625 0.01171875
0 0.35625 0.21953125 0.21640625 0.01328125
0 0.54609375 0.21953125 0.06484375 0.01328125
0 0.72109375 0.2203125 0.215625 0.01328125
0 0.328125 0.24140625 0.071875 0.0125
0 0.3953125 0.24140625 0.03203125 0.0125
0 0.56484375 0.2421875 0.24453125 0.01328125
0 0.53359375 0.26875 0.159375 0.01328125
0 0.40390625 0.26953125 0.07421875 0.01328125
0 0.06484375 0.2875 0.040625 0.0125
0 0.11953125 0.2875 0.0390625 0.0125
0 0.0859375 0.31015625 0.0828125 0.0125
0 0.18984375 0.3109375 0.103125 0.0125
0 0.3015625 0.31171875 0.096875 0.0125
0 0.478125 0.3125 0.228125 0.0125
0 0.19453125 0.33046875 0.10859375 0.01171875
0 0.3125 0.33125 0.1015625 0.0109375
0 0.071875 0.33125 0.0515625 0.0125
0 0.11953125 0.33125 0.01328125 0.0125
0 0.38515625 0.33125 0.01640625 0.0109375
0 0.10625 0.35 0.121875 0.01328125
0 0.22890625 0.35 0.09609375 0.0125
0 0.33828125 0.35078125 0.09921875 0.01328125
0 0.12265625 0.371875 0.15390625 0.01328125
0 0.3125 0.371875 0.1984375 0.01328125
0 0.153125 0.39296875 0.215625 0.0125
0 0.1484375 0.4109375 0.0484375 0.01484375
0 0.4109375 0.4140625 0.2140625 0.0125
0 0.84609375 0.4140625 0.18125 0.01484375
0 0.090625 0.41484375 0.0390625 0.009375
0 0.68671875 0.415625 0.0828125 0.0125
0 0.1046875 0.4359375 0.12421875 0.0125
0 0.35625 0.4359375 0.09609375 0.01171875
0 0.68203125 0.4375 0.08203125 0.0125
0 0.828125 0.4375 0.134375 0.0125
0 0.14296875 0.46015625 0.1984375 0.015625
0 0.68984375 0.4609375 0.07109375 0.0125
0 0.609375 0.49375 0.0875 0.01328125
0 0.79609375 0.49375 0.08828125 0.01328125
0 0.07265625 0.50703125 0.06328125 0.0109375
0 0.46640625 0.5078125 0.10234375 0.01171875
0 0.609375 0.5078125 0.10234375 0.01171875
0 0.7796875 0.5078125 0.11328125 0.0125
0 0.3328125 0.50859375 0.0515625 0.01328125
0 0.91875 0.50859375 0.053125 0.0109375
0 0.09296875 0.525 0.09609375 0.0109375
0 0.46640625 0.52578125 0.059375 0.0109375
0 0.33046875 0.5265625 0.0734375 0.01171875
0 0.60859375 0.5265625 0.0578125 0.0109375
0 0.79140625 0.5265625 0.09375 0.0109375
0 0.92109375 0.5265625 0.0390625 0.0109375
0 0.0828125 0.5453125 0.07734375 0.0109375
0 0.18125 0.54609375 0.09375 0.0125
0 0.5859375 0.56953125 0.03359375 0.00703125
0 0.09609375 0.56953125 0.09921875 0.0109375
0 0.4421875 0.56953125 0.03125 0.0109375
0 0.48671875 0.5703125 0.03359375 0.009375
0 0.33046875 0.57109375 0.0109375 0.009375
0 0.8015625 0.571875 0.07578125 0.0109375
0 0.92421875 0.57265625 0.0375 0.0109375
0 0.090625 0.59140625 0.08828125 0.0109375
0 0.1953125 0.59140625 0.096875 0.0109375
0 0.278125 0.5921875 0.040625 0.01328125
0 0.12734375 0.61328125 0.07890625 0.01328125
0 0.33046875 0.61328125 0.0828125 0.0125
0 0.790625 0.61484375 0.11015625 0.01328125
0 0.20859375 0.61484375 0.06171875 0.01640625
0 0.21328125 0.64921875 0.07578125 0.0125
0 0.30703125 0.64921875 0.0796875 0.0125
0 0.7890625 0.65 0.1078125 0.0109375
0 0.4421875 0.6515625 0.1609375 0.01640625
0 0.57734375 0.65234375 0.084375 0.01484375
0 0.5515625 0.67578125 0.13984375 0.01328125
0 0.81015625 0.6765625 0.06796875 0.0125
0 0.54140625 0.70234375 0.15859375 0.01328125
0 0.79921875 0.70390625 0.08828125 0.01171875
0 0.8078125 0.72890625 0.0703125 0.0125
0 0.546875 0.7296875 0.14765625 0.015625
0 0.1484375 0.753125 0.08515625 0.01328125
0 0.25234375 0.75390625 0.09296875 0.0125
0 0.50859375 0.7546875 0.03046875 0.0125
0 0.7890625 0.7546875 0.11015625 0.01171875
0 0.3953125 0.7546875 0.1703125 0.01484375
0 0.58046875 0.75625 0.08515625 0.01640625
0 0.5703125 0.78046875 0.09921875 0.01328125
0 0.7890625 0.78125 0.11015625 0.01328125
0 0.81015625 0.8015625 0.06796875 0.0125
0 0.5546875 0.80234375 0.134375 0.015625
0 0.14296875 0.846875 0.0734375 0.0125
0 0.2890625 0.846875 0.1875 0.01328125
0 0.14296875 0.871875 0.06015625 0.01328125
0 0.23203125 0.871875 0.090625 0.01328125
0 0.3953125 0.87265625 0.028125 0.0125
0 0.57734375 0.87421875 0.1421875 0.01328125
0 0.82734375 0.87421875 0.153125 0.0125
0 0.13828125 0.89140625 0.0453125 0.0125
0 0.39296875 0.8921875 0.01640625 0.0125
0 0.61171875 0.8921875 0.10703125 0.0109375
0 0.85703125 0.89296875 0.090625 0.01328125
0 0.36171875 0.9140625 0.08515625 0.01171875
0 0.58046875 0.9140625 0.0515625 0.0109375
0 0.64296875 0.9140625 0.0390625 0.0109375
0 0.859375 0.915625 0.09140625 0.01328125
0 0.15859375 0.9515625 0.11640625 0.009375
0 0.2703125 0.95234375 0.08203125 0.0109375
0 0.353125 0.953125 0.0625 0.0109375
0 0.4265625 0.953125 0.06484375 0.01015625
0 0.57265625 0.95390625 0.19921875 0.0109375
0 0.74140625 0.95390625 0.1015625 0.01015625
0 0.83828125 0.95390625 0.06484375 0.01015625