0 0.67734375 0.19453125 0.0625 0.01484375
0 0.2484375 0.19453125 0.040625 0.01484375
0 0.36640625 0.1953125 0.1046875 0.015625
0 0.59140625 0.1953125 0.0625 0.015625
0 0.5015625 0.1953125 0.05625 0.01875
0 0.45625 0.21640625 0.3265625 0.015625
0 0.11796875 0.2359375 0.053125 0.0140625
0 0.721875 0.2359375 0.059375 0.0140625
0 0.2484375 0.2359375 0.12109375 0.0140625
0 0.34453125 0.2359375 0.01640625 0.0140625
0 0.6125 0.23671875 0.0953125 0.01640625
0 0.796875 0.2375 0.03203125 0.01640625
0 0.45546875 0.2375 0.14140625 0.01640625
0 0.43359375 0.2578125 0.27890625 0.01640625
0 0.190625 0.25859375 0.15 0.01484375
0 0.696875 0.259375 0.18359375 0.0171875
0 0.19140625 0.278125 0.1 0.0140625
0 0.30859375 0.27890625 0.07890625 0.01640625
0 0.4875 0.2796875 0.2109375 0.01640625
0 0.70859375 0.27890625 0.17421875 0.0140625
0 0.31328125 0.29921875 0.03046875 0.0140625
0 0.58046875 0.30078125 0.29453125 0.01640625
0 0.22421875 0.3015625 0.08359375 0.01640625
0 0.3796875 0.3015625 0.03515625 0.01484375
0 0.36640625 0.32109375 0.1046875 0.0140625
0 0.4765625 0.32109375 0.0640625 0.0140625
0 0.64375 0.32265625 0.2125 0.01640625
0 0.22421875 0.3234375 0.12265625 0.01640625
0 0.5125 0.34296875 0.16875 0.01640625
0 0.359375 0.34296875 0.08046875 0.01640625
0 0.0703125 0.38515625 0.08515625 0.0140625
0 0.27109375 0.38515625 0.03671875 0.0140625
0 0.88671875 0.38515625 0.03671875 0.0140625
0 0.1765625 0.38671875 0.07890625 0.0140625
0 0.06640625 0.40625 0.07421875 0.0140625
0 0.2453125 0.40703125 0.12109375 0.01875
0 0.66953125 0.42734375 0.07734375 0.0140625
0 0.56640625 0.42734375 0.01484375 0.01640625
0 0.1015625 0.42734375 0.1484375 0.0140625
0 0.5234375 0.428125 0.01640625 0.01640625
0 0.82265625 0.4296875 0.08046875 0.015625
0 0.265625 0.4484375 0.1671875 0.01640625
0 0.8875 0.44921875 0.03203125 0.0140625
0 0.09296875 0.45 0.12734375 0.0140625
0 0.2484375 0.4703125 0.12421875 0.01875
0 0.06640625 0.4703125 0.08359375 0.0140625
0 0.1015625 0.4921875 0.1515625 0.01640625
0 0.81953125 0.4921875 0.08359375 0.01640625
0 0.56640625 0.49140625 0.01484375 0.0140625
0 0.5234375 0.49296875 0.01640625 0.01640625
0 0.665625 0.49375 0.08515625 0.015625
0 0.24453125 0.51328125 0.08359375 0.01640625
0 0.89140625 0.51328125 0.03671875 0.01640625
0 0.10234375 0.5140625 0.153125 0.01640625
0 0.08046875 0.53359375 0.10625 0.0140625
0 0.81953125 0.534375 0.08359375 0.01484375
0 0.56640625 0.534375 0.02109375 0.01328125
0 0.665625 0.53515625 0.08515625 0.01640625
0 0.5234375 0.53515625 0.0125 0.01640625
0 0.896875 0.5765625 0.01640625 0.01640625
0 0.1015625 0.57734375 0.1453125 0.0171875
0 0.25625 0.57734375 0.01640625 0.015625
0 0.75078125 0.57734375 0.12578125 0.01640625
0 0.31875 0.61796875 0.0578125 0.0140625
0 0.8609375 0.61796875 0.07890625 0.0140625
0 0.77734375 0.61796875 0.03671875 0.0140625
0 0.2015625 0.61875 0.07734375 0.0140625
0 0.07734375 0.61875 0.10625 0.0140625
0 0.3296875 0.63984375 0.2109375 0.01484375
0 0.11171875 0.63984375 0.17265625 0.01484375
0 0.8609375 0.63984375 0.07890625 0.01484375
0 0.76640625 0.63984375 0.0578125 0.01484375
0 0.77734375 0.66015625 0.03671875 0.0140625
0 0.865625 0.66015625 0.07890625 0.0140625
0 0.08046875 0.6609375 0.096875 0.0140625
0 0.234375 0.66015625 0.153125 0.01640625
0 0.75625 0.68125 0.03671875 0.01484375
0 0.06640625 0.68125 0.08359375 0.01484375
0 0.8546875 0.68203125 0.10625 0.01640625
0 0.08671875 0.7015625 0.12578125 0.01640625
0 0.75625 0.70234375 0.03671875 0.0140625
0 0.85625 0.70390625 0.1046875 0.0140625
0 0.721875 0.74453125 0.13984375 0.01640625
0 0.49765625 0.74453125 0.1484375 0.01640625
0 0.05546875 0.7453125 0.0625 0.0140625
0 0.190625 0.74609375 0.153125 0.0171875
0 0.79765625 0.76484375 0.07890625 0.0140625
0 0.05546875 0.76484375 0.0625 0.0140625
0 0.57578125 0.76484375 0.07890625 0.0140625
0 0.165625 0.765625 0.10625 0.0140625
0 0.796875 0.828125 0.215625 0.01640625
0 0.11328125 0.828125 0.16875 0.0140625
0 0.39765625 0.8296875 0.08046875 0.0140625
0 0.28203125 0.8296875 0.10625 0.015625
0 0.5140625 0.8296875 0.08359375 0.015625
0 0.64375 0.8296875 0.03515625 0.015625
0 0.1078125 0.8484375 0.1671875 0.0140625
0 0.41875 0.8484375 0.08359375 0.0140625
0 0.54453125 0.8484375 0.1 0.0140625
0 0.26953125 0.84921875 0.08515625 0.01640625
0 0.68671875 0.890625 0.12734375 0.0140625
0 0.24453125 0.890625 0.1671875 0.0140625
0 0.52265625 0.890625 0.15 0.0140625
0 0.390625 0.8921875 0.0625 0.015625
0 0.334375 0.91171875 0.07890625 0.01640625
0 0.44453125 0.91171875 0.08359375 0.0140625
0 0.58671875 0.9125 0.146875 0.01640625
0 0.65078125 0.93359375 0.14140625 0.01484375
0 0.5078125 0.93359375 0.08515625 0.01484375
0 0.42265625 0.93359375 0.03671875 0.01484375
0 0.2875 0.93359375 0.16875 0.01484375