0 0.3234375 0.1546875 0.14921875 0.0171875
0 0.540625 0.1546875 0.0921875 0.0171875
0 0.44609375 0.1546875 0.0546875 0.01640625
0 0.409375 0.17734375 0.2046875 0.0171875
0 0.3140625 0.20078125 0.0921875 0.01796875
0 0.1984375 0.20078125 0.0859375 0.01875
0 0.6359375 0.20078125 0.0828125 0.0203125
0 0.475 0.2015625 0.18671875 0.01953125
0 0.38046875 0.2234375 0.11015625 0.01796875
0 0.5234375 0.2234375 0.1296875 0.01796875
0 0.18046875 0.2234375 0.13125 0.01953125
0 0.67109375 0.2234375 0.12578125 0.01953125
0 0.284375 0.22421875 0.0296875 0.01875
0 0.2578125 0.24609375 0.0921875 0.01796875
0 0.38671875 0.24609375 0.12578125 0.01953125
0 0.55078125 0.246875 0.146875 0.0203125
0 0.21953125 0.26953125 0.0546875 0.01640625
0 0.3703125 0.26953125 0.046875 0.01640625
0 0.2953125 0.26875 0.0546875 0.0171875
0 0.53203125 0.26875 0.225 0.0171875
0 0.475 0.31484375 0.25546875 0.01796875
0 0.24609375 0.31484375 0.10625 0.01796875
0 0.61640625 0.36015625 0.1296875 0.01796875
0 0.2765625 0.36015625 0.12109375 0.0171875
0 0.06796875 0.36015625 0.0515625 0.01640625
0 0.1515625 0.36015625 0.06640625 0.01640625
0 0.45390625 0.36015625 0.14375 0.01640625
0 0.078125 0.3828125 0.071875 0.01640625
0 0.30390625 0.3828125 0.1859375 0.01640625
0 0.49609375 0.3828125 0.14453125 0.0171875
0 0.67421875 0.428125 0.0890625 0.01796875
0 0.76953125 0.42890625 0.05703125 0.01796875
0 0.14296875 0.4296875 0.20703125 0.01875
0 0.3515625 0.4296875 0.05546875 0.01953125
0 0.52421875 0.4296875 0.13203125 0.01953125
0 0.06875 0.47421875 0.05546875 0.0171875
0 0.14453125 0.475 0.04921875 0.02109375
0 0.7765625 0.496875 0.03515625 0.01640625
0 0.5125 0.496875 0.07265625 0.01640625
0 0.68203125 0.496875 0.07265625 0.01640625
0 0.31640625 0.49765625 0.0109375 0.01796875
0 0.35234375 0.4984375 0.01171875 0.0109375
0 0.078125 0.51953125 0.071875 0.0171875
0 0.1625 0.51953125 0.0484375 0.01796875
0 0.51171875 0.5421875 0.07265625 0.0171875
0 0.68203125 0.54296875 0.07265625 0.01796875
0 0.315625 0.54296875 0.0125 0.0171875
0 0.77734375 0.54296875 0.03515625 0.0171875
0 0.35234375 0.54453125 0.0203125 0.01328125
0 0.20078125 0.56484375 0.0921875 0.01796875
0 0.08671875 0.5671875 0.0921875 0.01953125
0 0.684375 0.58828125 0.06875 0.01640625
0 0.5140625 0.58828125 0.06875 0.01640625
0 0.77734375 0.58828125 0.03515625 0.01640625
0 0.315625 0.58828125 0.0109375 0.01796875
0 0.35234375 0.58984375 0.01640625 0.01171875
0 0.078125 0.61015625 0.071875 0.01640625
0 0.171875 0.6109375 0.07265625 0.01875
0 0.315625 0.6328125 0.0171875 0.01796875
0 0.51171875 0.6328125 0.07265625 0.01640625
0 0.68203125 0.6328125 0.07265625 0.01640625
0 0.77734375 0.6328125 0.03515625 0.01640625
0 0.35390625 0.63515625 0.01796875 0.0140625
0 0.084375 0.678125 0.08828125 0.01796875
0 0.1890625 0.678125 0.06796875 0.01796875
0 0.25859375 0.678125 0.01484375 0.01640625
0 0.0859375 0.70078125 0.0859375 0.01796875
0 0.759375 0.70078125 0.07265625 0.01640625
0 0.40703125 0.70078125 0.08671875 0.01953125
0 0.24921875 0.7015625 0.18359375 0.02109375
0 0.06796875 0.7234375 0.05390625 0.01640625
0 0.3140625 0.7234375 0.08359375 0.01953125
0 0.18125 0.7234375 0.12890625 0.01953125
0 0.759375 0.7234375 0.07265625 0.01640625
0 0.38046875 0.74609375 0.03125 0.01640625
0 0.0859375 0.74609375 0.0859375 0.01796875
0 0.24921875 0.746875 0.18359375 0.01953125
0 0.4640625 0.74609375 0.08671875 0.01875
0 0.759375 0.74609375 0.07265625 0.01640625
0 0.1484375 0.76875 0.21015625 0.01796875
0 0.7203125 0.76875 0.14453125 0.0171875
0 0.0796875 0.8140625 0.071875 0.01796875
0 0.759375 0.81484375 0.07265625 0.0171875
0 0.06953125 0.88125 0.0546875 0.01796875
0 0.51171875 0.8828125 0.184375 0.01953125
0 0.18125 0.8828125 0.12890625 0.01953125
0 0.73046875 0.8828125 0.12421875 0.01953125
0 0.0609375 0.9046875 0.03671875 0.01796875
0 0.56875 0.9046875 0.07265625 0.0171875
0 0.24921875 0.90546875 0.03359375 0.01953125
0 0.759375 0.90546875 0.07265625 0.0171875
0 0.31328125 0.90546875 0.0515625 0.01953125