0 0.1765625 0.10234375 0.19609375 0.0203125
0 0.47265625 0.103125 0.3609375 0.0203125
0 0.74765625 0.103125 0.15390625 0.0203125
0 0.1078125 0.12890625 0.0546875 0.01171875
0 0.3734375 0.12890625 0.09765625 0.01171875
0 0.5984375 0.1296875 0.10625 0.01171875
0 0.678125 0.1296875 0.02109375 0.01171875
0 0.48828125 0.1296875 0.09609375 0.01171875
0 0.23046875 0.13046875 0.1625 0.0140625
0 0.75546875 0.13125 0.1078125 0.0140625
0 0.12890625 0.14609375 0.10078125 0.0125
0 0.2421875 0.14609375 0.09609375 0.01171875
0 0.3421875 0.14609375 0.08671875 0.01171875
0 0.1296875 0.16484375 0.09921875 0.0125
0 0.50859375 0.16484375 0.1765625 0.01171875
0 0.653125 0.165625 0.07734375 0.0109375
0 0.2875 0.16640625 0.1890625 0.015625
0 0.10703125 0.18515625 0.05625 0.01171875
0 0.38359375 0.1859375 0.08046875 0.0109375
0 0.240625 0.1859375 0.1796875 0.01171875
0 0.13125 0.2015625 0.03203125 0.01796875
0 0.10703125 0.203125 0.053125 0.01015625
0 0.17265625 0.203125 0.03671875 0.01015625
0 0.23203125 0.2046875 0.05 0.0125
0 0.39921875 0.2046875 0.2390625 0.0125
0 0.85859375 0.2125 0.1796875 0.0140625
0 0.7109375 0.2125 0.08671875 0.0140625
0 0.1125 0.2234375 0.09609375 0.01015625
0 0.18828125 0.22578125 0.03671875 0.0140625
0 0.23046875 0.23984375 0.1140625 0.0109375
0 0.40078125 0.23984375 0.059375 0.0109375
0 0.11328125 0.23984375 0.09765625 0.0109375
0 0.32734375 0.240625 0.0609375 0.01015625
0 0.5234375 0.24140625 0.16015625 0.01328125
0 0.3953125 0.278125 0.171875 0.0109375
0 0.240625 0.278125 0.115625 0.0109375
0 0.11953125 0.278125 0.09765625 0.0109375
0 0.10625 0.3203125 0.02578125 0.0109375
0 0.5515625 0.3203125 0.21328125 0.01171875
0 0.728125 0.3203125 0.1140625 0.0109375
0 0.8390625 0.32109375 0.08203125 0.01171875
0 0.92265625 0.32109375 0.0671875 0.01171875
0 0.22265625 0.32109375 0.175 0.01171875
0 0.50078125 0.33828125 0.115625 0.01171875
0 0.22265625 0.359375 0.175 0.01171875
0 0.8125 0.36015625 0.0703125 0.0109375
0 0.9171875 0.36015625 0.03984375 0.01171875
0 0.42265625 0.3828125 0.0625 0.0109375
0 0.0921875 0.38359375 0.08203125 0.0125
0 0.18515625 0.384375 0.08203125 0.01171875
0 0.30625 0.384375 0.13828125 0.0125
0 0.50859375 0.384375 0.08984375 0.0140625
0 0.81328125 0.3859375 0.06875 0.0125
0 0.4640625 0.4046875 0.13515625 0.01171875
0 0.8125 0.40703125 0.0703125 0.0109375
0 0.4296875 0.43203125 0.07890625 0.0125
0 0.81640625 0.434375 0.071875 0.0125
0 0.44375 0.453125 0.09765625 0.0125
0 0.53125 0.4546875 0.0484375 0.01640625
0 0.8171875 0.45625 0.07421875 0.01171875
0 0.51640625 0.48359375 0.07890625 0.0125
0 0.43203125 0.48359375 0.0703125 0.0125
0 0.81875 0.48671875 0.0703125 0.01171875
0 0.43671875 0.52109375 0.08671875 0.0109375
0 0.81875 0.525 0.0703125 0.0125
0 0.4609375 0.54140625 0.13515625 0.0109375
0 0.8171875 0.54453125 0.07421875 0.01171875
0 0.0875 0.5703125 0.065625 0.01171875
0 0.51875 0.571875 0.20234375 0.015625
0 0.20703125 0.57265625 0.15078125 0.015625
0 0.84296875 0.57265625 0.13515625 0.01484375
0 0.18125 0.59140625 0.0546875 0.0125
0 0.5859375 0.59140625 0.0703125 0.0109375
0 0.0765625 0.59140625 0.04296875 0.01171875
0 0.8765625 0.5921875 0.0671875 0.0109375
0 0.12578125 0.59296875 0.03359375 0.0140625
0 0.08359375 0.64609375 0.0578125 0.01171875
0 0.15703125 0.64609375 0.0546875 0.01171875
0 0.340625 0.64609375 0.246875 0.01171875
0 0.56640625 0.64609375 0.09296875 0.0125
0 0.7421875 0.64765625 0.184375 0.01484375
0 0.17265625 0.74296875 0.1140625 0.0109375
0 0.27734375 0.74296875 0.0703125 0.0109375
0 0.5609375 0.74375 0.19765625 0.0125
0 0.68671875 0.74375 0.02578125 0.01171875
0 0.8140625 0.74375 0.20546875 0.01171875
0 0.42265625 0.74375 0.05625 0.009375
0 0.35234375 0.7453125 0.05625 0.0078125
0 0.2578125 0.778125 0.1265625 0.009375
0 0.37109375 0.778125 0.07734375 0.009375
0 0.4546875 0.778125 0.06875 0.009375
0 0.5546875 0.778125 0.1046875 0.009375
0 0.72890625 0.77890625 0.225 0.01015625
0 0.3890625 0.7984375 0.1265625 0.0109375
0 0.51875 0.79921875 0.109375 0.01015625
0 0.64921875 0.79921875 0.1265625 0.0109375
0 0.2703125 0.8359375 0.14296875 0.01015625
0 0.40625 0.8359375 0.10234375 0.01015625
0 0.5359375 0.8359375 0.07421875 0.01015625
0 0.79375 0.8359375 0.07890625 0.01015625
0 0.66484375 0.8359375 0.15390625 0.01015625
0 0.23515625 0.87109375 0.1265625 0.01171875
0 0.3578125 0.87109375 0.07734375 0.01171875
0 0.44921875 0.87109375 0.07421875 0.01171875
0 0.89609375 0.871875 0.04296875 0.01171875
0 0.57265625 0.871875 0.14453125 0.01171875
0 0.6921875 0.871875 0.0703125 0.01171875
0 0.79921875 0.871875 0.121875 0.01171875
0 0.18984375 0.8921875 0.190625 0.01171875
0 0.44140625 0.89296875 0.0703125 0.0109375
0 0.51640625 0.89296875 0.03984375 0.0109375
0 0.63671875 0.89296875 0.178125 0.0109375
0 0.346875 0.89296875 0.09296875 0.0109375
0 0.84296875 0.89453125 0.20859375 0.009375
0 0.48984375 0.91484375 0.1671875 0.01015625
0 0.346875 0.9484375 0.02890625 0.01171875
0 0.46953125 0.9484375 0.1875 0.01171875
0 0.2140625 0.9484375 0.1171875 0.01171875
0 0.303125 0.95 0.03515625 0.0078125
0 0.73125 0.95078125 0.31015625 0.01484375