0 0.425 0.21796875 0.0765625 0.01796875
0 0.51484375 0.2171875 0.05859375 0.01953125
0 0.6671875 0.2171875 0.1890625 0.01953125
0 0.31640625 0.21796875 0.0984375 0.01875
0 0.2265625 0.21796875 0.0359375 0.01875
0 0.628125 0.2453125 0.0765625 0.01953125
0 0.696875 0.2453125 0.015625 0.01640625
0 0.29375 0.246875 0.0578125 0.01875
0 0.3828125 0.246875 0.07109375 0.01875
0 0.503125 0.24921875 0.109375 0.0234375
0 0.55625 0.275 0.09765625 0.01796875
0 0.678125 0.275 0.0984375 0.01875
0 0.29765625 0.2765625 0.09765625 0.01953125
0 0.4234375 0.278125 0.11171875 0.0234375
0 0.62734375 0.30625 0.159375 0.01875
0 0.33828125 0.30625 0.09765625 0.0171875
0 0.46328125 0.3078125 0.1140625 0.02421875
0 0.58828125 0.33515625 0.0765625 0.01953125
0 0.44921875 0.3359375 0.15390625 0.01796875
0 0.27734375 0.365625 0.05625 0.01875
0 0.4265625 0.365625 0.040625 0.01875
0 0.35546875 0.36640625 0.05078125 0.01875
0 0.6265625 0.36640625 0.23984375 0.01875
0 0.640625 0.4265625 0.2984375 0.01796875
0 0.4078125 0.4265625 0.0375 0.01796875
0 0.296875 0.4265625 0.13671875 0.0203125
0 0.17734375 0.48515625 0.13828125 0.01953125
0 0.50703125 0.48515625 0.11875 0.01953125
0 0.82890625 0.48515625 0.15703125 0.01875
0 0.28984375 0.54375 0.159375 0.01953125
0 0.1484375 0.54453125 0.0765625 0.01796875
0 0.57734375 0.5453125 0.13671875 0.01875
0 0.43828125 0.5453125 0.10078125 0.01875
0 0.7984375 0.5453125 0.1390625 0.01796875
0 0.8984375 0.5484375 0.0203125 0.0140625
0 0.16796875 0.57421875 0.03515625 0.01796875
0 0.21875 0.57421875 0.01953125 0.01796875
0 0.26875 0.57421875 0.03515625 0.01875
0 0.359375 0.57421875 0.0953125 0.01875
0 0.15625 0.6328125 0.09765625 0.01953125
0 0.278125 0.63359375 0.09765625 0.01875
0 0.6875 0.63359375 0.040625 0.0171875
0 0.45 0.634375 0.19375 0.01875
0 0.60625 0.634375 0.075 0.0171875
0 0.81953125 0.634375 0.09609375 0.01875
0 0.58828125 0.6640625 0.121875 0.01796875
0 0.6875 0.6640625 0.03828125 0.01796875
0 0.81796875 0.66484375 0.09765625 0.01953125
0 0.58828125 0.69375 0.11953125 0.01796875
0 0.68984375 0.69375 0.03984375 0.01796875
0 0.8390625 0.6953125 0.06015625 0.01875
0 0.13828125 0.7515625 0.0609375 0.01796875
0 0.52578125 0.753125 0.19453125 0.01953125
0 0.815625 0.753125 0.1359375 0.01875
0 0.25703125 0.7546875 0.1390625 0.02421875
0 0.20703125 0.78203125 0.040625 0.01875
0 0.578125 0.7828125 0.09921875 0.01953125
0 0.1140625 0.78359375 0.01953125 0.0125
0 0.85859375 0.78359375 0.05625 0.01875
0 0.36328125 0.871875 0.07265625 0.01953125
0 0.48671875 0.871875 0.11796875 0.01953125
0 0.25625 0.871875 0.09609375 0.01875
0 0.60625 0.875 0.075 0.01171875
0 0.71796875 0.875 0.09609375 0.02109375
0 0.2375 0.90078125 0.0546875 0.01796875
0 0.478125 0.9015625 0.05078125 0.01875
0 0.35859375 0.90234375 0.13359375 0.01875
0 0.1453125 0.903125 0.08046875 0.02109375
0 0.815625 0.90390625 0.13359375 0.01640625
0 0.628125 0.9046875 0.19453125 0.02109375