0 0.4609375 0.0875 0.05859375 0.015625
0 0.384375 0.0875 0.0515625 0.01484375
0 0.5328125 0.0875 0.0484375 0.0140625
0 0.5953125 0.0890625 0.04453125 0.01796875
0 0.43359375 0.109375 0.10546875 0.01484375
0 0.571875 0.109375 0.0890625 0.01484375
0 0.6515625 0.1109375 0.01796875 0.01796875
0 0.325 0.1109375 0.04609375 0.01171875
0 0.3671875 0.1328125 0.05546875 0.015625
0 0.46953125 0.1328125 0.11015625 0.0171875
0 0.5890625 0.1328125 0.084375 0.01640625
0 0.50703125 0.15390625 0.0734375 0.01640625
0 0.384375 0.15390625 0.13046875 0.01640625
0 0.6171875 0.15546875 0.10234375 0.015625
0 0.26484375 0.175 0.0765625 0.01328125
0 0.384375 0.175 0.090625 0.01328125
0 0.50390625 0.178125 0.09921875 0.0140625
0 0.6578125 0.17890625 0.1484375 0.01484375
0 0.4875 0.196875 0.2265625 0.015625
0 0.54375 0.2265625 0.25 0.02890625
0 0.31953125 0.22734375 0.09609375 0.02734375
0 0.77109375 0.275 0.03984375 0.01484375
0 0.06328125 0.275 0.05625 0.015625
0 0.6859375 0.275 0.0921875 0.015625
0 0.33046875 0.2765625 0.12578125 0.015625
0 0.5296875 0.2765625 0.1765625 0.01640625
0 0.2796875 0.29765625 0.0375 0.01484375
0 0.4078125 0.29765625 0.11875 0.01328125
0 0.0984375 0.2984375 0.12578125 0.01796875
0 0.20546875 0.2984375 0.0359375 0.0140625
0 0.6546875 0.2984375 0.0703125 0.015625
0 0.10078125 0.31875 0.13046875 0.0140625
0 0.328125 0.31953125 0.13046875 0.01484375
0 0.13203125 0.33984375 0.0375 0.015625
0 0.0640625 0.340625 0.0515625 0.015625
0 0.7625 0.384375 0.05234375 0.015625
0 0.65703125 0.384375 0.10703125 0.015625
0 0.45859375 0.384375 0.13046875 0.01484375
0 0.075 0.384375 0.071875 0.01484375
0 0.30859375 0.3859375 0.0546875 0.01640625
0 0.328125 0.42734375 0.01484375 0.01484375
0 0.77109375 0.42734375 0.034375 0.015625
0 0.12109375 0.42734375 0.16484375 0.015625
0 0.4890625 0.42734375 0.07265625 0.015625
0 0.67734375 0.42890625 0.0703125 0.01484375
0 0.10078125 0.45 0.13046875 0.0171875
0 0.1203125 0.47109375 0.16796875 0.015625
0 0.48125 0.471875 0.084375 0.0140625
0 0.67109375 0.471875 0.0875 0.01640625
0 0.7734375 0.471875 0.034375 0.01484375
0 0.328125 0.471875 0.0109375 0.01484375
0 0.06328125 0.49296875 0.05546875 0.015625
0 0.26875 0.49296875 0.13125 0.01484375
0 0.14609375 0.49296875 0.0703125 0.015625
0 0.365625 0.49375 0.0171875 0.015625
0 0.10859375 0.53515625 0.14765625 0.01640625
0 0.7421875 0.53671875 0.09375 0.015625
0 0.0828125 0.58046875 0.0890625 0.01640625
0 0.74296875 0.58046875 0.090625 0.015625
0 0.203125 0.63125 0.33515625 0.0296875
0 0.696875 0.63125 0.18359375 0.0296875
0 0.0953125 0.65703125 0.053125 0.01484375
0 0.22578125 0.65703125 0.14765625 0.01640625
0 0.34765625 0.6578125 0.05234375 0.015625
0 0.7421875 0.6578125 0.0875 0.015625
0 0.77109375 0.67890625 0.034375 0.0140625
0 0.72578125 0.67890625 0.0140625 0.01171875
0 0.09765625 0.721875 0.125 0.01640625
0 0.24609375 0.721875 0.11953125 0.0125
0 0.06328125 0.74296875 0.05625 0.015625
0 0.7453125 0.74296875 0.090625 0.015625
0 0.071875 0.7640625 0.0734375 0.0140625
0 0.75390625 0.76484375 0.0734375 0.01484375
0 0.1859375 0.76796875 0.10859375 0.0125
0 0.06640625 0.8078125 0.0484375 0.0125
0 0.17734375 0.80859375 0.13046875 0.015625
0 0.06640625 0.828125 0.0484375 0.0140625
0 0.14921875 0.82890625 0.0734375 0.01328125
0 0.23359375 0.82890625 0.01953125 0.015625
0 0.42109375 0.8296875 0.20390625 0.01875
0 0.7171875 0.83046875 0.1421875 0.015625
0 0.0546875 0.871875 0.0375 0.01484375
0 0.478125 0.871875 0.090625 0.01484375
0 0.23359375 0.871875 0.01953125 0.01484375
0 0.75625 0.8734375 0.0703125 0.01484375
0 0.44375 0.91640625 0.084375 0.01484375
0 0.53828125 0.9171875 0.0546875 0.0125
0 0.37578125 0.9375 0.1125 0.015625
0 0.4890625 0.9375 0.07265625 0.01640625
0 0.5921875 0.93828125 0.09375 0.015625