0 0.11171875 0.17578125 0.11015625 0.021875
0 0.75625 0.17578125 0.23046875 0.021875
0 0.2453125 0.17734375 0.1203125 0.02109375
0 0.47265625 0.17734375 0.3015625 0.02109375
0 0.65859375 0.2046875 0.234375 0.0171875
0 0.46484375 0.2046875 0.0609375 0.01796875
0 0.22890625 0.20625 0.17890625 0.0234375
0 0.37421875 0.20703125 0.08203125 0.0234375
0 0.0875 0.23125 0.0609375 0.01796875
0 0.26640625 0.23125 0.125 0.01796875
0 0.4140625 0.23125 0.128125 0.01796875
0 0.609375 0.23125 0.1421875 0.01796875
0 0.16015625 0.23203125 0.05390625 0.021875
0 0.775 0.23203125 0.15234375 0.01953125
0 0.5078125 0.2328125 0.02734375 0.01953125
0 0.1796875 0.25859375 0.1140625 0.01875
0 0.5234375 0.2578125 0.134375 0.01875
0 0.696875 0.25859375 0.18125 0.0171875
0 0.34453125 0.259375 0.184375 0.0203125
0 0.37578125 0.28515625 0.14609375 0.01796875
0 0.4828125 0.28671875 0.04296875 0.01640625
0 0.56796875 0.28671875 0.09140625 0.01640625
0 0.2734375 0.31328125 0.07578125 0.01640625
0 0.54609375 0.31328125 0.24765625 0.01640625
0 0.35625 0.315625 0.0640625 0.01953125
0 0.3625 0.353125 0.09453125 0.02109375
0 0.51484375 0.353125 0.1890625 0.021875
0 0.2234375 0.39921875 0.1 0.015625
0 0.1015625 0.4 0.0890625 0.01640625
0 0.56875 0.4015625 0.184375 0.01640625
0 0.74921875 0.40234375 0.13515625 0.015625
0 0.8578125 0.40234375 0.05546875 0.015625
0 0.084375 0.4234375 0.05390625 0.0171875
0 0.22265625 0.425 0.1015625 0.01640625
0 0.1296875 0.4515625 0.14609375 0.01640625
0 0.27421875 0.4515625 0.09609375 0.01640625
0 0.65625 0.4875 0.084375 0.01640625
0 0.08359375 0.48828125 0.059375 0.01953125
0 0.23828125 0.48828125 0.1859375 0.01796875
0 0.8265625 0.4890625 0.1625 0.01953125
0 0.09375 0.515625 0.0484375 0.0171875
0 0.16796875 0.51640625 0.06328125 0.015625
0 0.315625 0.51640625 0.21484375 0.015625
0 0.4765625 0.51640625 0.084375 0.01640625
0 0.665625 0.51640625 0.071875 0.01640625
0 0.88203125 0.5171875 0.053125 0.0171875
0 0.8046875 0.51796875 0.07109375 0.01484375
0 0.15 0.54609375 0.06328125 0.0171875
0 0.2546875 0.54609375 0.12734375 0.01484375
0 0.84609375 0.546875 0.06171875 0.01328125
0 0.2875 0.57109375 0.0203125 0.02109375
0 0.0953125 0.571875 0.05078125 0.01796875
0 0.4203125 0.571875 0.084375 0.01875
0 0.8046875 0.57265625 0.07109375 0.0171875
0 0.190625 0.5734375 0.09375 0.021875
0 0.1328125 0.6109375 0.153125 0.0203125
0 0.803125 0.61171875 0.06875 0.01640625
0 0.8015625 0.646875 0.06953125 0.015625
0 0.140625 0.6484375 0.16015625 0.02109375
0 0.25703125 0.6484375 0.053125 0.02421875
0 0.096875 0.684375 0.07890625 0.01640625
0 0.346875 0.68359375 0.07421875 0.0171875
0 0.79375 0.68359375 0.08984375 0.01953125
0 0.22265625 0.684375 0.1453125 0.01875
0 0.10859375 0.7234375 0.1046875 0.01796875
0 0.79453125 0.7234375 0.08671875 0.01953125
0 0.10390625 0.76640625 0.09453125 0.021875
0 0.26640625 0.76875 0.19921875 0.02578125
0 0.09765625 0.80078125 0.0859375 0.0171875
0 0.20390625 0.8015625 0.03359375 0.0171875
0 0.39765625 0.80078125 0.13984375 0.01640625
0 0.61484375 0.80078125 0.07890625 0.01640625
0 0.803125 0.803125 0.1625 0.01875
0 0.0875 0.834375 0.053125 0.0171875
0 0.42109375 0.83515625 0.071875 0.0171875
0 0.20546875 0.8359375 0.05078125 0.01640625
0 0.6125 0.83515625 0.065625 0.015625
0 0.84609375 0.8359375 0.07109375 0.015625
0 0.09921875 0.86796875 0.08359375 0.01875
0 0.6125 0.86796875 0.0671875 0.01640625
0 0.4203125 0.86796875 0.07109375 0.01640625
0 0.84765625 0.86875 0.0640625 0.01640625
0 0.31796875 0.92265625 0.0078125 0.01875
0 0.1265625 0.9234375 0.14296875 0.02109375
0 0.35546875 0.9234375 0.02890625 0.02109375
0 0.465625 0.925 0.15234375 0.02109375
0 0.85625 0.92578125 0.01953125 0.0203125
0 0.621875 0.9265625 0.121875 0.015625
0 0.76328125 0.92734375 0.121875 0.0265625
0 0.2515625 0.9296875 0.07734375 0.021875
0 0.11328125 0.95390625 0.09765625 0.0140625
0 0.2 0.95390625 0.059375 0.0140625
0 0.52265625 0.95390625 0.0359375 0.015625
0 0.596875 0.95390625 0.08984375 0.01484375
0 0.4234375 0.9546875 0.1484375 0.015625
0 0.3203125 0.9546875 0.04609375 0.01484375
0 0.2640625 0.9546875 0.04609375 0.0109375
0 0.853125 0.95546875 0.0171875 0.01484375
0 0.66484375 0.95546875 0.0234375 0.01015625
0 0.759375 0.95625 0.14296875 0.01640625