0 0.38515625 0.0078125 0.13515625 0.0140625
0 0.51328125 0.00859375 0.10390625 0.01484375
0 0.63203125 0.0078125 0.115625 0.0140625
0 0.39921875 0.2 0.2734375 0.028125
0 0.6484375 0.2 0.19609375 0.028125
0 0.38359375 0.23203125 0.125 0.01796875
0 0.2328125 0.23203125 0.15078125 0.01796875
0 0.47265625 0.23359375 0.03359375 0.01796875
0 0.59609375 0.2328125 0.17890625 0.01796875
0 0.76484375 0.23359375 0.140625 0.01796875
0 0.3859375 0.259375 0.1203125 0.01953125
0 0.50703125 0.259375 0.09765625 0.01953125
0 0.62578125 0.259375 0.10703125 0.01953125
0 0.49921875 0.29765625 0.1625 0.02109375
0 0.44375 0.31875 0.04296875 0.015625
0 0.346875 0.31953125 0.12421875 0.0203125
0 0.60546875 0.321875 0.23203125 0.021875
0 0.365625 0.340625 0.20859375 0.0171875
0 0.52890625 0.34140625 0.10234375 0.01640625
0 0.66640625 0.34296875 0.15078125 0.01796875
0 0.4453125 0.3625 0.15 0.01640625
0 0.584375 0.36484375 0.1125 0.01875
0 0.35 0.384375 0.0890625 0.015625
0 0.46484375 0.384375 0.125 0.015625
0 0.61796875 0.3859375 0.15859375 0.01640625
0 0.3984375 0.4296875 0.0515625 0.015625
0 0.49609375 0.43046875 0.1203125 0.01640625
0 0.6015625 0.43046875 0.06875 0.01640625
0 0.403125 0.47421875 0.184375 0.015625
0 0.16015625 0.47421875 0.10703125 0.015625
0 0.13828125 0.4953125 0.0671875 0.0171875
0 0.371875 0.49609375 0.13046875 0.01640625
0 0.515625 0.49609375 0.11015625 0.01640625
0 0.6125 0.496875 0.05859375 0.015625
0 0.16484375 0.5171875 0.109375 0.01640625
0 0.35703125 0.51796875 0.08984375 0.015625
0 0.34609375 0.540625 0.071875 0.01484375
0 0.16953125 0.5421875 0.13203125 0.021875
0 0.13828125 0.5765625 0.06875 0.01796875
0 0.51484375 0.57734375 0.07734375 0.0171875
0 0.74921875 0.57890625 0.12265625 0.01484375
0 0.35 0.57890625 0.05390625 0.02109375
0 0.1734375 0.60703125 0.1375 0.01796875
0 0.3578125 0.60703125 0.22109375 0.01484375
0 0.52421875 0.60859375 0.09609375 0.01875
0 0.1890625 0.62734375 0.1640625 0.01640625
0 0.5265625 0.62890625 0.0640625 0.015625
0 0.3703125 0.62890625 0.01484375 0.015625
0 0.7828125 0.63046875 0.0609375 0.01484375
0 0.86640625 0.63046875 0.07578125 0.01484375
0 0.3390625 0.6578125 0.08125 0.015625
0 0.425 0.6578125 0.07578125 0.015625
0 0.19609375 0.65859375 0.184375 0.01953125
0 0.60234375 0.65859375 0.03828125 0.015625
0 0.4953125 0.66015625 0.0453125 0.02109375
0 0.5515625 0.6609375 0.0453125 0.0203125
0 0.15546875 0.68046875 0.0921875 0.01796875
0 0.3703125 0.68046875 0.01484375 0.01484375
0 0.78125 0.68046875 0.06171875 0.01484375
0 0.88046875 0.68046875 0.0515625 0.01484375
0 0.525 0.68125 0.06171875 0.015625
0 0.34765625 0.72265625 0.05625 0.01484375
0 0.41796875 0.72421875 0.0640625 0.015625
0 0.8671875 0.72421875 0.0671875 0.015625
0 0.5609375 0.72421875 0.12578125 0.0171875
0 0.47421875 0.7265625 0.03125 0.021875
0 0.5046875 0.75390625 0.0734375 0.015625
0 0.58515625 0.75390625 0.0640625 0.015625
0 0.86484375 0.7546875 0.06328125 0.01484375
0 0.50859375 0.77578125 0.07109375 0.01640625
0 0.5859375 0.77578125 0.065625 0.01640625
0 0.86796875 0.77578125 0.0640625 0.01484375
0 0.86484375 0.79765625 0.06328125 0.01484375
0 0.5234375 0.79921875 0.11015625 0.02109375
0 0.5234375 0.83515625 0.09609375 0.01640625
0 0.871875 0.83515625 0.06328125 0.0125
0 0.6046875 0.83671875 0.05390625 0.021875
0 0.14453125 0.87734375 0.0734375 0.01796875
0 0.4546875 0.87890625 0.11953125 0.015625
0 0.65859375 0.87890625 0.05390625 0.015625
0 0.2578125 0.88046875 0.1421875 0.02265625
0 0.45 0.9078125 0.059375 0.015625
0 0.65234375 0.9078125 0.065625 0.01484375
0 0.1765625 0.909375 0.1421875 0.02109375
0 0.14609375 0.93671875 0.071875 0.01640625
0 0.45546875 0.93671875 0.059375 0.01640625
0 0.65625 0.9375 0.065625 0.015625
0 0.2328125 0.9390625 0.08671875 0.02109375
0 0.459375 0.97421875 0.128125 0.0171875
0 0.56953125 0.97421875 0.07890625 0.015625