0 0.30703125 0.096875 0.275 0.01796875
0 0.578125 0.09765625 0.23046875 0.01796875
0 0.809375 0.0984375 0.18671875 0.01875
0 0.46796875 0.125 0.10859375 0.01953125
0 0.6 0.125 0.11015625 0.01953125
0 0.396875 0.15 0.05546875 0.01640625
0 0.46953125 0.15 0.05078125 0.01640625
0 0.62578125 0.153125 0.18359375 0.015625
0 0.1859375 0.16953125 0.05078125 0.0125
0 0.3625 0.16953125 0.27265625 0.0140625
0 0.57421875 0.1703125 0.10859375 0.0140625
0 0.69140625 0.1703125 0.09765625 0.01328125
0 0.8125 0.171875 0.11796875 0.01328125
0 0.88984375 0.171875 0.01484375 0.0125
0 0.35859375 0.18828125 0.12578125 0.0140625
0 0.490625 0.18828125 0.10859375 0.0140625
0 0.60390625 0.1890625 0.0953125 0.0140625
0 0.7171875 0.1890625 0.10859375 0.01328125
0 0.53359375 0.2140625 0.2234375 0.0140625
0 0.490625 0.2390625 0.06875 0.01328125
0 0.56796875 0.23984375 0.04921875 0.01328125
0 0.42734375 0.278125 0.1953125 0.01484375
0 0.64375 0.278125 0.1890625 0.01484375
0 0.38125 0.3078125 0.13203125 0.02421875
0 0.6140625 0.3078125 0.28125 0.02578125
0 0.18515625 0.33671875 0.11875 0.01875
0 0.40859375 0.3375 0.284375 0.01953125
0 0.23046875 0.36875 0.2125 0.01640625
0 0.3640625 0.36875 0.02109375 0.015625
0 0.80234375 0.3703125 0.203125 0.01640625
0 0.9328125 0.3703125 0.0203125 0.015625
0 0.1625 0.40703125 0.07421875 0.0140625
0 0.25859375 0.40703125 0.0859375 0.0140625
0 0.4875 0.4078125 0.16171875 0.0140625
0 0.6265625 0.4078125 0.06875 0.0140625
0 0.71953125 0.4078125 0.06953125 0.0140625
0 0.80703125 0.40859375 0.05546875 0.01328125
0 0.90703125 0.40859375 0.0765625 0.0140625
0 0.4484375 0.42734375 0.08828125 0.0140625
0 0.63828125 0.428125 0.05546875 0.0140625
0 0.8125 0.428125 0.05546875 0.0140625
0 0.89921875 0.42890625 0.0921875 0.0140625
0 0.1671875 0.4578125 0.0890625 0.0140625
0 0.31328125 0.45859375 0.1671875 0.0140625
0 0.475 0.45859375 0.1265625 0.015625
0 0.14453125 0.48046875 0.0109375 0.0140625
0 0.26640625 0.48046875 0.10625 0.0140625
0 0.45703125 0.48125 0.075 0.015625
0 0.63046875 0.48125 0.07421875 0.01640625
0 0.803125 0.48203125 0.071875 0.01328125
0 0.90703125 0.48203125 0.07421875 0.0140625
0 0.21484375 0.51015625 0.17265625 0.0140625
0 0.41875 0.5109375 0.19765625 0.0140625
0 0.596875 0.5109375 0.1296875 0.015625
0 0.14453125 0.5328125 0.0109375 0.01328125
0 0.26640625 0.5328125 0.10859375 0.01328125
0 0.45625 0.53359375 0.07265625 0.01328125
0 0.628125 0.53359375 0.07421875 0.0140625
0 0.803125 0.534375 0.071875 0.01328125
0 0.90859375 0.534375 0.071875 0.0140625
0 0.20078125 0.56171875 0.1484375 0.01328125
0 0.33984375 0.56171875 0.10078125 0.0140625
0 0.44453125 0.5625 0.075 0.0140625
0 0.5296875 0.5640625 0.06953125 0.01875
0 0.26640625 0.58515625 0.10859375 0.0140625
0 0.45625 0.58515625 0.07265625 0.0140625
0 0.14375 0.58515625 0.0109375 0.01328125
0 0.628125 0.5859375 0.07421875 0.0140625
0 0.80234375 0.58671875 0.07421875 0.0140625
0 0.90859375 0.5875 0.071875 0.0140625
0 0.24296875 0.61484375 0.2375 0.01484375
0 0.42578125 0.615625 0.10546875 0.01484375
0 0.55234375 0.615625 0.11015625 0.0140625
0 0.65859375 0.61796875 0.065625 0.01796875
0 0.14453125 0.6375 0.0109375 0.0125
0 0.26640625 0.6375 0.10859375 0.0140625
0 0.45625 0.6375 0.07265625 0.0140625
0 0.63046875 0.6375 0.08046875 0.0171875
0 0.80234375 0.63828125 0.07421875 0.0140625
0 0.90859375 0.6390625 0.071875 0.0140625
0 0.37734375 0.67734375 0.0828125 0.015625
0 0.18203125 0.678125 0.084375 0.01640625
0 0.88984375 0.67890625 0.10703125 0.01484375
0 0.278125 0.6796875 0.075 0.01953125
0 0.1734375 0.7078125 0.10078125 0.01640625
0 0.33125 0.709375 0.175 0.015625
0 0.47890625 0.709375 0.08984375 0.01640625
0 0.56953125 0.71015625 0.06328125 0.01640625
0 0.88984375 0.7109375 0.109375 0.015625
0 0.23046875 0.7375 0.21875 0.01640625
0 0.440625 0.73828125 0.17734375 0.01953125
0 0.175 0.76640625 0.096875 0.01484375
0 0.88828125 0.76796875 0.10703125 0.01484375
0 0.9 0.79375 0.0859375 0.0140625
0 0.2015625 0.79375 0.15 0.01953125
0 0.165625 0.83203125 0.07734375 0.0140625
0 0.80546875 0.8328125 0.0578125 0.01328125
0 0.30390625 0.834375 0.17265625 0.0171875
0 0.59921875 0.834375 0.2375 0.0171875
0 0.89296875 0.834375 0.08359375 0.01640625
0 0.209375 0.86015625 0.16640625 0.01328125
0 0.67734375 0.86015625 0.08359375 0.01328125
0 0.9 0.86015625 0.06875 0.0125
0 0.31015625 0.8953125 0.13984375 0.015625
0 0.4359375 0.89609375 0.08046875 0.015625
0 0.59609375 0.896875 0.06328125 0.0140625
0 0.740625 0.896875 0.1984375 0.0140625
0 0.52109375 0.89765625 0.0609375 0.0125
0 0.2171875 0.91875 0.11015625 0.01484375
0 0.80625 0.91875 0.22890625 0.015625
0 0.39921875 0.91953125 0.0515625 0.0140625
0 0.64921875 0.91953125 0.03671875 0.0140625
0 0.5265625 0.92109375 0.17734375 0.01953125
0 0.32265625 0.92265625 0.071875 0.0140625
0 0.3453125 0.940625 0.19296875 0.01484375
0 0.53515625 0.940625 0.15234375 0.01484375
0 0.6734375 0.940625 0.08828125 0.01484375
0 0.77734375 0.94140625 0.09140625 0.0140625