0 0.47265625 0.10390625 0.3640625 0.0203125
0 0.74921875 0.10390625 0.15390625 0.0203125
0 0.1765625 0.10390625 0.19609375 0.025
0 0.1109375 0.12890625 0.0515625 0.0109375
0 0.3765625 0.1296875 0.09765625 0.0125
0 0.4859375 0.1296875 0.09453125 0.0125
0 0.5984375 0.13125 0.10625 0.0109375
0 0.23046875 0.13203125 0.1625 0.01328125
0 0.67890625 0.13203125 0.02265625 0.01171875
0 0.7546875 0.13203125 0.10625 0.0140625
0 0.23984375 0.1453125 0.09453125 0.0109375
0 0.3421875 0.14609375 0.08671875 0.0109375
0 0.13046875 0.14609375 0.10078125 0.0140625
0 0.1296875 0.16328125 0.09921875 0.0109375
0 0.51015625 0.1640625 0.1796875 0.0109375
0 0.6515625 0.1640625 0.08046875 0.0109375
0 0.2890625 0.1640625 0.1890625 0.0140625
0 0.10859375 0.1828125 0.05625 0.01171875
0 0.2421875 0.1828125 0.1796875 0.0125
0 0.3828125 0.1828125 0.07890625 0.0125
0 0.17578125 0.19921875 0.03671875 0.0109375
0 0.1109375 0.19921875 0.0609375 0.0109375
0 0.23203125 0.20078125 0.05 0.01171875
0 0.39921875 0.20078125 0.2390625 0.0125
0 0.7109375 0.21015625 0.08984375 0.0140625
0 0.85859375 0.21015625 0.1796875 0.0140625
0 0.1140625 0.21953125 0.09609375 0.0109375
0 0.1953125 0.22109375 0.05 0.0140625
0 0.11640625 0.23515625 0.09765625 0.0109375
0 0.40078125 0.23515625 0.059375 0.0109375
0 0.23046875 0.23515625 0.1140625 0.00859375
0 0.3296875 0.23515625 0.059375 0.00859375
0 0.5234375 0.2375 0.16015625 0.01328125
0 0.11953125 0.271875 0.09765625 0.01171875
0 0.39375 0.27265625 0.16875 0.0125
0 0.240625 0.27265625 0.115625 0.0125
0 0.21875 0.315625 0.16875 0.01328125
0 0.10703125 0.31640625 0.02734375 0.0125
0 0.51015625 0.31640625 0.13515625 0.0125
0 0.69453125 0.31640625 0.09765625 0.0109375
0 0.6125 0.31640625 0.04296875 0.0125
0 0.83984375 0.31640625 0.0578125 0.01171875
0 0.77734375 0.31640625 0.03984375 0.01171875
0 0.49375 0.33359375 0.09765625 0.01171875
0 0.59453125 0.33359375 0.09140625 0.0109375
0 0.7875 0.33515625 0.26484375 0.01640625
0 0.2234375 0.353125 0.1734375 0.0125
0 0.8109375 0.35546875 0.0703125 0.01171875
0 0.9171875 0.35546875 0.04296875 0.01171875
0 0.0890625 0.37578125 0.07890625 0.0109375
0 0.3046875 0.37578125 0.13828125 0.01171875
0 0.18671875 0.37578125 0.07890625 0.01171875
0 0.41796875 0.3765625 0.0625 0.0109375
0 0.5078125 0.3765625 0.08515625 0.01171875
0 0.809375 0.37734375 0.0703125 0.0109375
0 0.4640625 0.3984375 0.13828125 0.0125
0 0.809375 0.39765625 0.0703125 0.0109375
0 0.4296875 0.42421875 0.08203125 0.01171875
0 0.815625 0.4265625 0.0703125 0.0109375
0 0.4421875 0.44375 0.09765625 0.0109375
0 0.52890625 0.44609375 0.05 0.01640625
0 0.815625 0.44765625 0.0703125 0.01171875
0 0.475 0.471875 0.15703125 0.0109375
0 0.8140625 0.4765625 0.07421875 0.0109375
0 0.4359375 0.51171875 0.08515625 0.0109375
0 0.80703125 0.5140625 0.08671875 0.0109375
0 0.45859375 0.53203125 0.13359375 0.0109375
0 0.8125 0.5328125 0.0671875 0.0109375
0 0.08671875 0.5578125 0.0640625 0.0109375
0 0.20546875 0.5609375 0.14765625 0.0140625
0 0.51953125 0.5609375 0.20390625 0.01484375
0 0.84140625 0.5609375 0.13828125 0.0140625
0 0.07578125 0.57890625 0.03828125 0.0109375
0 0.1765625 0.57890625 0.0546875 0.0109375
0 0.1234375 0.5796875 0.02890625 0.0125
0 0.8765625 0.58046875 0.0671875 0.0125
0 0.58828125 0.58046875 0.071875 0.01171875
0 0.084375 0.63203125 0.05625 0.0109375
0 0.1546875 0.63203125 0.05625 0.0109375
0 0.3359375 0.63203125 0.2484375 0.0109375
0 0.371875 0.6515625 0.184375 0.015625
0 0.1 0.65234375 0.09140625 0.0109375
0 0.0875 0.67109375 0.07890625 0.0109375
0 0.2921875 0.6734375 0.02265625 0.01171875
0 0.17578125 0.67421875 0.0625 0.01484375
0 0.09140625 0.69921875 0.0703125 0.0109375
0 0.434375 0.69921875 0.02109375 0.0109375
0 0.6828125 0.70078125 0.07890625 0.0125
0 0.17421875 0.70078125 0.08203125 0.0125
0 0.8 0.7015625 0.1203125 0.0109375
0 0.89921875 0.7015625 0.04140625 0.0109375
0 0.34453125 0.70234375 0.1296875 0.01484375
0 0.540625 0.70234375 0.1671875 0.01484375
0 0.27109375 0.7515625 0.0703125 0.0109375
0 0.171875 0.7515625 0.1125 0.0109375
0 0.684375 0.75234375 0.02734375 0.0109375
0 0.55625 0.75234375 0.20078125 0.0109375
0 0.41875 0.75234375 0.0578125 0.01015625
0 0.81328125 0.75234375 0.20703125 0.0109375
0 0.34609375 0.753125 0.05625 0.00703125
0 0.25390625 0.784375 0.128125 0.0109375
0 0.45390625 0.784375 0.0703125 0.01015625
0 0.36640625 0.784375 0.07890625 0.01015625
0 0.5515625 0.784375 0.1046875 0.0109375
0 0.72734375 0.78515625 0.225 0.0109375
0 0.3828125 0.80546875 0.1265625 0.0109375
0 0.51640625 0.80546875 0.1078125 0.0109375
0 0.64609375 0.80546875 0.1265625 0.0109375
0 0.2640625 0.840625 0.14296875 0.0109375
0 0.4 0.840625 0.10234375 0.0109375
0 0.5296875 0.84140625 0.07421875 0.0109375
0 0.6578125 0.84140625 0.15390625 0.0109375
0 0.79296875 0.84140625 0.07734375 0.0109375
0 0.35234375 0.87421875 0.08515625 0.0125
0 0.4421875 0.87421875 0.07890625 0.0125
0 0.23125 0.87421875 0.128125 0.0125
0 0.56953125 0.87578125 0.14453125 0.0109375
0 0.68828125 0.8765625 0.0703125 0.0109375
0 0.89296875 0.8765625 0.04296875 0.0109375
0 0.7984375 0.8765625 0.1203125 0.0109375
0 0.340625 0.89609375 0.09296875 0.0125
0 0.18671875 0.89609375 0.190625 0.0125
0 0.43515625 0.896875 0.0703125 0.0109375
0 0.6328125 0.896875 0.1765625 0.0109375
0 0.51171875 0.896875 0.03828125 0.0109375
0 0.83671875 0.89765625 0.21015625 0.0109375
0 0.4828125 0.91875 0.1671875 0.0109375
0 0.2078125 0.95078125 0.1171875 0.0109375
0 0.45859375 0.95078125 0.16875 0.0109375
0 0.34296875 0.95078125 0.03046875 0.0109375
0 0.3 0.95234375 0.03515625 0.009375
0 0.7234375 0.9546875 0.31015625 0.01484375