0 0.6625 0.0703125 0.18046875 0.02734375
0 0.35546875 0.071875 0.32578125 0.028125
0 0.4015625 0.109375 0.1140625 0.03125
0 0.5921875 0.109375 0.12890625 0.02734375
0 0.784375 0.109375 0.13203125 0.02734375
0 0.20234375 0.11015625 0.109375 0.0265625
0 0.58515625 0.1390625 0.19921875 0.0140625
0 0.41328125 0.1390625 0.05390625 0.0140625
0 0.30859375 0.1390625 0.075 0.0140625
0 0.63125 0.16171875 0.2984375 0.0140625
0 0.41328125 0.16171875 0.05390625 0.01328125
0 0.21953125 0.16171875 0.0859375 0.015625
0 0.3234375 0.1625 0.065625 0.01484375
0 0.81953125 0.1828125 0.1078125 0.01484375
0 0.7 0.18359375 0.06484375 0.01328125
0 0.4359375 0.18359375 0.1484375 0.015625
0 0.59453125 0.18359375 0.08515625 0.01171875
0 0.27421875 0.18359375 0.11171875 0.0140625
0 0.0953125 0.184375 0.040625 0.01328125
0 0.1625 0.18515625 0.03203125 0.0140625
0 0.7125 0.20546875 0.18203125 0.01328125
0 0.34609375 0.20703125 0.1078125 0.0140625
0 0.203125 0.20703125 0.11015625 0.01328125
0 0.503125 0.20703125 0.13203125 0.015625
0 0.59609375 0.22890625 0.0890625 0.01328125
0 0.478125 0.22890625 0.0890625 0.0140625
0 0.36015625 0.22890625 0.08984375 0.0140625
0 0.5609375 0.25078125 0.2515625 0.01484375
0 0.32109375 0.2515625 0.0609375 0.01328125
0 0.80859375 0.29453125 0.22578125 0.01484375
0 0.61875 0.296875 0.08359375 0.01328125
0 0.50234375 0.296875 0.08984375 0.0140625
0 0.14609375 0.296875 0.18203125 0.015625
0 0.32578125 0.296875 0.1078125 0.01484375
0 0.765625 0.31875 0.134375 0.0140625
0 0.59453125 0.31953125 0.1359375 0.0140625
0 0.171875 0.32109375 0.2328125 0.01484375
0 0.634375 0.36328125 0.29453125 0.01328125
0 0.31171875 0.36328125 0.0875 0.01328125
0 0.415625 0.36328125 0.05625 0.01328125
0 0.16953125 0.365625 0.134375 0.01328125
0 0.571875 0.38515625 0.18046875 0.015625
0 0.21875 0.38671875 0.0875 0.01328125
0 0.36953125 0.3875 0.14921875 0.01484375
0 0.78515625 0.43046875 0.128125 0.0125
0 0.1828125 0.43203125 0.25 0.0140625
0 0.453125 0.4765625 0.0875 0.01328125
0 0.171875 0.4765625 0.221875 0.0140625
0 0.34609375 0.4765625 0.059375 0.01484375
0 0.91953125 0.49765625 0.01875 0.0140625
0 0.82421875 0.49765625 0.11171875 0.01484375
0 0.3375 0.5 0.0890625 0.0140625
0 0.171875 0.5 0.0875 0.01484375
0 0.825 0.5203125 0.11328125 0.01484375
0 0.3375 0.5234375 0.18203125 0.01640625
0 0.1453125 0.5234375 0.13984375 0.01640625
0 0.825 0.56484375 0.11015625 0.01484375
0 0.4296875 0.56640625 0.04140625 0.0140625
0 0.51640625 0.56640625 0.06875 0.01484375
0 0.21953125 0.56640625 0.04296875 0.0140625
0 0.3234375 0.56640625 0.0984375 0.0140625
0 0.1078125 0.5671875 0.1078125 0.0140625
0 0.8125 0.5875 0.1359375 0.01484375
0 0.09921875 0.58984375 0.0859375 0.01484375
0 0.8609375 0.6328125 0.0390625 0.0140625
0 0.10234375 0.634375 0.08359375 0.0140625
0 0.22890625 0.634375 0.1078125 0.0140625
0 0.83671875 0.65390625 0.08203125 0.015625
0 0.72578125 0.6546875 0.06484375 0.01484375
0 0.57421875 0.65546875 0.08203125 0.01640625
0 0.0875 0.65625 0.0703125 0.0140625
0 0.4296875 0.65625 0.13203125 0.01328125
0 0.228125 0.65625 0.16015625 0.0140625
0 0.8375 0.67734375 0.0890625 0.0140625
0 0.5640625 0.678125 0.1078125 0.01484375
0 0.1109375 0.6796875 0.0203125 0.01171875
0 0.0640625 0.6796875 0.0203125 0.01484375
0 0.17109375 0.68046875 0.04609375 0.01484375
0 0.82421875 0.72421875 0.11171875 0.0140625
0 0.10703125 0.725 0.10625 0.01484375
0 0.27421875 0.72578125 0.16171875 0.01640625
0 0.696875 0.76953125 0.14140625 0.015625
0 0.553125 0.76953125 0.09140625 0.0140625
0 0.39921875 0.76953125 0.1625 0.015625
0 0.278125 0.7703125 0.0203125 0.01484375
0 0.2203125 0.771875 0.04453125 0.015625
0 0.70703125 0.7921875 0.20859375 0.015625
0 0.4921875 0.79296875 0.165625 0.01484375
0 0.20703125 0.79296875 0.0703125 0.01484375
0 0.32421875 0.79296875 0.11328125 0.0140625
0 0.753125 0.81484375 0.109375 0.01484375
0 0.62265625 0.81484375 0.08984375 0.0140625
0 0.47890625 0.81484375 0.1375 0.01484375
0 0.33125 0.815625 0.08046875 0.0140625
0 0.20546875 0.81640625 0.1140625 0.0140625
0 0.525 0.8390625 0.32578125 0.01640625
0 0.30625 0.84140625 0.08203125 0.01015625
0 0.69453125 0.86015625 0.1375 0.0140625
0 0.53984375 0.8609375 0.11328125 0.01484375
0 0.37109375 0.8609375 0.16015625 0.0140625
0 0.22578125 0.86328125 0.06484375 0.01640625
0 0.52890625 0.88515625 0.4765625 0.01640625
0 0.23515625 0.8875 0.0796875 0.01015625