0 0.38359375 0.14609375 0.21328125 0.01796875
0 0.6140625 0.146875 0.21484375 0.01796875
0 0.49921875 0.17265625 0.259375 0.01640625
0 0.353125 0.1953125 0.0390625 0.01328125
0 0.28671875 0.19609375 0.0515625 0.01484375
0 0.44921875 0.19609375 0.1078125 0.0140625
0 0.59765625 0.19609375 0.159375 0.0140625
0 0.715625 0.196875 0.046875 0.0171875
0 0.37265625 0.22109375 0.1484375 0.015625
0 0.50625 0.22109375 0.096875 0.0140625
0 0.6390625 0.2203125 0.12890625 0.01640625
0 0.39765625 0.2453125 0.146875 0.01484375
0 0.26171875 0.2453125 0.1015625 0.01484375
0 0.68515625 0.24609375 0.20625 0.01484375
0 0.5265625 0.246875 0.08203125 0.01640625
0 0.37265625 0.26953125 0.0609375 0.015625
0 0.503125 0.2703125 0.13203125 0.0140625
0 0.62109375 0.2703125 0.07421875 0.0140625
0 0.3390625 0.30078125 0.07421875 0.0140625
0 0.40625 0.30078125 0.03203125 0.0140625
0 0.57265625 0.30078125 0.2453125 0.0140625
0 0.36953125 0.3359375 0.21953125 0.0171875
0 0.5296875 0.3359375 0.07578125 0.015625
0 0.6640625 0.33671875 0.15625 0.0171875
0 0.1046875 0.37421875 0.103125 0.01640625
0 0.1546875 0.4015625 0.0453125 0.01484375
0 0.084375 0.40234375 0.06640625 0.01640625
0 0.4296875 0.40234375 0.2109375 0.01640625
0 0.81171875 0.40390625 0.18203125 0.01484375
0 0.64921875 0.40546875 0.08515625 0.01640625
0 0.64765625 0.4296875 0.08515625 0.0140625
0 0.79296875 0.4296875 0.13671875 0.015625
0 0.115625 0.43046875 0.12421875 0.015625
0 0.37265625 0.43046875 0.096875 0.0140625
0 0.63515625 0.4546875 0.0546875 0.01484375
0 0.153125 0.45546875 0.2 0.0203125
0 0.08671875 0.50078125 0.07421875 0.01640625
0 0.57109375 0.5015625 0.12265625 0.01640625
0 0.89765625 0.50234375 0.06328125 0.01640625
0 0.753125 0.503125 0.1421875 0.01796875
0 0.403125 0.50546875 0.0578125 0.02109375
0 0.57109375 0.52578125 0.090625 0.0140625
0 0.77265625 0.52578125 0.090625 0.0140625
0 0.40078125 0.52578125 0.01484375 0.015625
0 0.89765625 0.52578125 0.046875 0.015625
0 0.09609375 0.52734375 0.07265625 0.01640625
0 0.090625 0.55078125 0.07734375 0.0140625
0 0.37109375 0.55078125 0.0609375 0.0140625
0 0.21953125 0.5515625 0.1484375 0.015625
0 0.31796875 0.5515625 0.01640625 0.0140625
0 0.66953125 0.55078125 0.06796875 0.01484375
0 0.57265625 0.55078125 0.096875 0.01640625
0 0.86171875 0.55078125 0.06953125 0.01484375
0 0.7640625 0.55078125 0.0953125 0.01484375
0 0.46171875 0.55078125 0.0921875 0.01640625
0 0.1890625 0.57734375 0.07734375 0.015625
0 0.4015625 0.57734375 0.01328125 0.0140625
0 0.77421875 0.578125 0.09375 0.0171875
0 0.26875 0.58046875 0.06328125 0.01875
0 0.28359375 0.60546875 0.08671875 0.01640625
0 0.1890625 0.60546875 0.07421875 0.01640625
0 0.77265625 0.60703125 0.090625 0.015625
0 0.5546875 0.609375 0.08671875 0.01875
0 0.42109375 0.61015625 0.1609375 0.01875
0 0.78359375 0.6359375 0.06796875 0.0140625
0 0.5296875 0.63671875 0.140625 0.01640625
0 0.78125 0.66484375 0.06640625 0.01484375
0 0.5640625 0.66484375 0.07578125 0.01640625
0 0.4765625 0.66484375 0.08203125 0.01640625
0 0.78359375 0.69453125 0.06796875 0.01484375
0 0.52265625 0.69609375 0.1484375 0.01953125
0 0.12265625 0.72578125 0.08359375 0.01484375
0 0.22265625 0.72578125 0.09375 0.01484375
0 0.48515625 0.72578125 0.03203125 0.015625
0 0.77265625 0.7265625 0.090625 0.0140625
0 0.37109375 0.7265625 0.17109375 0.0171875
0 0.5546875 0.72734375 0.08671875 0.01875
0 0.54609375 0.75625 0.1015625 0.015625
0 0.77265625 0.75625 0.090625 0.015625
0 0.77265625 0.78515625 0.090625 0.01484375
0 0.5296875 0.7859375 0.13671875 0.01953125
0 0.153125 0.8265625 0.07421875 0.01640625
0 0.3078125 0.82734375 0.2 0.01796875
0 0.15703125 0.8609375 0.06640625 0.015625
0 0.24453125 0.8609375 0.0921875 0.0140625
0 0.39453125 0.8625 0.02734375 0.0171875
0 0.578125 0.8625 0.16328125 0.01796875
0 0.8046875 0.86484375 0.1546875 0.01796875
0 0.153125 0.88125 0.0515625 0.01640625
0 0.60625 0.884375 0.096875 0.01640625
0 0.39609375 0.884375 0.01796875 0.01484375
0 0.84453125 0.88515625 0.07265625 0.01640625
0 0.60625 0.915625 0.096875 0.01640625
0 0.36796875 0.91640625 0.08671875 0.01640625
0 0.8390625 0.9171875 0.07421875 0.0171875
0 0.1609375 0.9578125 0.11640625 0.0140625
0 0.2765625 0.96015625 0.08203125 0.0125
0 0.36015625 0.96015625 0.06328125 0.0125
0 0.43515625 0.96015625 0.06484375 0.0140625
0 0.84765625 0.96015625 0.07578125 0.0125
0 0.58125 0.9609375 0.2078125 0.015625
0 0.74765625 0.9609375 0.0984375 0.0140625