0 0.25234375 0.16640625 0.05390625 0.01328125
0 0.375 0.16640625 0.12265625 0.01171875
0 0.59296875 0.16640625 0.0625 0.0140625
0 0.503125 0.16640625 0.05546875 0.0140625
0 0.67890625 0.16640625 0.0578125 0.01171875
0 0.34921875 0.18671875 0.15 0.01484375
0 0.5578125 0.18671875 0.20703125 0.0125
0 0.7234375 0.2046875 0.0578125 0.01328125
0 0.121875 0.20546875 0.05703125 0.0140625
0 0.8 0.20546875 0.0296875 0.01484375
0 0.246875 0.20625 0.12265625 0.01171875
0 0.45546875 0.20625 0.1375 0.0140625
0 0.34609375 0.20625 0.01875 0.01171875
0 0.615625 0.20703125 0.10390625 0.01328125
0 0.43359375 0.22421875 0.28125 0.01328125
0 0.19140625 0.22421875 0.14765625 0.01328125
0 0.7 0.225 0.1890625 0.0140625
0 0.19140625 0.2453125 0.1015625 0.01328125
0 0.31171875 0.2453125 0.07734375 0.01328125
0 0.71640625 0.2453125 0.1671875 0.01328125
0 0.4890625 0.24609375 0.2109375 0.015625
0 0.22265625 0.26484375 0.07578125 0.01328125
0 0.378125 0.26484375 0.03515625 0.01171875
0 0.31328125 0.26484375 0.03515625 0.01328125
0 0.58046875 0.265625 0.29609375 0.0140625
0 0.35625 0.284375 0.07734375 0.01328125
0 0.51171875 0.28515625 0.16875 0.01484375
0 0.35859375 0.30390625 0.0828125 0.01328125
0 0.51640625 0.30390625 0.1703125 0.01328125
0 0.8921875 0.34375 0.03515625 0.01328125
0 0.1 0.34375 0.14609375 0.01328125
0 0.41796875 0.34375 0.19296875 0.01328125
0 0.24765625 0.34375 0.0796875 0.01328125
0 0.0671875 0.36328125 0.08359375 0.01328125
0 0.24609375 0.3640625 0.11875 0.015625
0 0.09765625 0.3828125 0.1421875 0.01328125
0 0.66875 0.38359375 0.08125 0.01328125
0 0.525 0.384375 0.01484375 0.01328125
0 0.57265625 0.384375 0.0171875 0.01484375
0 0.8171875 0.384375 0.1 0.01328125
0 0.15390625 0.4015625 0.08125 0.01328125
0 0.5828125 0.403125 0.08125 0.015625
0 0.05078125 0.403125 0.05 0.01328125
0 0.28046875 0.403125 0.10390625 0.01328125
0 0.4390625 0.403125 0.1515625 0.01328125
0 0.72890625 0.40390625 0.15 0.0140625
0 0.91640625 0.40390625 0.0375 0.01328125
0 0.06796875 0.421875 0.0828125 0.01328125
0 0.22421875 0.4234375 0.078125 0.01484375
0 0.16796875 0.4421875 0.2828125 0.01328125
0 0.6625 0.4421875 0.1 0.01328125
0 0.81796875 0.4421875 0.0984375 0.01328125
0 0.56875 0.4421875 0.01875 0.01328125
0 0.528125 0.4421875 0.0109375 0.01328125
0 0.16796875 0.46171875 0.0609375 0.01328125
0 0.8921875 0.4625 0.03515625 0.01328125
0 0.2671875 0.4625 0.08125 0.01328125
0 0.06796875 0.4625 0.07421875 0.0140625
0 0.10859375 0.48203125 0.16875 0.01328125
0 0.33671875 0.4828125 0.12734375 0.01484375
0 0.103125 0.5015625 0.15 0.01328125
0 0.56875 0.50234375 0.01640625 0.01171875
0 0.67265625 0.50234375 0.07265625 0.01328125
0 0.82734375 0.50234375 0.07734375 0.01328125
0 0.52734375 0.503125 0.0078125 0.01328125
0 0.615625 0.521875 0.23359375 0.01328125
0 0.25625 0.521875 0.0578125 0.01328125
0 0.33359375 0.521875 0.03515625 0.0125
0 0.8953125 0.521875 0.03671875 0.01328125
0 0.1125 0.521875 0.17265625 0.015625
0 0.43671875 0.52265625 0.05390625 0.01328125
0 0.09140625 0.540625 0.12578125 0.015625
0 0.2921875 0.540625 0.12265625 0.015625
0 0.09765625 0.5609375 0.1421875 0.0140625
0 0.67265625 0.5609375 0.0828125 0.01328125
0 0.82734375 0.5609375 0.08515625 0.0140625
0 0.57265625 0.5609375 0.0171875 0.01328125
0 0.528125 0.5625 0.0109375 0.01484375
0 0.19140625 0.58125 0.328125 0.01328125
0 0.4921875 0.58125 0.07734375 0.01328125
0 0.8953125 0.58125 0.03671875 0.01328125
0 0.3921875 0.58125 0.0171875 0.0125
0 0.065625 0.60078125 0.07734375 0.0140625
0 0.246875 0.6015625 0.12265625 0.015625
0 0.09921875 0.6203125 0.15 0.01328125
0 0.66875 0.62109375 0.08125 0.01328125
0 0.82578125 0.62109375 0.08125 0.01328125
0 0.56953125 0.62109375 0.0203125 0.01328125
0 0.528125 0.62109375 0.0109375 0.0125
0 0.25625 0.659375 0.01484375 0.01328125
0 0.903125 0.659375 0.01484375 0.01328125
0 0.7578125 0.66015625 0.12265625 0.015625
0 0.0984375 0.6609375 0.14609375 0.015625
0 0.7578125 0.69921875 0.03515625 0.01328125
0 0.35546875 0.69921875 0.12734375 0.01328125
0 0.2125 0.69921875 0.09765625 0.0140625
0 0.85859375 0.7 0.10390625 0.01328125
0 0.07421875 0.7 0.1 0.0140625
0 0.85859375 0.71875 0.10390625 0.01328125
0 0.7578125 0.71953125 0.03515625 0.0125
0 0.0546875 0.7203125 0.0578125 0.01328125
0 0.2015625 0.73828125 0.35390625 0.0140625
0 0.4671875 0.7390625 0.11875 0.015625
0 0.52265625 0.79765625 0.1 0.0140625
0 0.71640625 0.79765625 0.0375 0.0140625
0 0.2921875 0.79765625 0.16875 0.0140625
0 0.428125 0.79765625 0.03515625 0.01328125
0 0.8078125 0.79765625 0.07734375 0.01328125
0 0.14765625 0.7984375 0.059375 0.01328125
0 0.05390625 0.7984375 0.0625 0.0140625
0 0.64609375 0.8359375 0.03515625 0.01328125
0 0.2828125 0.83671875 0.1 0.01484375
0 0.51328125 0.8375 0.08125 0.0140625
0 0.803125 0.8375 0.21484375 0.0140625
0 0.39921875 0.83828125 0.07734375 0.01328125
0 0.1140625 0.83828125 0.171875 0.0140625
0 0.48046875 0.85625 0.15 0.0140625
0 0.30234375 0.8578125 0.15 0.01484375
0 0.1140625 0.85859375 0.171875 0.01484375
0 0.39296875 0.896875 0.059375 0.0140625
0 0.5265625 0.896875 0.15 0.0140625
0 0.6953125 0.896875 0.128125 0.0140625
0 0.246875 0.896875 0.16875 0.0140625
0 0.57890625 0.91640625 0.16875 0.01328125
0 0.425 0.91640625 0.08515625 0.01328125
0 0.325 0.9171875 0.0578125 0.01328125
0 0.2578125 0.9171875 0.0125 0.01328125
0 0.51640625 0.93671875 0.08359375 0.0140625
0 0.65078125 0.93671875 0.13125 0.0140625
0 0.29296875 0.93671875 0.1703125 0.0140625
0 0.42578125 0.93671875 0.03515625 0.0140625