0 0.2453125 0.16875 0.14296875 0.015625
0 0.41484375 0.16875 0.1578125 0.01484375
0 0.56796875 0.16953125 0.10546875 0.01484375
0 0.7203125 0.1703125 0.16640625 0.01484375
0 0.4890625 0.1875 0.2640625 0.01484375
0 0.309375 0.20859375 0.0640625 0.01171875
0 0.384375 0.20859375 0.05703125 0.01171875
0 0.48046875 0.20859375 0.11171875 0.01328125
0 0.62734375 0.209375 0.15703125 0.01328125
0 0.29375 0.2296875 0.0984375 0.0109375
0 0.63671875 0.23125 0.19609375 0.0125
0 0.440625 0.23203125 0.1640625 0.01484375
0 0.1859375 0.26328125 0.0609375 0.01171875
0 0.35703125 0.2640625 0.21328125 0.0125
0 0.5484375 0.2640625 0.06328125 0.01171875
0 0.71953125 0.26484375 0.21328125 0.0125
0 0.3296875 0.28671875 0.06953125 0.01171875
0 0.39453125 0.2875 0.03359375 0.01328125
0 0.565625 0.28828125 0.2421875 0.0125
0 0.4015625 0.3140625 0.075 0.0140625
0 0.53515625 0.31484375 0.1609375 0.01484375
0 0.06796875 0.33203125 0.03828125 0.0109375
0 0.12890625 0.33203125 0.0578125 0.0125
0 0.08671875 0.35546875 0.08046875 0.0109375
0 0.19140625 0.35625 0.1015625 0.0125
0 0.303125 0.35625 0.09765625 0.0125
0 0.47890625 0.35703125 0.225 0.0125
0 0.12109375 0.37578125 0.0125 0.0109375
0 0.0734375 0.37578125 0.05078125 0.0109375
0 0.38671875 0.3765625 0.01640625 0.0109375
0 0.31328125 0.3765625 0.10078125 0.0125
0 0.19375 0.3765625 0.10859375 0.01171875
0 0.1078125 0.3953125 0.12109375 0.01171875
0 0.23046875 0.3953125 0.09453125 0.01171875
0 0.33984375 0.39609375 0.0984375 0.01171875
0 0.3140625 0.4171875 0.19765625 0.0125
0 0.1234375 0.41796875 0.1546875 0.01171875
0 0.15234375 0.43828125 0.21484375 0.0125
0 0.0796875 0.45859375 0.065625 0.0125
0 0.14609375 0.459375 0.04296875 0.0125
0 0.41328125 0.46015625 0.215625 0.0125
0 0.6859375 0.46171875 0.084375 0.01328125
0 0.8453125 0.4625 0.178125 0.0125
0 0.11015625 0.48203125 0.12578125 0.0125
0 0.35703125 0.4828125 0.09765625 0.0125
0 0.6828125 0.48359375 0.0828125 0.0125
0 0.82421875 0.484375 0.13515625 0.01171875
0 0.146875 0.50625 0.1953125 0.0140625
0 0.69140625 0.50625 0.071875 0.0125
0 0.60625 0.5375 0.0859375 0.01328125
0 0.79296875 0.5390625 0.08828125 0.0125
0 0.0765625 0.55234375 0.065625 0.01171875
0 0.46640625 0.55234375 0.10390625 0.01171875
0 0.33203125 0.553125 0.05234375 0.0125
0 0.778125 0.553125 0.11484375 0.0109375
0 0.60859375 0.553125 0.10390625 0.0109375
0 0.91484375 0.5546875 0.0546875 0.0109375
0 0.096875 0.5703125 0.096875 0.01015625
0 0.33203125 0.57109375 0.03125 0.01015625
0 0.4671875 0.571875 0.05703125 0.01015625
0 0.60859375 0.57265625 0.05703125 0.009375
0 0.921875 0.57265625 0.03671875 0.01015625
0 0.8 0.5734375 0.0765625 0.0109375
0 0.08125 0.59140625 0.06328125 0.01015625
0 0.13671875 0.59140625 0.01640625 0.0109375
0 0.178125 0.5921875 0.040625 0.0109375
0 0.24609375 0.59375 0.065625 0.01171875
0 0.1265625 0.61328125 0.0796875 0.0125
0 0.33203125 0.61484375 0.03515625 0.0125
0 0.20703125 0.615625 0.0625 0.01484375
0 0.8 0.61640625 0.09140625 0.0125
0 0.2140625 0.65 0.07421875 0.0125
0 0.3078125 0.65078125 0.0859375 0.0109375
0 0.7984375 0.6515625 0.08671875 0.01171875
0 0.44296875 0.653125 0.16015625 0.015625
0 0.5796875 0.653125 0.08671875 0.01484375
0 0.55234375 0.67734375 0.1359375 0.01171875
0 0.80625 0.678125 0.06796875 0.01171875
0 0.584375 0.7046875 0.06953125 0.01171875
0 0.4984375 0.7046875 0.0765625 0.01171875
0 0.80625 0.70546875 0.06796875 0.0109375
0 0.80625 0.73046875 0.06796875 0.0109375
0 0.546875 0.73125 0.14453125 0.015625
0 0.14921875 0.7546875 0.08359375 0.01171875
0 0.25078125 0.7546875 0.09296875 0.01171875
0 0.509375 0.75625 0.0296875 0.0125
0 0.39609375 0.75703125 0.1671875 0.0140625
0 0.79765625 0.7578125 0.0890625 0.01171875
0 0.5796875 0.75859375 0.084375 0.0140625
0 0.56796875 0.78359375 0.0984375 0.0125
0 0.79765625 0.78359375 0.08671875 0.0125
0 0.80546875 0.80390625 0.06796875 0.01171875
0 0.553125 0.8046875 0.134375 0.01484375
0 0.1421875 0.8484375 0.071875 0.0125
0 0.28828125 0.8484375 0.18671875 0.01328125
0 0.23046875 0.87421875 0.08828125 0.01171875
0 0.14375 0.87421875 0.06015625 0.01328125
0 0.53984375 0.875 0.06875 0.0125
0 0.39140625 0.87578125 0.0265625 0.01484375
0 0.77734375 0.87578125 0.0609375 0.01328125
0 0.6234375 0.8765625 0.08125 0.0140625
0 0.86015625 0.87734375 0.08046875 0.01484375
0 0.13671875 0.89375 0.04375 0.0109375
0 0.3921875 0.89453125 0.01796875 0.01328125
0 0.6203125 0.8953125 0.08828125 0.0109375
0 0.865625 0.89609375 0.06640625 0.01171875
0 0.3625 0.9171875 0.08828125 0.01328125
0 0.61796875 0.91796875 0.0921875 0.01328125
0 0.86328125 0.91875 0.06953125 0.01171875
0 0.15703125 0.95390625 0.1125 0.009375
0 0.26875 0.95390625 0.08046875 0.0109375
0 0.3515625 0.9546875 0.059375 0.009375
0 0.42578125 0.9546875 0.0625 0.009375
0 0.8328125 0.95625 0.065625 0.009375
0 0.57421875 0.95625 0.2046875 0.0125
0 0.73828125 0.95625 0.0984375 0.01015625