0 0.40546875 0.21328125 0.19375 0.04375
0 0.621875 0.21953125 0.16953125 0.028125
0 0.2 0.25859375 0.234375 0.01640625
0 0.34609375 0.25859375 0.0296875 0.01640625
0 0.4078125 0.25859375 0.06484375 0.01640625
0 0.5609375 0.259375 0.21015625 0.01875
0 0.8140625 0.2625 0.22265625 0.01484375
0 0.3640625 0.28046875 0.065625 0.01640625
0 0.45625 0.28046875 0.0625 0.01640625
0 0.109375 0.28046875 0.0578125 0.0171875
0 0.303125 0.28046875 0.025 0.01640625
0 0.55078125 0.28125 0.0953125 0.01640625
0 0.21328125 0.28125 0.1234375 0.01796875
0 0.65234375 0.28125 0.06015625 0.01640625
0 0.8796875 0.28125 0.10078125 0.0171875
0 0.759375 0.2828125 0.10859375 0.02109375
0 0.36640625 0.3078125 0.15390625 0.01796875
0 0.628125 0.30859375 0.28203125 0.01796875
0 0.31015625 0.3359375 0.0953125 0.01640625
0 0.6375 0.3359375 0.30859375 0.01640625
0 0.40859375 0.3359375 0.06796875 0.0171875
0 0.82109375 0.375 0.065625 0.0171875
0 0.37265625 0.375 0.175 0.01796875
0 0.1953125 0.375 0.09296875 0.0171875
0 0.52734375 0.375 0.10390625 0.0171875
0 0.69453125 0.375 0.14921875 0.01796875
0 0.290625 0.4109375 0.1875 0.021875
0 0.13203125 0.4109375 0.09609375 0.02109375
0 0.6796875 0.4203125 0.11640625 0.01640625
0 0.83359375 0.4203125 0.15625 0.01640625
0 0.28203125 0.44140625 0.159375 0.01640625
0 0.12265625 0.44140625 0.0625 0.0171875
0 0.759375 0.4453125 0.15703125 0.01796875
0 0.2265625 0.47578125 0.2328125 0.021875
0 0.7578125 0.4765625 0.05625 0.0140625
0 0.86796875 0.4765625 0.065625 0.01484375
0 0.6140625 0.478125 0.05859375 0.01796875
0 0.1875 0.50859375 0.2125 0.01640625
0 0.871875 0.50859375 0.05 0.01171875
0 0.38515625 0.50859375 0.1546875 0.01484375
0 0.609375 0.509375 0.07265625 0.01484375
0 0.76953125 0.509375 0.109375 0.01484375
0 0.3515625 0.5296875 0.1140625 0.015625
0 0.15703125 0.5296875 0.1515625 0.01484375
0 0.26171875 0.53125 0.03515625 0.01875
0 0.12734375 0.56875 0.09140625 0.01484375
0 0.29375 0.56953125 0.065625 0.015625
0 0.3890625 0.56953125 0.08125 0.01484375
0 0.7765625 0.5703125 0.11171875 0.01484375
0 0.21640625 0.5703125 0.07109375 0.0140625
0 0.4890625 0.57109375 0.10546875 0.01796875
0 0.26015625 0.5984375 0.1609375 0.01875
0 0.4484375 0.59921875 0.18671875 0.01796875
0 0.2671875 0.625 0.08828125 0.01484375
0 0.7734375 0.62578125 0.12109375 0.01328125
0 0.35390625 0.62578125 0.0703125 0.0140625
0 0.4703125 0.6265625 0.1390625 0.01875
0 0.36171875 0.65234375 0.075 0.01484375
0 0.77578125 0.65234375 0.1140625 0.0140625
0 0.4765625 0.653125 0.12890625 0.015625
0 0.79453125 0.6796875 0.06640625 0.0140625
0 0.4734375 0.68046875 0.13671875 0.01875
0 0.8234375 0.70625 0.01328125 0.01484375
0 0.29375 0.70625 0.08671875 0.01484375
0 0.478125 0.70703125 0.1234375 0.01484375
0 0.378125 0.709375 0.0625 0.01875
0 0.16875 0.76015625 0.07578125 0.01328125
0 0.828125 0.7609375 0.05625 0.01484375
0 0.5515625 0.76171875 0.13203125 0.01484375
0 0.30078125 0.76328125 0.16328125 0.01796875
0 0.575 0.7828125 0.08046875 0.01796875
0 0.8171875 0.78359375 0.08046875 0.01796875
0 0.15546875 0.80625 0.053125 0.0140625
0 0.253125 0.80625 0.0203125 0.01328125
0 0.2140625 0.80859375 0.0375 0.01796875
0 0.5609375 0.81328125 0.11328125 0.01484375
0 0.81015625 0.8140625 0.09375 0.01484375
0 0.81015625 0.8375 0.09140625 0.01328125
0 0.5625 0.83828125 0.1109375 0.01484375
0 0.1734375 0.8390625 0.0828125 0.01484375
0 0.18515625 0.878125 0.13125 0.0140625
0 0.3046875 0.878125 0.0859375 0.0140625
0 0.18359375 0.89609375 0.11171875 0.0140625
0 0.303125 0.89609375 0.09921875 0.0140625
0 0.40859375 0.89765625 0.0953125 0.01796875
0 0.56640625 0.915625 0.19140625 0.0140625
0 0.43046875 0.91640625 0.0578125 0.01484375
0 0.1828125 0.91640625 0.1078125 0.01328125
0 0.28515625 0.91640625 0.075 0.01484375
0 0.36015625 0.91640625 0.06015625 0.0140625