0 0.18046875 0.12578125 0.2078125 0.01328125
0 0.3375 0.12734375 0.059375 0.01171875
0 0.46484375 0.12734375 0.14453125 0.01328125
0 0.1125 0.14296875 0.078125 0.01328125
0 0.3671875 0.14296875 0.33359375 0.01328125
0 0.32734375 0.159375 0.209375 0.01328125
0 0.59296875 0.159375 0.06328125 0.01328125
0 0.1375 0.16015625 0.12265625 0.0140625
0 0.4875 0.16015625 0.059375 0.01328125
0 0.17265625 0.17734375 0.18203125 0.0140625
0 0.10546875 0.19296875 0.0578125 0.01328125
0 0.18984375 0.1953125 0.05625 0.0140625
0 0.37265625 0.19453125 0.2515625 0.01328125
0 0.1125 0.21171875 0.078125 0.01328125
0 0.2328125 0.21171875 0.10234375 0.01328125
0 0.3828125 0.21171875 0.14609375 0.01328125
0 0.265625 0.22734375 0.12265625 0.01328125
0 0.12734375 0.22890625 0.10234375 0.01328125
0 0.56484375 0.22890625 0.16640625 0.01328125
0 0.40078125 0.22890625 0.096875 0.01640625
0 0.1125 0.24453125 0.078125 0.01328125
0 0.29765625 0.24609375 0.23125 0.01328125
0 0.1171875 0.27890625 0.08515625 0.0140625
0 0.14765625 0.3125 0.14296875 0.01328125
0 0.2625 0.3125 0.03203125 0.01328125
0 0.58984375 0.3140625 0.0984375 0.01328125
0 0.77578125 0.3140625 0.2078125 0.01328125
0 0.41328125 0.3140625 0.2078125 0.01328125
0 0.39296875 0.33125 0.0375 0.01328125
0 0.18984375 0.33046875 0.2296875 0.01328125
0 0.58984375 0.33046875 0.0984375 0.01328125
0 0.75234375 0.33125 0.16875 0.01328125
0 0.3078125 0.34765625 0.040625 0.01328125
0 0.146875 0.34765625 0.14765625 0.01328125
0 0.4875 0.3828125 0.059375 0.01484375
0 0.11796875 0.3828125 0.0796875 0.01328125
0 0.8171875 0.38203125 0.12421875 0.01328125
0 0.66015625 0.3828125 0.0609375 0.01328125
0 0.82734375 0.40078125 0.096875 0.01875
0 0.63515625 0.40078125 0.09375 0.01875
0 0.634375 0.434375 0.10234375 0.0140625
0 0.1375 0.434375 0.12265625 0.0140625
0 0.9125 0.43359375 0.01875 0.01328125
0 0.46484375 0.43359375 0.01875 0.01328125
0 0.82734375 0.43515625 0.1 0.01328125
0 0.36015625 0.4515625 0.10234375 0.0140625
0 0.6 0.45234375 0.12578125 0.01328125
0 0.478125 0.45234375 0.078125 0.01328125
0 0.85703125 0.45234375 0.12265625 0.01328125
0 0.1171875 0.4515625 0.078125 0.015625
0 0.7296875 0.4515625 0.08125 0.0140625
0 0.23203125 0.45234375 0.096875 0.015625
0 0.12734375 0.46875 0.10234375 0.01328125
0 0.46484375 0.46875 0.015625 0.01328125
0 0.9125 0.46875 0.01875 0.01328125
0 0.82734375 0.46953125 0.10390625 0.01328125
0 0.6375 0.4703125 0.10234375 0.01328125
0 0.81484375 0.48515625 0.12578125 0.0140625
0 0.9125 0.48671875 0.01875 0.01328125
0 0.67734375 0.48671875 0.1 0.01328125
0 0.3171875 0.48671875 0.1 0.01328125
0 0.43671875 0.4859375 0.08515625 0.0140625
0 0.55 0.48671875 0.10390625 0.0140625
0 0.0953125 0.48828125 0.0375 0.01875
0 0.18984375 0.4890625 0.096875 0.01875
0 0.61484375 0.51953125 0.01875 0.0140625
0 0.28515625 0.51953125 0.16875 0.0140625
0 0.12734375 0.5203125 0.10546875 0.0140625
0 0.61484375 0.571875 0.18515625 0.01328125
0 0.86953125 0.57265625 0.10390625 0.01328125
0 0.88046875 0.58984375 0.08359375 0.01328125
0 0.56171875 0.58984375 0.0796875 0.01328125
0 0.88046875 0.60625 0.0796875 0.01328125
0 0.55 0.60625 0.059375 0.01328125
0 0.60234375 0.62421875 0.1703125 0.0140625
0 0.8671875 0.625 0.0984375 0.0140625
0 0.2203125 0.64140625 0.20234375 0.01328125
0 0.81484375 0.6421875 0.20390625 0.01328125
0 0.81484375 0.65859375 0.20390625 0.01328125
0 0.2 0.659375 0.16171875 0.01328125
0 0.23984375 0.67578125 0.2484375 0.01328125
0 0.83515625 0.6765625 0.16328125 0.01328125
0 0.53046875 0.7453125 0.0578125 0.01328125
0 0.4453125 0.7453125 0.0578125 0.01328125
0 0.35 0.7453125 0.078125 0.01328125
0 0.2328125 0.7453125 0.10234375 0.01328125
0 0.69453125 0.7453125 0.2265625 0.01484375
0 0.56015625 0.7609375 0.06953125 0.01328125
0 0.44453125 0.7609375 0.10390625 0.01328125
0 0.2859375 0.7796875 0.2078125 0.01328125
0 0.76015625 0.7796875 0.10234375 0.01328125
0 0.625 0.7796875 0.12421875 0.01328125
0 0.475 0.78203125 0.12109375 0.01875
0 0.2328125 0.84921875 0.15 0.01484375
0 0.1046875 0.84921875 0.059375 0.01484375
0 0.11484375 0.8828125 0.08359375 0.0140625
0 0.6546875 0.8828125 0.0171875 0.0140625
0 0.478125 0.88359375 0.12265625 0.0140625
0 0.825 0.884375 0.14609375 0.0140625
0 0.859375 0.91796875 0.0796875 0.0140625
0 0.09296875 0.91796875 0.0390625 0.01328125
0 0.4875 0.91796875 0.10390625 0.0140625
0 0.6546875 0.91875 0.0171875 0.01328125
0 0.859375 0.97109375 0.0796875 0.01328125
0 0.50546875 0.97109375 0.06484375 0.01484375
0 0.6125 0.97109375 0.0984375 0.01328125