0 0.2171875 0.125 0.240625 0.01875
0 0.5125 0.125 0.31328125 0.01875
0 0.72890625 0.125 0.0796875 0.01875
0 0.83671875 0.125 0.09453125 0.01875
0 0.490625 0.15546875 0.1609375 0.01796875
0 0.28359375 0.178125 0.0515625 0.01484375
0 0.3546875 0.178125 0.06484375 0.01484375
0 0.553125 0.178125 0.05625 0.015625
0 0.45546875 0.178125 0.11015625 0.015625
0 0.65859375 0.1796875 0.125 0.015625
0 0.48984375 0.203125 0.1671875 0.015625
0 0.4640625 0.22890625 0.11640625 0.01640625
0 0.33828125 0.22890625 0.10546875 0.01640625
0 0.6140625 0.22890625 0.1578125 0.015625
0 0.36640625 0.253125 0.06171875 0.01484375
0 0.5375 0.253125 0.215625 0.01484375
0 0.32890625 0.2859375 0.07109375 0.01484375
0 0.39453125 0.2859375 0.03203125 0.01484375
0 0.56484375 0.2859375 0.2421875 0.015625
0 0.3578125 0.3125 0.21875 0.015625
0 0.51875 0.3125 0.0734375 0.015625
0 0.65078125 0.31328125 0.15703125 0.01484375
0 0.09453125 0.35078125 0.09609375 0.0140625
0 0.41640625 0.37890625 0.2140625 0.01953125
0 0.63359375 0.38046875 0.0796875 0.01640625
0 0.07890625 0.38125 0.0640625 0.01484375
0 0.80078125 0.38125 0.17734375 0.01640625
0 0.14453125 0.38125 0.04765625 0.015625
0 0.63671875 0.40703125 0.0828125 0.01484375
0 0.77890625 0.40703125 0.13515625 0.01484375
0 0.10625 0.4078125 0.11953125 0.01484375
0 0.36171875 0.40859375 0.09609375 0.01484375
0 0.6234375 0.43359375 0.0609375 0.01484375
0 0.14453125 0.4359375 0.196875 0.01796875
0 0.7390625 0.48203125 0.134375 0.01484375
0 0.5546875 0.48203125 0.128125 0.01640625
0 0.88125 0.4828125 0.06328125 0.01640625
0 0.08046875 0.4828125 0.0734375 0.01796875
0 0.39375 0.4828125 0.0578125 0.01953125
0 0.39140625 0.50625 0.015625 0.01484375
0 0.08671875 0.50625 0.07578125 0.0140625
0 0.5578125 0.50625 0.08984375 0.01484375
0 0.75078125 0.50625 0.11015625 0.01484375
0 0.88203125 0.5078125 0.046875 0.0140625
0 0.18671875 0.5328125 0.0203125 0.01484375
0 0.44609375 0.5328125 0.29140625 0.015625
0 0.10703125 0.5328125 0.11171875 0.01484375
0 0.24765625 0.5328125 0.07578125 0.01484375
0 0.6421875 0.5328125 0.07578125 0.015625
0 0.17734375 0.5578125 0.07890625 0.01640625
0 0.38828125 0.5578125 0.015625 0.01640625
0 0.75546875 0.55859375 0.1078125 0.01640625
0 0.2578125 0.56015625 0.06171875 0.01875
0 0.18046875 0.596875 0.075 0.01484375
0 0.2734375 0.596875 0.08671875 0.015625
0 0.75 0.596875 0.11015625 0.01640625
0 0.54296875 0.5984375 0.0828125 0.01796875
0 0.40859375 0.59921875 0.15859375 0.01875
0 0.7703125 0.62578125 0.0671875 0.01484375
0 0.515625 0.62578125 0.1375 0.015625
0 0.46328125 0.6546875 0.07578125 0.01484375
0 0.54921875 0.6546875 0.0703125 0.01484375
0 0.7609375 0.6546875 0.08515625 0.015625
0 0.7703125 0.68359375 0.0671875 0.01484375
0 0.5109375 0.68515625 0.1453125 0.01953125
0 0.1140625 0.71640625 0.08515625 0.015625
0 0.2171875 0.71640625 0.09140625 0.015625
0 0.75 0.7171875 0.11015625 0.01484375
0 0.47265625 0.7171875 0.0328125 0.01484375
0 0.359375 0.71875 0.1703125 0.01875
0 0.54375 0.71875 0.08515625 0.01875
0 0.75 0.74765625 0.11015625 0.015625
0 0.5328125 0.7484375 0.1 0.01484375
0 0.7703125 0.775 0.0671875 0.01484375
0 0.51953125 0.7765625 0.134375 0.01875
0 0.1484375 0.82421875 0.07890625 0.01796875
0 0.30078125 0.82421875 0.19375 0.01875
0 0.79296875 0.8609375 0.16015625 0.01640625
0 0.38359375 0.8609375 0.02734375 0.01796875
0 0.56796875 0.8609375 0.1609375 0.01796875
0 0.19921875 0.8609375 0.16015625 0.01796875
0 0.58671875 0.88203125 0.11796875 0.01796875
0 0.1453125 0.8828125 0.0515625 0.01484375
0 0.3859375 0.8828125 0.01953125 0.01484375
0 0.81953125 0.8828125 0.09375 0.015625
0 0.3578125 0.91640625 0.08828125 0.015625
0 0.58671875 0.91640625 0.11796875 0.015625
0 0.81875 0.91640625 0.09609375 0.015625
0 0.15859375 0.96640625 0.11484375 0.0140625
0 0.2703125 0.96640625 0.0796875 0.0140625
0 0.3515625 0.96640625 0.0609375 0.0140625
0 0.42578125 0.96640625 0.06328125 0.0140625
0 0.5734375 0.9671875 0.20703125 0.0140625
0 0.73828125 0.9671875 0.09921875 0.0125
0 0.8328125 0.9671875 0.06328125 0.0125