0 0.65703125 0.2140625 0.18359375 0.01875
0 0.50859375 0.21640625 0.05390625 0.01875
0 0.41953125 0.2171875 0.071875 0.01875
0 0.31015625 0.21796875 0.09296875 0.01796875
0 0.21953125 0.21953125 0.034375 0.01640625
0 0.68671875 0.2421875 0.0953125 0.0171875
0 0.56875 0.24296875 0.090625 0.01796875
0 0.340625 0.2453125 0.06875 0.01640625
0 0.2546875 0.2453125 0.059375 0.01875
0 0.446875 0.24609375 0.08828125 0.021875
0 0.53984375 0.2734375 0.1515625 0.01875
0 0.3921875 0.2734375 0.0953125 0.01640625
0 0.6203125 0.30234375 0.1546875 0.0171875
0 0.45859375 0.303125 0.11171875 0.01953125
0 0.334375 0.30390625 0.09765625 0.01875
0 0.48125 0.33359375 0.23203125 0.01875
0 0.621875 0.36171875 0.23203125 0.01796875
0 0.27578125 0.3625 0.05390625 0.01640625
0 0.35234375 0.36328125 0.04609375 0.01796875
0 0.42578125 0.36328125 0.0328125 0.01640625
0 0.6328125 0.42109375 0.290625 0.01796875
0 0.4046875 0.421875 0.03359375 0.01640625
0 0.2953125 0.421875 0.13359375 0.01796875
0 0.82265625 0.48046875 0.15546875 0.01953125
0 0.503125 0.48046875 0.11640625 0.01875
0 0.1796875 0.48203125 0.134375 0.01875
0 0.1390625 0.5390625 0.05390625 0.015625
0 0.8 0.5390625 0.11796875 0.01875
0 0.453125 0.53984375 0.09296875 0.0171875
0 0.3359375 0.53984375 0.0953125 0.0171875
0 0.22890625 0.53984375 0.0765625 0.0171875
0 0.8921875 0.5421875 0.01484375 0.01328125
0 0.21875 0.56875 0.01328125 0.015625
0 0.16796875 0.56953125 0.0359375 0.0171875
0 0.2671875 0.56953125 0.0359375 0.0171875
0 0.34609375 0.56953125 0.07421875 0.0171875
0 0.14609375 0.5984375 0.07265625 0.0171875
0 0.7890625 0.5984375 0.1359375 0.0171875
0 0.453125 0.59921875 0.13125 0.0171875
0 0.5921875 0.59921875 0.0921875 0.0171875
0 0.28671875 0.59921875 0.1546875 0.0171875
0 0.88984375 0.6015625 0.01328125 0.01171875
0 0.2765625 0.65703125 0.09765625 0.01875
0 0.15625 0.65703125 0.09296875 0.01875
0 0.6828125 0.65703125 0.0359375 0.0171875
0 0.6 0.6578125 0.0703125 0.0171875
0 0.4484375 0.6578125 0.18828125 0.0171875
0 0.81015625 0.6578125 0.09609375 0.0171875
0 0.8109375 0.6859375 0.0953125 0.01796875
0 0.6828125 0.6859375 0.0359375 0.01796875
0 0.60234375 0.6859375 0.075 0.01875
0 0.8328125 0.715625 0.05390625 0.01796875
0 0.6828125 0.715625 0.03828125 0.0171875
0 0.584375 0.715625 0.1140625 0.01875
0 0.13671875 0.775 0.05859375 0.01796875
0 0.525 0.775 0.19296875 0.01796875
0 0.81015625 0.775 0.13125 0.01875
0 0.2578125 0.77734375 0.13671875 0.021875
0 0.2078125 0.80390625 0.03671875 0.01796875
0 0.57421875 0.8046875 0.0953125 0.01796875
0 0.84296875 0.8046875 0.071875 0.01796875
0 0.11796875 0.80703125 0.0171875 0.0125
0 0.25859375 0.89296875 0.09453125 0.01796875
0 0.4859375 0.89296875 0.115625 0.01796875
0 0.3640625 0.89296875 0.06875 0.01796875
0 0.71328125 0.89609375 0.09453125 0.021875
0 0.60234375 0.89609375 0.075 0.0125
0 0.36015625 0.92265625 0.13203125 0.01796875
0 0.47890625 0.92265625 0.0515625 0.01796875
0 0.23984375 0.92265625 0.05625 0.01796875
0 0.81328125 0.9234375 0.13125 0.0140625
0 0.15 0.9234375 0.0765625 0.021875
0 0.62421875 0.92421875 0.19296875 0.021875