0 0.6328125 0.1578125 0.1890625 0.01640625
0 0.4828125 0.15859375 0.059375 0.01484375
0 0.39296875 0.15859375 0.07890625 0.015625
0 0.19453125 0.16015625 0.0375 0.0140625
0 0.284375 0.16015625 0.09765625 0.015625
0 0.5453125 0.17890625 0.1015625 0.015625
0 0.6734375 0.1796875 0.11484375 0.0171875
0 0.31328125 0.18125 0.07421875 0.01484375
0 0.42421875 0.18203125 0.09375 0.01796875
0 0.2265625 0.18203125 0.06171875 0.015625
0 0.51640625 0.2015625 0.15859375 0.015625
0 0.365625 0.20234375 0.09921875 0.01484375
0 0.59765625 0.22265625 0.16015625 0.015625
0 0.309375 0.22421875 0.09921875 0.015625
0 0.4359375 0.22578125 0.11484375 0.01796875
0 0.5875 0.24453125 0.09765625 0.01484375
0 0.4 0.246875 0.2390625 0.01640625
0 0.6015625 0.2671875 0.23984375 0.015625
0 0.4015625 0.26796875 0.0390625 0.01484375
0 0.3296875 0.26875 0.0515625 0.01484375
0 0.2515625 0.26953125 0.059375 0.01484375
0 0.61328125 0.3109375 0.29609375 0.0171875
0 0.38203125 0.3125 0.03828125 0.01484375
0 0.2734375 0.31328125 0.1375 0.015625
0 0.8046875 0.3546875 0.15859375 0.015625
0 0.484375 0.35625 0.11953125 0.015625
0 0.15546875 0.35859375 0.1421875 0.01640625
0 0.78515625 0.39921875 0.11796875 0.01484375
0 0.61484375 0.39921875 0.0203125 0.01484375
0 0.5453125 0.4 0.08125 0.015625
0 0.87578125 0.4 0.0203125 0.01171875
0 0.45703125 0.40078125 0.06171875 0.01484375
0 0.378125 0.40078125 0.0609375 0.015625
0 0.3078125 0.4015625 0.03828125 0.015625
0 0.22890625 0.4015625 0.07890625 0.015625
0 0.128125 0.403125 0.08359375 0.015625
0 0.78515625 0.42109375 0.11953125 0.015625
0 0.59765625 0.421875 0.05546875 0.0140625
0 0.50546875 0.42265625 0.07890625 0.01484375
0 0.87421875 0.42265625 0.01953125 0.01015625
0 0.296875 0.4234375 0.0578125 0.01484375
0 0.396875 0.4234375 0.09765625 0.01484375
0 0.21796875 0.42421875 0.059375 0.01484375
0 0.12578125 0.425 0.08125 0.01484375
0 0.7875 0.44296875 0.11796875 0.01484375
0 0.559375 0.44453125 0.1 0.01484375
0 0.878125 0.44453125 0.0203125 0.01015625
0 0.45703125 0.44453125 0.05859375 0.01484375
0 0.3703125 0.4453125 0.07734375 0.01484375
0 0.24921875 0.44609375 0.11796875 0.015625
0 0.13125 0.446875 0.0796875 0.015625
0 0.7859375 0.465625 0.11953125 0.01484375
0 0.56640625 0.46640625 0.1171875 0.015625
0 0.87578125 0.4671875 0.01796875 0.01015625
0 0.41796875 0.4671875 0.140625 0.01484375
0 0.25859375 0.46796875 0.140625 0.01484375
0 0.128125 0.46875 0.0765625 0.015625
0 0.33046875 0.48984375 0.07734375 0.01484375
0 0.20234375 0.490625 0.01953125 0.0140625
0 0.25078125 0.490625 0.0390625 0.0140625
0 0.15078125 0.490625 0.04296875 0.01484375
0 0.7875 0.509375 0.11953125 0.015625
0 0.8765625 0.5109375 0.01953125 0.0109375
0 0.55 0.5109375 0.15625 0.015625
0 0.38984375 0.51171875 0.11796875 0.01484375
0 0.24921875 0.5125 0.11796875 0.01484375
0 0.1296875 0.51171875 0.07890625 0.01484375
0 0.79140625 0.53203125 0.11796875 0.015625
0 0.571875 0.5328125 0.0390625 0.01484375
0 0.48046875 0.53359375 0.096875 0.015625
0 0.35390625 0.53359375 0.11796875 0.01484375
0 0.88046875 0.53359375 0.0203125 0.01015625
0 0.22265625 0.534375 0.1 0.01484375
0 0.12421875 0.534375 0.0609375 0.0140625
0 0.77890625 0.55390625 0.13828125 0.01484375
0 0.62109375 0.55546875 0.01953125 0.01484375
0 0.54140625 0.55546875 0.09140625 0.01484375
0 0.4203125 0.55625 0.09921875 0.015625
0 0.8796875 0.55625 0.01953125 0.01015625
0 0.20234375 0.55546875 0.059375 0.0140625
0 0.3015625 0.55625 0.09921875 0.015625
0 0.121875 0.55703125 0.06171875 0.01484375
0 0.79296875 0.5765625 0.1171875 0.01484375
0 0.5421875 0.57734375 0.17890625 0.01484375
0 0.88203125 0.578125 0.01953125 0.009375
0 0.3828125 0.57734375 0.09921875 0.01484375
0 0.2546875 0.578125 0.1203125 0.015625
0 0.134375 0.57890625 0.08125 0.01484375
0 0.79140625 0.5984375 0.11953125 0.01484375
0 0.6015625 0.59921875 0.0578125 0.015625
0 0.48125 0.6 0.1359375 0.015625
0 0.371875 0.59921875 0.0375 0.01484375
0 0.88046875 0.60078125 0.0203125 0.0109375
0 0.29375 0.6 0.07890625 0.015625
0 0.21171875 0.60078125 0.04296875 0.015625
0 0.13203125 0.60078125 0.0796875 0.01484375
0 0.79375 0.62109375 0.1171875 0.01484375
0 0.39453125 0.621875 0.0796875 0.015625
0 0.30546875 0.62265625 0.0609375 0.01484375
0 0.225 0.62265625 0.05859375 0.015625
0 0.13515625 0.62265625 0.08125 0.01484375
0 0.88359375 0.62265625 0.01953125 0.01015625
0 0.25390625 0.64375 0.04140625 0.0140625
0 0.33515625 0.64453125 0.0796875 0.01484375
0 0.153125 0.64453125 0.03828125 0.01484375
0 0.2046875 0.64453125 0.01953125 0.01484375
0 0.80546875 0.6875 0.09765625 0.0140625
0 0.59375 0.6875 0.07578125 0.01328125
0 0.67578125 0.6875 0.03828125 0.01328125
0 0.43828125 0.6875 0.19375 0.0140625
0 0.26640625 0.6875 0.09765625 0.01484375
0 0.14765625 0.6890625 0.096875 0.01484375
0 0.67421875 0.70859375 0.0390625 0.0140625
0 0.82578125 0.70859375 0.05859375 0.0140625
0 0.53359375 0.71015625 0.1984375 0.01640625
0 0.3359375 0.7109375 0.1609375 0.01796875
0 0.8078125 0.73046875 0.1 0.0140625
0 0.67578125 0.73125 0.03828125 0.0140625
0 0.55546875 0.7328125 0.15859375 0.01796875
0 0.803125 0.75234375 0.1 0.01484375
0 0.5953125 0.753125 0.0796875 0.01484375
0 0.675 0.753125 0.0390625 0.01484375
0 0.6765625 0.77421875 0.04140625 0.01484375
0 0.81796875 0.77421875 0.07734375 0.01484375
0 0.5765625 0.77421875 0.121875 0.01484375
0 0.80546875 0.81875 0.13515625 0.0140625
0 0.51484375 0.81796875 0.196875 0.015625
0 0.12890625 0.81875 0.059375 0.01484375
0 0.24921875 0.8203125 0.1421875 0.01796875
0 0.5671875 0.840625 0.1 0.01484375
0 0.83515625 0.840625 0.07734375 0.01484375
0 0.196875 0.84140625 0.0390625 0.0140625
0 0.10625 0.84296875 0.01953125 0.01015625
0 0.24921875 0.90625 0.09765625 0.0140625
0 0.35546875 0.90625 0.071875 0.01484375
0 0.47890625 0.90625 0.11953125 0.01484375
0 0.70703125 0.9078125 0.1 0.0171875
0 0.596875 0.90859375 0.07890625 0.0109375
0 0.13828125 0.92734375 0.0796875 0.01328125
0 0.22890625 0.92734375 0.059375 0.01484375
0 0.34765625 0.928125 0.1359375 0.01484375
0 0.46796875 0.92890625 0.05546875 0.0140625
0 0.80546875 0.9296875 0.1375 0.01171875
0 0.615625 0.93046875 0.196875 0.01796875
0 0.1421875 0.9484375 0.0375 0.01015625
0 0.059375 0.94921875 0.05390625 0.01015625