0 0.57421875 0.0453125 0.4 0.03046875
0 0.20546875 0.1140625 0.096875 0.015625
0 0.42734375 0.1140625 0.31171875 0.01875
0 0.71015625 0.1140625 0.2171875 0.01875
0 0.48984375 0.13671875 0.2484375 0.01875
0 0.33671875 0.1609375 0.08046875 0.015625
0 0.4453125 0.1609375 0.11015625 0.015625
0 0.6515625 0.1609375 0.04765625 0.015625
0 0.565625 0.1609375 0.096875 0.01640625
0 0.353125 0.1875 0.1234375 0.015625
0 0.50078125 0.1875 0.1484375 0.015625
0 0.6375 0.1875 0.0921875 0.015625
0 0.54609375 0.21015625 0.10390625 0.015625
0 0.6328125 0.21015625 0.03984375 0.01484375
0 0.4046875 0.2109375 0.16015625 0.0171875
0 0.8015625 0.23671875 0.08046875 0.0125
0 0.1671875 0.23671875 0.0640625 0.015625
0 0.2984375 0.23671875 0.13515625 0.015625
0 0.4203125 0.23671875 0.08203125 0.015625
0 0.54921875 0.23671875 0.0671875 0.015625
0 0.6796875 0.23671875 0.13671875 0.015625
0 0.48984375 0.2609375 0.43984375 0.01875
0 0.3921875 0.28671875 0.0328125 0.01328125
0 0.56328125 0.28671875 0.246875 0.01484375
0 0.325 0.2875 0.07421875 0.0125
0 0.39921875 0.3171875 0.07734375 0.01640625
0 0.534375 0.3171875 0.16328125 0.015625
0 0.05859375 0.3375 0.04140625 0.01640625
0 0.1109375 0.33984375 0.04453125 0.01484375
0 0.08515625 0.3671875 0.10390625 0.01484375
0 0.68984375 0.3921875 0.084375 0.01484375
0 0.0671875 0.39375 0.065625 0.015625
0 0.40859375 0.39375 0.2171875 0.015625
0 0.853125 0.39375 0.184375 0.015625
0 0.1390625 0.39453125 0.04453125 0.01640625
0 0.3515625 0.41796875 0.10078125 0.01484375
0 0.83125 0.41796875 0.13984375 0.01484375
0 0.68515625 0.41875 0.0890625 0.015625
0 0.10078125 0.4203125 0.128125 0.01484375
0 0.3359375 0.4453125 0.059375 0.01484375
0 0.69453125 0.4453125 0.07421875 0.015625
0 0.1359375 0.44921875 0.20234375 0.01953125
0 0.6125 0.48359375 0.0859375 0.015625
0 0.803125 0.48359375 0.090625 0.01640625
0 0.7875 0.49921875 0.115625 0.01484375
0 0.92734375 0.5015625 0.05234375 0.01328125
0 0.4640625 0.5015625 0.10703125 0.0140625
0 0.61171875 0.5015625 0.11015625 0.0140625
0 0.0671875 0.50234375 0.0625 0.015625
0 0.3296875 0.50234375 0.05234375 0.015625
0 0.93359375 0.521875 0.04140625 0.0125
0 0.7984375 0.521875 0.096875 0.0125
0 0.60859375 0.521875 0.07734375 0.0125
0 0.4640625 0.52265625 0.08046875 0.01484375
0 0.32890625 0.52265625 0.01484375 0.01328125
0 0.07421875 0.525 0.06953125 0.0125
0 0.078125 0.5484375 0.07734375 0.0125
0 0.15546875 0.5484375 0.05078125 0.0125
0 0.3296875 0.5484375 0.08203125 0.0125
0 0.23671875 0.5484375 0.07734375 0.01171875
0 0.3265625 0.571875 0.01953125 0.015625
0 0.11953125 0.57421875 0.08046875 0.015625
0 0.8 0.57421875 0.11015625 0.015625
0 0.20546875 0.57578125 0.0640625 0.01953125
0 0.20703125 0.6140625 0.07734375 0.015625
0 0.30234375 0.6140625 0.0875 0.015625
0 0.80546875 0.6140625 0.0921875 0.015625
0 0.57890625 0.6140625 0.084375 0.01953125
0 0.4421875 0.6140625 0.16640625 0.01953125
0 0.81640625 0.64453125 0.07109375 0.015625
0 0.5546875 0.6453125 0.13984375 0.01640625
0 0.5015625 0.67578125 0.07734375 0.015625
0 0.58984375 0.67578125 0.06953125 0.01484375
0 0.81640625 0.6765625 0.07109375 0.015625
0 0.8078125 0.70859375 0.07734375 0.015625
0 0.5484375 0.71015625 0.1515625 0.01953125
0 0.796875 0.7375 0.11015625 0.01484375
0 0.24921875 0.740625 0.09375 0.01484375
0 0.58515625 0.740625 0.0890625 0.01953125
0 0.14140625 0.74140625 0.0890625 0.015625
0 0.5140625 0.74140625 0.0359375 0.015625
0 0.39609375 0.74140625 0.17265625 0.01875
0 0.796875 0.76796875 0.11015625 0.01171875
0 0.57421875 0.76796875 0.10078125 0.015625
0 0.81640625 0.790625 0.07109375 0.0140625
0 0.559375 0.7921875 0.13671875 0.01796875
0 0.284375 0.84765625 0.19609375 0.015625
0 0.1390625 0.8484375 0.07421875 0.01484375
0 0.7875 0.87578125 0.0625 0.015625
0 0.875 0.87578125 0.07890625 0.015625
0 0.23125 0.87578125 0.090625 0.01484375
0 0.3953125 0.87578125 0.0296875 0.01640625
0 0.58984375 0.8765625 0.16171875 0.01875
0 0.1421875 0.8765625 0.0640625 0.015625
0 0.88046875 0.8984375 0.0671875 0.0140625
0 0.62734375 0.8984375 0.0890625 0.0140625
0 0.39453125 0.8984375 0.01796875 0.01171875
0 0.1328125 0.89921875 0.04765625 0.01171875
0 0.88046875 0.92421875 0.07109375 0.015625
0 0.62421875 0.925 0.0921875 0.01484375
0 0.37734375 0.925 0.11171875 0.015625
0 0.84765625 0.9671875 0.0671875 0.01328125
0 0.7484375 0.9671875 0.10390625 0.0140625
0 0.43046875 0.96796875 0.0640625 0.01171875
0 0.578125 0.96796875 0.2140625 0.01484375
0 0.15234375 0.96796875 0.1171875 0.01171875
0 0.2671875 0.96796875 0.0859375 0.01171875
0 0.3515625 0.96796875 0.0640625 0.01171875