0 0.309375 0.13046875 0.10859375 0.01953125
0 0.45234375 0.13203125 0.15390625 0.01796875
0 0.62421875 0.13203125 0.1640625 0.01796875
0 0.7546875 0.1328125 0.075 0.0171875
0 0.84609375 0.1328125 0.078125 0.01796875
0 0.43671875 0.15703125 0.09765625 0.01796875
0 0.575 0.1578125 0.14609375 0.01953125
0 0.73828125 0.15859375 0.07109375 0.01796875
0 0.35078125 0.15859375 0.0515625 0.0234375
0 0.80078125 0.16015625 0.02734375 0.021875
0 0.67578125 0.1609375 0.02421875 0.02109375
0 0.38984375 0.18359375 0.1328125 0.01796875
0 0.525 0.18359375 0.115625 0.01796875
0 0.6625 0.184375 0.1296875 0.01796875
0 0.78046875 0.18671875 0.08125 0.02109375
0 0.35078125 0.209375 0.10390625 0.01953125
0 0.48125 0.2109375 0.13125 0.01796875
0 0.746875 0.2109375 0.17890625 0.01953125
0 0.60078125 0.2125 0.08125 0.021875
0 0.3828125 0.23515625 0.1328125 0.01953125
0 0.26171875 0.2359375 0.0515625 0.021875
0 0.50234375 0.23671875 0.0796875 0.01953125
0 0.6265625 0.23671875 0.075 0.01953125
0 0.79375 0.23671875 0.23046875 0.0234375
0 0.415625 0.2625 0.06796875 0.0171875
0 0.47421875 0.2625 0.0359375 0.0171875
0 0.62265625 0.2625 0.215625 0.0171875
0 0.47578125 0.2890625 0.078125 0.021875
0 0.59921875 0.28984375 0.14609375 0.02109375
0 0.7234375 0.3078125 0.040625 0.01484375
0 0.85859375 0.30859375 0.17890625 0.01796875
0 0.9234375 0.3375 0.06484375 0.0171875
0 0.75390625 0.3375 0.05703125 0.02421875
0 0.85390625 0.33828125 0.0515625 0.025
0 0.2515625 0.36171875 0.2109375 0.01953125
0 0.403125 0.36171875 0.0734375 0.01796875
0 0.5328125 0.3625 0.165625 0.01953125
0 0.66796875 0.3625 0.0796875 0.01953125
0 0.85390625 0.36328125 0.06484375 0.01796875
0 0.75234375 0.36328125 0.01171875 0.01796875
0 0.9265625 0.36484375 0.0359375 0.0140625
0 0.246875 0.38828125 0.10390625 0.01796875
0 0.16171875 0.390625 0.034375 0.02109375
0 0.371875 0.42109375 0.15546875 0.01796875
0 0.6453125 0.42109375 0.10234375 0.01796875
0 0.17421875 0.421875 0.06640625 0.02109375
0 0.8515625 0.421875 0.06015625 0.01953125
0 0.75234375 0.421875 0.01171875 0.01953125
0 0.9265625 0.42265625 0.0359375 0.01328125
0 0.24921875 0.42265625 0.0734375 0.025
0 0.52265625 0.42421875 0.11015625 0.025
0 0.15546875 0.45390625 0.02265625 0.01796875
0 0.1890625 0.45390625 0.02109375 0.01796875
0 0.28671875 0.45390625 0.15078125 0.01953125
0 0.41328125 0.45390625 0.0796875 0.01953125
0 0.56640625 0.45390625 0.1296875 0.01953125
0 0.47578125 0.45546875 0.02578125 0.0171875
0 0.7515625 0.45546875 0.01328125 0.01953125
0 0.85078125 0.45546875 0.06171875 0.01953125
0 0.9265625 0.45625 0.0359375 0.01328125
0 0.43984375 0.48046875 0.01953125 0.0171875
0 0.49921875 0.48046875 0.0765625 0.0171875
0 0.20078125 0.48046875 0.11875 0.01796875
0 0.321875 0.48046875 0.10546875 0.01796875
0 0.40234375 0.4828125 0.0328125 0.0203125
0 0.15859375 0.5109375 0.02734375 0.01640625
0 0.19453125 0.5109375 0.02578125 0.01640625
0 0.23359375 0.5109375 0.02890625 0.01796875
0 0.7515625 0.51171875 0.009375 0.01640625
0 0.8515625 0.5125 0.06953125 0.0171875
0 0.9265625 0.5125 0.0359375 0.01328125
0 0.47421875 0.51484375 0.43515625 0.0234375
0 0.196875 0.53671875 0.10546875 0.01953125
0 0.60859375 0.571875 0.0484375 0.0203125
0 0.25625 0.571875 0.078125 0.01953125
0 0.48828125 0.57421875 0.07109375 0.02109375
0 0.3375 0.57421875 0.06484375 0.02109375
0 0.40546875 0.575 0.05859375 0.01953125
0 0.55390625 0.575 0.0359375 0.025
0 0.75234375 0.57578125 0.06953125 0.01953125
0 0.36328125 0.59609375 0.14609375 0.0234375
0 0.5390625 0.59765625 0.18203125 0.02109375
0 0.38203125 0.61796875 0.0796875 0.01796875
0 0.4625 0.61875 0.06484375 0.0171875
0 0.75078125 0.6203125 0.06640625 0.01796875
0 0.571875 0.6203125 0.13125 0.025
0 0.46484375 0.63984375 0.0734375 0.01796875
0 0.575 0.63984375 0.1234375 0.01796875
0 0.74140625 0.64140625 0.0828125 0.01953125
0 0.575 0.65859375 0.1265625 0.0203125
0 0.75234375 0.6609375 0.06640625 0.01953125
0 0.58203125 0.6828125 0.11875 0.02109375
0 0.484375 0.6828125 0.05703125 0.025
0 0.40859375 0.6828125 0.0859375 0.025
0 0.7515625 0.684375 0.06484375 0.01796875
0 0.2546875 0.71171875 0.06796875 0.0203125
0 0.62421875 0.71328125 0.125 0.01953125
0 0.8859375 0.7140625 0.06015625 0.02421875
0 0.3765625 0.715625 0.14921875 0.021875
0 0.87421875 0.73984375 0.0828125 0.021875
0 0.646875 0.7421875 0.0734375 0.025
0 0.87890625 0.77109375 0.06640625 0.021875
0 0.65078125 0.771875 0.075 0.0234375
0 0.28359375 0.77265625 0.121875 0.0234375
0 0.26484375 0.8046875 0.084375 0.0203125
0 0.6484375 0.8046875 0.06953125 0.0203125
0 0.87734375 0.8046875 0.0734375 0.0203125
0 0.69453125 0.83359375 0.078125 0.0203125
0 0.58046875 0.834375 0.128125 0.02109375
0 0.3796875 0.85859375 0.0453125 0.0171875
0 0.87109375 0.85859375 0.04375 0.0140625
0 0.790625 0.86015625 0.09765625 0.021875
0 0.67890625 0.8609375 0.10078125 0.021875
0 0.55 0.8609375 0.1265625 0.021875
0 0.446875 0.86171875 0.05703125 0.0203125
0 0.6265625 0.88671875 0.35703125 0.025
0 0.80078125 0.91015625 0.05 0.0203125
0 0.696875 0.9109375 0.13828125 0.02109375
0 0.51796875 0.9140625 0.18515625 0.0234375