0 0.45546875 0.10234375 0.74765625 0.0234375
0 0.1109375 0.13046875 0.0546875 0.01328125
0 0.378125 0.13046875 0.09765625 0.0125
0 0.48984375 0.13046875 0.09609375 0.0125
0 0.60234375 0.13125 0.1078125 0.01328125
0 0.68125 0.13203125 0.02109375 0.01171875
0 0.23515625 0.13203125 0.1625 0.01484375
0 0.7578125 0.13359375 0.109375 0.01484375
0 0.1328125 0.14609375 0.10078125 0.01171875
0 0.24375 0.146875 0.09609375 0.0125
0 0.346875 0.146875 0.08671875 0.01171875
0 0.13515625 0.1640625 0.09921875 0.0125
0 0.51171875 0.16484375 0.1796875 0.0109375
0 0.6546875 0.16484375 0.08046875 0.01171875
0 0.4046875 0.165625 0.003125 0.009375
0 0.2890625 0.165625 0.19296875 0.015625
0 0.10859375 0.18359375 0.059375 0.0125
0 0.24375 0.18359375 0.1796875 0.0125
0 0.3875 0.184375 0.07890625 0.0109375
0 0.40078125 0.20078125 0.2390625 0.01171875
0 0.23515625 0.20078125 0.05 0.01171875
0 0.1140625 0.20078125 0.0640625 0.01171875
0 0.17734375 0.20078125 0.03671875 0.01171875
0 0.7125 0.21015625 0.08984375 0.01484375
0 0.86328125 0.2109375 0.1796875 0.01484375
0 0.08828125 0.21953125 0.0453125 0.0109375
0 0.13671875 0.2203125 0.0546875 0.0109375
0 0.18984375 0.22109375 0.03671875 0.01484375
0 0.1171875 0.23515625 0.09921875 0.0109375
0 0.23515625 0.2359375 0.1109375 0.01171875
0 0.33125 0.2359375 0.059375 0.01171875
0 0.40234375 0.2359375 0.059375 0.01171875
0 0.525 0.2375 0.16015625 0.0140625
0 0.121875 0.271875 0.09609375 0.01328125
0 0.2421875 0.271875 0.115625 0.01328125
0 0.39921875 0.27265625 0.171875 0.0140625
0 0.22109375 0.3140625 0.184375 0.01484375
0 0.10234375 0.3140625 0.02265625 0.015625
0 0.8390625 0.31640625 0.07890625 0.0125
0 0.73125 0.31640625 0.1171875 0.0125
0 0.5515625 0.31640625 0.21328125 0.0140625
0 0.92578125 0.3171875 0.0671875 0.0125
0 0.50078125 0.3328125 0.115625 0.01328125
0 0.14609375 0.353125 0.01640625 0.01171875
0 0.17734375 0.353125 0.02109375 0.01171875
0 0.25546875 0.35390625 0.1125 0.0125
0 0.91875 0.35546875 0.046875 0.01484375
0 0.81328125 0.35546875 0.07890625 0.0125
0 0.18671875 0.3765625 0.08203125 0.01171875
0 0.09375 0.3765625 0.07890625 0.01171875
0 0.309375 0.3765625 0.13984375 0.01171875
0 0.42265625 0.3765625 0.0625 0.0109375
0 0.51015625 0.378125 0.08359375 0.01328125
0 0.8140625 0.37890625 0.08046875 0.01328125
0 0.465625 0.39609375 0.13515625 0.01171875
0 0.81328125 0.39921875 0.07890625 0.01484375
0 0.43203125 0.42421875 0.08046875 0.0125
0 0.815625 0.4265625 0.08046875 0.015625
0 0.446875 0.44453125 0.09765625 0.0125
0 0.53203125 0.44609375 0.053125 0.01640625
0 0.81484375 0.4484375 0.08515625 0.0171875
0 0.43203125 0.471875 0.0703125 0.0125
0 0.51796875 0.471875 0.07890625 0.0125
0 0.81484375 0.47421875 0.07890625 0.01328125
0 0.4375 0.5109375 0.08828125 0.01171875
0 0.809375 0.51484375 0.09296875 0.0140625
0 0.4640625 0.5328125 0.13828125 0.01484375
0 0.81796875 0.53515625 0.07578125 0.01640625
0 0.08828125 0.559375 0.0640625 0.01171875
0 0.20703125 0.5609375 0.14765625 0.01484375
0 0.51953125 0.56171875 0.20390625 0.01484375
0 0.84296875 0.56171875 0.13828125 0.0171875
0 0.18125 0.5796875 0.0515625 0.01171875
0 0.0765625 0.5796875 0.03984375 0.01171875
0 0.58671875 0.58046875 0.06875 0.01171875
0 0.125 0.58125 0.02890625 0.01328125
0 0.8765625 0.58125 0.07421875 0.0171875
0 0.0875 0.63203125 0.0625 0.0140625
0 0.15078125 0.63203125 0.0515625 0.0140625
0 0.34296875 0.63203125 0.25234375 0.01640625
0 0.3765625 0.65078125 0.1875 0.01484375
0 0.10546875 0.6515625 0.09140625 0.0125
0 0.09140625 0.67109375 0.08046875 0.0125
0 0.29296875 0.67265625 0.02109375 0.01171875
0 0.17734375 0.67265625 0.065625 0.01484375
0 0.0921875 0.69921875 0.071875 0.01171875
0 0.1875 0.69921875 0.09921875 0.0125
0 0.7015625 0.7 0.08046875 0.01171875
0 0.45546875 0.70078125 0.01953125 0.01796875
0 0.81875 0.70078125 0.125 0.0125
0 0.3578125 0.70078125 0.14765625 0.015625
0 0.5640625 0.70078125 0.16875 0.015625
0 0.9171875 0.70078125 0.04296875 0.01171875
0 0.1734375 0.7515625 0.1125 0.01171875
0 0.27578125 0.75234375 0.0703125 0.0125
0 0.81484375 0.753125 0.20703125 0.0125
0 0.68671875 0.753125 0.02578125 0.0125
0 0.56171875 0.753125 0.19921875 0.0125
0 0.4203125 0.753125 0.0609375 0.0109375
0 0.35 0.75390625 0.0578125 0.009375
0 0.45546875 0.78515625 0.0703125 0.0109375
0 0.36953125 0.78515625 0.07734375 0.0109375
0 0.25546875 0.78515625 0.128125 0.0109375
0 0.553125 0.7859375 0.1046875 0.01171875
0 0.7296875 0.78671875 0.2234375 0.01015625
0 0.3875 0.80546875 0.1265625 0.0109375
0 0.51796875 0.80546875 0.1109375 0.0109375
0 0.64765625 0.80625 0.1265625 0.01171875
0 0.26953125 0.840625 0.14453125 0.01171875
0 0.4046875 0.840625 0.10234375 0.01171875
0 0.534375 0.840625 0.07421875 0.0109375
0 0.6625 0.84140625 0.15546875 0.01171875
0 0.79453125 0.84140625 0.07734375 0.0109375
0 0.13671875 0.87109375 0.03828125 0.0078125
0 0.2328125 0.87421875 0.128125 0.01171875
0 0.3546875 0.87421875 0.08046875 0.0125
0 0.4484375 0.87421875 0.07578125 0.0125
0 0.57109375 0.87421875 0.14453125 0.0125
0 0.79921875 0.875 0.121875 0.0125
0 0.68984375 0.875 0.0703125 0.0125
0 0.89453125 0.87578125 0.04296875 0.0109375
0 0.1875 0.8953125 0.19296875 0.01171875
0 0.63359375 0.89609375 0.178125 0.01328125
0 0.51328125 0.89609375 0.03828125 0.01171875
0 0.43984375 0.89609375 0.0703125 0.01171875
0 0.34453125 0.89609375 0.09453125 0.01171875
0 0.8390625 0.89609375 0.21015625 0.0125
0 0.6125 0.915625 0.03671875 0.0078125
0 0.48828125 0.91796875 0.1671875 0.0125
0 0.32265625 0.95234375 0.07421875 0.0125
0 0.2109375 0.95234375 0.1203125 0.0125
0 0.4671875 0.95234375 0.1890625 0.01171875
0 0.72890625 0.9546875 0.3078125 0.01484375