0 0.325 0.140625 0.090625 0.015625
0 0.41015625 0.140625 0.0359375 0.0140625
0 0.52421875 0.14140625 0.14453125 0.01484375
0 0.07890625 0.16015625 0.05234375 0.0140625
0 0.16640625 0.16015625 0.071875 0.0140625
0 0.3453125 0.16015625 0.240625 0.01484375
0 0.515625 0.16015625 0.0546875 0.01484375
0 0.68359375 0.1609375 0.23828125 0.01640625
0 0.26875 0.1796875 0.12890625 0.015625
0 0.43046875 0.18046875 0.14765625 0.0171875
0 0.58984375 0.18046875 0.13046875 0.01796875
0 0.1546875 0.2 0.0515625 0.0140625
0 0.628125 0.2 0.13046875 0.01484375
0 0.4875 0.2 0.1109375 0.015625
0 0.30546875 0.2 0.1984375 0.015625
0 0.73203125 0.2 0.02578125 0.01640625
0 0.26875 0.21796875 0.12890625 0.01484375
0 0.41953125 0.21875 0.125 0.0140625
0 0.6453125 0.21875 0.04921875 0.0140625
0 0.546875 0.21953125 0.1046875 0.015625
0 0.2765625 0.23828125 0.06875 0.01484375
0 0.3734375 0.23828125 0.0734375 0.01484375
0 0.46484375 0.23828125 0.06875 0.0140625
0 0.56171875 0.23828125 0.0734375 0.0140625
0 0.20390625 0.25703125 0.06953125 0.01484375
0 0.3734375 0.25703125 0.0328125 0.0125
0 0.29453125 0.25703125 0.0671875 0.01640625
0 0.56953125 0.2578125 0.2390625 0.015625
0 0.29453125 0.2953125 0.1828125 0.0140625
0 0.521875 0.29609375 0.1828125 0.01484375
0 0.1453125 0.34140625 0.18359375 0.0296875
0 0.31328125 0.3421875 0.0546875 0.02734375
0 0.0984375 0.38515625 0.0921875 0.01484375
0 0.28046875 0.3859375 0.10546875 0.01484375
0 0.703125 0.3859375 0.0171875 0.01484375
0 0.18359375 0.38671875 0.02890625 0.0125
0 0.60625 0.38671875 0.125 0.015625
0 0.0890625 0.4046875 0.0734375 0.01484375
0 0.31953125 0.40546875 0.18125 0.01484375
0 0.50703125 0.40546875 0.14453125 0.0140625
0 0.12578125 0.42421875 0.14453125 0.01484375
0 0.28828125 0.42421875 0.13046875 0.0140625
0 0.7796875 0.46328125 0.053125 0.015625
0 0.1578125 0.46328125 0.21015625 0.0171875
0 0.68359375 0.4640625 0.0921875 0.01640625
0 0.36484375 0.4640625 0.05859375 0.0171875
0 0.5328125 0.4640625 0.1328125 0.01796875
0 0.11484375 0.50078125 0.125 0.0140625
0 0.24921875 0.50078125 0.0921875 0.01484375
0 0.328125 0.5203125 0.01484375 0.01484375
0 0.52421875 0.5203125 0.0734375 0.01484375
0 0.69453125 0.52109375 0.0703125 0.0140625
0 0.78828125 0.52109375 0.034375 0.01484375
0 0.3625 0.521875 0.01796875 0.0125
0 0.13515625 0.5390625 0.16796875 0.015625
0 0.3421875 0.53984375 0.20390625 0.015625
0 0.50390625 0.540625 0.07265625 0.01484375
0 0.515625 0.56015625 0.0890625 0.01484375
0 0.328125 0.56015625 0.01484375 0.01484375
0 0.6859375 0.56015625 0.0875 0.0140625
0 0.78828125 0.56015625 0.034375 0.0140625
0 0.36484375 0.56171875 0.01796875 0.0109375
0 0.0953125 0.59765625 0.08671875 0.01484375
0 0.76015625 0.5984375 0.090625 0.01484375
0 0.26015625 0.5984375 0.18515625 0.01796875
0 0.41640625 0.5984375 0.0875 0.015625
0 0.0953125 0.6171875 0.0875 0.0140625
0 0.2203125 0.61796875 0.1125 0.0171875
0 0.35390625 0.61796875 0.10234375 0.01640625
0 0.76875 0.61796875 0.0734375 0.01484375
0 0.07890625 0.63671875 0.0546875 0.01484375
0 0.2 0.6375 0.1421875 0.01640625
0 0.77109375 0.6375 0.06875 0.01484375
0 0.096875 0.65546875 0.0875 0.01484375
0 0.390625 0.65546875 0.03125 0.01484375
0 0.26171875 0.65546875 0.18359375 0.01640625
0 0.76015625 0.65625 0.090625 0.0140625
0 0.4734375 0.65703125 0.0875 0.01640625
0 0.25703125 0.675 0.0671875 0.01640625
0 0.1265625 0.675 0.15078125 0.01640625
0 0.76640625 0.675 0.06875 0.0140625
0 0.159375 0.71953125 0.21484375 0.028125
0 0.7109375 0.72109375 0.18515625 0.028125
0 0.11484375 0.7625 0.125 0.015625
0 0.50703125 0.7640625 0.1828125 0.0140625
0 0.11484375 0.78203125 0.125 0.0140625
0 0.26796875 0.7828125 0.13046875 0.01484375
0 0.078125 0.85859375 0.053125 0.01484375
0 0.52109375 0.86015625 0.18125 0.015625
0 0.19140625 0.86015625 0.13046875 0.01640625
0 0.7375 0.8609375 0.12734375 0.015625
0 0.3796875 0.95546875 0.090625 0.01484375
0 0.47578125 0.95625 0.0515625 0.0140625
0 0.33359375 0.97421875 0.1109375 0.01484375
0 0.446875 0.975 0.0734375 0.0140625
0 0.55 0.97578125 0.0921875 0.015625