0 0.778125 0.184375 0.184375 0.02109375
0 0.5453125 0.18515625 0.07265625 0.01953125
0 0.63984375 0.1859375 0.06953125 0.01875
0 0.1796875 0.1875 0.2 0.01875
0 0.39609375 0.18828125 0.18671875 0.021875
0 0.43046875 0.21015625 0.09453125 0.01953125
0 0.54609375 0.21015625 0.1 0.01640625
0 0.6265625 0.21015625 0.02265625 0.0171875
0 0.70390625 0.21015625 0.09296875 0.02109375
0 0.24609375 0.21171875 0.05546875 0.015625
0 0.33203125 0.2125 0.07734375 0.01953125
0 0.553125 0.2328125 0.165625 0.02109375
0 0.72578125 0.234375 0.146875 0.01953125
0 0.38515625 0.23515625 0.13671875 0.01875
0 0.23359375 0.2359375 0.12734375 0.015625
0 0.35625 0.25859375 0.09140625 0.01953125
0 0.746875 0.25859375 0.07265625 0.01640625
0 0.55703125 0.259375 0.275 0.0265625
0 0.2390625 0.26015625 0.11875 0.0171875
0 0.48203125 0.28125 0.2453125 0.0171875
0 0.42265625 0.3078125 0.06171875 0.01640625
0 0.6125 0.30859375 0.28125 0.0171875
0 0.25390625 0.309375 0.07421875 0.0171875
0 0.33984375 0.3109375 0.0640625 0.02109375
0 0.42109375 0.35 0.07421875 0.01640625
0 0.55390625 0.35 0.1609375 0.01640625
0 0.1265625 0.37734375 0.10390625 0.01328125
0 0.3890625 0.378125 0.1984375 0.01328125
0 0.58046875 0.40390625 0.1453125 0.0140625
0 0.6984375 0.403125 0.053125 0.01328125
0 0.390625 0.4046875 0.19375 0.015625
0 0.1125 0.40546875 0.07109375 0.01328125
0 0.33984375 0.43125 0.0953125 0.0140625
0 0.134375 0.43203125 0.1171875 0.0140625
0 0.63203125 0.46875 0.0859375 0.01328125
0 0.7734375 0.46953125 0.13671875 0.0125
0 0.484375 0.4703125 0.05859375 0.0203125
0 0.225 0.4703125 0.1953125 0.0171875
0 0.3828125 0.49609375 0.05859375 0.01328125
0 0.79921875 0.49921875 0.07265625 0.0125
0 0.63984375 0.49921875 0.07265625 0.0125
0 0.23046875 0.49921875 0.20078125 0.01875
0 0.503125 0.49921875 0.0125 0.0125
0 0.078125 0.5 0.0125 0.01328125
0 0.22265625 0.51484375 0.02578125 0.0125
0 0.3109375 0.51640625 0.1171875 0.0140625
0 0.83203125 0.55078125 0.07109375 0.0140625
0 0.4765625 0.5515625 0.0828125 0.015625
0 0.8296875 0.5796875 0.06953125 0.015625
0 0.4578125 0.58046875 0.1453125 0.0140625
0 0.2359375 0.58125 0.08671875 0.01484375
0 0.3296875 0.58125 0.0796875 0.01484375
0 0.83203125 0.61875 0.07578125 0.0140625
0 0.48125 0.62109375 0.0671875 0.01484375
0 0.35625 0.621875 0.1453125 0.015625
0 0.134375 0.621875 0.0796875 0.0140625
0 0.23046875 0.621875 0.084375 0.015625
0 0.8296875 0.659375 0.07578125 0.01328125
0 0.4421875 0.66015625 0.1453125 0.0140625
0 0.315625 0.6609375 0.08125 0.0140625
0 0.1078125 0.71328125 0.06953125 0.015625
0 0.23828125 0.7140625 0.15703125 0.01484375
0 0.75703125 0.74296875 0.0671875 0.01484375
0 0.10234375 0.74296875 0.05859375 0.01484375
0 0.28125 0.74296875 0.03671875 0.01640625
0 0.19296875 0.74296875 0.0859375 0.01640625
0 0.46328125 0.74296875 0.12734375 0.01640625
0 0.6078125 0.74375 0.13125 0.0140625
0 0.3 0.76875 0.07265625 0.015625
0 0.12421875 0.76875 0.04296875 0.015625
0 0.75 0.76875 0.07265625 0.015625
0 0.58828125 0.76875 0.078125 0.015625
0 0.1078125 0.809375 0.07265625 0.01484375
0 0.31875 0.809375 0.07578125 0.01484375
0 0.2515625 0.8359375 0.12421875 0.015625
0 0.1421875 0.8359375 0.06953125 0.015625
0 0.3671875 0.8359375 0.078125 0.015625
0 0.40625 0.91640625 0.0625 0.0140625
0 0.6265625 0.91640625 0.09453125 0.015625
0 0.30703125 0.91640625 0.1015625 0.015625
0 0.5140625 0.91640625 0.1015625 0.015625
0 0.73828125 0.9171875 0.09296875 0.01875