0 0.1671875 0.0640625 0.2109375 0.015625
0 0.6359375 0.0640625 0.0734375 0.015625
0 0.3921875 0.0640625 0.203125 0.015625
0 0.73046875 0.0640625 0.08125 0.015625
0 0.84296875 0.065625 0.125 0.015625
0 0.9375 0.065625 0.034375 0.015625
0 0.5453125 0.06640625 0.078125 0.015625
0 0.31640625 0.08359375 0.0515625 0.01484375
0 0.56953125 0.08359375 0.1265625 0.01484375
0 0.44375 0.08515625 0.0859375 0.01640625
0 0.6828125 0.0859375 0.0734375 0.01484375
0 0.3703125 0.0859375 0.02578125 0.01484375
0 0.3125 0.10390625 0.09609375 0.01171875
0 0.41328125 0.10390625 0.0859375 0.015625
0 0.5203125 0.10625 0.09609375 0.015625
0 0.6578125 0.10625 0.14609375 0.0171875
0 0.41796875 0.1234375 0.15078125 0.01484375
0 0.5796875 0.1234375 0.10703125 0.01484375
0 0.7359375 0.1234375 0.15078125 0.01484375
0 0.25859375 0.1234375 0.11171875 0.01484375
0 0.35625 0.14375 0.0765625 0.01171875
0 0.43359375 0.14375 0.0515625 0.01171875
0 0.5203125 0.14375 0.0921875 0.01171875
0 0.6375 0.14375 0.125 0.01171875
0 0.4703125 0.18359375 0.01796875 0.02578125
0 0.59140625 0.18359375 0.18984375 0.02578125
0 0.7453125 0.18359375 0.06796875 0.02578125
0 0.25625 0.184375 0.05546875 0.025
0 0.37421875 0.1859375 0.13125 0.025
0 0.446875 0.23359375 0.0765625 0.02578125
0 0.603125 0.23359375 0.05 0.02578125
0 0.52890625 0.23359375 0.0515625 0.02578125
0 0.74765625 0.23359375 0.15078125 0.02578125
0 0.11640625 0.26171875 0.128125 0.01640625
0 0.55078125 0.26328125 0.046875 0.01171875
0 0.73671875 0.26328125 0.18515625 0.01171875
0 0.49765625 0.29375 0.05 0.025
0 0.3921875 0.29375 0.11171875 0.025
0 0.5734375 0.29375 0.0515625 0.025
0 0.12421875 0.29375 0.15078125 0.025
0 0.2703125 0.29375 0.0921875 0.025
0 0.4390625 0.32109375 0.01796875 0.0125
0 0.3421875 0.3234375 0.0484375 0.01171875
0 0.39921875 0.3234375 0.01328125 0.01171875
0 0.103125 0.3234375 0.11171875 0.0125
0 0.484375 0.32421875 0.03046875 0.015625
0 0.23671875 0.32421875 0.10390625 0.015625
0 0.09453125 0.34140625 0.090625 0.0125
0 0.18125 0.34296875 0.034375 0.0109375
0 0.2765625 0.34375 0.09921875 0.015625
0 0.48671875 0.3609375 0.14609375 0.0125
0 0.22109375 0.3609375 0.11015625 0.0125
0 0.09609375 0.3609375 0.09453125 0.0125
0 0.34453125 0.36328125 0.08125 0.015625
0 0.0984375 0.37890625 0.09921875 0.01484375
0 0.2359375 0.37890625 0.13828125 0.01484375
0 0.3796875 0.38125 0.1171875 0.015625
0 0.4484375 0.3984375 0.06484375 0.015625
0 0.75625 0.40078125 0.08125 0.01328125
0 0.58359375 0.40078125 0.1671875 0.01484375
0 0.6140625 0.4234375 0.0734375 0.015625
0 0.39609375 0.42421875 0.0515625 0.0125
0 0.47265625 0.42421875 0.0515625 0.0125
0 0.546875 0.42421875 0.01328125 0.0125
0 0.31875 0.42421875 0.05703125 0.0125
0 0.14765625 0.42578125 0.2109375 0.01875
0 0.75859375 0.42578125 0.134375 0.015625
0 0.18359375 0.45546875 0.090625 0.01328125
0 0.07421875 0.45546875 0.06953125 0.01328125
0 0.546875 0.45546875 0.01640625 0.01171875
0 0.49140625 0.45546875 0.01796875 0.01171875
0 0.3078125 0.45625 0.0734375 0.0125
0 0.41328125 0.45625 0.01796875 0.0125
0 0.784375 0.45625 0.075 0.0125
0 0.64453125 0.45625 0.01640625 0.0125
0 0.3078125 0.47578125 0.0734375 0.0125
0 0.1265625 0.47578125 0.16875 0.01484375
0 0.4125 0.47578125 0.01328125 0.0125
0 0.75625 0.47578125 0.01640625 0.0125
0 0.49453125 0.47578125 0.01484375 0.0125
0 0.80703125 0.4765625 0.0359375 0.01015625
0 0.54765625 0.4765625 0.02109375 0.01171875
0 0.06640625 0.49609375 0.0515625 0.01328125
0 0.1640625 0.49609375 0.090625 0.0125
0 0.30859375 0.49609375 0.075 0.0125
0 0.41328125 0.49609375 0.01796875 0.009375
0 0.78046875 0.49609375 0.0875 0.01484375
0 0.49453125 0.49609375 0.02421875 0.0125
0 0.35546875 0.52890625 0.090625 0.02734375
0 0.44453125 0.53046875 0.0421875 0.02578125
0 0.7765625 0.53046875 0.09921875 0.0234375
0 0.5640625 0.53125 0.1640625 0.03203125
0 0.1265625 0.5640625 0.171875 0.01171875
0 0.490625 0.565625 0.01328125 0.01171875
0 0.30625 0.565625 0.0734375 0.01171875
0 0.78515625 0.56640625 0.0734375 0.01171875
0 0.4046875 0.56640625 0.034375 0.01171875
0 0.6328125 0.56640625 0.02890625 0.01171875
0 0.12265625 0.59609375 0.0890625 0.02734375
0 0.2125 0.5984375 0.0390625 0.02578125
0 0.78515625 0.5984375 0.0734375 0.02578125
0 0.32578125 0.60078125 0.15078125 0.03125
0 0.47578125 0.6015625 0.10390625 0.03203125
0 0.6015625 0.6015625 0.0859375 0.03203125
0 0.609375 0.63828125 0.06953125 0.02578125
0 0.784375 0.63828125 0.078125 0.02578125
0 0.14296875 0.68125 0.090625 0.02734375
0 0.23359375 0.68125 0.0359375 0.02734375
0 0.784375 0.68125 0.075 0.02578125
0 0.34453125 0.68359375 0.14609375 0.03203125
0 0.48828125 0.68359375 0.084375 0.0359375
0 0.6 0.68359375 0.0859375 0.03203125
0 0.35546875 0.72109375 0.090625 0.02734375
0 0.44140625 0.72109375 0.0390625 0.02578125
0 0.77578125 0.72109375 0.090625 0.02578125
0 0.5640625 0.72421875 0.1640625 0.03515625
0 0.43203125 0.76328125 0.090625 0.02734375
0 0.775 0.76640625 0.09921875 0.02578125
0 0.57109375 0.76640625 0.14609375 0.03203125
0 0.11953125 0.809375 0.14140625 0.0125
0 0.12109375 0.82890625 0.15078125 0.0125
0 0.26796875 0.83046875 0.090625 0.01328125
0 0.6484375 0.83125 0.0890625 0.0125
0 0.38125 0.8328125 0.090625 0.01640625
0 0.8078125 0.83359375 0.18046875 0.0125
0 0.54296875 0.83359375 0.0734375 0.01484375
0 0.46796875 0.83359375 0.034375 0.0078125
0 0.0734375 0.84921875 0.0515625 0.0125
0 0.33203125 0.8515625 0.034375 0.01171875
0 0.4640625 0.8515625 0.18515625 0.01171875
0 0.20703125 0.853125 0.1640625 0.0125
0 0.65859375 0.85390625 0.14765625 0.015625
0 0.775 0.85390625 0.03046875 0.01015625
0 0.2359375 0.87109375 0.034375 0.0125
0 0.3109375 0.87109375 0.0734375 0.0125
0 0.12109375 0.8734375 0.15078125 0.01484375
0 0.66875 0.8734375 0.2046875 0.01484375
0 0.8125 0.8734375 0.034375 0.0125
0 0.87890625 0.87578125 0.05 0.0109375
0 0.4578125 0.8765625 0.16875 0.0125
0 0.6578125 0.89140625 0.0390625 0.0125
0 0.478125 0.89140625 0.05 0.0125
0 0.19140625 0.89140625 0.0484375 0.01171875
0 0.57109375 0.89140625 0.090625 0.0125
0 0.72421875 0.89375 0.0515625 0.01171875
0 0.30078125 0.89375 0.125 0.015625
0 0.409375 0.89375 0.0359375 0.00703125
0 0.09609375 0.89375 0.0875 0.01171875
0 0.1546875 0.9109375 0.19296875 0.0125
0 0.32109375 0.9109375 0.090625 0.0125
0 0.484375 0.9109375 0.06953125 0.0125
0 0.57109375 0.91328125 0.0515625 0.01171875
0 0.78359375 0.91328125 0.01484375 0.01171875
0 0.6875 0.9140625 0.125 0.0125
0 0.41015625 0.9140625 0.034375 0.009375
0 0.29375 0.93125 0.075 0.01171875
0 0.14296875 0.93359375 0.18203125 0.01640625
0 0.44296875 0.95390625 0.26328125 0.01484375
0 0.63828125 0.95390625 0.10390625 0.01484375