0 0.334375 0.228125 0.0484375 0.01796875
0 0.4421875 0.23046875 0.10546875 0.01875
0 0.63203125 0.23203125 0.05234375 0.0171875
0 0.55390625 0.23203125 0.04609375 0.01875
0 0.71171875 0.23359375 0.053125 0.01875
0 0.415625 0.25625 0.128125 0.01953125
0 0.60546875 0.25859375 0.18203125 0.021875
0 0.215625 0.27734375 0.05078125 0.01875
0 0.328125 0.28046875 0.10703125 0.01875
0 0.41171875 0.28203125 0.01328125 0.0171875
0 0.51171875 0.28359375 0.1234375 0.021875
0 0.64921875 0.28515625 0.09375 0.01875
0 0.75 0.28515625 0.053125 0.01875
0 0.815625 0.28828125 0.028125 0.01875
0 0.2734375 0.30546875 0.134375 0.01875
0 0.49375 0.309375 0.25546875 0.02109375
0 0.7265625 0.31328125 0.1671875 0.021875
0 0.2734375 0.33203125 0.09140625 0.01875
0 0.38203125 0.33359375 0.0703125 0.01875
0 0.5375 0.33671875 0.18671875 0.021875
0 0.7390625 0.3390625 0.153125 0.02109375
0 0.30390625 0.36015625 0.06875 0.0203125
0 0.38125 0.36015625 0.03125 0.01875
0 0.4421875 0.359375 0.03203125 0.01796875
0 0.61953125 0.365625 0.2625 0.02265625
0 0.4203125 0.3875 0.06875 0.02109375
0 0.5578125 0.390625 0.1484375 0.02265625
0 0.421875 0.41484375 0.0703125 0.021875
0 0.5609375 0.41484375 0.153125 0.021875
0 0.2015625 0.4625 0.15234375 0.02109375
0 0.32890625 0.465625 0.0546875 0.02109375
0 0.4484375 0.465625 0.13203125 0.02109375
0 0.63515625 0.46953125 0.18984375 0.0203125
0 0.78671875 0.47109375 0.0484375 0.01875
0 0.89296875 0.4734375 0.03359375 0.0171875
0 0.16171875 0.48984375 0.0734375 0.01875
0 0.28125 0.49140625 0.0296875 0.0171875
0 0.24765625 0.51640625 0.25078125 0.021875
0 0.565625 0.521875 0.015625 0.02109375
0 0.6046875 0.52265625 0.01875 0.01875
0 0.6921875 0.52421875 0.0734375 0.01875
0 0.82109375 0.52578125 0.09375 0.01875
0 0.18515625 0.56875 0.128125 0.021875
0 0.32734375 0.571875 0.0109375 0.02109375
0 0.7703125 0.57890625 0.11015625 0.021875
0 0.9 0.57890625 0.0109375 0.015625
0 0.16484375 0.6203125 0.0875 0.02109375
0 0.28359375 0.621875 0.08515625 0.02109375
0 0.4125 0.625 0.1140625 0.02109375
0 0.76953125 0.63046875 0.03359375 0.01875
0 0.8578125 0.63046875 0.09375 0.01875
0 0.15546875 0.64765625 0.0734375 0.01875
0 0.76953125 0.65703125 0.03359375 0.01875
0 0.8578125 0.65703125 0.09375 0.01875
0 0.17578125 0.6734375 0.1140625 0.02109375
0 0.76796875 0.68203125 0.034375 0.01875
0 0.8578125 0.68359375 0.0890625 0.01875
0 0.1421875 0.728125 0.0546875 0.02109375
0 0.22265625 0.728125 0.053125 0.01953125
0 0.35234375 0.72890625 0.15 0.01875
0 0.4734375 0.73046875 0.0296875 0.01875
0 0.5578125 0.73203125 0.08671875 0.021875
0 0.8078125 0.73515625 0.0734375 0.01875
0 0.7265625 0.73671875 0.034375 0.01875
0 0.19453125 0.7796875 0.15234375 0.02109375
0 0.34140625 0.78203125 0.0890625 0.01875
0 0.44609375 0.784375 0.0703125 0.01953125
0 0.54765625 0.78515625 0.0734375 0.01875
0 0.66484375 0.78671875 0.03359375 0.01875
0 0.8078125 0.790625 0.19453125 0.02421875
0 0.1890625 0.80703125 0.15234375 0.0203125
0 0.3578125 0.809375 0.134375 0.02109375
0 0.5171875 0.8125 0.13203125 0.02109375
0 0.3078125 0.8625 0.15234375 0.01953125
0 0.4359375 0.86171875 0.0546875 0.01875
0 0.55390625 0.865625 0.134375 0.02109375
0 0.703125 0.86875 0.1140625 0.01953125
0 0.31796875 0.88671875 0.01328125 0.01875
0 0.37578125 0.8875 0.053125 0.01875
0 0.465625 0.890625 0.0734375 0.02109375
0 0.6015625 0.89140625 0.1484375 0.021875
0 0.3453125 0.915625 0.1546875 0.02109375
0 0.46640625 0.91640625 0.03203125 0.01875
0 0.54375 0.91875 0.0734375 0.01953125
0 0.66875 0.91953125 0.128125 0.01875