0 0.659375 0.0484375 0.178125 0.02578125
0 0.446875 0.05 0.1984375 0.02265625
0 0.27109375 0.053125 0.13671875 0.021875
0 0.67734375 0.07109375 0.059375 0.0171875
0 0.60859375 0.0734375 0.0578125 0.01640625
0 0.50859375 0.075 0.1234375 0.01875
0 0.4046875 0.0765625 0.0609375 0.01796875
0 0.30546875 0.07890625 0.1171875 0.01875
0 0.615625 0.096875 0.07265625 0.0171875
0 0.54296875 0.0984375 0.053125 0.01796875
0 0.47890625 0.10078125 0.05703125 0.01875
0 0.43203125 0.10078125 0.01640625 0.0171875
0 0.38671875 0.1015625 0.053125 0.01796875
0 0.3234375 0.103125 0.0578125 0.0171875
0 0.75 0.1203125 0.12265625 0.01953125
0 0.603125 0.121875 0.14765625 0.01875
0 0.49375 0.1234375 0.04765625 0.01796875
0 0.415625 0.1265625 0.0875 0.02265625
0 0.321875 0.128125 0.078125 0.0171875
0 0.209375 0.1296875 0.128125 0.01796875
0 0.575 0.146875 0.11875 0.01875
0 0.459375 0.15 0.09375 0.0171875
0 0.3640625 0.1515625 0.07734375 0.01796875
0 0.64453125 0.1703125 0.15703125 0.01796875
0 0.48046875 0.17265625 0.00859375 0.015625
0 0.51640625 0.17265625 0.04609375 0.0171875
0 0.553125 0.1734375 0.00625 0.01171875
0 0.3890625 0.175 0.1578125 0.01875
0 0.26328125 0.178125 0.040625 0.0171875
0 0.29921875 0.1796875 0.00234375 0.01171875
0 0.54453125 0.209375 0.1890625 0.01953125
0 0.4125 0.2125 0.025 0.01640625
0 0.4375 0.2125 0.00625 0.01171875
0 0.36015625 0.21328125 0.059375 0.0171875
0 0.53125 0.24453125 0.1328125 0.0203125
0 0.4203125 0.246875 0.06875 0.0203125
0 0.54609375 0.2796875 0.3609375 0.0265625
0 0.29921875 0.284375 0.04296875 0.01875
0 0.2171875 0.2875 0.10234375 0.01953125
0 0.6390625 0.30703125 0.1234375 0.0203125
0 0.47421875 0.31015625 0.1921875 0.0234375
0 0.32109375 0.315625 0.06796875 0.01875
0 0.36875 0.3171875 0.00390625 0.01328125
0 0.22421875 0.31875 0.1125 0.0234375
0 0.5515625 0.34375 0.14609375 0.0234375
0 0.42578125 0.3453125 0.0890625 0.0203125
0 0.22578125 0.35 0.1140625 0.025
0 0.3671875 0.35 0.00390625 0.0140625
0 0.7390625 0.38671875 0.05 0.021875
0 0.56796875 0.39375 0.05234375 0.02265625
0 0.33125 0.3984375 0.1875 0.02265625
0 0.19765625 0.40078125 0.06328125 0.01875
0 0.25625 0.4328125 0.178125 0.02265625
0 0.80078125 0.45625 0.04375 0.0203125
0 0.73046875 0.459375 0.0640625 0.01953125
0 0.5703125 0.46328125 0.01640625 0.0203125
0 0.209375 0.4703125 0.08203125 0.02109375
0 0.33515625 0.49375 0.33828125 0.02734375
0 0.22265625 0.5234375 0.11015625 0.02109375
0 0.8171875 0.54375 0.0734375 0.0203125
0 0.27421875 0.55625 0.07109375 0.0203125
0 0.32421875 0.5578125 0.0046875 0.01328125
0 0.2015625 0.5578125 0.0546875 0.01953125
0 0.7734375 0.584375 0.08515625 0.025
0 0.409375 0.5984375 0.00625 0.015625
0 0.25390625 0.6 0.1328125 0.025
0 0.79609375 0.63203125 0.07734375 0.0234375
0 0.2453125 0.64375 0.11015625 0.025
0 0.3203125 0.6453125 0.00625 0.01796875
0 0.7984375 0.665625 0.07578125 0.0234375
0 0.39609375 0.675 0.00625 0.0171875
0 0.2859375 0.6765625 0.1875 0.02578125
0 0.8 0.6984375 0.07734375 0.02421875
0 0.4359375 0.70625 0.109375 0.0234375
0 0.5109375 0.70625 0.0046875 0.0171875
0 0.32734375 0.7078125 0.08203125 0.02421875
0 0.2328125 0.7109375 0.0734375 0.02421875
0 0.7203125 0.74609375 0.05546875 0.0203125
0 0.79296875 0.746875 0.0703125 0.025
0 0.61015625 0.7515625 0.0703125 0.02421875
0 0.50625 0.7515625 0.1234375 0.02109375
0 0.2140625 0.7578125 0.06640625 0.02109375
0 0.33125 0.7578125 0.14453125 0.02109375
0 0.76328125 0.77890625 0.0640625 0.0203125
0 0.546875 0.784375 0.06328125 0.0203125
0 0.20625 0.79296875 0.04375 0.0203125
0 0.79453125 0.821875 0.06640625 0.0203125
0 0.72890625 0.8234375 0.0453125 0.01953125
0 0.68671875 0.8234375 0.0234375 0.01953125
0 0.6359375 0.8265625 0.0578125 0.02421875
0 0.5578125 0.8265625 0.0796875 0.02109375
0 0.48984375 0.8296875 0.034375 0.01796875
0 0.4296875 0.8296875 0.0703125 0.02109375
0 0.31328125 0.8359375 0.1421875 0.02734375
0 0.2140625 0.8359375 0.03359375 0.01796875
0 0.7734375 0.85 0.0890625 0.03125
0 0.70390625 0.85 0.028125 0.01875
0 0.52578125 0.8546875 0.0703125 0.01953125
0 0.62578125 0.8546875 0.11171875 0.02578125
0 0.409375 0.85625 0.065625 0.0203125
0 0.46640625 0.85703125 0.0296875 0.015625
0 0.328125 0.859375 0.08046875 0.0203125
0 0.23671875 0.86171875 0.0296875 0.0203125
0 0.26953125 0.86328125 0.01640625 0.0140625
0 0.76875 0.875 0.10703125 0.021875
0 0.68203125 0.87890625 0.04765625 0.015625
0 0.57578125 0.88125 0.14375 0.0234375
0 0.46875 0.88203125 0.059375 0.021875
0 0.40078125 0.8828125 0.05546875 0.02109375
0 0.28828125 0.88828125 0.1484375 0.0234375
0 0.77734375 0.90234375 0.0703125 0.0203125
0 0.7140625 0.90625 0.0359375 0.0140625
0 0.6390625 0.9078125 0.09765625 0.02421875
0 0.434375 0.91015625 0.05546875 0.01875
0 0.52421875 0.91015625 0.1078125 0.025
0 0.32890625 0.9125 0.01875 0.01875
0 0.2703125 0.9140625 0.08203125 0.02109375
0 0.37265625 0.9140625 0.053125 0.02421875
0 0.54453125 0.93515625 0.0796875 0.0203125
0 0.44609375 0.9375 0.0984375 0.0203125
0 0.62578125 0.9390625 0.059375 0.02109375