0 0.415625 0.1515625 0.16015625 0.015625
0 0.22109375 0.153125 0.121875 0.0140625
0 0.5640625 0.153125 0.034375 0.01484375
0 0.73515625 0.1546875 0.20390625 0.01484375
0 0.2671875 0.171875 0.19375 0.01484375
0 0.43203125 0.171875 0.08515625 0.01640625
0 0.5265625 0.171875 0.0625 0.01484375
0 0.64296875 0.17265625 0.125 0.015625
0 0.78046875 0.17265625 0.10234375 0.015625
0 0.3203125 0.18828125 0.0625 0.015625
0 0.40546875 0.18984375 0.0640625 0.01484375
0 0.48125 0.18984375 0.03984375 0.01484375
0 0.534375 0.19140625 0.01953125 0.01484375
0 0.6390625 0.19375 0.14140625 0.01953125
0 0.34296875 0.20859375 0.10234375 0.0140625
0 0.46171875 0.20859375 0.0796875 0.01484375
0 0.671875 0.209375 0.078125 0.01484375
0 0.56640625 0.209375 0.08203125 0.01484375
0 0.3203125 0.2265625 0.059375 0.0140625
0 0.40546875 0.2265625 0.05546875 0.01484375
0 0.5875 0.228125 0.25390625 0.015625
0 0.19140625 0.24375 0.0796875 0.015625
0 0.375 0.24453125 0.2296875 0.015625
0 0.55390625 0.2453125 0.0765625 0.01484375
0 0.78046875 0.2453125 0.14140625 0.01484375
0 0.653125 0.2453125 0.059375 0.01484375
0 0.11953125 0.2984375 0.08671875 0.01484375
0 0.1515625 0.33203125 0.14765625 0.015625
0 0.26796875 0.33203125 0.03671875 0.01484375
0 0.41875 0.3328125 0.2109375 0.01484375
0 0.78046875 0.3328125 0.215625 0.01640625
0 0.59609375 0.3328125 0.10234375 0.01484375
0 0.1953125 0.35078125 0.2296875 0.01484375
0 0.7609375 0.3515625 0.1640625 0.01484375
0 0.59609375 0.3515625 0.09921875 0.01484375
0 0.1515625 0.36875 0.14765625 0.015625
0 0.34296875 0.36875 0.10234375 0.01484375
0 0.12265625 0.40625 0.0890625 0.01484375
0 0.6625 0.40625 0.0625 0.015625
0 0.49453125 0.40703125 0.0625 0.01484375
0 0.8234375 0.4078125 0.12578125 0.01484375
0 0.21484375 0.44296875 0.2765625 0.01484375
0 0.471875 0.44296875 0.0171875 0.01484375
0 0.91953125 0.44296875 0.0171875 0.01484375
0 0.64296875 0.44296875 0.10234375 0.01484375
0 0.8328125 0.44296875 0.10234375 0.01484375
0 0.56640625 0.4609375 0.125 0.01484375
0 0.28046875 0.4609375 0.10234375 0.01484375
0 0.41953125 0.4609375 0.121875 0.01640625
0 0.6953125 0.46171875 0.08203125 0.01484375
0 0.1421875 0.46328125 0.1171875 0.0171875
0 0.12890625 0.496875 0.10234375 0.01484375
0 0.290625 0.496875 0.1671875 0.01484375
0 0.6234375 0.49765625 0.0171875 0.01484375
0 0.8765625 0.55078125 0.10234375 0.01484375
0 0.61953125 0.55234375 0.18828125 0.01484375
0 0.56640625 0.56953125 0.08203125 0.01484375
0 0.88671875 0.56953125 0.08203125 0.01484375
0 0.88671875 0.5875 0.08203125 0.0140625
0 0.55703125 0.5875 0.0625 0.01484375
0 0.61015625 0.60625 0.16875 0.0140625
0 0.88671875 0.60625 0.08203125 0.0140625
0 0.225 0.62265625 0.20703125 0.01484375
0 0.82265625 0.62421875 0.20703125 0.0171875
0 0.20546875 0.64140625 0.1640625 0.01484375
0 0.8203125 0.6421875 0.20390625 0.01484375
0 0.24765625 0.659375 0.24609375 0.01484375
0 0.84296875 0.659375 0.16171875 0.01484375
0 0.23828125 0.6953125 0.10234375 0.01484375
0 0.35703125 0.6953125 0.08203125 0.01484375
0 0.4515625 0.6953125 0.059375 0.01484375
0 0.53671875 0.6953125 0.059375 0.01484375
0 0.70546875 0.69765625 0.2265625 0.01953125
0 0.4515625 0.7140625 0.1046875 0.01484375
0 0.56640625 0.7140625 0.0765625 0.01484375
0 0.41953125 0.74921875 0.0625 0.01484375
0 0.546875 0.75078125 0.14453125 0.015625
0 0.1296875 0.78515625 0.08671875 0.01484375
0 0.84375 0.78515625 0.1515625 0.015625
0 0.49453125 0.7859375 0.125 0.01640625
0 0.67578125 0.78671875 0.02265625 0.01484375
0 0.1125 0.82109375 0.04375 0.01484375
0 0.50390625 0.82265625 0.1046875 0.01484375
0 0.67578125 0.82265625 0.01953125 0.01484375
0 0.87578125 0.8234375 0.0890625 0.01484375
0 0.5265625 0.87578125 0.0625 0.015625
0 0.87578125 0.87578125 0.08671875 0.015625
0 0.6421875 0.87734375 0.1234375 0.01484375