0 0.4421875 0.05625 0.37421875 0.0265625
0 0.2125 0.084375 0.05390625 0.01171875
0 0.30703125 0.0859375 0.09375 0.01171875
0 0.4 0.08671875 0.05546875 0.0109375
0 0.47421875 0.08671875 0.05546875 0.0109375
0 0.615625 0.0875 0.18046875 0.0125
0 0.32265625 0.1015625 0.09296875 0.01171875
0 0.42734375 0.1015625 0.07421875 0.0109375
0 0.509375 0.1015625 0.053125 0.0109375
0 0.59453125 0.1015625 0.07265625 0.0109375
0 0.14375 0.115625 0.07421875 0.01171875
0 0.26640625 0.11640625 0.09140625 0.01171875
0 0.36015625 0.1171875 0.053125 0.0109375
0 0.56640625 0.1171875 0.09140625 0.0109375
0 0.6578125 0.1171875 0.04921875 0.01015625
0 0.74453125 0.11796875 0.0703125 0.01171875
0 0.453125 0.11796875 0.090625 0.0125
0 0.12890625 0.13203125 0.0421875 0.0109375
0 0.48046875 0.1328125 0.075 0.01171875
0 0.5765625 0.1328125 0.07421875 0.01171875
0 0.37890625 0.1328125 0.09140625 0.0109375
0 0.2828125 0.1328125 0.04921875 0.0125
0 0.70546875 0.13359375 0.14765625 0.01328125
0 0.1890625 0.134375 0.09140625 0.009375
0 0.13203125 0.14609375 0.05078125 0.01171875
0 0.321875 0.1484375 0.20546875 0.01171875
0 0.490625 0.1484375 0.053125 0.01015625
0 0.67734375 0.1484375 0.20390625 0.01015625
0 0.2828125 0.1625 0.0578125 0.009375
0 0.3578125 0.16328125 0.04921875 0.0109375
0 0.51875 0.16328125 0.22421875 0.0109375
0 0.44921875 0.19375 0.13046875 0.01171875
0 0.12578125 0.22421875 0.1609375 0.0109375
0 0.26171875 0.22421875 0.0484375 0.01015625
0 0.4375 0.22421875 0.1828125 0.01171875
0 0.090625 0.2390625 0.0859375 0.01015625
0 0.28671875 0.23984375 0.109375 0.0109375
0 0.16484375 0.23984375 0.015625 0.009375
0 0.07890625 0.2546875 0.07421875 0.01015625
0 0.51171875 0.25546875 0.18671875 0.01171875
0 0.31484375 0.25546875 0.165625 0.0125
0 0.10703125 0.26953125 0.12890625 0.01171875
0 0.30078125 0.26953125 0.14453125 0.01171875
0 0.25546875 0.2859375 0.05625 0.0109375
0 0.3953125 0.2859375 0.109375 0.01015625
0 0.09296875 0.31484375 0.109375 0.0109375
0 0.2265625 0.315625 0.11015625 0.01015625
0 0.3390625 0.31640625 0.07265625 0.0109375
0 0.42421875 0.31640625 0.04921875 0.01015625
0 0.50859375 0.31640625 0.0703125 0.0109375
0 0.59453125 0.31640625 0.0515625 0.0109375
0 0.67734375 0.31640625 0.03515625 0.01015625
0 0.8109375 0.31640625 0.03046875 0.01171875
0 0.178125 0.33125 0.20390625 0.01171875
0 0.4984375 0.33125 0.01875 0.00703125
0 0.61875 0.33125 0.071875 0.01015625
0 0.7875 0.33125 0.071875 0.01015625
0 0.4234375 0.33203125 0.0109375 0.01171875
0 0.09296875 0.34609375 0.109375 0.0109375
0 0.2234375 0.34609375 0.11171875 0.0109375
0 0.3359375 0.34609375 0.07421875 0.0109375
0 0.51640625 0.34609375 0.05078125 0.0109375
0 0.43203125 0.34609375 0.06953125 0.0109375
0 0.67421875 0.346875 0.03515625 0.01015625
0 0.80859375 0.34765625 0.0296875 0.01171875
0 0.15625 0.36171875 0.24296875 0.0109375
0 0.4203125 0.36171875 0.01796875 0.01171875
0 0.49453125 0.36171875 0.01875 0.0078125
0 0.61015625 0.3625 0.08828125 0.01015625
0 0.7765625 0.3625 0.090625 0.0109375
0 0.08984375 0.3765625 0.11171875 0.0109375
0 0.33359375 0.3765625 0.07421875 0.01015625
0 0.22109375 0.3765625 0.109375 0.01171875
0 0.43046875 0.3765625 0.0671875 0.01015625
0 0.51328125 0.37734375 0.0515625 0.0109375
0 0.67421875 0.37734375 0.0328125 0.0109375
0 0.8078125 0.378125 0.028125 0.01015625
0 0.15625 0.3921875 0.24375 0.0109375
0 0.49375 0.3921875 0.01640625 0.0078125
0 0.61796875 0.3921875 0.0703125 0.01015625
0 0.43046875 0.3921875 0.03046875 0.01015625
0 0.77734375 0.39296875 0.08671875 0.01015625
0 0.096875 0.40703125 0.13046875 0.0109375
0 0.2375 0.40703125 0.109375 0.01171875
0 0.41640625 0.4078125 0.2078125 0.01015625
0 0.5859375 0.4078125 0.09140625 0.0109375
0 0.67109375 0.4078125 0.03203125 0.01015625
0 0.8046875 0.40859375 0.0296875 0.01015625
0 0.17109375 0.421875 0.20390625 0.0109375
0 0.41640625 0.42265625 0.015625 0.01015625
0 0.490625 0.42265625 0.01796875 0.0078125
0 0.61484375 0.4234375 0.07421875 0.01015625
0 0.7828125 0.4234375 0.0703125 0.01015625
0 0.09609375 0.4375 0.1265625 0.01015625
0 0.2375 0.4375 0.109375 0.0109375
0 0.35078125 0.4375 0.0671875 0.01015625
0 0.5203125 0.4375 0.18671875 0.01171875
0 0.66796875 0.43828125 0.03515625 0.0109375
0 0.80390625 0.43828125 0.028125 0.0109375
0 0.15234375 0.45234375 0.24140625 0.01171875
0 0.490625 0.45234375 0.015625 0.0078125
0 0.4140625 0.45234375 0.015625 0.01015625
0 0.6046875 0.453125 0.0859375 0.0109375
0 0.77265625 0.45390625 0.0890625 0.0109375
0 0.065625 0.4828125 0.0703125 0.01171875
0 0.16484375 0.4828125 0.08828125 0.01015625
0 0.80078125 0.484375 0.03046875 0.01015625
0 0.071875 0.496875 0.08828125 0.01171875
0 0.76875 0.49921875 0.09140625 0.01015625
0 0.1 0.5140625 0.15 0.0125
0 0.284375 0.5140625 0.184375 0.01171875
0 0.77578125 0.51484375 0.07265625 0.0109375
0 0.071875 0.528125 0.08359375 0.01015625
0 0.184375 0.528125 0.09296875 0.0109375
0 0.325 0.5296875 0.1515625 0.01328125
0 0.76640625 0.5296875 0.0953125 0.01171875
0 0.05859375 0.55859375 0.07265625 0.01015625
0 0.7578125 0.5609375 0.10703125 0.01171875
0 0.075 0.5890625 0.1078125 0.01171875
0 0.7625 0.59140625 0.090625 0.0109375
0 0.0453125 0.61953125 0.053125 0.0109375
0 0.12890625 0.6203125 0.07265625 0.0109375
0 0.37421875 0.6203125 0.0671875 0.01171875
0 0.2875 0.6203125 0.0515625 0.01015625
0 0.4953125 0.62109375 0.128125 0.0125
0 0.72265625 0.62265625 0.12578125 0.0125
0 0.0265625 0.63515625 0.01796875 0.01015625
0 0.11015625 0.63515625 0.0328125 0.0109375
0 0.515625 0.63671875 0.09140625 0.0109375
0 0.75078125 0.63671875 0.071875 0.01015625
0 0.10859375 0.65078125 0.034375 0.0109375
0 0.0234375 0.65078125 0.0140625 0.0109375
0 0.5234375 0.6515625 0.07421875 0.0109375
0 0.7484375 0.653125 0.07421875 0.0109375
0 0.17109375 0.71171875 0.01640625 0.0078125
0 0.2375 0.7125 0.07421875 0.01015625
0 0.3390625 0.7125 0.08828125 0.01015625
0 0.59609375 0.71328125 0.07421875 0.01015625
0 0.6609375 0.7125 0.01796875 0.0078125
0 0.47265625 0.71328125 0.13046875 0.0125
0 0.06484375 0.74296875 0.109375 0.0109375
0 0.203125 0.74296875 0.12421875 0.0109375
0 0.35 0.74296875 0.03671875 0.01171875
0 0.065625 0.75703125 0.0703125 0.01171875
0 0.25234375 0.7578125 0.11171875 0.0109375
0 0.3953125 0.759375 0.128125 0.01328125
0 0.14921875 0.759375 0.053125 0.00859375
0 0.5625 0.759375 0.16640625 0.0125
0 0.7203125 0.76015625 0.1046875 0.01328125
0 0.40703125 0.79609375 0.64140625 0.0140625
0 0.05078125 0.821875 0.09140625 0.0109375
0 0.16015625 0.82265625 0.08828125 0.0109375
0 0.31484375 0.8234375 0.165625 0.0125
0 0.5125 0.82421875 0.1875 0.01171875
0 0.065625 0.83828125 0.08671875 0.0109375
0 0.1609375 0.83828125 0.05546875 0.01171875
0 0.3890625 0.83828125 0.0515625 0.01171875
0 0.2765625 0.83828125 0.1265625 0.0125
0 0.5296875 0.83984375 0.1875 0.0125
0 0.6609375 0.83984375 0.03203125 0.01171875
0 0.73515625 0.840625 0.06796875 0.01171875
0 0.1640625 0.853125 0.1265625 0.0109375
0 0.0484375 0.853125 0.05546875 0.0109375
0 0.28359375 0.853125 0.0703125 0.0109375
0 0.36015625 0.85390625 0.03515625 0.01171875
0 0.434375 0.8546875 0.07421875 0.01171875
0 0.5484375 0.8546875 0.1140625 0.01171875
0 0.6328125 0.85546875 0.01796875 0.01171875
0 0.7171875 0.85625 0.1125 0.01171875
0 0.03984375 0.86796875 0.0703125 0.0109375
0 0.20703125 0.86796875 0.07421875 0.01171875
0 0.125 0.86875 0.05078125 0.01171875
0 0.2828125 0.86875 0.03515625 0.01171875
0 0.52734375 0.8703125 0.03203125 0.01171875
0 0.403125 0.8703125 0.16171875 0.01171875
0 0.59609375 0.87109375 0.053125 0.01171875
0 0.70859375 0.87265625 0.12578125 0.01171875
0 0.09453125 0.88359375 0.03203125 0.0109375
0 0.1578125 0.88359375 0.05546875 0.0109375
0 0.24453125 0.884375 0.07421875 0.0109375
0 0.4625 0.88515625 0.053125 0.01171875
0 0.3578125 0.88515625 0.11015625 0.01171875
0 0.603125 0.88671875 0.1890625 0.0125
0 0.0375 0.89921875 0.06796875 0.01015625
0 0.25234375 0.9 0.09296875 0.01171875
0 0.146875 0.9 0.10546875 0.0140625
0 0.4421875 0.90078125 0.09140625 0.01171875
0 0.59375 0.90234375 0.05078125 0.01171875
0 0.346875 0.90234375 0.05625 0.01015625
0 0.5265625 0.90234375 0.03515625 0.00859375
0 0.715625 0.90234375 0.14921875 0.0125
0 0.20546875 0.91484375 0.1890625 0.0109375
0 0.375 0.91640625 0.10546875 0.0125
0 0.4796875 0.91640625 0.05390625 0.01171875
0 0.6 0.91875 0.140625 0.01171875
0 0.2515625 0.93046875 0.05546875 0.01171875
0 0.15703125 0.93046875 0.09140625 0.01171875
0 0.32578125 0.93046875 0.05390625 0.01171875
0 0.43046875 0.93125 0.11171875 0.01171875
0 0.54375 0.9328125 0.07421875 0.01171875
0 0.646875 0.93359375 0.09296875 0.0125