0 0.68046875 0.19609375 0.05234375 0.01875
0 0.60234375 0.1984375 0.05546875 0.01875
0 0.5234375 0.20078125 0.04609375 0.0203125
0 0.4140625 0.20234375 0.11015625 0.01875
0 0.30546875 0.20390625 0.05 0.01875
0 0.57734375 0.22421875 0.1828125 0.021875
0 0.3890625 0.2296875 0.1296875 0.02265625
0 0.72421875 0.24765625 0.05234375 0.01875
0 0.790625 0.24765625 0.0296875 0.021875
0 0.625 0.25 0.09375 0.01953125
0 0.48671875 0.253125 0.125 0.02109375
0 0.38828125 0.2546875 0.0140625 0.01796875
0 0.30234375 0.25625 0.11015625 0.01953125
0 0.1921875 0.25859375 0.05078125 0.01875
0 0.703125 0.275 0.16875 0.01953125
0 0.46953125 0.2796875 0.25078125 0.0234375
0 0.253125 0.284375 0.1328125 0.01953125
0 0.715625 0.30078125 0.153125 0.0203125
0 0.5171875 0.3046875 0.1890625 0.021875
0 0.3609375 0.3078125 0.07109375 0.01953125
0 0.253125 0.309375 0.09296875 0.01953125
0 0.60078125 0.328125 0.26328125 0.02265625
0 0.421875 0.3328125 0.03359375 0.01796875
0 0.36328125 0.334375 0.03359375 0.01953125
0 0.28359375 0.33671875 0.06875 0.021875
0 0.540625 0.35546875 0.15 0.021875
0 0.403125 0.359375 0.0703125 0.02265625
0 0.54375 0.3828125 0.15 0.02109375
0 0.40546875 0.3859375 0.07265625 0.01875
0 0.88203125 0.42890625 0.03203125 0.01875
0 0.41640625 0.43828125 0.171875 0.021875
0 0.2390625 0.4421875 0.134375 0.021875
0 0.13125 0.44375 0.034375 0.01875
0 0.309375 0.46796875 0.1125 0.021875
0 0.15234375 0.4703125 0.0734375 0.01953125
0 0.82734375 0.4828125 0.0703125 0.01953125
0 0.6890625 0.4859375 0.0703125 0.01875
0 0.58046875 0.48828125 0.05 0.01875
0 0.23984375 0.49453125 0.246875 0.021875
0 0.8984375 0.534375 0.00859375 0.01953125
0 0.76640625 0.5375 0.11015625 0.02265625
0 0.32421875 0.546875 0.01171875 0.01953125
0 0.18515625 0.5484375 0.128125 0.0234375
0 0.871875 0.58828125 0.07109375 0.0203125
0 0.790625 0.5890625 0.034375 0.01953125
0 0.41484375 0.59609375 0.1125 0.0203125
0 0.2765625 0.5984375 0.07109375 0.02109375
0 0.165625 0.6 0.0890625 0.0203125
0 0.871875 0.6140625 0.0734375 0.02109375
0 0.7921875 0.61640625 0.0359375 0.01875
0 0.159375 0.628125 0.0734375 0.01953125
0 0.8734375 0.64140625 0.07265625 0.0203125
0 0.79296875 0.64375 0.0359375 0.01953125
0 0.18046875 0.653125 0.1140625 0.0203125
0 0.81484375 0.696875 0.07109375 0.02109375
0 0.73671875 0.69609375 0.034375 0.01875
0 0.5671875 0.6984375 0.0890625 0.01953125
0 0.4828125 0.7015625 0.03203125 0.01875
0 0.3625 0.703125 0.15234375 0.021875
0 0.2328125 0.70625 0.05234375 0.01953125
0 0.15234375 0.7078125 0.0546875 0.01953125
0 0.81953125 0.7484375 0.19453125 0.021875
0 0.68046875 0.75078125 0.0359375 0.01875
0 0.5625 0.753125 0.07265625 0.01953125
0 0.46171875 0.7546875 0.0703125 0.01875
0 0.35546875 0.75625 0.090625 0.0203125
0 0.20546875 0.76015625 0.1546875 0.021875
0 0.53359375 0.7796875 0.1328125 0.0203125
0 0.375 0.78203125 0.1328125 0.021875
0 0.20625 0.7859375 0.153125 0.02265625
0 0.7234375 0.82890625 0.1140625 0.021875
0 0.57578125 0.83125 0.1296875 0.0203125
0 0.45703125 0.834375 0.053125 0.01953125
0 0.32890625 0.8375 0.1546875 0.02265625
0 0.625 0.8578125 0.1484375 0.02109375
0 0.4890625 0.86015625 0.0734375 0.0203125
0 0.3984375 0.8609375 0.053125 0.02109375
0 0.3390625 0.86328125 0.015625 0.01875
0 0.6953125 0.884375 0.1296875 0.02109375
0 0.56796875 0.88515625 0.0734375 0.01875
0 0.48984375 0.8859375 0.03203125 0.01953125
0 0.37109375 0.8890625 0.153125 0.02265625