0 0.4296875 0.1953125 0.06328125 0.01796875
0 0.70703125 0.196875 0.05546875 0.01875
0 0.52890625 0.19765625 0.11015625 0.0171875
0 0.62890625 0.19765625 0.06484375 0.01953125
0 0.3296875 0.19765625 0.1140625 0.0203125
0 0.18125 0.19765625 0.15546875 0.0203125
0 0.40859375 0.21640625 0.1 0.01875
0 0.1703125 0.21640625 0.12265625 0.01875
0 0.3 0.2171875 0.09140625 0.01875
0 0.32734375 0.2375 0.03515625 0.01640625
0 0.25703125 0.23828125 0.03671875 0.01875
0 0.42890625 0.23828125 0.1390625 0.01796875
0 0.55546875 0.23828125 0.0921875 0.01796875
0 0.66875 0.23828125 0.09140625 0.01796875
0 0.15078125 0.2390625 0.08359375 0.01796875
0 0.2140625 0.240625 0.02890625 0.01640625
0 0.3390625 0.2578125 0.025 0.01953125
0 0.24921875 0.25859375 0.1265625 0.0171875
0 0.13671875 0.259375 0.053125 0.01875
0 0.2828125 0.28046875 0.2 0.01875
0 0.13828125 0.28125 0.0515625 0.0203125
0 0.42265625 0.30078125 0.18359375 0.0171875
0 0.2828125 0.30078125 0.05546875 0.0203125
0 0.1734375 0.3015625 0.1265625 0.01875
0 0.21015625 0.321875 0.06484375 0.01796875
0 0.37578125 0.32109375 0.2328125 0.0171875
0 0.1375 0.32265625 0.0515625 0.0171875
0 0.67890625 0.36328125 0.0453125 0.01875
0 0.5234375 0.384375 0.1671875 0.0171875
0 0.7421875 0.384375 0.09375 0.01796875
0 0.1953125 0.384375 0.165625 0.01640625
0 0.35625 0.38515625 0.13125 0.01796875
0 0.8328125 0.38515625 0.02421875 0.0203125
0 0.2546875 0.40546875 0.153125 0.01953125
0 0.7375 0.40546875 0.10234375 0.021875
0 0.74375 0.44609375 0.0875 0.015625
0 0.18828125 0.44609375 0.146875 0.0171875
0 0.38046875 0.446875 0.20703125 0.01875
0 0.73671875 0.46484375 0.10859375 0.021875
0 0.34609375 0.465625 0.07109375 0.01796875
0 0.15234375 0.46640625 0.0921875 0.01640625
0 0.265625 0.4671875 0.05078125 0.01875
0 0.23984375 0.4875 0.0875 0.0203125
0 0.73515625 0.48828125 0.1078125 0.01875
0 0.1515625 0.48828125 0.08125 0.02109375
0 0.34375 0.50625 0.11640625 0.0171875
0 0.2421875 0.50703125 0.04453125 0.01953125
0 0.15703125 0.5078125 0.0921875 0.01875
0 0.53125 0.52734375 0.071875 0.01875
0 0.15078125 0.52734375 0.08359375 0.01875
0 0.22109375 0.52734375 0.03828125 0.01796875
0 0.334375 0.52890625 0.1046875 0.02109375
0 0.26015625 0.55 0.07578125 0.0171875
0 0.15390625 0.55078125 0.09375 0.01875
0 0.75 0.58984375 0.084375 0.0171875
0 0.37578125 0.590625 0.05546875 0.01796875
0 0.26640625 0.590625 0.1328125 0.02109375
0 0.4734375 0.5921875 0.0921875 0.01875
0 0.15078125 0.59296875 0.08359375 0.0203125
0 0.2578125 0.63203125 0.07109375 0.01953125
0 0.728125 0.63359375 0.053125 0.0171875
0 0.653125 0.63359375 0.0546875 0.0171875
0 0.5890625 0.63359375 0.03515625 0.00234375
0 0.1359375 0.63359375 0.0546875 0.0171875
0 0.43046875 0.63359375 0.05703125 0.0171875
0 0.515625 0.63359375 0.07109375 0.0171875
0 0.2578125 0.65546875 0.053125 0.01875
0 0.4875 0.65546875 0.0921875 0.0171875
0 0.6640625 0.65546875 0.07421875 0.0171875
0 0.121875 0.65546875 0.02890625 0.0203125
0 0.3046875 0.67734375 0.0984375 0.0203125
0 0.19140625 0.67734375 0.09765625 0.0171875
0 0.41953125 0.678125 0.10078125 0.01875
0 0.61171875 0.71796875 0.15390625 0.021875
0 0.4140625 0.71875 0.0546875 0.0171875
0 0.321875 0.71875 0.08984375 0.0171875
0 0.48828125 0.71875 0.04765625 0.0171875
0 0.3890625 0.7390625 0.03671875 0.01640625
0 0.50234375 0.7390625 0.153125 0.01640625
0 0.41640625 0.759375 0.12734375 0.0171875
0 0.59296875 0.759375 0.03515625 0.0171875
0 0.64765625 0.759375 0.03828125 0.0171875
0 0.30625 0.759375 0.053125 0.0171875
0 0.52734375 0.759375 0.053125 0.015625
0 0.25234375 0.7796875 0.0921875 0.01640625
0 0.35234375 0.7796875 0.0734375 0.01640625
0 0.61875 0.7796875 0.27421875 0.0171875
0 0.4359375 0.78125 0.05546875 0.0125
0 0.30859375 0.79921875 0.1640625 0.01640625
0 0.63046875 0.8 0.07421875 0.0171875
0 0.49140625 0.8 0.1671875 0.01640625
0 0.7140625 0.80234375 0.053125 0.01328125
0 0.3640625 0.8203125 0.05546875 0.01640625
0 0.51015625 0.8203125 0.1984375 0.01640625
0 0.3109375 0.840625 0.1640625 0.0171875
0 0.4375 0.840625 0.05546875 0.0171875
0 0.18046875 0.84140625 0.05546875 0.01640625
0 0.55 0.84140625 0.1265625 0.01640625
0 0.71484375 0.84296875 0.165625 0.01875
0 0.5046875 0.86171875 0.146875 0.0171875
0 0.36640625 0.86171875 0.10078125 0.0203125
0 0.23046875 0.86171875 0.146875 0.0171875
0 0.63359375 0.8625 0.0734375 0.0171875
0 0.70703125 0.8625 0.03671875 0.01796875
0 0.78046875 0.86328125 0.071875 0.01640625
0 0.39375 0.88125 0.071875 0.01640625
0 0.29375 0.88125 0.0921875 0.01640625
0 0.521875 0.8828125 0.146875 0.0171875
0 0.175 0.8828125 0.11015625 0.01796875
0 0.80625 0.8828125 0.05546875 0.015625
0 0.68671875 0.8828125 0.14765625 0.0171875
0 0.27734375 0.9015625 0.12734375 0.0171875
0 0.378125 0.9015625 0.03515625 0.0171875
0 0.48828125 0.90234375 0.14375 0.01640625
0 0.66953125 0.903125 0.178125 0.0171875
0 0.240625 0.92109375 0.12734375 0.0171875
0 0.36015625 0.92109375 0.0734375 0.015625
0 0.4796875 0.92109375 0.125 0.0171875
0 0.6703125 0.921875 0.21875 0.01875
0 0.57578125 0.940625 0.15546875 0.0203125
0 0.37109375 0.94140625 0.08984375 0.01640625