0 0.6484375 0.2234375 0.18515625 0.0203125
0 0.49921875 0.22578125 0.053125 0.01796875
0 0.4078125 0.2265625 0.0734375 0.01875
0 0.2984375 0.22890625 0.0953125 0.01953125
0 0.20859375 0.23046875 0.03515625 0.0171875
0 0.5625 0.2546875 0.09375 0.01796875
0 0.68984375 0.25546875 0.1109375 0.0203125
0 0.33125 0.2578125 0.06875 0.01796875
0 0.24140625 0.25859375 0.0578125 0.01796875
0 0.44140625 0.25859375 0.090625 0.021875
0 0.5359375 0.28671875 0.15390625 0.02109375
0 0.384375 0.28671875 0.0953125 0.01796875
0 0.6171875 0.3171875 0.1546875 0.01875
0 0.3265625 0.31875 0.09609375 0.01796875
0 0.453125 0.3203125 0.109375 0.0234375
0 0.56484375 0.34921875 0.21484375 0.01953125
0 0.35859375 0.3515625 0.15390625 0.01796875
0 0.61875 0.38046875 0.23515625 0.01875
0 0.346875 0.3828125 0.04609375 0.01796875
0 0.41875 0.3828125 0.03828125 0.01953125
0 0.26796875 0.38359375 0.0546875 0.01875
0 0.6296875 0.44453125 0.29296875 0.01796875
0 0.3984375 0.4453125 0.0359375 0.0171875
0 0.28828125 0.44609375 0.134375 0.01875
0 0.82265625 0.50703125 0.15390625 0.01796875
0 0.5 0.50859375 0.11328125 0.01796875
0 0.17265625 0.509375 0.1390625 0.01875
0 0.7828125 0.5703125 0.15625 0.01796875
0 0.34140625 0.5703125 0.075 0.01875
0 0.5625 0.5703125 0.15390625 0.01875
0 0.4328125 0.57109375 0.05546875 0.0171875
0 0.13125 0.57109375 0.05625 0.0171875
0 0.23125 0.57109375 0.09609375 0.0171875
0 0.8953125 0.5734375 0.0171875 0.0140625
0 0.59921875 0.6328125 0.07109375 0.01796875
0 0.44375 0.6328125 0.18984375 0.01796875
0 0.80390625 0.6328125 0.11171875 0.01796875
0 0.15078125 0.6328125 0.09296875 0.01796875
0 0.271875 0.6328125 0.09609375 0.01796875
0 0.6828125 0.6328125 0.03515625 0.0171875
0 0.6015625 0.66484375 0.075 0.01796875
0 0.6828125 0.66484375 0.03515625 0.0171875
0 0.80234375 0.66484375 0.1140625 0.0171875
0 0.68359375 0.69609375 0.03515625 0.0171875
0 0.5828125 0.696875 0.11328125 0.0171875
0 0.8140625 0.696875 0.09609375 0.0171875
0 0.1328125 0.7578125 0.0578125 0.01875
0 0.521875 0.75859375 0.19375 0.0203125
0 0.8125 0.759375 0.13359375 0.01953125
0 0.253125 0.7609375 0.1390625 0.0234375
0 0.2015625 0.78984375 0.03984375 0.01875
0 0.5640625 0.790625 0.11640625 0.0203125
0 0.84296875 0.790625 0.07578125 0.01875
0 0.109375 0.7921875 0.0171875 0.0140625
0 0.359375 0.884375 0.0734375 0.01875
0 0.253125 0.884375 0.10078125 0.01875
0 0.48125 0.88515625 0.11640625 0.0203125
0 0.6015625 0.8875 0.07265625 0.01171875
0 0.71328125 0.89140625 0.09609375 0.01875
0 0.4734375 0.915625 0.053125 0.0203125
0 0.23359375 0.91640625 0.05078125 0.0140625
0 0.140625 0.91640625 0.07890625 0.02265625
0 0.3515625 0.9171875 0.13125 0.01328125
0 0.621875 0.91953125 0.196875 0.0234375
0 0.8109375 0.91953125 0.13359375 0.0171875