0 0.825 0.0296875 0.0875 0.01328125
0 0.71796875 0.03046875 0.0875 0.01328125
0 0.578125 0.03046875 0.15546875 0.01328125
0 0.35703125 0.03125 0.0875 0.0125
0 0.4515625 0.03125 0.05859375 0.0125
0 0.19375 0.03125 0.21015625 0.01328125
0 0.91953125 0.03125 0.0640625 0.0171875
0 0.4328125 0.0515625 0.06015625 0.0125
0 0.5671875 0.05234375 0.1671875 0.0171875
0 0.79609375 0.07265625 0.225 0.01171875
0 0.63046875 0.0734375 0.078125 0.0109375
0 0.4671875 0.0734375 0.046875 0.01171875
0 0.53984375 0.0734375 0.07421875 0.0125
0 0.375 0.0734375 0.10703125 0.01171875
0 0.1765625 0.07421875 0.05859375 0.0109375
0 0.26328125 0.075 0.0828125 0.0125
0 0.59765625 0.09296875 0.24296875 0.01328125
0 0.396875 0.09375 0.12109375 0.01328125
0 0.5875 0.11484375 0.2625 0.01328125
0 0.3765625 0.115625 0.08046875 0.0125
0 0.5921875 0.13671875 0.2625 0.0140625
0 0.378125 0.1375 0.08125 0.01328125
0 0.67734375 0.15859375 0.30859375 0.01484375
0 0.27421875 0.159375 0.0875 0.01328125
0 0.46796875 0.16015625 0.05703125 0.0125
0 0.3765625 0.1609375 0.08359375 0.01640625
0 0.628125 0.18125 0.115625 0.01328125
0 0.43046875 0.18125 0.10625 0.0125
0 0.5265625 0.18359375 0.05390625 0.0171875
0 0.68359375 0.225 0.0984375 0.01328125
0 0.5640625 0.22734375 0.10390625 0.0171875
0 0.41640625 0.22734375 0.16796875 0.0171875
0 0.80703125 0.246875 0.0625 0.0140625
0 0.7390625 0.246875 0.04375 0.01328125
0 0.66953125 0.246875 0.040625 0.0140625
0 0.61015625 0.246875 0.046875 0.0140625
0 0.45625 0.24765625 0.22734375 0.0125
0 0.2765625 0.2484375 0.0984375 0.0140625
0 0.58671875 0.2984375 0.159375 0.0171875
0 0.4453125 0.2984375 0.084375 0.01640625
0 0.4953125 0.3234375 0.07265625 0.0125
0 0.66484375 0.3234375 0.21953125 0.01640625
0 0.36953125 0.32578125 0.146875 0.0171875
0 0.92421875 0.36484375 0.07734375 0.0140625
0 0.76171875 0.36640625 0.13515625 0.01328125
0 0.5703125 0.36640625 0.14375 0.01328125
0 0.39921875 0.36796875 0.084375 0.0140625
0 0.11640625 0.36875 0.0953125 0.01328125
0 0.915625 0.38515625 0.09609375 0.01328125
0 0.78125 0.38828125 0.08984375 0.0171875
0 0.57578125 0.3890625 0.13359375 0.0171875
0 0.9484375 0.40625 0.0234375 0.01328125
0 0.934375 0.43515625 0.05703125 0.01328125
0 0.7625 0.4359375 0.13359375 0.01328125
0 0.59140625 0.43671875 0.109375 0.0140625
0 0.3703125 0.43828125 0.0203125 0.01328125
0 0.25859375 0.4390625 0.09296875 0.0140625
0 0.1296875 0.4390625 0.121875 0.01328125
0 0.09140625 0.46171875 0.04375 0.0125
0 0.1984375 0.4625 0.1359375 0.01640625
0 0.11015625 0.48125 0.08125 0.01328125
0 0.16640625 0.50234375 0.18984375 0.0140625
0 0.84453125 0.53359375 0.01953125 0.0125
0 0.23125 0.5375 0.1171875 0.01328125
0 0.11484375 0.5375 0.078125 0.0125
0 0.790625 0.55625 0.13203125 0.0140625
0 0.1203125 0.56015625 0.09453125 0.0140625
0 0.82578125 0.57578125 0.0671875 0.0109375
0 0.14375 0.5796875 0.1375 0.01171875
0 0.8265625 0.59375 0.0671875 0.0125
0 0.315625 0.596875 0.10859375 0.0125
0 0.203125 0.59765625 0.071875 0.0109375
0 0.0859375 0.5984375 0.01796875 0.0109375
0 0.8046875 0.6140625 0.10859375 0.0140625
0 0.196875 0.61875 0.2421875 0.0171875
0 0.79375 0.63671875 0.13359375 0.0140625
0 0.1140625 0.640625 0.0671875 0.01328125
0 0.26328125 0.64140625 0.18515625 0.0171875
0 0.81640625 0.6578125 0.08359375 0.01328125
0 0.31796875 0.6625 0.06875 0.0171875
0 0.17265625 0.6640625 0.18671875 0.01640625
0 0.796875 0.68515625 0.13359375 0.0140625
0 0.425 0.6875 0.0890625 0.0140625
0 0.1265625 0.68984375 0.09453125 0.01328125
0 0.2765625 0.690625 0.178125 0.01640625
0 0.79609375 0.70703125 0.1328125 0.01484375
0 0.171875 0.7109375 0.1875 0.01484375
0 0.81796875 0.78359375 0.06953125 0.0125
0 0.55234375 0.78515625 0.15 0.01328125
0 0.13359375 0.78828125 0.0890625 0.0140625
0 0.28046875 0.78984375 0.17890625 0.01328125
0 0.79765625 0.81015625 0.10859375 0.0140625
0 0.5625 0.8125 0.1328125 0.0140625
0 0.19765625 0.81640625 0.21328125 0.01796875
0 0.79921875 0.8375 0.1046875 0.0140625
0 0.1375 0.8421875 0.09140625 0.01328125
0 0.51796875 0.8890625 0.2015625 0.0140625
0 0.134375 0.89140625 0.0890625 0.0140625
0 0.47890625 0.91171875 0.1171875 0.01328125
0 0.2875 0.9140625 0.0484375 0.0171875
0 0.16875 0.915625 0.15546875 0.01875
0 0.53515625 0.97890625 0.15 0.0140625
0 0.65 0.9796875 0.04609375 0.0171875