0 0.17421875 0.12578125 0.159375 0.0203125
0 0.38046875 0.12578125 0.221875 0.0203125
0 0.6046875 0.128125 0.19140625 0.01875
0 0.759375 0.128125 0.0890625 0.01875
0 0.8703125 0.128125 0.090625 0.01875
0 0.5015625 0.15390625 0.10390625 0.0171875
0 0.37734375 0.15625 0.11015625 0.02109375
0 0.62734375 0.15625 0.10703125 0.02109375
0 0.46484375 0.18203125 0.1546875 0.01875
0 0.58828125 0.18515625 0.04765625 0.02265625
0 0.3515625 0.2140625 0.10703125 0.01875
0 0.51015625 0.2140625 0.171875 0.01875
0 0.6578125 0.21640625 0.090625 0.0234375
0 0.49921875 0.24296875 0.19765625 0.01875
0 0.4 0.2734375 0.140625 0.01875
0 0.58125 0.27421875 0.18046875 0.02109375
0 0.275 0.303125 0.06875 0.01796875
0 0.43515625 0.303125 0.05390625 0.01796875
0 0.6078125 0.303125 0.25859375 0.01953125
0 0.35703125 0.30546875 0.0609375 0.02265625
0 0.11015625 0.3640625 0.03828125 0.01796875
0 0.16484375 0.36484375 0.03984375 0.0171875
0 0.49765625 0.365625 0.2203125 0.01875
0 0.12578125 0.3953125 0.0703125 0.0171875
0 0.65 0.3953125 0.12265625 0.015625
0 0.75078125 0.3953125 0.04296875 0.01796875
0 0.48203125 0.396875 0.18828125 0.0203125
0 0.440625 0.42421875 0.10078125 0.015625
0 0.1421875 0.4265625 0.10859375 0.028125
0 0.13125 0.453125 0.08125 0.015625
0 0.20546875 0.45390625 0.03828125 0.01796875
0 0.415625 0.45390625 0.059375 0.01796875
0 0.8140625 0.5 0.1546875 0.01953125
0 0.11875 0.503125 0.0625 0.025
0 0.2734375 0.503125 0.21875 0.025
0 0.18828125 0.52890625 0.04453125 0.01796875
0 0.1328125 0.52890625 0.0109375 0.015625
0 0.2734375 0.5296875 0.090625 0.0171875
0 0.415625 0.5296875 0.1609375 0.01875
0 0.81953125 0.5296875 0.09921875 0.01875
0 0.9109375 0.5296875 0.04453125 0.01875
0 0.21328125 0.5578125 0.10078125 0.01875
0 0.390625 0.55859375 0.09921875 0.01875
0 0.29921875 0.559375 0.03046875 0.02109375
0 0.2203125 0.5890625 0.11484375 0.01875
0 0.33203125 0.5890625 0.0609375 0.01875
0 0.4796875 0.5890625 0.0703125 0.01875
0 0.1328125 0.58984375 0.0109375 0.01796875
0 0.834375 0.5890625 0.0703125 0.01875
0 0.9109375 0.5890625 0.04453125 0.01875
0 0.39609375 0.590625 0.03046875 0.02109375
0 0.221875 0.6203125 0.11796875 0.0171875
0 0.5015625 0.62109375 0.090625 0.01796875
0 0.9109375 0.62109375 0.04453125 0.01875
0 0.1328125 0.62109375 0.0109375 0.01796875
0 0.82109375 0.621875 0.0953125 0.0171875
0 0.4078125 0.62265625 0.03046875 0.02109375
0 0.33515625 0.6234375 0.0765625 0.02265625
0 0.22734375 0.65390625 0.12578125 0.01875
0 0.82890625 0.65390625 0.075 0.01875
0 0.9109375 0.65390625 0.04453125 0.01875
0 0.13515625 0.6546875 0.0109375 0.0171875
0 0.38046875 0.6546875 0.1453125 0.0171875
0 0.4875 0.65625 0.03046875 0.02109375
0 0.6328125 0.65625 0.03515625 0.02421875
0 0.63125 0.684375 0.03515625 0.02421875
0 0.1328125 0.71171875 0.02109375 0.0171875
0 0.54921875 0.7125 0.0875 0.01953125
0 0.82109375 0.71328125 0.10234375 0.01875
0 0.51875 0.74296875 0.1453125 0.0171875
0 0.82734375 0.74609375 0.084375 0.02265625
0 0.309375 0.77265625 0.10859375 0.01796875
0 0.528125 0.77265625 0.13046875 0.01796875
0 0.83125 0.77265625 0.0765625 0.01796875
0 0.4109375 0.77421875 0.0625 0.02109375
0 0.56015625 0.80078125 0.0703125 0.0171875
0 0.83046875 0.80234375 0.075 0.01796875
0 0.43828125 0.83125 0.09921875 0.01875
0 0.546875 0.83125 0.0890625 0.01875
0 0.82109375 0.83125 0.0953125 0.01875
0 0.465625 0.865625 0.05390625 0.01796875
0 0.54921875 0.865625 0.090625 0.01953125
0 0.82109375 0.865625 0.0953125 0.015625
0 0.14765625 0.9203125 0.065625 0.01484375
0 0.40546875 0.921875 0.02578125 0.01484375
0 0.603125 0.921875 0.18515625 0.01796875
0 0.80546875 0.92265625 0.140625 0.01953125
0 0.2703125 0.92421875 0.1421875 0.02109375
0 0.13359375 0.94921875 0.04453125 0.0171875
0 0.39609375 0.95078125 0.06875 0.01796875
0 0.65078125 0.95078125 0.0859375 0.01796875
0 0.8359375 0.95234375 0.0671875 0.0171875