0 0.4109375 0.0921875 0.26171875 0.01796875
0 0.64921875 0.0921875 0.14765625 0.0171875
0 0.409375 0.11796875 0.14609375 0.01875
0 0.58671875 0.11796875 0.128125 0.01875
0 0.50703125 0.14375 0.28984375 0.01796875
0 0.37890625 0.16640625 0.06171875 0.0140625
0 0.28828125 0.16640625 0.04609375 0.015625
0 0.49296875 0.1671875 0.09921875 0.0140625
0 0.6234375 0.1671875 0.10546875 0.0140625
0 0.71171875 0.1671875 0.0171875 0.0140625
0 0.26875 0.18671875 0.10546875 0.0140625
0 0.5296875 0.18671875 0.10078125 0.0140625
0 0.40234375 0.18671875 0.1078125 0.0140625
0 0.6328125 0.1875 0.03828125 0.0140625
0 0.7171875 0.1875 0.078125 0.0140625
0 0.446875 0.2078125 0.10703125 0.015625
0 0.54453125 0.2078125 0.04140625 0.0140625
0 0.51015625 0.2421875 0.171875 0.01796875
0 0.11875 0.30078125 0.14140625 0.0140625
0 0.2828125 0.30078125 0.084375 0.01484375
0 0.55546875 0.30078125 0.14765625 0.0140625
0 0.71171875 0.3015625 0.10234375 0.0140625
0 0.071875 0.32109375 0.06328125 0.0140625
0 0.16953125 0.32109375 0.084375 0.0140625
0 0.08125 0.34140625 0.08359375 0.0140625
0 0.29375 0.3421875 0.1921875 0.0140625
0 0.5015625 0.3421875 0.171875 0.0140625
0 0.14921875 0.37265625 0.2125 0.03046875
0 0.48125 0.37265625 0.07578125 0.02890625
0 0.12421875 0.42265625 0.06875 0.0140625
0 0.33359375 0.42265625 0.05625 0.0140625
0 0.49609375 0.42265625 0.13046875 0.015625
0 0.6796875 0.42265625 0.1328125 0.01484375
0 0.89921875 0.42265625 0.05859375 0.01484375
0 0.825 0.4234375 0.05625 0.01328125
0 0.115625 0.46328125 0.06015625 0.01484375
0 0.203125 0.46328125 0.06015625 0.0140625
0 0.30234375 0.46328125 0.08359375 0.0140625
0 0.55546875 0.484375 0.10859375 0.015625
0 0.40390625 0.48515625 0.0109375 0.0140625
0 0.765625 0.48515625 0.084375 0.0140625
0 0.9015625 0.48515625 0.04921875 0.0140625
0 0.33671875 0.5046875 0.14765625 0.0140625
0 0.4015625 0.52421875 0.04453125 0.0171875
0 0.29296875 0.52421875 0.10546875 0.01484375
0 0.14921875 0.52578125 0.125 0.01640625
0 0.6125 0.5453125 0.040625 0.01484375
0 0.67734375 0.5453125 0.040625 0.0140625
0 0.825 0.54609375 0.02890625 0.0140625
0 0.878125 0.5453125 0.03828125 0.0140625
0 0.4921875 0.54609375 0.009375 0.0140625
0 0.17109375 0.565625 0.16953125 0.0140625
0 0.35859375 0.565625 0.06171875 0.0140625
0 0.47578125 0.565625 0.11953125 0.0171875
0 0.29140625 0.565625 0.02109375 0.01484375
0 0.678125 0.58671875 0.03984375 0.0140625
0 0.61875 0.58671875 0.04453125 0.01484375
0 0.825 0.58671875 0.02890625 0.01484375
0 0.4921875 0.5875 0.009375 0.0140625
0 0.878125 0.5875 0.03828125 0.015625
0 0.09765625 0.60703125 0.02890625 0.0140625
0 0.3421875 0.60703125 0.12109375 0.0140625
0 0.4453125 0.60703125 0.04609375 0.0171875
0 0.1921875 0.6078125 0.128125 0.01640625
0 0.6578125 0.628125 0.034375 0.0140625
0 0.80234375 0.628125 0.028125 0.0140625
0 0.4703125 0.628125 0.0109375 0.0140625
0 0.596875 0.628125 0.04453125 0.0140625
0 0.85546875 0.628125 0.04296875 0.015625
0 0.30234375 0.64765625 0.08515625 0.0140625
0 0.425 0.64765625 0.1078125 0.0140625
0 0.10390625 0.6671875 0.03984375 0.0140625
0 0.26875 0.6671875 0.090625 0.0171875
0 0.16953125 0.66796875 0.0375 0.0140625
0 0.38125 0.68828125 0.0109375 0.0140625
0 0.20390625 0.68828125 0.09296875 0.01796875
0 0.71484375 0.6890625 0.02578125 0.0140625
0 0.54609375 0.6890625 0.08515625 0.0140625
0 0.76796875 0.68984375 0.034375 0.01484375
0 0.93125 0.68984375 0.0203125 0.0140625
0 0.88984375 0.690625 0.02578125 0.0140625
0 0.18046875 0.70859375 0.06015625 0.0140625
0 0.12578125 0.72890625 0.084375 0.0140625
0 0.22578125 0.72890625 0.04609375 0.01640625
0 0.6125 0.75 0.04296875 0.01484375
0 0.759375 0.75 0.02578125 0.0140625
0 0.81171875 0.75 0.03984375 0.0140625
0 0.93046875 0.75078125 0.01953125 0.0125
0 0.1265625 0.76953125 0.08203125 0.01484375
0 0.2453125 0.76953125 0.09921875 0.01484375
0 0.56640625 0.790625 0.03984375 0.01484375
0 0.76640625 0.79140625 0.03828125 0.01484375
0 0.71484375 0.79140625 0.02578125 0.01484375
0 0.89140625 0.7921875 0.02578125 0.0140625
0 0.5125 0.7921875 0.01171875 0.0125
0 0.93125 0.7921875 0.0203125 0.0140625
0 0.1578125 0.83125 0.06171875 0.0140625
0 0.265625 0.83125 0.09921875 0.0140625
0 0.3671875 0.83125 0.0359375 0.0140625
0 0.74296875 0.8328125 0.03984375 0.0140625
0 0.85390625 0.8328125 0.12578125 0.0140625
0 0.609375 0.83359375 0.125 0.01328125
0 0.203125 0.8515625 0.14765625 0.0140625
0 0.8453125 0.853125 0.028125 0.0125
0 0.7859375 0.853125 0.04140625 0.0125
0 0.89921875 0.853125 0.0375 0.0140625
0 0.35859375 0.85390625 0.1078125 0.01796875
0 0.178125 0.871875 0.096875 0.01484375
0 0.31328125 0.871875 0.1046875 0.015625
0 0.74296875 0.87265625 0.03984375 0.0140625
0 0.821875 0.8734375 0.06328125 0.015625
0 0.896875 0.87421875 0.04140625 0.01484375
0 0.7859375 0.89375 0.04140625 0.0140625
0 0.89609375 0.89375 0.040625 0.0140625
0 0.21484375 0.89375 0.1734375 0.01640625
0 0.43359375 0.89375 0.21015625 0.0171875
0 0.8421875 0.89375 0.02265625 0.015625
0 0.221875 0.93359375 0.196875 0.025
0 0.609375 0.93359375 0.0734375 0.02578125
0 0.7625 0.93359375 0.13046875 0.0265625
0 0.8953125 0.934375 0.0765625 0.0265625
0 0.94140625 0.9984375 0.0203125 0.00078125