0 0.45 0.10234375 0.753125 0.02734375
0 0.10703125 0.13046875 0.053125 0.01171875
0 0.37265625 0.13125 0.09921875 0.0125
0 0.4859375 0.13125 0.09453125 0.0125
0 0.59765625 0.13203125 0.1078125 0.01171875
0 0.67734375 0.13203125 0.01953125 0.01171875
0 0.2296875 0.1328125 0.16015625 0.01484375
0 0.75390625 0.1328125 0.1078125 0.01484375
0 0.1265625 0.14765625 0.10234375 0.0125
0 0.2390625 0.1484375 0.09609375 0.0125
0 0.34140625 0.1484375 0.08828125 0.0125
0 0.1296875 0.165625 0.09921875 0.0125
0 0.5546875 0.16796875 0.27734375 0.01484375
0 0.2859375 0.16796875 0.1890625 0.015625
0 0.10546875 0.18671875 0.05625 0.0140625
0 0.23828125 0.18828125 0.18125 0.01171875
0 0.38203125 0.18828125 0.08046875 0.01171875
0 0.1109375 0.20546875 0.0609375 0.0125
0 0.171875 0.20546875 0.03828125 0.0125
0 0.2296875 0.20546875 0.0515625 0.0125
0 0.39453125 0.20625 0.2375 0.0125
0 0.70859375 0.215625 0.08828125 0.015625
0 0.85859375 0.215625 0.1796875 0.01640625
0 0.11015625 0.22578125 0.09765625 0.0125
0 0.18671875 0.22734375 0.03359375 0.015625
0 0.2296875 0.24140625 0.115625 0.0125
0 0.1125 0.24140625 0.09921875 0.0125
0 0.32578125 0.2421875 0.0609375 0.0109375
0 0.39609375 0.2421875 0.0609375 0.0109375
0 0.51953125 0.24296875 0.1625 0.0140625
0 0.11796875 0.278125 0.09765625 0.01328125
0 0.23828125 0.278125 0.1140625 0.0125
0 0.39296875 0.27890625 0.1703125 0.01328125
0 0.19921875 0.3203125 0.21484375 0.01484375
0 0.54921875 0.3203125 0.21484375 0.01484375
0 0.72421875 0.32109375 0.109375 0.0140625
0 0.83359375 0.321875 0.08203125 0.0140625
0 0.91875 0.321875 0.06875 0.0125
0 0.496875 0.3390625 0.1140625 0.0125
0 0.140625 0.36171875 0.02421875 0.0140625
0 0.1734375 0.36171875 0.02578125 0.015625
0 0.24921875 0.36171875 0.1109375 0.01484375
0 0.80703125 0.3625 0.07734375 0.01484375
0 0.91328125 0.3625 0.0453125 0.0125
0 0.30546875 0.384375 0.14296875 0.015625
0 0.41875 0.38515625 0.0671875 0.01328125
0 0.18125 0.3859375 0.08359375 0.0171875
0 0.5046875 0.3859375 0.09140625 0.01484375
0 0.08828125 0.3859375 0.08359375 0.01484375
0 0.809375 0.3875 0.07421875 0.0125
0 0.809375 0.40859375 0.0703125 0.0125
0 0.46015625 0.40859375 0.13671875 0.02265625
0 0.43046875 0.434375 0.08359375 0.0171875
0 0.81171875 0.4375 0.07578125 0.0125
0 0.44140625 0.45546875 0.09921875 0.0125
0 0.52890625 0.45703125 0.05 0.015625
0 0.81171875 0.45859375 0.071875 0.01171875
0 0.51171875 0.48359375 0.08046875 0.0125
0 0.42890625 0.48359375 0.0671875 0.0125
0 0.8109375 0.4859375 0.07421875 0.01640625
0 0.434375 0.521875 0.08515625 0.0125
0 0.80390625 0.525 0.09296875 0.0125
0 0.45859375 0.54296875 0.13359375 0.0125
0 0.81328125 0.5453125 0.071875 0.0140625
0 0.08125 0.57109375 0.06875 0.01640625
0 0.515625 0.5734375 0.20546875 0.01796875
0 0.2015625 0.5734375 0.14921875 0.0171875
0 0.8390625 0.57421875 0.13671875 0.015625
0 0.17578125 0.59296875 0.053125 0.0125
0 0.07109375 0.59296875 0.04296875 0.0125
0 0.121875 0.59375 0.02890625 0.01484375
0 0.87265625 0.59453125 0.071875 0.0125
0 0.58046875 0.59453125 0.071875 0.0171875
0 0.08125 0.64765625 0.05625 0.0125
0 0.33671875 0.64765625 0.25078125 0.0125
0 0.153125 0.64765625 0.053125 0.0125
0 0.5640625 0.6484375 0.09140625 0.0125
0 0.740625 0.64921875 0.18125 0.015625
0 0.1703125 0.74375 0.1125 0.0125
0 0.271875 0.74453125 0.06875 0.0125
0 0.4171875 0.74453125 0.0578125 0.01171875
0 0.55625 0.74453125 0.20078125 0.01171875
0 0.68125 0.7453125 0.02734375 0.0125
0 0.81171875 0.7453125 0.20390625 0.0125
0 0.3484375 0.7453125 0.0546875 0.01015625
0 0.25234375 0.77890625 0.125 0.01171875
0 0.45 0.77890625 0.071875 0.01171875
0 0.36484375 0.7796875 0.07578125 0.0109375
0 0.54921875 0.7796875 0.10625 0.0109375
0 0.72578125 0.7796875 0.221875 0.01171875
0 0.38359375 0.80078125 0.128125 0.01171875
0 0.51640625 0.80078125 0.1078125 0.01171875
0 0.63828125 0.80078125 0.1171875 0.01171875
0 0.26484375 0.83671875 0.14453125 0.0125
0 0.40078125 0.83671875 0.1046875 0.0125
0 0.53046875 0.83671875 0.071875 0.0125
0 0.65703125 0.83671875 0.15546875 0.0125
0 0.790625 0.83671875 0.07890625 0.0125
0 0.134375 0.86796875 0.03671875 0.0078125
0 0.2296875 0.87109375 0.128125 0.01171875
0 0.5671875 0.871875 0.14609375 0.01171875
0 0.68671875 0.871875 0.0671875 0.01171875
0 0.35 0.871875 0.08671875 0.0109375
0 0.44296875 0.871875 0.08046875 0.0109375
0 0.890625 0.871875 0.0453125 0.0125
0 0.79609375 0.871875 0.121875 0.0109375
0 0.34296875 0.8921875 0.09140625 0.01171875
0 0.184375 0.8921875 0.19296875 0.01171875
0 0.4359375 0.8921875 0.071875 0.0125
0 0.51015625 0.8921875 0.03828125 0.0125
0 0.63046875 0.8921875 0.1765625 0.0125
0 0.83515625 0.89296875 0.21015625 0.0125
0 0.60859375 0.91171875 0.03828125 0.0078125
0 0.48359375 0.91328125 0.16875 0.0125
0 0.20859375 0.9484375 0.11875 0.0125
0 0.31875 0.94921875 0.07578125 0.0125
0 0.4640625 0.94921875 0.1859375 0.0125
0 0.72421875 0.9515625 0.31171875 0.01640625