0 0.284375 0.06875 0.2484375 0.01484375
0 0.5453125 0.06875 0.08359375 0.01484375
0 0.45625 0.06953125 0.05390625 0.0140625
0 0.69609375 0.06953125 0.16484375 0.01640625
0 0.4671875 0.11171875 0.62265625 0.04140625
0 0.215625 0.1515625 0.1875 0.0109375
0 0.40390625 0.15234375 0.1578125 0.01015625
0 0.59921875 0.15234375 0.0609375 0.0109375
0 0.52734375 0.15390625 0.0609375 0.01171875
0 0.728125 0.1546875 0.1734375 0.0125
0 0.1421875 0.16875 0.0453125 0.01015625
0 0.20859375 0.16953125 0.065625 0.01171875
0 0.3546875 0.16953125 0.1984375 0.01015625
0 0.51796875 0.16953125 0.1015625 0.0109375
0 0.62265625 0.1703125 0.08125 0.01171875
0 0.7484375 0.17109375 0.146875 0.0125
0 0.2609375 0.18515625 0.096875 0.01015625
0 0.3578125 0.18515625 0.07890625 0.01015625
0 0.45234375 0.1859375 0.08828125 0.0109375
0 0.69609375 0.1859375 0.04765625 0.01015625
0 0.58671875 0.18671875 0.14921875 0.01328125
0 0.31484375 0.2015625 0.0609375 0.01015625
0 0.37265625 0.2015625 0.03125 0.01015625
0 0.53515625 0.2015625 0.2390625 0.009375
0 0.28359375 0.22578125 0.12421875 0.01484375
0 0.4421875 0.22578125 0.1265625 0.01484375
0 0.62890625 0.22734375 0.178125 0.01484375
0 0.39296875 0.2546875 0.06796875 0.015625
0 0.4953125 0.2546875 0.065625 0.01484375
0 0.3625 0.28125 0.07421875 0.0140625
0 0.52578125 0.28203125 0.17578125 0.01484375
0 0.1921875 0.3234375 0.253125 0.0171875
0 0.41796875 0.3234375 0.121875 0.01484375
0 0.771875 0.325 0.26171875 0.01484375
0 0.10625 0.35078125 0.09453125 0.01484375
0 0.21796875 0.35078125 0.04765625 0.01484375
0 0.31796875 0.3515625 0.09453125 0.015625
0 0.5078125 0.3515625 0.203125 0.01484375
0 0.1375 0.378125 0.14921875 0.015625
0 0.309375 0.378125 0.1265625 0.015625
0 0.1140625 0.4140625 0.1015625 0.015625
0 0.73125 0.41640625 0.06796875 0.01484375
0 0.85078125 0.4171875 0.090625 0.01640625
0 0.35 0.4703125 0.578125 0.01796875
0 0.81796875 0.471875 0.178125 0.01484375
0 0.16171875 0.4953125 0.21015625 0.01484375
0 0.3484375 0.49609375 0.1015625 0.01484375
0 0.6125 0.49765625 0.1015625 0.0140625
0 0.48046875 0.4984375 0.09921875 0.01640625
0 0.82734375 0.49921875 0.1515625 0.01484375
0 0.09609375 0.55 0.07421875 0.01484375
0 0.228125 0.55 0.121875 0.015625
0 0.37734375 0.55234375 0.09453125 0.0171875
0 0.503125 0.55234375 0.09453125 0.0171875
0 0.78671875 0.55234375 0.11953125 0.01484375
0 0.125 0.5890625 0.12421875 0.03046875
0 0.78671875 0.590625 0.11953125 0.02890625
0 0.10703125 0.6296875 0.1015625 0.015625
0 0.78359375 0.63046875 0.1265625 0.01484375
0 0.13515625 0.65625 0.153125 0.01484375
0 0.78359375 0.659375 0.1265625 0.015625
0 0.17578125 0.68515625 0.121875 0.01484375
0 0.321875 0.68515625 0.1015625 0.01484375
0 0.44140625 0.68515625 0.0203125 0.01484375
0 0.09921875 0.71953125 0.06796875 0.01328125
0 0.2140625 0.7203125 0.09921875 0.01484375
0 0.51484375 0.721875 0.17578125 0.01640625
0 0.75546875 0.721875 0.1734375 0.0171875
0 0.2 0.746875 0.0703125 0.01484375
0 0.5484375 0.746875 0.121875 0.01171875
0 0.79921875 0.746875 0.09453125 0.0125
0 0.1875 0.78046875 0.040625 0.0140625
0 0.2796875 0.78046875 0.071875 0.0140625
0 0.3578125 0.78125 0.0203125 0.01328125
0 0.47890625 0.78125 0.153125 0.01484375
0 0.6375 0.78125 0.1015625 0.01484375
0 0.78359375 0.78125 0.1265625 0.0140625
0 0.2671875 0.83359375 0.096875 0.01328125
0 0.4640625 0.83359375 0.07421875 0.0140625
0 0.6125 0.83359375 0.1515625 0.0140625
0 0.3734375 0.83359375 0.04296875 0.0140625
0 0.79375 0.83359375 0.146875 0.01484375
0 0.28359375 0.859375 0.16953125 0.0140625
0 0.6125 0.86171875 0.309375 0.0171875
0 0.428125 0.884375 0.25546875 0.01796875
0 0.253125 0.8859375 0.05859375 0.0109375
0 0.6578125 0.8875 0.16953125 0.01328125