0 0.5203125 0.125 0.3109375 0.0171875
0 0.73515625 0.125 0.08046875 0.0171875
0 0.84453125 0.125 0.09296875 0.0171875
0 0.225 0.125 0.240625 0.01796875
0 0.49765625 0.1546875 0.16015625 0.0171875
0 0.290625 0.178125 0.05 0.01484375
0 0.36171875 0.178125 0.06640625 0.01484375
0 0.46328125 0.178125 0.1078125 0.01484375
0 0.559375 0.178125 0.05546875 0.01484375
0 0.66640625 0.178125 0.12421875 0.01640625
0 0.496875 0.203125 0.16796875 0.01640625
0 0.47265625 0.22890625 0.11328125 0.0140625
0 0.62109375 0.22890625 0.15859375 0.01484375
0 0.34609375 0.2296875 0.10625 0.015625
0 0.37578125 0.25234375 0.06171875 0.01484375
0 0.54375 0.25234375 0.21484375 0.01484375
0 0.5703125 0.284375 0.24296875 0.0140625
0 0.33671875 0.284375 0.06875 0.01328125
0 0.40234375 0.284375 0.0328125 0.01328125
0 0.5265625 0.31171875 0.07265625 0.01484375
0 0.65703125 0.31171875 0.15703125 0.01484375
0 0.365625 0.31171875 0.21796875 0.01484375
0 0.10390625 0.35 0.0984375 0.01484375
0 0.4265625 0.37890625 0.2109375 0.01484375
0 0.64609375 0.37890625 0.07890625 0.0140625
0 0.8078125 0.37890625 0.17734375 0.0140625
0 0.0859375 0.37890625 0.0609375 0.01484375
0 0.153125 0.37890625 0.04453125 0.01484375
0 0.64375 0.40390625 0.08359375 0.01484375
0 0.7875 0.40390625 0.13671875 0.01484375
0 0.36953125 0.40625 0.0953125 0.0140625
0 0.11796875 0.40703125 0.12421875 0.0234375
0 0.6328125 0.43203125 0.06171875 0.015625
0 0.153125 0.43515625 0.19609375 0.0171875
0 0.08828125 0.48046875 0.071875 0.015625
0 0.565625 0.48046875 0.11953125 0.015625
0 0.7484375 0.48046875 0.1359375 0.015625
0 0.88984375 0.48125 0.06171875 0.01484375
0 0.40078125 0.48203125 0.05546875 0.01875
0 0.565625 0.5046875 0.06640625 0.01328125
0 0.78046875 0.5046875 0.06875 0.01328125
0 0.890625 0.5046875 0.04453125 0.01328125
0 0.40234375 0.50546875 0.0109375 0.01484375
0 0.39765625 0.53046875 0.09921875 0.01484375
0 0.24609375 0.53046875 0.17734375 0.01484375
0 0.521875 0.53046875 0.121875 0.01484375
0 0.115625 0.53125 0.05546875 0.0140625
0 0.06171875 0.53046875 0.00859375 0.01328125
0 0.7828125 0.55546875 0.0703125 0.01640625
0 0.1859375 0.55625 0.07890625 0.01484375
0 0.3984375 0.55703125 0.01171875 0.01484375
0 0.2671875 0.5578125 0.06171875 0.01796875
0 0.77734375 0.5953125 0.06875 0.0140625
0 0.18828125 0.5953125 0.075 0.0140625
0 0.28125 0.5953125 0.0875 0.01484375
0 0.5515625 0.596875 0.08203125 0.0171875
0 0.4171875 0.596875 0.15859375 0.0171875
0 0.52421875 0.62265625 0.13671875 0.0140625
0 0.77890625 0.6234375 0.06875 0.0140625
0 0.77890625 0.65234375 0.06875 0.0140625
0 0.47265625 0.65234375 0.075 0.0140625
0 0.55703125 0.65234375 0.0703125 0.0140625
0 0.77890625 0.68125 0.06875 0.0140625
0 0.51953125 0.68359375 0.14453125 0.0171875
0 0.77890625 0.7140625 0.06875 0.01640625
0 0.48125 0.7140625 0.03203125 0.015625
0 0.2265625 0.7140625 0.090625 0.0140625
0 0.12421875 0.71484375 0.08359375 0.0140625
0 0.55234375 0.71640625 0.084375 0.01796875
0 0.36796875 0.7171875 0.16875 0.0171875
0 0.7796875 0.7453125 0.06640625 0.01171875
0 0.54296875 0.7453125 0.09921875 0.01328125
0 0.79296875 0.771875 0.0375 0.01328125
0 0.13046875 0.82421875 0.0234375 0.01484375
0 0.7546875 0.85703125 0.05859375 0.0140625
0 0.13671875 0.85859375 0.0140625 0.0171875
0 0.57734375 0.85859375 0.15703125 0.01796875
0 0.83671875 0.859375 0.078125 0.01796875
0 0.621875 0.8796875 0.0671875 0.01484375
0 0.8125 0.8796875 0.01953125 0.015625
0 0.1421875 0.8796875 0.01953125 0.01640625
0 0.3953125 0.8796875 0.01796875 0.01640625
0 0.85703125 0.88046875 0.03984375 0.01484375
0 0.61953125 0.9125 0.07265625 0.0140625
0 0.84140625 0.91328125 0.075 0.01484375
0 0.446875 0.9640625 0.03984375 0.0109375
0 0.75234375 0.9640625 0.090625 0.0109375
0 0.84453125 0.9640625 0.06640625 0.0125
0 0.28984375 0.9640625 0.06171875 0.01171875
0 0.13046875 0.9640625 0.03828125 0.01171875
0 0.575 0.9640625 0.1875 0.01171875