0 0.25703125 0.1109375 0.05390625 0.01875
0 0.3796875 0.1125 0.12109375 0.01796875
0 0.59375 0.11328125 0.059375 0.01875
0 0.6828125 0.11328125 0.0609375 0.01875
0 0.50546875 0.11328125 0.05390625 0.01953125
0 0.35 0.13828125 0.14609375 0.01953125
0 0.56328125 0.140625 0.20703125 0.021875
0 0.121875 0.1640625 0.05390625 0.01875
0 0.24921875 0.165625 0.12265625 0.01796875
0 0.3484375 0.165625 0.01484375 0.0171875
0 0.61640625 0.1671875 0.1046875 0.01796875
0 0.46171875 0.1671875 0.13984375 0.02109375
0 0.79765625 0.1671875 0.01875 0.01875
0 0.728125 0.1671875 0.059375 0.01875
0 0.190625 0.1921875 0.1515625 0.01796875
0 0.43828125 0.19296875 0.28515625 0.01953125
0 0.696875 0.19375 0.1765625 0.01875
0 0.19140625 0.21953125 0.1046875 0.01875
0 0.31328125 0.21953125 0.078125 0.01953125
0 0.71796875 0.22109375 0.17265625 0.01953125
0 0.49140625 0.221875 0.2125 0.021875
0 0.3171875 0.246875 0.034375 0.01875
0 0.2234375 0.24765625 0.07578125 0.02109375
0 0.38203125 0.24765625 0.03671875 0.01796875
0 0.58515625 0.2484375 0.296875 0.021875
0 0.36015625 0.275 0.078125 0.01953125
0 0.51484375 0.27578125 0.16953125 0.02109375
0 0.3609375 0.30078125 0.08359375 0.01953125
0 0.5171875 0.3015625 0.16796875 0.01875
0 0.24765625 0.35390625 0.17421875 0.0203125
0 0.08046875 0.3546875 0.10703125 0.01953125
0 0.3921875 0.3546875 0.059375 0.01875
0 0.596875 0.35546875 0.28125 0.01953125
0 0.89609375 0.35625 0.0390625 0.01953125
0 0.31640625 0.38125 0.034375 0.01875
0 0.1234375 0.38203125 0.19609375 0.021875
0 0.10078125 0.4078125 0.1515625 0.01796875
0 0.57109375 0.40859375 0.01875 0.01875
0 0.6609375 0.40859375 0.1046875 0.01875
0 0.528125 0.40859375 0.0125 0.0203125
0 0.8171875 0.409375 0.1046875 0.01796875
0 0.38046875 0.4359375 0.12734375 0.01953125
0 0.52578125 0.4359375 0.1046875 0.01953125
0 0.65 0.43671875 0.08046875 0.01875
0 0.8625 0.43671875 0.10390625 0.01875
0 0.52578125 0.4625 0.1046875 0.01953125
0 0.64921875 0.46328125 0.078125 0.01875
0 0.11171875 0.4890625 0.17265625 0.01875
0 0.26796875 0.4890625 0.08203125 0.01953125
0 0.45859375 0.48984375 0.23828125 0.01953125
0 0.89453125 0.490625 0.0390625 0.01875
0 0.0671875 0.515625 0.08046875 0.01875
0 0.20078125 0.515625 0.0375 0.01875
0 0.1 0.5421875 0.1515625 0.01796875
0 0.52890625 0.54375 0.01015625 0.0171875
0 0.6625 0.54375 0.10078125 0.01953125
0 0.81796875 0.54375 0.10078125 0.01953125
0 0.57109375 0.54453125 0.01640625 0.01953125
0 0.25859375 0.596875 0.01640625 0.0203125
0 0.1 0.59765625 0.14375 0.02265625
0 0.90546875 0.59765625 0.01484375 0.01953125
0 0.759375 0.5984375 0.12265625 0.021875
0 0.21171875 0.65 0.096875 0.01953125
0 0.07578125 0.65 0.0984375 0.01953125
0 0.3578125 0.65078125 0.12734375 0.01953125
0 0.76015625 0.65078125 0.0375 0.01953125
0 0.86015625 0.65078125 0.1046875 0.01953125
0 0.065625 0.67734375 0.08359375 0.0203125
0 0.73828125 0.678125 0.0390625 0.01875
0 0.8515625 0.678125 0.12265625 0.01875
0 0.0875 0.7046875 0.12734375 0.0203125
0 0.76015625 0.7046875 0.040625 0.01953125
0 0.86171875 0.7046875 0.1046875 0.01953125
0 0.05546875 0.7578125 0.06328125 0.01875
0 0.29453125 0.75859375 0.17421875 0.01953125
0 0.1453125 0.75859375 0.0609375 0.01796875
0 0.52421875 0.75859375 0.10078125 0.01953125
0 0.71640625 0.75859375 0.0390625 0.01875
0 0.428125 0.75859375 0.0328125 0.01875
0 0.80625 0.75859375 0.08203125 0.01875
0 0.11171875 0.81171875 0.17578125 0.0203125
0 0.28046875 0.8125 0.10625 0.01875
0 0.4 0.8125 0.078125 0.0203125
0 0.51484375 0.8125 0.08359375 0.01953125
0 0.6484375 0.81328125 0.03671875 0.0203125
0 0.80546875 0.81328125 0.2171875 0.01953125
0 0.1109375 0.8375 0.17421875 0.0203125
0 0.3015625 0.83828125 0.14921875 0.0203125
0 0.48046875 0.8390625 0.153125 0.0203125
0 0.2453125 0.89140625 0.1703125 0.01953125
0 0.39140625 0.8921875 0.0609375 0.01875
0 0.52578125 0.89296875 0.15 0.01953125
0 0.69453125 0.89375 0.1265625 0.0203125
0 0.25703125 0.91875 0.0140625 0.0203125
0 0.32421875 0.91875 0.06171875 0.01953125
0 0.425 0.91953125 0.08203125 0.01953125
0 0.5796875 0.91953125 0.16640625 0.0203125
0 0.290625 0.9453125 0.17421875 0.01953125
0 0.42578125 0.94609375 0.0375 0.01875
0 0.51484375 0.94609375 0.084375 0.01875
0 0.65 0.94609375 0.1296875 0.0203125