0 0.296875 0.178125 0.05546875 0.01328125
0 0.41484375 0.178125 0.115625 0.01328125
0 0.615625 0.178125 0.05859375 0.01328125
0 0.7015625 0.178125 0.05859375 0.01328125
0 0.53359375 0.17890625 0.04765625 0.01484375
0 0.4890625 0.2015625 0.31328125 0.01328125
0 0.175 0.225 0.0578125 0.01328125
0 0.29140625 0.225 0.11953125 0.01328125
0 0.384375 0.225 0.015625 0.01328125
0 0.6390625 0.225 0.1 0.01328125
0 0.7421875 0.225 0.05859375 0.01328125
0 0.48984375 0.225 0.13515625 0.01484375
0 0.815625 0.2265625 0.0328125 0.01484375
0 0.2359375 0.24765625 0.14296875 0.01328125
0 0.46640625 0.24765625 0.2703125 0.01328125
0 0.71875 0.24921875 0.18046875 0.0171875
0 0.2375 0.27109375 0.1015625 0.0125
0 0.3515625 0.27109375 0.07734375 0.01328125
0 0.73203125 0.27109375 0.1625 0.01328125
0 0.51953125 0.271875 0.2015625 0.01484375
0 0.4140625 0.29453125 0.03828125 0.0125
0 0.26796875 0.2953125 0.07421875 0.01328125
0 0.35234375 0.2953125 0.0359375 0.01328125
0 0.6046875 0.2953125 0.28359375 0.015625
0 0.42890625 0.3171875 0.1828125 0.01328125
0 0.59453125 0.31875 0.096875 0.01484375
0 0.39296875 0.34140625 0.07890625 0.01328125
0 0.54296875 0.34140625 0.1609375 0.01484375
0 0.1203125 0.3875 0.08203125 0.01328125
0 0.2234375 0.38828125 0.07734375 0.01328125
0 0.31953125 0.38828125 0.059375 0.01328125
0 0.9 0.3890625 0.0359375 0.01328125
0 0.14296875 0.4109375 0.121875 0.01328125
0 0.321875 0.4109375 0.1015625 0.01328125
0 0.15 0.434375 0.14296875 0.0140625
0 0.68828125 0.43515625 0.07890625 0.01328125
0 0.5515625 0.43515625 0.01015625 0.01328125
0 0.83671875 0.43515625 0.08125 0.01328125
0 0.5953125 0.43515625 0.01953125 0.01484375
0 0.15234375 0.45703125 0.14765625 0.01484375
0 0.3015625 0.4578125 0.1015625 0.01484375
0 0.90078125 0.45859375 0.0359375 0.01328125
0 0.11796875 0.48046875 0.07890625 0.0140625
0 0.2875 0.48046875 0.125 0.0140625
0 0.15 0.503125 0.14296875 0.0140625
0 0.68671875 0.50390625 0.07890625 0.0140625
0 0.8359375 0.50390625 0.08125 0.01328125
0 0.5515625 0.5046875 0.01015625 0.0140625
0 0.59453125 0.5046875 0.0203125 0.0140625
0 0.34375 0.52734375 0.1015625 0.01328125
0 0.48046875 0.52734375 0.11796875 0.01328125
0 0.17421875 0.52734375 0.184375 0.01328125
0 0.90078125 0.52734375 0.0359375 0.01328125
0 0.16015625 0.54921875 0.16328125 0.01328125
0 0.3296875 0.55078125 0.03828125 0.01328125
0 0.21484375 0.5734375 0.26953125 0.0140625
0 0.5953125 0.57421875 0.01953125 0.0140625
0 0.678125 0.57421875 0.096875 0.01328125
0 0.8265625 0.57421875 0.09921875 0.01328125
0 0.5515625 0.575 0.01484375 0.015625
0 0.30234375 0.6203125 0.0171875 0.0140625
0 0.91015625 0.62109375 0.01484375 0.01328125
0 0.153125 0.621875 0.13984375 0.01640625
0 0.77265625 0.621875 0.1171875 0.0171875
0 0.13125 0.66640625 0.1 0.01328125
0 0.259375 0.66640625 0.0921875 0.01328125
0 0.39609375 0.66640625 0.121875 0.01328125
0 0.775 0.66640625 0.0375 0.01328125
0 0.8703125 0.66640625 0.1015625 0.01328125
0 0.11796875 0.6890625 0.08125 0.01328125
0 0.77265625 0.68984375 0.03828125 0.0140625
0 0.86640625 0.68984375 0.10234375 0.0140625
0 0.1421875 0.7125 0.12265625 0.0140625
0 0.775 0.71328125 0.0375 0.01328125
0 0.8703125 0.71328125 0.1015625 0.01328125
0 0.10546875 0.7578125 0.053125 0.01328125
0 0.1921875 0.75859375 0.05859375 0.01328125
0 0.3296875 0.75859375 0.1625 0.01328125
0 0.45546875 0.7578125 0.0375 0.01328125
0 0.55 0.7578125 0.09609375 0.01328125
0 0.72890625 0.7578125 0.0375 0.01328125
0 0.81328125 0.75859375 0.0765625 0.0140625
0 0.540625 0.80390625 0.08125 0.01328125
0 0.16015625 0.80390625 0.16328125 0.01328125
0 0.3171875 0.80390625 0.0921875 0.01328125
0 0.4328125 0.80390625 0.07421875 0.01328125
0 0.81171875 0.80390625 0.20625 0.01328125
0 0.66640625 0.8046875 0.0390625 0.01328125
0 0.16171875 0.8265625 0.165625 0.01328125
0 0.3 0.8265625 0.059375 0.01328125
0 0.44609375 0.8265625 0.09921875 0.01328125
0 0.57265625 0.8265625 0.09765625 0.01328125
0 0.284375 0.87265625 0.1609375 0.0125
0 0.4234375 0.87265625 0.05859375 0.01328125
0 0.55078125 0.87265625 0.14453125 0.01328125
0 0.71015625 0.87265625 0.125 0.0140625
0 0.29921875 0.8953125 0.01796875 0.01328125
0 0.459375 0.8953125 0.08125 0.01328125
0 0.36484375 0.8953125 0.05390625 0.01328125
0 0.60390625 0.89609375 0.15859375 0.01328125
0 0.3296875 0.91796875 0.16328125 0.01328125
0 0.540625 0.91875 0.08125 0.01328125
0 0.4546875 0.91875 0.03828125 0.01328125
0 0.675 0.91875 0.140625 0.01328125