0 0.309375 0.19609375 0.13125 0.01796875
0 0.43046875 0.19609375 0.0625 0.01796875
0 0.55234375 0.19609375 0.1296875 0.01796875
0 0.675 0.19609375 0.0640625 0.01796875
0 0.13125 0.19609375 0.1765625 0.01796875
0 0.76328125 0.19609375 0.0640625 0.01875
0 0.07421875 0.21953125 0.06484375 0.01796875
0 0.23984375 0.21953125 0.21171875 0.01796875
0 0.4640625 0.21953125 0.1703125 0.01796875
0 0.628125 0.21953125 0.10625 0.01796875
0 0.7171875 0.21953125 0.01875 0.01796875
0 0.37578125 0.24296875 0.084375 0.01796875
0 0.2203125 0.24296875 0.175 0.01796875
0 0.078125 0.24296875 0.0640625 0.01796875
0 0.09765625 0.26640625 0.11015625 0.01796875
0 0.26171875 0.2671875 0.1703125 0.01640625
0 0.66015625 0.2671875 0.125 0.01796875
0 0.47578125 0.2671875 0.19609375 0.0171875
0 0.0859375 0.28984375 0.08125 0.01796875
0 0.23203125 0.28984375 0.153125 0.01796875
0 0.3765625 0.28984375 0.0859375 0.01796875
0 0.25390625 0.3140625 0.0640625 0.01796875
0 0.11953125 0.3140625 0.153125 0.01796875
0 0.41796875 0.3140625 0.21796875 0.01796875
0 0.36484375 0.33828125 0.28515625 0.01875
0 0.078125 0.33828125 0.0640625 0.01796875
0 0.1671875 0.33828125 0.06484375 0.01796875
0 0.7296875 0.3890625 0.04296875 0.01796875
0 0.675 0.40390625 0.01875 0.00625
0 0.14375 0.409375 0.19765625 0.01796875
0 0.3765625 0.409375 0.2171875 0.01796875
0 0.5640625 0.409375 0.1078125 0.01796875
0 0.81015625 0.41015625 0.1078125 0.01796875
0 0.915625 0.41015625 0.01953125 0.01796875
0 0.2234375 0.43359375 0.175 0.01875
0 0.8078125 0.434375 0.1078125 0.01875
0 0.10078125 0.48203125 0.1078125 0.01796875
0 0.22265625 0.48203125 0.08125 0.01796875
0 0.3421875 0.48203125 0.1015625 0.01796875
0 0.809375 0.4828125 0.10625 0.01796875
0 0.08828125 0.50546875 0.090625 0.01796875
0 0.80703125 0.50546875 0.109375 0.01796875
0 0.134375 0.5296875 0.175 0.01796875
0 0.36484375 0.5296875 0.24375 0.01796875
0 0.81875 0.5296875 0.0859375 0.01796875
0 0.109375 0.55234375 0.13125 0.01875
0 0.2328125 0.55234375 0.0640625 0.01796875
0 0.81875 0.553125 0.0859375 0.01796875
0 0.08828125 0.59921875 0.08828125 0.01796875
0 0.23203125 0.6 0.15078125 0.01796875
0 0.36484375 0.6 0.0640625 0.01796875
0 0.47578125 0.6 0.1078125 0.01875
0 0.81875 0.60078125 0.0859375 0.01875
0 0.075 0.646875 0.0625 0.01796875
0 0.2203125 0.646875 0.08828125 0.01796875
0 0.43046875 0.64765625 0.0625 0.0171875
0 0.5296875 0.64765625 0.0859375 0.0171875
0 0.69453125 0.64765625 0.0625 0.01640625
0 0.78359375 0.6484375 0.0625 0.01796875
0 0.05546875 0.6703125 0.02109375 0.01796875
0 0.2203125 0.67109375 0.04140625 0.0171875
0 0.4984375 0.67109375 0.10625 0.01796875
0 0.70859375 0.67109375 0.0859375 0.0171875
0 0.0546875 0.68828125 0.01875 0.00625
0 0.14375 0.69375 0.1078125 0.01796875
0 0.27578125 0.69375 0.1078125 0.01796875
0 0.4078125 0.6953125 0.1078125 0.01796875
0 0.29765625 0.7421875 0.11015625 0.01796875
0 0.40859375 0.74296875 0.0625 0.01796875
0 0.49453125 0.74296875 0.0625 0.01796875
0 0.64140625 0.74296875 0.175 0.01796875
0 0.5078125 0.765625 0.175 0.01796875
0 0.3765625 0.76640625 0.04296875 0.01796875
0 0.27421875 0.78984375 0.06484375 0.01796875
0 0.40703125 0.78984375 0.15234375 0.01796875
0 0.53984375 0.78984375 0.06484375 0.01796875
0 0.68359375 0.78984375 0.04296875 0.01796875
0 0.61796875 0.790625 0.04296875 0.0171875
0 0.20859375 0.81328125 0.10546875 0.01796875
0 0.33125 0.81328125 0.0859375 0.01796875
0 0.6484375 0.81328125 0.3234375 0.01796875
0 0.4296875 0.81484375 0.0671875 0.0140625
0 0.11953125 0.8359375 0.06484375 0.01796875
0 0.27421875 0.83671875 0.1984375 0.01796875
0 0.5609375 0.83671875 0.1546875 0.01796875
0 0.7609375 0.83671875 0.19609375 0.01796875
0 0.4296875 0.8375 0.0625 0.0171875
0 0.17734375 0.86015625 0.175 0.01796875
0 0.34296875 0.86015625 0.1078125 0.01796875
0 0.5078125 0.86015625 0.175 0.01796875
0 0.6625 0.8609375 0.08671875 0.01640625
0 0.74921875 0.8609375 0.04296875 0.01640625
0 0.840625 0.8609375 0.08359375 0.01640625
0 0.10703125 0.8828125 0.13125 0.01796875
0 0.253125 0.8828125 0.10625 0.01796875
0 0.37421875 0.88359375 0.084375 0.01796875
0 0.528125 0.88359375 0.171875 0.01796875
0 0.72890625 0.88359375 0.17734375 0.01796875
0 0.87265625 0.884375 0.0640625 0.01796875
0 0.23125 0.90703125 0.15234375 0.0171875
0 0.35390625 0.90703125 0.04296875 0.01796875
0 0.484375 0.90703125 0.175 0.01796875
0 0.703125 0.9078125 0.21328125 0.01640625
0 0.184375 0.93046875 0.153125 0.01796875
0 0.33125 0.93046875 0.08359375 0.01796875
0 0.47578125 0.93046875 0.14921875 0.01796875
0 0.70859375 0.93125 0.26484375 0.01875
0 0.3421875 0.95390625 0.109375 0.01796875
0 0.5953125 0.9546875 0.17421875 0.01796875