0 0.1640625 0.1 0.209375 0.01484375
0 0.3859375 0.1 0.2015625 0.01484375
0 0.71875 0.1 0.07890625 0.01484375
0 0.58125 0.1 0.1640625 0.01484375
0 0.8296875 0.10078125 0.11953125 0.01640625
0 0.9203125 0.1015625 0.03671875 0.01640625
0 0.31171875 0.11796875 0.053125 0.01171875
0 0.55625 0.11796875 0.1171875 0.01171875
0 0.43984375 0.11875 0.08359375 0.01328125
0 0.36640625 0.11875 0.02109375 0.01484375
0 0.6765625 0.11953125 0.06796875 0.01484375
0 0.3078125 0.1359375 0.08984375 0.0125
0 0.409375 0.1375 0.08359375 0.01328125
0 0.50703125 0.1375 0.08671875 0.0125
0 0.65078125 0.13828125 0.1484375 0.01640625
0 0.57265625 0.15390625 0.1078125 0.0125
0 0.73046875 0.15390625 0.15 0.0125
0 0.2296875 0.15390625 0.0625 0.0140625
0 0.2921875 0.1546875 0.03671875 0.0125
0 0.41328125 0.15546875 0.153125 0.0140625
0 0.42734375 0.1734375 0.05 0.0125
0 0.578125 0.17265625 0.22578125 0.01328125
0 0.35078125 0.1734375 0.07421875 0.01484375
0 0.73984375 0.2109375 0.06953125 0.021875
0 0.46171875 0.21171875 0.01796875 0.021875
0 0.58671875 0.21171875 0.18828125 0.02265625
0 0.25546875 0.2125 0.053125 0.021875
0 0.36953125 0.2125 0.12734375 0.0234375
0 0.4390625 0.25625 0.07265625 0.021875
0 0.74296875 0.2578125 0.146875 0.02265625
0 0.525 0.2578125 0.0515625 0.0234375
0 0.59765625 0.2578125 0.0484375 0.02265625
0 0.109375 0.2828125 0.12578125 0.01171875
0 0.559375 0.284375 0.07265625 0.01015625
0 0.7296875 0.284375 0.18359375 0.01171875
0 0.11953125 0.31328125 0.1484375 0.02265625
0 0.3875 0.31328125 0.1109375 0.02265625
0 0.4921875 0.31328125 0.053125 0.02265625
0 0.26640625 0.3125 0.0953125 0.0234375
0 0.5703125 0.31328125 0.0546875 0.0234375
0 0.103125 0.340625 0.109375 0.01015625
0 0.3359375 0.340625 0.046875 0.01015625
0 0.47265625 0.33984375 0.01796875 0.0125
0 0.43515625 0.33984375 0.01640625 0.0125
0 0.396875 0.34140625 0.01796875 0.01171875
0 0.234375 0.340625 0.1046875 0.0140625
0 0.096875 0.35859375 0.08359375 0.01171875
0 0.178125 0.35859375 0.03046875 0.01015625
0 0.27265625 0.359375 0.0984375 0.0125
0 0.2171875 0.37734375 0.109375 0.0109375
0 0.090625 0.37734375 0.0953125 0.01171875
0 0.33046875 0.37734375 0.07109375 0.01171875
0 0.48203125 0.378125 0.146875 0.0125
0 0.0984375 0.39375 0.1 0.0125
0 0.23359375 0.39453125 0.13515625 0.0140625
0 0.37265625 0.39453125 0.1171875 0.0140625
0 0.57578125 0.41171875 0.16875 0.01328125
0 0.4453125 0.41171875 0.0625 0.01484375
0 0.74609375 0.4125 0.08203125 0.01484375
0 0.409375 0.434375 0.0546875 0.0125
0 0.7046875 0.434375 0.06953125 0.0125
0 0.63828125 0.434375 0.01796875 0.0125
0 0.4859375 0.434375 0.0484375 0.0125
0 0.5609375 0.434375 0.053125 0.0125
0 0.1453125 0.43515625 0.209375 0.01484375
0 0.84609375 0.4359375 0.12734375 0.015625
0 0.046875 0.4640625 0.01640625 0.0125
0 0.50234375 0.4640625 0.01640625 0.01328125
0 0.73046875 0.4640625 0.01484375 0.01328125
0 0.18125 0.4640625 0.0953125 0.01328125
0 0.58125 0.4640625 0.01640625 0.01328125
0 0.87578125 0.46484375 0.07421875 0.01171875
0 0.08671875 0.46484375 0.01640625 0.01484375
0 0.63515625 0.46484375 0.02109375 0.01171875
0 0.39921875 0.465625 0.07109375 0.01328125
0 0.12265625 0.4828125 0.1609375 0.01171875
0 0.50390625 0.48359375 0.01640625 0.01328125
0 0.63515625 0.48359375 0.01796875 0.01171875
0 0.86953125 0.48359375 0.08984375 0.01171875
0 0.7328125 0.48359375 0.01640625 0.01171875
0 0.39921875 0.48359375 0.07109375 0.0125
0 0.58125 0.48359375 0.01953125 0.0125
0 0.0609375 0.50078125 0.0421875 0.0109375
0 0.16640625 0.5015625 0.07890625 0.0109375
0 0.39921875 0.50234375 0.07109375 0.0125
0 0.58125 0.50234375 0.01640625 0.01171875
0 0.6359375 0.50234375 0.01953125 0.01171875
0 0.8671875 0.50234375 0.08828125 0.01171875
0 0.503125 0.503125 0.01796875 0.0125
0 0.34921875 0.5328125 0.08984375 0.02421875
0 0.77109375 0.53359375 0.08984375 0.0234375
0 0.43984375 0.53359375 0.0421875 0.021875
0 0.559375 0.53671875 0.1625 0.0296875
0 0.578125 0.56640625 0.01640625 0.0109375
0 0.50390625 0.56640625 0.0125 0.0109375
0 0.1046875 0.56640625 0.12890625 0.01171875
0 0.26640625 0.56640625 0.15 0.01171875
0 0.86640625 0.5671875 0.09375 0.01171875
0 0.6359375 0.56796875 0.01640625 0.01171875
0 0.41875 0.56796875 0.03515625 0.01171875
0 0.37109375 0.56796875 0.01484375 0.01171875
0 0.7328125 0.56796875 0.01640625 0.01171875
0 0.49765625 0.58515625 0.03203125 0.01015625
0 0.72421875 0.58515625 0.03671875 0.01171875
0 0.58046875 0.58515625 0.01796875 0.01015625
0 0.12421875 0.584375 0.1671875 0.0125
0 0.3984375 0.584375 0.07265625 0.0125
0 0.8671875 0.584375 0.09140625 0.0125
0 0.6359375 0.5859375 0.01953125 0.01171875
0 0.1234375 0.61484375 0.08828125 0.0234375
0 0.209375 0.61640625 0.03515625 0.0234375
0 0.77109375 0.61640625 0.08984375 0.0234375
0 0.32265625 0.6171875 0.146875 0.03046875
0 0.471875 0.61796875 0.103125 0.02890625
0 0.596875 0.61875 0.08515625 0.02890625
0 0.78203125 0.653125 0.07265625 0.0234375
0 0.6078125 0.6546875 0.06953125 0.02265625
0 0.140625 0.69296875 0.08828125 0.02421875
0 0.23046875 0.69375 0.03203125 0.02265625
0 0.596875 0.69375 0.08515625 0.02421875
0 0.77109375 0.69296875 0.08984375 0.0234375
0 0.34140625 0.69609375 0.1484375 0.03203125
0 0.48203125 0.69609375 0.08515625 0.0296875
0 0.35078125 0.73046875 0.08984375 0.02578125
0 0.77109375 0.73046875 0.08359375 0.02265625
0 0.4390625 0.73203125 0.03671875 0.02421875
0 0.56015625 0.73359375 0.1609375 0.03046875
0 0.425 0.77109375 0.08984375 0.02421875
0 0.77109375 0.77265625 0.09375 0.02265625
0 0.56796875 0.77421875 0.14296875 0.028125
0 0.0546875 0.81484375 0.01640625 0.01171875
0 0.13046875 0.81484375 0.01953125 0.01171875
0 0.09296875 0.81484375 0.01796875 0.01171875
0 0.12265625 0.83203125 0.1453125 0.01171875
0 0.26171875 0.83359375 0.09140625 0.01171875
0 0.7984375 0.83359375 0.1671875 0.01171875
0 0.64375 0.83359375 0.08984375 0.01171875
0 0.46640625 0.83515625 0.03046875 0.00859375
0 0.5390625 0.834375 0.07421875 0.015625
0 0.3765625 0.834375 0.08984375 0.015625
0 0.0765625 0.8515625 0.046875 0.01015625
0 0.46171875 0.85234375 0.18828125 0.01328125
0 0.3296875 0.85234375 0.03671875 0.01484375
0 0.7671875 0.85390625 0.03046875 0.0109375
0 0.65078125 0.85390625 0.1484375 0.015625
0 0.2078125 0.8546875 0.1640625 0.0125
0 0.871875 0.871875 0.05 0.0109375
0 0.309375 0.871875 0.07421875 0.0125
0 0.23828125 0.87265625 0.03203125 0.0109375
0 0.80703125 0.87265625 0.03203125 0.0109375
0 0.1234375 0.87265625 0.146875 0.01171875
0 0.45546875 0.87265625 0.1640625 0.01015625
0 0.6640625 0.8734375 0.2015625 0.01171875
0 0.65546875 0.88984375 0.03515625 0.01328125
0 0.72265625 0.890625 0.0515625 0.01171875
0 0.47265625 0.890625 0.05 0.00859375
0 0.40859375 0.89140625 0.02734375 0.00703125
0 0.56640625 0.8921875 0.08828125 0.00859375
0 0.19140625 0.8921875 0.0484375 0.01015625
0 0.096875 0.8921875 0.08671875 0.01484375
0 0.3125 0.89296875 0.1 0.01015625
0 0.48203125 0.909375 0.06640625 0.01171875
0 0.5703125 0.909375 0.0484375 0.0125
0 0.6859375 0.91015625 0.12578125 0.0125
0 0.32265625 0.91015625 0.09140625 0.01171875
0 0.15 0.91015625 0.2 0.0140625
0 0.409375 0.91171875 0.03203125 0.009375
0 0.2921875 0.928125 0.07265625 0.01171875
0 0.13984375 0.9296875 0.18359375 0.015625
0 0.44375 0.9484375 0.25625 0.01484375
0 0.63828125 0.94921875 0.1046875 0.01484375