0 0.6703125 0.190625 0.06640625 0.01796875
0 0.12421875 0.19140625 0.17734375 0.01796875
0 0.30390625 0.19140625 0.13203125 0.01796875
0 0.54609375 0.19140625 0.13203125 0.01796875
0 0.76015625 0.19140625 0.06640625 0.01796875
0 0.42421875 0.19140625 0.06796875 0.01796875
0 0.090625 0.21328125 0.11171875 0.01796875
0 0.2265625 0.2140625 0.1109375 0.01796875
0 0.35859375 0.2140625 0.1109375 0.01796875
0 0.48046875 0.2140625 0.0859375 0.01796875
0 0.47890625 0.23671875 0.04453125 0.01796875
0 0.38203125 0.23671875 0.10859375 0.01796875
0 0.06953125 0.23671875 0.065625 0.01796875
0 0.21171875 0.23671875 0.1703125 0.01796875
0 0.09140625 0.25859375 0.109375 0.01875
0 0.2265625 0.25859375 0.1109375 0.01875
0 0.51484375 0.259375 0.1109375 0.01875
0 0.3671875 0.259375 0.128125 0.01875
0 0.64765625 0.259375 0.1109375 0.01875
0 0.20234375 0.28125 0.33125 0.01875
0 0.1140625 0.3046875 0.15390625 0.01875
0 0.2484375 0.30546875 0.065625 0.01796875
0 0.42578125 0.3046875 0.24140625 0.01796875
0 0.07109375 0.32734375 0.065625 0.01796875
0 0.159375 0.32734375 0.065625 0.01796875
0 0.35859375 0.32734375 0.2859375 0.01796875
0 0.72578125 0.3734375 0.04296875 0.01796875
0 0.0578125 0.3953125 0.0421875 0.01796875
0 0.1484375 0.3953125 0.0875 0.01796875
0 0.1140625 0.41796875 0.15625 0.01875
0 0.2484375 0.41875 0.0625 0.01796875
0 0.359375 0.41875 0.11171875 0.01796875
0 0.49140625 0.41875 0.1109375 0.01875
0 0.81484375 0.41875 0.0875 0.01796875
0 0.91640625 0.41875 0.01953125 0.01796875
0 0.09140625 0.44140625 0.109375 0.01875
0 0.25 0.44140625 0.15546875 0.01875
0 0.06953125 0.46328125 0.0703125 0.01875
0 0.18203125 0.4640625 0.1109375 0.01875
0 0.3140625 0.4640625 0.1109375 0.01796875
0 0.8265625 0.4640625 0.10859375 0.01796875
0 0.12578125 0.4875 0.1328125 0.01796875
0 0.28046875 0.4875 0.1328125 0.01796875
0 0.21640625 0.509375 0.17265625 0.01796875
0 0.815625 0.509375 0.08984375 0.01796875
0 0.09140625 0.5546875 0.109375 0.01796875
0 0.215625 0.5546875 0.0859375 0.01796875
0 0.3375 0.5546875 0.103125 0.01796875
0 0.81484375 0.5546875 0.0875 0.01796875
0 0.0828125 0.57734375 0.09375 0.01796875
0 0.80390625 0.57734375 0.1109375 0.01796875
0 0.1265625 0.60078125 0.17734375 0.01796875
0 0.36015625 0.60078125 0.24296875 0.01796875
0 0.825 0.60078125 0.10859375 0.01796875
0 0.10390625 0.621875 0.13203125 0.01796875
0 0.22578125 0.62265625 0.0625 0.01796875
0 0.80546875 0.6234375 0.1109375 0.01796875
0 0.08125 0.66796875 0.08828125 0.01796875
0 0.22578125 0.66796875 0.15625 0.01796875
0 0.359375 0.66796875 0.065625 0.01796875
0 0.4703125 0.66796875 0.10859375 0.01875
0 0.815625 0.66875 0.0875 0.01796875
0 0.06953125 0.690625 0.065625 0.01796875
0 0.2140625 0.690625 0.0859375 0.01796875
0 0.42578125 0.69140625 0.06640625 0.01796875
0 0.6921875 0.690625 0.06640625 0.01796875
0 0.78203125 0.690625 0.06640625 0.01796875
0 0.52578125 0.69140625 0.0859375 0.01875
0 0.04765625 0.7125 0.02109375 0.0171875
0 0.2140625 0.7125 0.0421875 0.01796875
0 0.5046875 0.71328125 0.0875 0.01796875
0 0.7046875 0.71328125 0.0875 0.01640625
0 0.29453125 0.7578125 0.10859375 0.01796875
0 0.403125 0.75859375 0.065625 0.0171875
0 0.49140625 0.75859375 0.06171875 0.0171875
0 0.6375 0.7578125 0.17578125 0.01796875
0 0.3703125 0.78046875 0.0421875 0.01796875
0 0.5046875 0.78046875 0.17578125 0.01796875
0 0.26953125 0.80234375 0.0640625 0.01796875
0 0.4046875 0.803125 0.15390625 0.01875
0 0.53828125 0.803125 0.0640625 0.01796875
0 0.61640625 0.803125 0.040625 0.01796875
0 0.68203125 0.803125 0.04453125 0.01796875
0 0.3265625 0.82578125 0.0859375 0.01796875
0 0.646875 0.82578125 0.3296875 0.01796875
0 0.20390625 0.82578125 0.109375 0.01796875
0 0.42578125 0.82734375 0.0640625 0.0140625
0 0.11484375 0.84765625 0.0640625 0.01796875
0 0.2703125 0.8484375 0.1984375 0.0171875
0 0.4265625 0.8484375 0.065625 0.0171875
0 0.559375 0.8484375 0.15546875 0.01796875
0 0.7609375 0.8484375 0.19921875 0.01796875
0 0.171875 0.87109375 0.17578125 0.01796875
0 0.33828125 0.87109375 0.109375 0.01796875
0 0.5046875 0.87109375 0.17578125 0.01796875
0 0.74921875 0.87109375 0.04296875 0.01796875
0 0.65859375 0.87109375 0.08828125 0.01640625
0 0.83828125 0.87109375 0.0875 0.01796875
0 0.10390625 0.89296875 0.13203125 0.01796875
0 0.24921875 0.89296875 0.109375 0.01796875
0 0.52578125 0.89296875 0.17734375 0.01796875
0 0.3703125 0.89296875 0.0859375 0.01796875
0 0.728125 0.89375 0.17578125 0.01796875
0 0.871875 0.89453125 0.0640625 0.0171875
0 0.22578125 0.915625 0.15390625 0.01796875
0 0.34765625 0.91640625 0.04296875 0.01796875
0 0.48125 0.91640625 0.17578125 0.01796875
0 0.70234375 0.91640625 0.215625 0.01796875
0 0.1953125 0.93828125 0.13203125 0.01796875
0 0.32734375 0.93828125 0.0875 0.01796875
0 0.47109375 0.93828125 0.1515625 0.01796875
0 0.7046875 0.93828125 0.26484375 0.01796875
0 0.3375 0.96171875 0.10859375 0.01796875
0 0.59296875 0.96171875 0.17578125 0.01796875