0 0.7578125 0.02265625 0.096875 0.015625
0 0.6390625 0.025 0.096875 0.015625
0 0.47890625 0.02578125 0.190625 0.015625
0 0.2984375 0.0296875 0.1390625 0.0171875
0 0.51328125 0.05078125 0.18984375 0.0171875
0 0.88671875 0.06953125 0.0796875 0.01640625
0 0.73828125 0.06953125 0.18046875 0.0140625
0 0.56328125 0.07109375 0.13515625 0.0140625
0 0.42109375 0.07109375 0.1203125 0.01328125
0 0.2546875 0.07265625 0.04765625 0.0140625
0 0.31953125 0.07265625 0.04765625 0.0140625
0 0.1265625 0.07265625 0.0515625 0.0125
0 0.190625 0.07421875 0.04375 0.01484375
0 0.696875 0.09453125 0.21640625 0.0140625
0 0.390625 0.09453125 0.1046875 0.01328125
0 0.2703125 0.09453125 0.1046875 0.0125
0 0.5140625 0.09609375 0.1125 0.01484375
0 0.55859375 0.12109375 0.23203125 0.01328125
0 0.37421875 0.12109375 0.06484375 0.0140625
0 0.5796875 0.14453125 0.2453125 0.01328125
0 0.34609375 0.14453125 0.06875 0.0125
0 0.4109375 0.14453125 0.03203125 0.01328125
0 0.55 0.171875 0.16015625 0.01640625
0 0.41796875 0.171875 0.071875 0.0140625
0 0.20546875 0.2015625 0.02421875 0.01328125
0 0.38671875 0.2015625 0.21015625 0.01328125
0 0.64140625 0.203125 0.0875 0.01484375
0 0.77734375 0.203125 0.03984375 0.01484375
0 0.12265625 0.203125 0.11640625 0.0171875
0 0.34609375 0.2265625 0.128125 0.01328125
0 0.0984375 0.2265625 0.071875 0.0140625
0 0.6390625 0.2265625 0.08125 0.01328125
0 0.846875 0.228125 0.18203125 0.0140625
0 0.1265625 0.2484375 0.13125 0.0140625
0 0.33046875 0.24921875 0.0953125 0.01328125
0 0.6390625 0.25 0.08515625 0.01484375
0 0.83046875 0.25 0.13515625 0.015625
0 0.159375 0.2828125 0.2 0.0171875
0 0.6984375 0.28359375 0.0875 0.0140625
0 0.821875 0.284375 0.06484375 0.015625
0 0.91875 0.28515625 0.06171875 0.01484375
0 0.58203125 0.28515625 0.059375 0.01640625
0 0.11953125 0.30234375 0.1203125 0.0140625
0 0.25859375 0.30234375 0.13515625 0.01328125
0 0.70234375 0.30390625 0.07578125 0.01171875
0 0.81796875 0.3046875 0.075 0.0125
0 0.5796875 0.3046875 0.01015625 0.01171875
0 0.92578125 0.3046875 0.03984375 0.01171875
0 0.11796875 0.325 0.1125 0.01171875
0 0.25 0.325 0.1171875 0.0125
0 0.70234375 0.32734375 0.07578125 0.01171875
0 0.925 0.32734375 0.0390625 0.0125
0 0.5796875 0.328125 0.01015625 0.01328125
0 0.81796875 0.32734375 0.075 0.0125
0 0.13515625 0.346875 0.1484375 0.0125
0 0.2609375 0.34765625 0.0734375 0.01171875
0 0.33671875 0.3484375 0.04140625 0.0140625
0 0.69453125 0.35 0.09140625 0.0125
0 0.80703125 0.35078125 0.09140625 0.01328125
0 0.578125 0.35078125 0.01328125 0.0140625
0 0.9234375 0.3515625 0.03984375 0.0125
0 0.121875 0.36953125 0.1203125 0.0125
0 0.30546875 0.371875 0.21953125 0.0140625
0 0.45 0.37109375 0.0375 0.01328125
0 0.48359375 0.371875 0.009375 0.01171875
0 0.7015625 0.3734375 0.071875 0.0125
0 0.58125 0.3734375 0.0140625 0.01328125
0 0.81484375 0.3734375 0.06875 0.01171875
0 0.92265625 0.3734375 0.0390625 0.01171875
0 0.11875 0.39296875 0.11328125 0.01328125
0 0.253125 0.39375 0.12890625 0.0125
0 0.7015625 0.39609375 0.07578125 0.0125
0 0.57890625 0.39609375 0.009375 0.01328125
0 0.81796875 0.39609375 0.075 0.01171875
0 0.92265625 0.396875 0.0390625 0.0125
0 0.134375 0.415625 0.0875 0.01171875
0 0.06953125 0.415625 0.015625 0.01171875
0 0.26171875 0.41640625 0.1390625 0.01171875
0 0.57890625 0.41796875 0.0140625 0.0125
0 0.7015625 0.41875 0.071875 0.0125
0 0.81484375 0.41875 0.07578125 0.01171875
0 0.921875 0.41953125 0.03984375 0.0125
0 0.13046875 0.43828125 0.13125 0.01328125
0 0.30625 0.440625 0.2 0.01484375
0 0.74296875 0.44140625 0.2203125 0.0125
0 0.58125 0.44140625 0.009375 0.01328125
0 0.92265625 0.4421875 0.0359375 0.0125
0 0.12265625 0.4609375 0.11875 0.01328125
0 0.23125 0.4609375 0.015625 0.01171875
0 0.20234375 0.46171875 0.015625 0.0109375
0 0.2578125 0.4625 0.015625 0.0109375
0 0.6984375 0.46328125 0.07578125 0.01171875
0 0.81328125 0.4640625 0.07578125 0.0125
0 0.58125 0.46484375 0.00625 0.0109375
0 0.921875 0.465625 0.03984375 0.01328125
0 0.35390625 0.48515625 0.075 0.0140625
0 0.58203125 0.48671875 0.0390625 0.0140625
0 0.8140625 0.4875 0.1109375 0.0140625
0 0.27890625 0.52109375 0.071875 0.01328125
0 0.3703125 0.52265625 0.08515625 0.0140625
0 0.81796875 0.525 0.103125 0.0140625
0 0.50546875 0.525 0.16015625 0.01875
0 0.6390625 0.525 0.0828125 0.0171875
0 0.6140625 0.54921875 0.13671875 0.01484375
0 0.834375 0.55 0.06875 0.01328125
0 0.49453125 0.575 0.11640625 0.01328125
0 0.834375 0.57734375 0.06875 0.0140625
0 0.62265625 0.57734375 0.1125 0.0171875
0 0.5609375 0.6015625 0.07734375 0.015625
0 0.6453125 0.60234375 0.06953125 0.01484375
0 0.8265625 0.603125 0.08359375 0.01328125
0 0.834375 0.62890625 0.06875 0.0140625
0 0.60703125 0.6296875 0.14609375 0.01796875
0 0.21484375 0.653125 0.08359375 0.0140625
0 0.31796875 0.653125 0.09140625 0.0140625
0 0.5703125 0.65390625 0.03359375 0.0140625
0 0.4578125 0.6546875 0.16796875 0.0171875
0 0.81328125 0.65625 0.1046875 0.0140625
0 0.6390625 0.65625 0.08515625 0.0171875
0 0.6390625 0.68125 0.07890625 0.0140625
0 0.49453125 0.68125 0.184375 0.01796875
0 0.8109375 0.68203125 0.10703125 0.0140625
0 0.60234375 0.70390625 0.15234375 0.01484375
0 0.83125 0.70625 0.0671875 0.01328125
0 0.38203125 0.75546875 0.19609375 0.01484375
0 0.23046875 0.75625 0.07890625 0.01328125
0 0.50546875 0.7921875 0.065625 0.01484375
0 0.31640625 0.7921875 0.0890625 0.0140625
0 0.2296875 0.79296875 0.06171875 0.01328125
0 0.4265625 0.79296875 0.02421875 0.015625
0 0.69453125 0.79296875 0.059375 0.01328125
0 0.58984375 0.79375 0.0796875 0.01640625
0 0.77734375 0.79453125 0.07890625 0.01484375
0 0.4265625 0.81171875 0.01953125 0.01328125
0 0.278125 0.8125 0.0453125 0.0140625
0 0.5765625 0.81171875 0.103125 0.0140625
0 0.7703125 0.81328125 0.0828125 0.0140625
0 0.390625 0.8421875 0.1046875 0.01484375
0 0.575 0.84296875 0.1046875 0.01328125
0 0.76875 0.84375 0.08515625 0.01328125
0 0.3734375 0.86875 0.04765625 0.01328125
0 0.4265625 0.86875 0.03984375 0.01328125
0 0.48984375 0.86875 0.065625 0.01171875
0 0.27890625 0.86875 0.12421875 0.01328125
0 0.64609375 0.8703125 0.02421875 0.0109375
0 0.71796875 0.871875 0.096875 0.01171875
0 0.57734375 0.87109375 0.09140625 0.01640625
0 0.25 0.88671875 0.1125 0.01484375
0 0.20234375 0.92890625 0.10859375 0.01328125
0 0.3890625 0.93125 0.0609375 0.01171875
0 0.4609375 0.93125 0.0609375 0.01171875
0 0.30703125 0.93125 0.0796875 0.0125
0 0.60546875 0.93359375 0.20390625 0.0140625
0 0.75390625 0.93359375 0.06875 0.01328125
0 0.8328125 0.93359375 0.06328125 0.01171875
0 0.22265625 0.9453125 0.1125 0.0140625
0 0.4859375 0.9484375 0.01171875 0.01328125
0 0.334375 0.9484375 0.0875 0.01328125
0 0.42734375 0.9484375 0.07734375 0.01328125
0 0.5578125 0.9484375 0.1046875 0.0125
0 0.65703125 0.94921875 0.071875 0.01328125
0 0.72265625 0.95078125 0.0359375 0.0125
0 0.83046875 0.95078125 0.15625 0.01328125