0 0.359375 0.0921875 0.1109375 0.021875
0 0.47265625 0.0921875 0.07265625 0.021875
0 0.63203125 0.11875 0.0859375 0.0203125
0 0.1609375 0.1203125 0.04921875 0.01875
0 0.2546875 0.1203125 0.08671875 0.01875
0 0.4828125 0.1203125 0.1671875 0.01875
0 0.3484375 0.1203125 0.0484375 0.02109375
0 0.3328125 0.1484375 0.1671875 0.02109375
0 0.51171875 0.14921875 0.146875 0.0234375
0 0.4625 0.17734375 0.23671875 0.02109375
0 0.14375 0.17734375 0.08984375 0.01875
0 0.67109375 0.17734375 0.12734375 0.021875
0 0.26640625 0.17890625 0.11015625 0.0203125
0 0.3890625 0.20546875 0.0546875 0.0203125
0 0.190625 0.20625 0.10859375 0.02109375
0 0.30390625 0.20625 0.06953125 0.02109375
0 0.46484375 0.20625 0.05234375 0.02109375
0 0.60703125 0.20625 0.178125 0.0234375
0 0.47265625 0.234375 0.225 0.02109375
0 0.325 0.234375 0.0296875 0.01953125
0 0.2546875 0.234375 0.0546875 0.01953125
0 0.28359375 0.26328125 0.0671875 0.02109375
0 0.45546875 0.26328125 0.225 0.02109375
0 0.778125 0.378125 0.03359375 0.0203125
0 0.7 0.378125 0.07265625 0.0203125
0 0.3796875 0.37890625 0.1859375 0.01953125
0 0.1890625 0.37890625 0.1390625 0.01953125
0 0.06796875 0.3796875 0.05234375 0.01875
0 0.4359375 0.4078125 0.1484375 0.01953125
0 0.08359375 0.4078125 0.08671875 0.01875
0 0.246875 0.40859375 0.1859375 0.02109375
0 0.596875 0.46328125 0.01875 0.01953125
0 0.7296875 0.46484375 0.13125 0.0203125
0 0.2171875 0.465625 0.046875 0.01875
0 0.103125 0.465625 0.128125 0.02109375
0 0.7296875 0.49375 0.13125 0.0203125
0 0.59765625 0.49375 0.0171875 0.02109375
0 0.16328125 0.49453125 0.08828125 0.01875
0 0.06796875 0.49453125 0.05078125 0.01875
0 0.28359375 0.49453125 0.1046875 0.0203125
0 0.73984375 0.521875 0.1109375 0.0203125
0 0.59921875 0.52265625 0.009375 0.01953125
0 0.07734375 0.52265625 0.06953125 0.02109375
0 0.16328125 0.52265625 0.0453125 0.0234375
0 0.596875 0.55078125 0.0109375 0.01875
0 0.73984375 0.55078125 0.1109375 0.01875
0 0.15 0.55078125 0.221875 0.0234375
0 0.7 0.61796875 0.184375 0.03984375
0 0.21796875 0.62734375 0.09140625 0.02109375
0 0.58671875 0.62734375 0.0390625 0.02109375
0 0.3328125 0.628125 0.0921875 0.021875
0 0.475 0.6296875 0.15 0.0234375
0 0.2390625 0.68203125 0.16484375 0.021875
0 0.359375 0.6828125 0.03359375 0.02109375
0 0.48359375 0.6828125 0.0546875 0.02109375
0 0.41796875 0.6828125 0.0359375 0.01953125
0 0.6328125 0.684375 0.12734375 0.0234375
0 0.0859375 0.684375 0.0828125 0.0234375
0 0.7296875 0.74140625 0.13125 0.0203125
0 0.51171875 0.74140625 0.0765625 0.0203125
0 0.7796875 0.76953125 0.03359375 0.01875
0 0.71796875 0.76953125 0.06796875 0.01875
0 0.49453125 0.7703125 0.1109375 0.02265625
0 0.2 0.82734375 0.0921875 0.021875
0 0.51171875 0.82734375 0.07265625 0.01875
0 0.3625 0.82734375 0.1859375 0.0234375
0 0.62265625 0.8296875 0.10703125 0.02109375
0 0.3765625 0.85546875 0.06796875 0.02109375
0 0.18984375 0.85625 0.07265625 0.0203125
0 0.50390625 0.8578125 0.1296875 0.0234375
0 0.2859375 0.8578125 0.07109375 0.0234375
0 0.6265625 0.85859375 0.075 0.0234375
0 0.37890625 0.884375 0.15 0.02109375
0 0.5328125 0.884375 0.11015625 0.02109375
0 0.26640625 0.884375 0.03515625 0.0203125
0 0.44375 0.9390625 0.09765625 0.01640625
0 0.309375 0.93984375 0.11015625 0.0171875
0 0.63671875 0.93984375 0.1375 0.0171875
0 0.13828125 0.94140625 0.196875 0.01640625
0 0.74296875 0.94140625 0.0375 0.01640625