0 0.53046875 0.07890625 0.05 0.0125
0 0.1859375 0.07890625 0.09296875 0.0125
0 0.43515625 0.07890625 0.09296875 0.0125
0 0.60703125 0.07890625 0.046875 0.0125
0 0.2921875 0.08046875 0.07421875 0.0125
0 0.07890625 0.08046875 0.10625 0.01328125
0 0.3578125 0.08046875 0.01640625 0.0125
0 0.1203125 0.1 0.18125 0.01640625
0 0.1015625 0.11796875 0.14921875 0.01328125
0 0.2515625 0.11953125 0.11328125 0.01328125
0 0.3765625 0.11953125 0.09140625 0.0125
0 0.49296875 0.11953125 0.09296875 0.01328125
0 0.1859375 0.1375 0.09296875 0.01484375
0 0.04921875 0.13828125 0.046875 0.0125
0 0.11015625 0.13828125 0.0109375 0.01328125
0 0.2921875 0.1390625 0.07421875 0.01328125
0 0.359375 0.13984375 0.01171875 0.0125
0 0.14921875 0.15703125 0.09140625 0.0140625
0 0.05 0.15703125 0.05078125 0.0125
0 0.2515625 0.15859375 0.07265625 0.01328125
0 0.346875 0.159375 0.07265625 0.015625
0 0.2046875 0.17734375 0.09296875 0.01484375
0 0.44453125 0.17734375 0.03515625 0.0125
0 0.078125 0.17890625 0.1046875 0.01484375
0 0.51875 0.17890625 0.07265625 0.0140625
0 0.7203125 0.17890625 0.0890625 0.01328125
0 0.33984375 0.17890625 0.12890625 0.015625
0 0.6234375 0.1796875 0.08046875 0.015625
0 0.11953125 0.1984375 0.190625 0.01640625
0 0.29375 0.1984375 0.10859375 0.01484375
0 0.42421875 0.2015625 0.1140625 0.0125
0 0.05546875 0.2171875 0.0453125 0.01328125
0 0.24375 0.21796875 0.203125 0.0140625
0 0.05546875 0.2375 0.05546875 0.0125
0 0.24609375 0.2375 0.20703125 0.0125
0 0.05390625 0.27734375 0.05078125 0.0125
0 0.12265625 0.27734375 0.03125 0.01484375
0 0.3109375 0.278125 0.221875 0.0140625
0 0.340625 0.31796875 0.05 0.01328125
0 0.45390625 0.31796875 0.12734375 0.01328125
0 0.1703125 0.35703125 0.125 0.0125
0 0.05546875 0.35703125 0.046875 0.0125
0 0.275 0.35703125 0.03359375 0.0125
0 0.40859375 0.35703125 0.1078125 0.01484375
0 0.62578125 0.3578125 0.13046875 0.0140625
0 0.75 0.3578125 0.0671875 0.0140625
0 0.31328125 0.3765625 0.1828125 0.01484375
0 0.103125 0.3765625 0.14921875 0.0125
0 0.44609375 0.3765625 0.0375 0.0125
0 0.521875 0.37734375 0.0765625 0.0125
0 0.68359375 0.37734375 0.2 0.01484375
0 0.12265625 0.3953125 0.18515625 0.01328125
0 0.65546875 0.39609375 0.14375 0.0125
0 0.7671875 0.396875 0.0375 0.0140625
0 0.7125 0.41640625 0.0671875 0.01484375
0 0.0453125 0.4546875 0.03125 0.01171875
0 0.5125 0.45546875 0.09296875 0.0140625
0 0.27578125 0.45546875 0.11328125 0.0140625
0 0.38984375 0.45546875 0.075 0.01328125
0 0.1390625 0.45546875 0.11171875 0.01328125
0 0.1546875 0.47421875 0.23359375 0.01328125
0 0.74921875 0.475 0.03359375 0.0140625
0 0.35234375 0.475 0.03515625 0.0125
0 0.665625 0.475 0.09375 0.0140625
0 0.08828125 0.49375 0.103125 0.0125
0 0.21640625 0.49375 0.1078125 0.0125
0 0.35859375 0.49375 0.09140625 0.0125
0 0.671875 0.5140625 0.07265625 0.0125
0 0.7484375 0.5140625 0.03203125 0.0125
0 0.075 0.5140625 0.09140625 0.01328125
0 0.3515625 0.51484375 0.03125 0.0125
0 0.4171875 0.53359375 0.08984375 0.0125
0 0.28203125 0.53359375 0.0890625 0.0125
0 0.18046875 0.53359375 0.07265625 0.0125
0 0.075 0.53359375 0.09140625 0.01328125
0 0.74765625 0.55234375 0.03125 0.0125
0 0.671875 0.55234375 0.07265625 0.0125
0 0.075 0.55234375 0.09140625 0.0125
0 0.34765625 0.55234375 0.03125 0.0125
0 0.45390625 0.571875 0.08984375 0.0125
0 0.32421875 0.571875 0.0890625 0.0125
0 0.20546875 0.571875 0.09140625 0.0125
0 0.084375 0.571875 0.11015625 0.0125
0 0.0734375 0.59140625 0.0875 0.01328125
0 0.7484375 0.59140625 0.03203125 0.01328125
0 0.671875 0.59140625 0.07265625 0.01328125
0 0.3515625 0.59296875 0.02578125 0.0125
0 0.24609375 0.63046875 0.01875 0.01484375
0 0.32265625 0.63125 0.09140625 0.0125
0 0.103125 0.63125 0.14765625 0.0125
0 0.07421875 0.66953125 0.0890625 0.01328125
0 0.1875 0.66953125 0.0953125 0.01484375
0 0.4171875 0.6703125 0.05234375 0.0140625
0 0.50078125 0.6703125 0.06875 0.01484375
0 0.71875 0.67109375 0.12890625 0.01328125
0 0.30390625 0.67109375 0.08359375 0.015625
0 0.73125 0.6890625 0.11015625 0.01328125
0 0.2921875 0.690625 0.18125 0.01484375
0 0.10390625 0.690625 0.14921875 0.01640625
0 0.14921875 0.7078125 0.0859375 0.0125
0 0.0546875 0.709375 0.05 0.0125
0 0.71953125 0.709375 0.13046875 0.01328125
0 0.23359375 0.728125 0.11015625 0.0125
0 0.75 0.72890625 0.075 0.01328125
0 0.0921875 0.72890625 0.125 0.01484375
0 0.10390625 0.7484375 0.1515625 0.0140625
0 0.23515625 0.7484375 0.07265625 0.0125
0 0.71953125 0.7484375 0.13046875 0.01328125
0 0.73203125 0.76796875 0.11171875 0.0140625
0 0.08125 0.76796875 0.11171875 0.01640625
0 0.759375 0.80703125 0.05078125 0.0125
0 0.684375 0.80703125 0.0484375 0.0125
0 0.546875 0.80703125 0.05078125 0.0125
0 0.4546875 0.80703125 0.0890625 0.01328125
0 0.07421875 0.80703125 0.05078125 0.01328125
0 0.18671875 0.80859375 0.12890625 0.01484375
0 0.54140625 0.82734375 0.0671875 0.01484375
0 0.73203125 0.82734375 0.06328125 0.01484375
0 0.06171875 0.84609375 0.03515625 0.0125
0 0.75078125 0.84609375 0.06875 0.0125
0 0.53125 0.84609375 0.09140625 0.0125
0 0.13984375 0.846875 0.06484375 0.0140625
0 0.0625 0.865625 0.03359375 0.01328125
0 0.54140625 0.865625 0.07265625 0.01328125
0 0.75078125 0.865625 0.07421875 0.01328125
0 0.13984375 0.86640625 0.06484375 0.01484375
0 0.3296875 0.90546875 0.07109375 0.0125
0 0.21640625 0.90546875 0.1078125 0.0125
0 0.465625 0.90546875 0.1515625 0.015625
0 0.121875 0.90546875 0.028125 0.01484375
0 0.46328125 0.925 0.14375 0.0140625
0 0.34140625 0.925 0.0484375 0.01328125
0 0.228125 0.925 0.12890625 0.01328125
0 0.11328125 0.925 0.05390625 0.01328125
0 0.26484375 0.94375 0.0484375 0.0125
0 0.4921875 0.94453125 0.2015625 0.0125
0 0.3421875 0.94453125 0.046875 0.0125
0 0.18046875 0.94453125 0.07421875 0.0125
0 0.075 0.94453125 0.09375 0.0125
0 0.1703125 0.98203125 0.05078125 0.0125
0 0.075 0.9828125 0.09140625 0.01328125