0 0.21171875 0.1734375 0.0546875 0.01484375
0 0.33203125 0.1734375 0.12109375 0.0140625
0 0.65859375 0.17421875 0.0609375 0.015625
0 0.74765625 0.17421875 0.059375 0.01484375
0 0.5125 0.175 0.165625 0.01640625
0 0.48046875 0.19453125 0.3265625 0.01484375
0 0.1484375 0.21484375 0.0578125 0.01484375
0 0.271875 0.21484375 0.1234375 0.01484375
0 0.63671875 0.215625 0.10390625 0.01484375
0 0.3703125 0.215625 0.01484375 0.01328125
0 0.74765625 0.215625 0.059375 0.01484375
0 0.48046875 0.215625 0.13984375 0.0171875
0 0.82109375 0.21640625 0.03359375 0.0171875
0 0.4578125 0.2359375 0.28359375 0.015625
0 0.21484375 0.2359375 0.14921875 0.015625
0 0.721875 0.23671875 0.1875 0.01640625
0 0.21328125 0.25625 0.10546875 0.015625
0 0.334375 0.25703125 0.08046875 0.01484375
0 0.73515625 0.25703125 0.171875 0.01484375
0 0.51171875 0.2578125 0.21015625 0.015625
0 0.33828125 0.27734375 0.03671875 0.015625
0 0.403125 0.27734375 0.03671875 0.015625
0 0.24921875 0.278125 0.078125 0.01640625
0 0.6046875 0.278125 0.2953125 0.015625
0 0.48203125 0.29765625 0.103125 0.015625
0 0.3390625 0.2984375 0.12265625 0.0171875
0 0.634375 0.29921875 0.146875 0.0171875
0 0.38125 0.31875 0.08046875 0.01484375
0 0.53828125 0.31875 0.1671875 0.01484375
0 0.12578125 0.36015625 0.15 0.015625
0 0.4375 0.36015625 0.14921875 0.01484375
0 0.28046875 0.36015625 0.10390625 0.01484375
0 0.91328125 0.36015625 0.0375 0.01484375
0 0.09296875 0.38046875 0.08359375 0.015625
0 0.22890625 0.38046875 0.034375 0.01484375
0 0.1265625 0.40078125 0.15 0.015625
0 0.68046875 0.4015625 0.10546875 0.015625
0 0.54765625 0.40234375 0.0140625 0.015625
0 0.5921875 0.40234375 0.0171875 0.015625
0 0.8359375 0.40234375 0.10546875 0.01484375
0 0.09296875 0.421875 0.08359375 0.015625
0 0.21484375 0.421875 0.10546875 0.015625
0 0.33828125 0.42265625 0.078125 0.015625
0 0.91328125 0.42265625 0.0375 0.01484375
0 0.159375 0.44296875 0.21171875 0.015625
0 0.40546875 0.44375 0.12421875 0.0171875
0 0.12578125 0.46328125 0.15 0.01484375
0 0.5921875 0.46328125 0.0171875 0.01484375
0 0.69296875 0.46328125 0.0828125 0.01484375
0 0.5484375 0.4640625 0.009375 0.0140625
0 0.846875 0.4640625 0.0828125 0.015625
0 0.08203125 0.48359375 0.0609375 0.015625
0 0.1828125 0.484375 0.0828125 0.015625
0 0.30390625 0.484375 0.1015625 0.01484375
0 0.4359375 0.484375 0.10546875 0.01484375
0 0.5484375 0.484375 0.059375 0.01484375
0 0.91484375 0.484375 0.0375 0.01484375
0 0.09453125 0.5046875 0.08125 0.01484375
0 0.28203125 0.50546875 0.1515625 0.0171875
0 0.1265625 0.525 0.15 0.01484375
0 0.59296875 0.52578125 0.0171875 0.015625
0 0.69296875 0.52578125 0.0828125 0.01484375
0 0.55 0.52578125 0.01171875 0.01484375
0 0.8484375 0.52578125 0.0828125 0.01484375
0 0.19375 0.54609375 0.10390625 0.015625
0 0.08203125 0.54609375 0.0609375 0.015625
0 0.3265625 0.54609375 0.10390625 0.01484375
0 0.50390625 0.54609375 0.1515625 0.015625
0 0.91484375 0.546875 0.0375 0.01484375
0 0.128125 0.56640625 0.146875 0.01484375
0 0.33984375 0.56796875 0.12265625 0.0171875
0 0.19296875 0.58671875 0.28203125 0.015625
0 0.55 0.5875 0.01171875 0.01484375
0 0.69296875 0.5875 0.0828125 0.01484375
0 0.5921875 0.5875 0.0171875 0.015625
0 0.8484375 0.5875 0.0828125 0.015625
0 0.28203125 0.62890625 0.01640625 0.01484375
0 0.12734375 0.62890625 0.14453125 0.01640625
0 0.92578125 0.62890625 0.01484375 0.0140625
0 0.778125 0.6296875 0.1234375 0.0171875
0 0.1046875 0.66875 0.10390625 0.01484375
0 0.36015625 0.66875 0.12734375 0.015625
0 0.2265625 0.66875 0.0828125 0.01484375
0 0.78046875 0.66953125 0.03984375 0.01484375
0 0.8796875 0.6703125 0.10546875 0.015625
0 0.09296875 0.6890625 0.0828125 0.015625
0 0.88125 0.690625 0.10390625 0.01484375
0 0.78203125 0.690625 0.03828125 0.01484375
0 0.115625 0.71015625 0.12578125 0.01484375
0 0.803125 0.7109375 0.03984375 0.01484375
0 0.89140625 0.7109375 0.0828125 0.015625
0 0.08203125 0.75 0.0609375 0.015625
0 0.21640625 0.7515625 0.14921875 0.0171875
0 0.525 0.75234375 0.146875 0.01640625
0 0.74765625 0.753125 0.14453125 0.0171875
0 0.08203125 0.77109375 0.0609375 0.01484375
0 0.1828125 0.771875 0.0828125 0.015625
0 0.5484375 0.771875 0.10546875 0.01484375
0 0.78046875 0.771875 0.0828125 0.01484375
0 0.1375 0.8328125 0.17265625 0.015625
0 0.30625 0.8328125 0.1 0.015625
0 0.425 0.83359375 0.0796875 0.01484375
0 0.5375 0.83359375 0.08359375 0.015625
0 0.6703125 0.83359375 0.03984375 0.01484375
0 0.825 0.83515625 0.21875 0.015625
0 0.1375 0.853125 0.17265625 0.015625
0 0.328125 0.85390625 0.146875 0.01484375
0 0.2734375 0.89453125 0.1703125 0.01484375
0 0.41484375 0.8953125 0.0609375 0.015625
0 0.5484375 0.8953125 0.14921875 0.015625
0 0.71484375 0.8953125 0.12734375 0.015625
0 0.28359375 0.91484375 0.0171875 0.0140625
0 0.34921875 0.91484375 0.0609375 0.01484375
0 0.44921875 0.915625 0.08359375 0.015625
0 0.6015625 0.915625 0.16640625 0.01484375
0 0.31640625 0.93515625 0.171875 0.01484375
0 0.45078125 0.9359375 0.03671875 0.01484375
0 0.5375 0.9359375 0.08359375 0.01484375
0 0.67890625 0.9359375 0.14375 0.015625