0 0.61328125 0.1515625 0.20390625 0.015625
0 0.44453125 0.153125 0.0796875 0.01328125
0 0.33828125 0.15390625 0.08046875 0.01328125
0 0.8828125 0.16953125 0.034375 0.01328125
0 0.79375 0.17109375 0.10390625 0.0140625
0 0.66796875 0.171875 0.1 0.01328125
0 0.52578125 0.1734375 0.11640625 0.01328125
0 0.3828125 0.17421875 0.1234375 0.01328125
0 0.2453125 0.17578125 0.08359375 0.01328125
0 0.16015625 0.1765625 0.05234375 0.01328125
0 0.6921875 0.19375 0.15859375 0.0140625
0 0.53046875 0.19296875 0.1234375 0.01328125
0 0.3984375 0.1953125 0.09140625 0.01328125
0 0.28515625 0.19609375 0.09453125 0.01328125
0 0.61875 0.2140625 0.09140625 0.01328125
0 0.50859375 0.2140625 0.078125 0.01328125
0 0.39453125 0.21484375 0.10234375 0.0125
0 0.76953125 0.21484375 0.1765625 0.025
0 0.28515625 0.21640625 0.053125 0.01328125
0 0.2015625 0.2171875 0.05859375 0.01328125
0 0.84375 0.2328125 0.08203125 0.01328125
0 0.6671875 0.23515625 0.228125 0.01484375
0 0.42578125 0.2359375 0.08203125 0.01328125
0 0.28828125 0.23671875 0.1421875 0.01328125
0 0.1703125 0.2375 0.07265625 0.01328125
0 0.6640625 0.2546875 0.2640625 0.015625
0 0.44296875 0.25703125 0.03828125 0.01328125
0 0.25703125 0.25703125 0.07109375 0.01484375
0 0.35 0.25703125 0.06015625 0.01484375
0 0.3171875 0.3 0.11796875 0.0140625
0 0.57421875 0.3 0.27109375 0.015625
0 0.81171875 0.33671875 0.01796875 0.01328125
0 0.703125 0.3375 0.13671875 0.015625
0 0.3390625 0.33984375 0.1234375 0.01328125
0 0.1234375 0.33984375 0.0546875 0.01328125
0 0.20078125 0.34140625 0.0546875 0.0140625
0 0.59375 0.35859375 0.15859375 0.01328125
0 0.38203125 0.36015625 0.20390625 0.01328125
0 0.13046875 0.3609375 0.078125 0.01328125
0 0.3625 0.38125 0.1671875 0.01328125
0 0.1609375 0.38125 0.13828125 0.01328125
0 0.8984375 0.41953125 0.06171875 0.01328125
0 0.78984375 0.4203125 0.09453125 0.01328125
0 0.5609375 0.421875 0.01953125 0.0125
0 0.43515625 0.421875 0.06015625 0.015625
0 0.6453125 0.42265625 0.1015625 0.01484375
0 0.203125 0.42265625 0.22578125 0.015625
0 0.37265625 0.46328125 0.1 0.01328125
0 0.13203125 0.4640625 0.078125 0.01328125
0 0.21484375 0.4640625 0.03828125 0.01328125
0 0.28515625 0.4640625 0.03671875 0.0140625
0 0.91015625 0.48046875 0.03984375 0.0125
0 0.77265625 0.48203125 0.1015625 0.01328125
0 0.58046875 0.4828125 0.10234375 0.01328125
0 0.37421875 0.484375 0.01484375 0.01328125
0 0.4171875 0.4859375 0.01953125 0.01015625
0 0.38203125 0.50390625 0.078125 0.01328125
0 0.478125 0.50390625 0.06171875 0.01328125
0 0.1125 0.50390625 0.04140625 0.01328125
0 0.3 0.50390625 0.03984375 0.01328125
0 0.20390625 0.50390625 0.1015625 0.01328125
0 0.91015625 0.52265625 0.03984375 0.0140625
0 0.77265625 0.5234375 0.1015625 0.01328125
0 0.58125 0.5234375 0.1015625 0.01328125
0 0.3734375 0.525 0.0140625 0.01328125
0 0.41796875 0.52734375 0.01796875 0.009375
0 0.8765625 0.5640625 0.1015625 0.0140625
0 0.4859375 0.565625 0.07265625 0.015625
0 0.13984375 0.565625 0.09453125 0.01328125
0 0.31953125 0.565625 0.20078125 0.015625
0 0.8875 0.584375 0.0796875 0.01328125
0 0.39296875 0.58671875 0.090625 0.01484375
0 0.1203125 0.58671875 0.06015625 0.01328125
0 0.24609375 0.5875 0.1453125 0.01328125
0 0.8703125 0.6046875 0.11484375 0.01328125
0 0.13984375 0.60625 0.09453125 0.01328125
0 0.55078125 0.60703125 0.078125 0.015625
0 0.3203125 0.60703125 0.20234375 0.01484375
0 0.4640625 0.6078125 0.0328125 0.01171875
0 0.834375 0.6546875 0.28984375 0.0265625
0 0.20859375 0.65546875 0.23359375 0.0265625
0 0.87109375 0.71953125 0.11328125 0.0125
0 0.13125 0.72109375 0.0796875 0.01328125
0 0.85234375 0.78203125 0.13671875 0.01484375
0 0.6109375 0.7828125 0.1984375 0.01484375
0 0.1203125 0.7828125 0.06015625 0.01328125
0 0.24765625 0.78359375 0.14765625 0.01484375
0 0.32109375 0.80234375 0.03671875 0.01328125
0 0.39140625 0.80234375 0.0578125 0.01328125
0 0.8875 0.803125 0.0796875 0.01328125
0 0.1109375 0.803125 0.04140625 0.01328125
0 0.66796875 0.803125 0.10234375 0.01328125
0 0.45546875 0.90625 0.0984375 0.01328125
0 0.56171875 0.90625 0.05859375 0.01171875
0 0.40546875 0.92734375 0.121875 0.01328125
0 0.53203125 0.92734375 0.0796875 0.01328125
0 0.646875 0.92734375 0.1015625 0.01484375
0 0.415625 0.94765625 0.1015625 0.01328125
0 0.53203125 0.94765625 0.0796875 0.01328125
0 0.62421875 0.94765625 0.06171875 0.01328125
0 0.553125 0.96796875 0.20625 0.01328125
0 0.39296875 0.96875 0.06015625 0.01328125