0 0.11796875 0.15546875 0.12109375 0.01875
0 0.34609375 0.15703125 0.27734375 0.01953125
0 0.678125 0.15859375 0.17265625 0.0171875
0 0.53828125 0.15859375 0.06015625 0.0171875
0 0.8375 0.16015625 0.09296875 0.021875
0 0.0796875 0.18046875 0.0625 0.0171875
0 0.165625 0.1796875 0.05703125 0.01796875
0 0.3796875 0.18125 0.103125 0.01796875
0 0.52109375 0.18359375 0.12421875 0.0171875
0 0.65 0.18359375 0.0828125 0.0171875
0 0.2625 0.18359375 0.0796875 0.0234375
0 0.0875 0.20859375 0.06171875 0.01796875
0 0.32578125 0.21015625 0.0625 0.01796875
0 0.4953125 0.2109375 0.22734375 0.0171875
0 0.6875 0.21171875 0.10703125 0.0171875
0 0.203125 0.2125 0.1203125 0.0234375
0 0.10078125 0.2390625 0.10390625 0.01875
0 0.240625 0.2390625 0.12734375 0.01796875
0 0.3875 0.23984375 0.12421875 0.0171875
0 0.690625 0.23984375 0.1703125 0.0171875
0 0.52890625 0.2421875 0.1 0.021875
0 0.0859375 0.2671875 0.06015625 0.0171875
0 0.378125 0.26875 0.08125 0.0171875
0 0.16796875 0.26875 0.05859375 0.0171875
0 0.24765625 0.26875 0.04140625 0.0171875
0 0.4828125 0.26875 0.0796875 0.015625
0 0.17578125 0.296875 0.03984375 0.0171875
0 0.08984375 0.2984375 0.07734375 0.021875
0 0.39765625 0.2984375 0.2703125 0.021875
0 0.28046875 0.32578125 0.14453125 0.01875
0 0.59609375 0.32578125 0.34296875 0.0171875
0 0.84765625 0.35234375 0.1015625 0.0171875
0 0.63046875 0.35390625 0.27578125 0.0171875
0 0.15 0.35390625 0.04296875 0.015625
0 0.07890625 0.35390625 0.06015625 0.0171875
0 0.3234375 0.35390625 0.25 0.0171875
0 0.61796875 0.38125 0.053125 0.0171875
0 0.5328125 0.38203125 0.06015625 0.0171875
0 0.2125 0.38203125 0.32578125 0.0171875
0 0.69296875 0.4375 0.04296875 0.01796875
0 0.8109375 0.4375 0.06171875 0.0171875
0 0.60546875 0.43828125 0.03984375 0.01875
0 0.1125 0.4390625 0.0828125 0.0171875
0 0.31015625 0.4390625 0.0859375 0.01875
0 0.48984375 0.440625 0.0625 0.0234375
0 0.89296875 0.4921875 0.0203125 0.01796875
0 0.82109375 0.49375 0.08125 0.01796875
0 0.6796875 0.49375 0.0203125 0.01796875
0 0.58515625 0.49453125 0.08125 0.01640625
0 0.46796875 0.4953125 0.015625 0.01796875
0 0.1328125 0.496875 0.12265625 0.01796875
0 0.31796875 0.49765625 0.19296875 0.021875
0 0.81796875 0.54921875 0.08125 0.0171875
0 0.46484375 0.55078125 0.0125 0.0171875
0 0.29609375 0.5546875 0.0625 0.02109375
0 0.81015625 0.57578125 0.0828125 0.0171875
0 0.64765625 0.5796875 0.05859375 0.021875
0 0.5078125 0.58046875 0.1703125 0.021875
0 0.81015625 0.63125 0.0828125 0.01640625
0 0.45546875 0.63515625 0.0625 0.0171875
0 0.81015625 0.659375 0.103125 0.01875
0 0.465625 0.665625 0.06015625 0.021875
0 0.8078125 0.71640625 0.1015625 0.01796875
0 0.49609375 0.721875 0.12265625 0.02109375
0 0.62265625 0.775 0.0375 0.0171875
0 0.78515625 0.77578125 0.1015625 0.021875
0 0.50546875 0.77578125 0.05703125 0.0171875
0 0.56796875 0.77578125 0.01875 0.015625
0 0.678125 0.77734375 0.01015625 0.01171875
0 0.3703125 0.77734375 0.165625 0.01875
0 0.1984375 0.78125 0.1203125 0.0234375
0 0.615625 0.80390625 0.503125 0.0234375
0 0.3078125 0.80703125 0.06171875 0.0171875
0 0.2109375 0.80703125 0.084375 0.0171875
0 0.09296875 0.80859375 0.10546875 0.0171875
0 0.5875 0.83203125 0.14140625 0.0171875
0 0.45546875 0.83359375 0.0796875 0.0171875
0 0.328125 0.83515625 0.12734375 0.0171875
0 0.20546875 0.8359375 0.0625 0.0171875
0 0.1 0.83671875 0.103125 0.01875
0 0.5828125 0.8609375 0.1828125 0.01875
0 0.39296875 0.8625 0.14609375 0.0171875
0 0.2328125 0.8640625 0.12890625 0.01875
0 0.09296875 0.865625 0.103125 0.01875
0 0.45546875 0.88984375 0.0375 0.0171875
0 0.7328125 0.890625 0.296875 0.021875
0 0.34765625 0.89140625 0.12734375 0.0171875
0 0.5375 0.89140625 0.07265625 0.01328125
0 0.12265625 0.89296875 0.14609375 0.01875
0 0.2375 0.89453125 0.04140625 0.01328125