0 0.6265625 0.06875 0.07265625 0.0125
0 0.1640625 0.06953125 0.2078125 0.0140625
0 0.38671875 0.06953125 0.2 0.0140625
0 0.72109375 0.06953125 0.08046875 0.01328125
0 0.53671875 0.0703125 0.07734375 0.01484375
0 0.9296875 0.06953125 0.03671875 0.0171875
0 0.83515625 0.0703125 0.12578125 0.01484375
0 0.56171875 0.0875 0.12421875 0.01484375
0 0.3140625 0.08828125 0.053125 0.01328125
0 0.6765625 0.08828125 0.07265625 0.015625
0 0.4390625 0.0890625 0.08671875 0.01484375
0 0.365625 0.0890625 0.02421875 0.01484375
0 0.4078125 0.10703125 0.08359375 0.0140625
0 0.31015625 0.10703125 0.0953125 0.01328125
0 0.5140625 0.10859375 0.0953125 0.01484375
0 0.65625 0.1078125 0.1546875 0.0171875
0 0.4140625 0.12578125 0.15 0.01484375
0 0.72890625 0.12578125 0.1515625 0.01328125
0 0.5796875 0.12578125 0.12109375 0.01328125
0 0.3 0.12578125 0.0515625 0.0140625
0 0.23125 0.12578125 0.06328125 0.0140625
0 0.4265625 0.14453125 0.05 0.01328125
0 0.34921875 0.14453125 0.07578125 0.01328125
0 0.51171875 0.14453125 0.0953125 0.01328125
0 0.6296875 0.14453125 0.12421875 0.01328125
0 0.4640625 0.184375 0.01796875 0.0234375
0 0.253125 0.1859375 0.0515625 0.0234375
0 0.5890625 0.1859375 0.18671875 0.0234375
0 0.7390625 0.1859375 0.07109375 0.0234375
0 0.3671875 0.18671875 0.12734375 0.025
0 0.4390625 0.2328125 0.07421875 0.02578125
0 0.74453125 0.234375 0.15 0.025
0 0.525 0.23359375 0.05 0.02265625
0 0.60703125 0.234375 0.06640625 0.0234375
0 0.11171875 0.26171875 0.12734375 0.01484375
0 0.7296875 0.26171875 0.18515625 0.01171875
0 0.56640625 0.26171875 0.08359375 0.01171875
0 0.11953125 0.290625 0.1484375 0.02421875
0 0.49296875 0.290625 0.053125 0.02421875
0 0.3890625 0.290625 0.11328125 0.02421875
0 0.56796875 0.290625 0.0546875 0.02421875
0 0.2640625 0.290625 0.0921875 0.02421875
0 0.09921875 0.31953125 0.1109375 0.01171875
0 0.43359375 0.31953125 0.01640625 0.01171875
0 0.22421875 0.32109375 0.090625 0.01328125
0 0.3296875 0.32109375 0.03671875 0.01328125
0 0.47265625 0.32109375 0.01953125 0.01328125
0 0.39765625 0.32109375 0.02109375 0.01171875
0 0.178125 0.33828125 0.03359375 0.0109375
0 0.09609375 0.33828125 0.08203125 0.0125
0 0.27265625 0.3390625 0.1 0.01328125
0 0.48125 0.3578125 0.146875 0.0125
0 0.09609375 0.3578125 0.08203125 0.0125
0 0.215625 0.3578125 0.1078125 0.0109375
0 0.340625 0.359375 0.07734375 0.01328125
0 0.09765625 0.37578125 0.0953125 0.0125
0 0.29453125 0.3765625 0.25625 0.01484375
0 0.38125 0.3765625 0.07890625 0.01484375
0 0.53671875 0.39609375 0.2484375 0.01484375
0 0.74765625 0.3953125 0.08515625 0.0140625
0 0.3890625 0.41953125 0.0484375 0.0125
0 0.4671875 0.41953125 0.053125 0.0125
0 0.54296875 0.41953125 0.01796875 0.0125
0 0.609375 0.41953125 0.07109375 0.01328125
0 0.3140625 0.41953125 0.05625 0.01328125
0 0.1421875 0.4203125 0.20625 0.015625
0 0.74921875 0.4203125 0.12734375 0.015625
0 0.303125 0.44921875 0.07109375 0.01171875
0 0.175 0.44921875 0.08515625 0.01171875
0 0.40625 0.44921875 0.01328125 0.01171875
0 0.478125 0.44921875 0.03046875 0.01171875
0 0.04765625 0.45 0.01484375 0.01015625
0 0.54296875 0.45078125 0.01796875 0.01328125
0 0.08671875 0.45078125 0.01640625 0.01328125
0 0.628125 0.45078125 0.03046875 0.0125
0 0.759375 0.45078125 0.109375 0.0125
0 0.115625 0.46953125 0.159375 0.0109375
0 0.303125 0.46953125 0.07109375 0.0109375
0 0.40625 0.46953125 0.01328125 0.0109375
0 0.54296875 0.46953125 0.01796875 0.01328125
0 0.63671875 0.46953125 0.01328125 0.01328125
0 0.78125 0.4703125 0.07578125 0.0125
0 0.48515625 0.47109375 0.01640625 0.01328125
0 0.16328125 0.48828125 0.08359375 0.0125
0 0.3046875 0.48828125 0.07109375 0.0109375
0 0.48359375 0.4890625 0.01953125 0.0125
0 0.06796875 0.4890625 0.0546875 0.0125
0 0.77109375 0.48984375 0.08671875 0.0125
0 0.40625 0.48984375 0.01328125 0.0109375
0 0.540625 0.4890625 0.01640625 0.01328125
0 0.6359375 0.4890625 0.01796875 0.01171875
0 0.34765625 0.5203125 0.0921875 0.025
0 0.7796875 0.5203125 0.07265625 0.02421875
0 0.43671875 0.5203125 0.0390625 0.02421875
0 0.55625 0.52265625 0.1609375 0.03046875
0 0.7796875 0.55546875 0.07265625 0.0125
0 0.6296875 0.55546875 0.02734375 0.0109375
0 0.5390625 0.55546875 0.01640625 0.0109375
0 0.140625 0.55546875 0.16484375 0.0109375
0 0.4 0.55546875 0.03203125 0.0109375
0 0.29765625 0.55546875 0.06328125 0.0109375
0 0.48359375 0.55546875 0.01640625 0.0109375
0 0.05390625 0.57421875 0.03359375 0.01171875
0 0.5390625 0.57578125 0.01953125 0.0125
0 0.48359375 0.57578125 0.01640625 0.0125
0 0.62578125 0.57578125 0.03203125 0.0125
0 0.13125 0.57578125 0.07265625 0.0125
0 0.4015625 0.57578125 0.02890625 0.0125
0 0.3015625 0.57578125 0.07109375 0.0109375
0 0.7796875 0.57578125 0.07265625 0.0125
0 0.11953125 0.6078125 0.090625 0.025
0 0.20859375 0.6078125 0.03671875 0.02421875
0 0.76953125 0.609375 0.090625 0.025
0 0.47109375 0.61015625 0.103125 0.0328125
0 0.32109375 0.61015625 0.1484375 0.0328125
0 0.59453125 0.61328125 0.08515625 0.0328125
0 0.603125 0.64921875 0.06796875 0.025
0 0.778125 0.64921875 0.07578125 0.025
0 0.1390625 0.68828125 0.090625 0.02421875
0 0.2265625 0.6890625 0.03671875 0.02265625
0 0.76953125 0.6890625 0.090625 0.0234375
0 0.3390625 0.6921875 0.1453125 0.03046875
0 0.4796875 0.6921875 0.08515625 0.03046875
0 0.59375 0.69296875 0.08671875 0.0328125
0 0.34765625 0.7265625 0.0890625 0.025
0 0.43515625 0.728125 0.0390625 0.0234375
0 0.778125 0.728125 0.07265625 0.02265625
0 0.54453125 0.72890625 0.140625 0.03203125
0 0.42265625 0.76953125 0.090625 0.025
0 0.765625 0.7703125 0.0921875 0.02421875
0 0.5640625 0.77265625 0.140625 0.03046875
0 0.1046875 0.815625 0.11953125 0.0125
0 0.11796875 0.83515625 0.1484375 0.0125
0 0.6390625 0.83515625 0.090625 0.0109375
0 0.2578125 0.83515625 0.09375 0.0109375
0 0.79765625 0.83671875 0.17890625 0.0109375
0 0.53671875 0.83671875 0.07109375 0.01328125
0 0.46171875 0.83828125 0.02734375 0.0078125
0 0.37109375 0.83828125 0.08671875 0.01328125
0 0.07265625 0.85546875 0.0453125 0.0125
0 0.3265625 0.85546875 0.03671875 0.0125
0 0.46015625 0.85546875 0.18515625 0.0140625
0 0.653125 0.85546875 0.13515625 0.0109375
0 0.20078125 0.85703125 0.16640625 0.01328125
0 0.765625 0.8578125 0.02421875 0.0078125
0 0.23203125 0.875 0.03203125 0.01015625
0 0.30625 0.87578125 0.07421875 0.0125
0 0.65625 0.87578125 0.203125 0.0140625
0 0.87109375 0.87578125 0.0453125 0.0109375
0 0.11796875 0.87578125 0.1484375 0.015625
0 0.8046875 0.8765625 0.02890625 0.01015625
0 0.44765625 0.8765625 0.16640625 0.01015625
0 0.1796875 0.89453125 0.046875 0.01015625
0 0.46953125 0.89453125 0.0515625 0.01171875
0 0.54921875 0.89453125 0.06640625 0.01171875
0 0.64765625 0.89453125 0.02734375 0.01171875
0 0.71796875 0.89453125 0.0515625 0.01171875
0 0.29609375 0.8953125 0.12421875 0.01484375
0 0.403125 0.8953125 0.03203125 0.009375
0 0.0890625 0.8953125 0.08046875 0.0125
0 0.315625 0.91328125 0.0921875 0.0125
0 0.775 0.9140625 0.01484375 0.0125
0 0.5640625 0.91484375 0.046875 0.0109375
0 0.47734375 0.91484375 0.07109375 0.0140625
0 0.13359375 0.91484375 0.18359375 0.015625
0 0.6796875 0.915625 0.12421875 0.0125
0 0.4046875 0.915625 0.02890625 0.0078125
0 0.28671875 0.93359375 0.07421875 0.0125
0 0.1328125 0.934375 0.18515625 0.0125
0 0.43671875 0.9546875 0.2578125 0.01484375
0 0.628125 0.95546875 0.0984375 0.01328125