0 0.16015625 0.0484375 0.103125 0.01640625
0 0.328125 0.05078125 0.2 0.01953125
0 0.571875 0.0546875 0.25546875 0.0203125
0 0.86328125 0.05546875 0.08828125 0.01796875
0 0.7578125 0.05703125 0.084375 0.01796875
0 0.5 0.0796875 0.20625 0.01953125
0 0.23125 0.1046875 0.11171875 0.01875
0 0.36171875 0.10703125 0.11953125 0.01640625
0 0.51796875 0.10859375 0.16015625 0.0171875
0 0.71875 0.11171875 0.2171875 0.0171875
0 0.35 0.13359375 0.1125 0.01640625
0 0.48203125 0.134375 0.12265625 0.01796875
0 0.62890625 0.1390625 0.14375 0.01953125
0 0.20859375 0.1578125 0.1015625 0.01640625
0 0.31484375 0.159375 0.08046875 0.015625
0 0.484375 0.1609375 0.23515625 0.01953125
0 0.73203125 0.16484375 0.21484375 0.0171875
0 0.36484375 0.18828125 0.0640625 0.015625
0 0.49765625 0.190625 0.1375 0.015625
0 0.61875 0.19140625 0.0828125 0.015625
0 0.49609375 0.21640625 0.60078125 0.025
0 0.33046875 0.24140625 0.0734375 0.015625
0 0.396875 0.24296875 0.0328125 0.01484375
0 0.56875 0.246875 0.2484375 0.0171875
0 0.40234375 0.278125 0.0734375 0.01875
0 0.53671875 0.28046875 0.165625 0.01953125
0 0.0703125 0.30390625 0.0640625 0.01640625
0 0.13828125 0.30546875 0.04609375 0.015625
0 0.41015625 0.3109375 0.2171875 0.01875
0 0.68984375 0.31484375 0.08046875 0.01796875
0 0.84609375 0.31640625 0.1640625 0.015625
0 0.1015625 0.334375 0.13046875 0.01875
0 0.353125 0.33984375 0.09765625 0.0171875
0 0.6875 0.34453125 0.08125 0.0171875
0 0.77890625 0.3453125 0.0390625 0.015625
0 0.83203125 0.34609375 0.03671875 0.01484375
0 0.88828125 0.34609375 0.040625 0.01484375
0 0.1375 0.3671875 0.20078125 0.01953125
0 0.68515625 0.37421875 0.05859375 0.0171875
0 0.60703125 0.4140625 0.0921875 0.0171875
0 0.796875 0.41640625 0.09140625 0.01640625
0 0.05859375 0.42578125 0.0734375 0.01953125
0 0.78125 0.43515625 0.12265625 0.0140625
0 0.91015625 0.43671875 0.01875 0.01328125
0 0.08828125 0.4484375 0.11171875 0.0140625
0 0.32421875 0.45234375 0.009375 0.01171875
0 0.45859375 0.45390625 0.075 0.0125
0 0.603125 0.45703125 0.07890625 0.01328125
0 0.80078125 0.46015625 0.08046875 0.01328125
0 0.07578125 0.47578125 0.08671875 0.015625
0 0.23671875 0.47890625 0.20625 0.01796875
0 0.384375 0.48125 0.06484375 0.01484375
0 0.43359375 0.48203125 0.0109375 0.01328125
0 0.11328125 0.50546875 0.07734375 0.01796875
0 0.1953125 0.50859375 0.0640625 0.0203125
0 0.321875 0.509375 0.01328125 0.0140625
0 0.79921875 0.51640625 0.0953125 0.01640625
0 0.20078125 0.54296875 0.0734375 0.01484375
0 0.29453125 0.54375 0.08671875 0.015625
0 0.43359375 0.54921875 0.16328125 0.02265625
0 0.5703125 0.55078125 0.08828125 0.01796875
0 0.796875 0.553125 0.08828125 0.01484375
0 0.54375 0.5828125 0.13828125 0.01796875
0 0.8046875 0.58671875 0.071875 0.0171875
0 0.490625 0.61640625 0.07578125 0.01640625
0 0.57578125 0.61796875 0.0734375 0.015625
0 0.8046875 0.62109375 0.06796875 0.015625
0 0.53515625 0.65078125 0.146875 0.02109375
0 0.803125 0.653125 0.06796875 0.0140625
0 0.128125 0.678125 0.0859375 0.01796875
0 0.234375 0.68046875 0.09375 0.01484375
0 0.38125 0.68359375 0.17265625 0.01875
0 0.49375 0.684375 0.03125 0.0140625
0 0.56640625 0.68828125 0.084375 0.01953125
0 0.79140625 0.6890625 0.09375 0.01640625
0 0.5546875 0.72109375 0.1015625 0.0171875
0 0.7890625 0.72421875 0.09140625 0.0171875
0 0.5375 0.7484375 0.1375 0.01953125
0 0.79921875 0.75078125 0.0703125 0.015625
0 0.125 0.803125 0.0734375 0.01796875
0 0.26796875 0.8046875 0.18984375 0.01953125
0 0.125 0.834375 0.06484375 0.01640625
0 0.2109375 0.8359375 0.08984375 0.015625
0 0.375 0.8390625 0.02421875 0.01875
0 0.51171875 0.84140625 0.04453125 0.01171875
0 0.609375 0.84375 0.07734375 0.01953125
0 0.81484375 0.84609375 0.15859375 0.01875
0 0.1171875 0.8609375 0.04609375 0.01484375
0 0.37265625 0.86484375 0.0203125 0.0140625
0 0.56640625 0.86796875 0.01328125 0.01328125
0 0.859375 0.871875 0.06640625 0.01640625
0 0.35390625 0.89296875 0.10703125 0.01796875
0 0.596875 0.89609375 0.0859375 0.01484375
0 0.8296875 0.89765625 0.009375 0.01328125
0 0.13671875 0.940625 0.1125 0.01484375
0 0.24765625 0.94296875 0.08046875 0.01328125
0 0.33046875 0.94375 0.06015625 0.01484375
0 0.40625 0.94453125 0.06484375 0.0140625
0 0.55078125 0.946875 0.2 0.015625
0 0.725 0.9484375 0.09375 0.01484375
0 0.82265625 0.95 0.06640625 0.01171875