0 0.190625 0.12890625 0.25 0.021875
0 0.48984375 0.13046875 0.25 0.021875
0 0.7765625 0.13125 0.10625 0.021875
0 0.69140625 0.13125 0.0140625 0.0203125
0 0.64609375 0.13125 0.02265625 0.021875
0 0.1671875 0.159375 0.12578125 0.021875
0 0.5640625 0.16015625 0.06015625 0.021875
0 0.3375 0.16015625 0.16640625 0.0203125
0 0.47890625 0.16015625 0.06015625 0.0203125
0 0.7203125 0.16171875 0.19453125 0.02265625
0 0.3515625 0.190625 0.0609375 0.0203125
0 0.21640625 0.190625 0.05390625 0.021875
0 0.29375 0.190625 0.0265625 0.02265625
0 0.48359375 0.190625 0.15703125 0.02265625
0 0.63125 0.1921875 0.0953125 0.021875
0 0.7203125 0.1921875 0.0375 0.021875
0 0.12421875 0.22109375 0.12421875 0.0203125
0 0.29765625 0.22109375 0.16640625 0.021875
0 0.44921875 0.22265625 0.075 0.021875
0 0.534375 0.22265625 0.034375 0.021875
0 0.70703125 0.22421875 0.2640625 0.0234375
0 0.67890625 0.2828125 0.03828125 0.021875
0 0.753125 0.284375 0.05546875 0.01953125
0 0.09453125 0.31171875 0.06015625 0.01953125
0 0.24375 0.31171875 0.146875 0.01953125
0 0.46953125 0.31328125 0.20703125 0.0203125
0 0.65 0.31328125 0.10078125 0.0203125
0 0.1515625 0.3421875 0.178125 0.01953125
0 0.275 0.34296875 0.0203125 0.02109375
0 0.7390625 0.34453125 0.284375 0.021875
0 0.37265625 0.40234375 0.14609375 0.021875
0 0.23125 0.40234375 0.0828125 0.01953125
0 0.76484375 0.4046875 0.12421875 0.02109375
0 0.8609375 0.40546875 0.01796875 0.0203125
0 0.24375 0.4328125 0.10390625 0.01953125
0 0.37265625 0.4328125 0.103125 0.021875
0 0.76484375 0.434375 0.12421875 0.021875
0 0.8609375 0.4359375 0.01640625 0.0203125
0 0.25390625 0.46328125 0.12578125 0.0203125
0 0.39375 0.46328125 0.103125 0.0203125
0 0.7546875 0.465625 0.14453125 0.02109375
0 0.8609375 0.465625 0.01640625 0.01953125
0 0.25390625 0.49296875 0.12578125 0.0203125
0 0.39375 0.49453125 0.103125 0.0203125
0 0.75625 0.49453125 0.14609375 0.02109375
0 0.8609375 0.49609375 0.01796875 0.0203125
0 0.25390625 0.5234375 0.12578125 0.0203125
0 0.39140625 0.5234375 0.10390625 0.0203125
0 0.7578125 0.525 0.14609375 0.01953125
0 0.8609375 0.5265625 0.01640625 0.01875
0 0.3296875 0.55390625 0.1015625 0.0203125
0 0.2203125 0.55390625 0.06328125 0.0203125
0 0.76484375 0.55546875 0.12421875 0.01953125
0 0.8609375 0.55546875 0.01796875 0.01953125
0 0.25234375 0.584375 0.12578125 0.0203125
0 0.76484375 0.58515625 0.12421875 0.0203125
0 0.8609375 0.58515625 0.01796875 0.0203125
0 0.2328125 0.6125 0.08125 0.01953125
0 0.37578125 0.6125 0.15703125 0.01953125
0 0.48203125 0.6140625 0.05390625 0.01953125
0 0.76484375 0.6140625 0.12421875 0.0203125
0 0.5859375 0.615625 0.0859375 0.021875
0 0.8609375 0.615625 0.01796875 0.01875
0 0.5640625 0.64453125 0.0171875 0.01875
0 0.61796875 0.64453125 0.03828125 0.0203125
0 0.2765625 0.6734375 0.1703125 0.021875
0 0.62578125 0.675 0.184375 0.0203125
0 0.78984375 0.675 0.07734375 0.0203125
0 0.23125 0.70234375 0.0828125 0.0203125
0 0.74765625 0.70390625 0.16640625 0.01953125
0 0.2765625 0.7328125 0.1640625 0.021875
0 0.7578125 0.73515625 0.14609375 0.0203125
0 0.2640625 0.79296875 0.14609375 0.0203125
0 0.425 0.79296875 0.1265625 0.021875
0 0.7578125 0.79453125 0.1484375 0.021875
0 0.21015625 0.821875 0.040625 0.01953125
0 0.28671875 0.8234375 0.06015625 0.0203125
0 0.76640625 0.825 0.1265625 0.0234375
0 0.225 0.9125 0.103125 0.021875
0 0.33125 0.9140625 0.06328125 0.0203125
0 0.4046875 0.9140625 0.02890625 0.01875
0 0.63984375 0.915625 0.08125 0.021875
0 0.5109375 0.915625 0.12421875 0.02265625
0 0.75625 0.915625 0.10625 0.021875