0 0.36484375 0.10234375 0.21015625 0.02578125
0 0.5765625 0.10234375 0.15546875 0.02578125
0 0.45703125 0.13671875 0.33203125 0.0265625
0 0.36484375 0.1703125 0.04765625 0.02578125
0 0.2484375 0.17265625 0.1265625 0.0265625
0 0.51328125 0.17265625 0.1734375 0.02890625
0 0.7359375 0.17265625 0.2078125 0.0265625
0 0.12890625 0.1734375 0.090625 0.028125
0 0.1140625 0.20625 0.07421875 0.0265625
0 0.24921875 0.20703125 0.12890625 0.02578125
0 0.42109375 0.20625 0.15546875 0.0265625
0 0.5921875 0.2078125 0.12890625 0.02421875
0 0.7765625 0.2078125 0.18046875 0.02421875
0 0.2484375 0.240625 0.071875 0.02578125
0 0.51484375 0.2421875 0.39296875 0.028125
0 0.34453125 0.27734375 0.096875 0.0265625
0 0.52734375 0.27734375 0.20078125 0.0265625
0 0.10234375 0.309375 0.1015625 0.0234375
0 0.68984375 0.309375 0.096875 0.0234375
0 0.34296875 0.31015625 0.26171875 0.0265625
0 0.54296875 0.31171875 0.07421875 0.02421875
0 0.83203125 0.31171875 0.12890625 0.02421875
0 0.18203125 0.37578125 0.25546875 0.02578125
0 0.8171875 0.378125 0.14921875 0.02421875
0 0.22265625 0.409375 0.025 0.02421875
0 0.11640625 0.409375 0.12890625 0.02421875
0 0.76328125 0.41015625 0.09453125 0.02578125
0 0.8625 0.41015625 0.06796875 0.021875
0 0.1453125 0.44140625 0.178125 0.02421875
0 0.2765625 0.44140625 0.0203125 0.02421875
0 0.821875 0.44375 0.1578125 0.02578125
0 0.17265625 0.475 0.2328125 0.02578125
0 0.33046875 0.47578125 0.0203125 0.02421875
0 0.80625 0.47734375 0.18046875 0.02578125
0 0.10234375 0.50859375 0.1015625 0.02578125
0 0.19765625 0.509375 0.0203125 0.02421875
0 0.80625 0.5125 0.18046875 0.02578125
0 0.078125 0.54375 0.04765625 0.02578125
0 0.46015625 0.54453125 0.02265625 0.0234375
0 0.5578125 0.5453125 0.09453125 0.02421875
0 0.10234375 0.57734375 0.1015625 0.02578125
0 0.19765625 0.578125 0.0203125 0.02421875
0 0.821875 0.5796875 0.1578125 0.02578125
0 0.078125 0.6109375 0.04765625 0.0234375
0 0.46015625 0.61171875 0.02265625 0.021875
0 0.5578125 0.61171875 0.09453125 0.021875
0 0.24921875 0.6421875 0.0203125 0.021875
0 0.13203125 0.64296875 0.15546875 0.0234375
0 0.81953125 0.64296875 0.153125 0.021875
0 0.46484375 0.675 0.284375 0.02421875
0 0.15546875 0.70625 0.2078125 0.02421875
0 0.8734375 0.70625 0.05 0.0234375
0 0.76640625 0.70703125 0.1015625 0.02421875
0 0.0890625 0.73828125 0.07421875 0.02421875
0 0.80625 0.740625 0.18046875 0.0234375
0 0.0890625 0.77109375 0.07421875 0.02421875
0 0.1828125 0.77109375 0.05 0.02421875
0 0.81953125 0.77265625 0.153125 0.02421875
0 0.12734375 0.8046875 0.15546875 0.02421875
0 0.2890625 0.8046875 0.09921875 0.02421875
0 0.8078125 0.80546875 0.18515625 0.02578125
0 0.12734375 0.83671875 0.1015625 0.0234375
0 0.80703125 0.83828125 0.1828125 0.02578125
0 0.1515625 0.86953125 0.203125 0.02578125
0 0.79375 0.87109375 0.21015625 0.02421875
0 0.12890625 0.90234375 0.1578125 0.02578125
0 0.80625 0.903125 0.18046875 0.02578125
0 0.6984375 0.9390625 0.07890625 0.0265625
0 0.8859375 0.9390625 0.025 0.02421875
0 0.06640625 0.96328125 0.03359375 0.01484375
0 0.1421875 0.9640625 0.06796875 0.0140625
0 0.2234375 0.96484375 0.01796875 0.01484375
0 0.475 0.96484375 0.04765625 0.0125
0 0.60390625 0.96484375 0.15546875 0.0125