0 0.6734375 0.18515625 0.2546875 0.0203125
0 0.33203125 0.1859375 0.0828125 0.01875
0 0.45859375 0.1859375 0.1234375 0.01953125
0 0.23046875 0.18671875 0.0890625 0.01875
0 0.58671875 0.209375 0.2859375 0.0203125
0 0.3703125 0.2109375 0.04609375 0.01796875
0 0.29296875 0.2109375 0.05625 0.015625
0 0.3484375 0.2359375 0.0453125 0.0140625
0 0.4171875 0.2359375 0.06015625 0.02109375
0 0.25546875 0.23671875 0.07578125 0.015625
0 0.62421875 0.23671875 0.30078125 0.0203125
0 0.6609375 0.2625 0.075 0.015625
0 0.1765625 0.2625 0.13125 0.01640625
0 0.58515625 0.2625 0.015625 0.0140625
0 0.37265625 0.26328125 0.2 0.01875
0 0.7875 0.26328125 0.1265625 0.0171875
0 0.5171875 0.26328125 0.05234375 0.0171875
0 0.79921875 0.28671875 0.2046875 0.0171875
0 0.61171875 0.28828125 0.1234375 0.015625
0 0.21640625 0.28828125 0.2015625 0.015625
0 0.43359375 0.2890625 0.1796875 0.01796875
0 0.82734375 0.31328125 0.09375 0.015625
0 0.18046875 0.31328125 0.0734375 0.0203125
0 0.38359375 0.31328125 0.28515625 0.0171875
0 0.6578125 0.3140625 0.184375 0.0171875
0 0.85234375 0.3390625 0.10078125 0.0171875
0 0.38203125 0.33984375 0.18203125 0.0203125
0 0.6984375 0.33984375 0.15703125 0.01875
0 0.1765625 0.33984375 0.17890625 0.021875
0 0.82890625 0.36640625 0.14921875 0.0171875
0 0.58515625 0.3671875 0.13125 0.0171875
0 0.1421875 0.36796875 0.0984375 0.0171875
0 0.35703125 0.36875 0.0828125 0.021875
0 0.1546875 0.41875 0.128125 0.01875
0 0.8890625 0.41953125 0.0203125 0.01796875
0 0.31796875 0.4203125 0.15625 0.01796875
0 0.140625 0.44453125 0.1015625 0.0171875
0 0.8328125 0.44453125 0.13046875 0.0203125
0 0.2671875 0.4453125 0.05 0.015625
0 0.7203125 0.44609375 0.053125 0.01796875
0 0.58359375 0.44609375 0.12890625 0.01875
0 0.384375 0.44609375 0.01796875 0.015625
0 0.12578125 0.47109375 0.0859375 0.01640625
0 0.2375 0.47109375 0.09921875 0.01875
0 0.47265625 0.47109375 0.05546875 0.0171875
0 0.38046875 0.496875 0.03046875 0.0171875
0 0.5953125 0.49921875 0.103125 0.0171875
0 0.84921875 0.49921875 0.09765625 0.0171875
0 0.74921875 0.49921875 0.05546875 0.0171875
0 0.22890625 0.52265625 0.078125 0.01484375
0 0.44765625 0.525 0.04765625 0.01640625
0 0.12578125 0.525 0.0859375 0.0203125
0 0.75 0.54921875 0.05 0.01875
0 0.84765625 0.55 0.1078125 0.01953125
0 0.59765625 0.55 0.103125 0.01875
0 0.38125 0.55078125 0.02265625 0.01953125
0 0.72421875 0.57578125 0.053125 0.015625
0 0.18984375 0.57578125 0.20234375 0.0234375
0 0.83828125 0.57578125 0.1265625 0.0171875
0 0.33359375 0.62578125 0.0765625 0.0171875
0 0.22734375 0.62578125 0.0765625 0.01875
0 0.83828125 0.62734375 0.11796875 0.01796875
0 0.12578125 0.62734375 0.08359375 0.01875
0 0.7234375 0.628125 0.05546875 0.0171875
0 0.74921875 0.653125 0.05078125 0.01875
0 0.4453125 0.653125 0.1484375 0.01640625
0 0.13046875 0.65390625 0.07890625 0.015625
0 0.8515625 0.65390625 0.103125 0.01796875
0 0.2671875 0.65390625 0.10625 0.02109375
0 0.725 0.67890625 0.05 0.0171875
0 0.28125 0.67890625 0.078125 0.01875
0 0.1546875 0.6796875 0.1265625 0.015625
0 0.8265625 0.6796875 0.10546875 0.01953125
0 0.8921875 0.70546875 0.021875 0.0203125
0 0.1421875 0.70625 0.1078125 0.0171875