0 0.33046875 0.15390625 0.14921875 0.0171875
0 0.453125 0.1546875 0.053125 0.015625
0 0.546875 0.1546875 0.0921875 0.0171875
0 0.41640625 0.1796875 0.20390625 0.0171875
0 0.31953125 0.20234375 0.0921875 0.01796875
0 0.20546875 0.203125 0.08515625 0.01875
0 0.48125 0.20390625 0.18515625 0.01875
0 0.640625 0.20390625 0.08203125 0.01875
0 0.28828125 0.22578125 0.0296875 0.01796875
0 0.18828125 0.22578125 0.12734375 0.01796875
0 0.5265625 0.2265625 0.128125 0.0171875
0 0.38515625 0.2265625 0.11015625 0.0171875
0 0.6765625 0.22734375 0.125 0.0203125
0 0.26328125 0.2484375 0.090625 0.01640625
0 0.39375 0.24921875 0.125 0.01875
0 0.55546875 0.25078125 0.14765625 0.02109375
0 0.2234375 0.27265625 0.0515625 0.01640625
0 0.3 0.2734375 0.053125 0.015625
0 0.37421875 0.2734375 0.046875 0.015625
0 0.53828125 0.27421875 0.22109375 0.0171875
0 0.25703125 0.31953125 0.090625 0.01640625
0 0.48203125 0.3203125 0.25 0.0171875
0 0.075 0.36640625 0.05 0.0171875
0 0.1578125 0.36640625 0.06484375 0.015625
0 0.2796875 0.36640625 0.11328125 0.015625
0 0.459375 0.3671875 0.1453125 0.01875
0 0.6234375 0.3671875 0.125 0.01640625
0 0.08359375 0.38984375 0.071875 0.0171875
0 0.3109375 0.38984375 0.18828125 0.01796875
0 0.50078125 0.390625 0.1453125 0.0171875
0 0.14921875 0.43671875 0.2015625 0.01875
0 0.678125 0.4375 0.08046875 0.01796875
0 0.35625 0.4375 0.0546875 0.01875
0 0.771875 0.4375 0.05234375 0.0171875
0 0.5265625 0.43828125 0.13046875 0.0171875
0 0.078125 0.4828125 0.04453125 0.015625
0 0.14921875 0.4828125 0.0484375 0.01796875
0 0.51640625 0.50703125 0.07265625 0.0171875
0 0.32265625 0.5078125 0.00859375 0.01640625
0 0.68671875 0.5078125 0.0734375 0.01640625
0 0.77109375 0.5078125 0.0515625 0.01640625
0 0.35703125 0.50859375 0.0171875 0.01171875
0 0.08359375 0.5296875 0.0734375 0.015625
0 0.16796875 0.53046875 0.0484375 0.015625
0 0.321875 0.55390625 0.0109375 0.0171875
0 0.51640625 0.55390625 0.07265625 0.0171875
0 0.68671875 0.55390625 0.0734375 0.0171875
0 0.35703125 0.55546875 0.0171875 0.01171875
0 0.77109375 0.55546875 0.0515625 0.01640625
0 0.20390625 0.5765625 0.090625 0.015625
0 0.09140625 0.57734375 0.090625 0.0171875
0 0.51796875 0.6 0.06875 0.015625
0 0.3203125 0.6 0.009375 0.01640625
0 0.6890625 0.6 0.06875 0.0171875
0 0.77109375 0.60078125 0.0515625 0.0171875
0 0.35625 0.6015625 0.01640625 0.0125
0 0.08359375 0.62109375 0.06875 0.015625
0 0.175 0.6234375 0.071875 0.0171875
0 0.31640625 0.64609375 0.01640625 0.01640625
0 0.515625 0.64609375 0.0734375 0.01640625
0 0.68671875 0.646875 0.0734375 0.015625
0 0.77109375 0.646875 0.0515625 0.0171875
0 0.35625 0.64765625 0.01171875 0.01015625
0 0.0890625 0.690625 0.08203125 0.0171875
0 0.259375 0.69140625 0.0171875 0.01640625
0 0.19140625 0.6921875 0.06484375 0.015625
0 0.09140625 0.7140625 0.08046875 0.0171875
0 0.2515625 0.71484375 0.1828125 0.01875
0 0.76015625 0.71640625 0.0734375 0.0171875
0 0.4015625 0.71640625 0.071875 0.015625
0 0.0890625 0.7375 0.084375 0.0171875
0 0.25078125 0.73828125 0.1796875 0.01875
0 0.3828125 0.73828125 0.034375 0.0171875
0 0.76015625 0.7390625 0.0734375 0.01640625
0 0.45859375 0.73984375 0.0703125 0.01796875
0 0.1375 0.76171875 0.1765625 0.01796875
0 0.7203125 0.76328125 0.1453125 0.0171875
0 0.08046875 0.8078125 0.0734375 0.0171875
0 0.76015625 0.809375 0.0734375 0.0171875
0 0.06953125 0.87578125 0.053125 0.0171875
0 0.18359375 0.87734375 0.12734375 0.01953125
0 0.5125 0.87890625 0.18125 0.01875
0 0.73046875 0.8796875 0.12578125 0.01875
0 0.06953125 0.90078125 0.053125 0.0171875
0 0.2515625 0.9015625 0.03125 0.01796875
0 0.3140625 0.9015625 0.0515625 0.01875
0 0.5703125 0.9015625 0.0734375 0.0171875
0 0.759375 0.9015625 0.0703125 0.0171875