0 0.51328125 0.10546875 0.12890625 0.0109375
0 0.6546875 0.10546875 0.1109375 0.0109375
0 0.21171875 0.10546875 0.0875 0.0109375
0 0.33359375 0.10546875 0.1078125 0.0109375
0 0.48359375 0.12109375 0.06875 0.0109375
0 0.38828125 0.12109375 0.0671875 0.0109375
0 0.64609375 0.12109375 0.1984375 0.01328125
0 0.16640625 0.12109375 0.071875 0.0109375
0 0.27734375 0.12109375 0.1078125 0.0109375
0 0.44765625 0.1375 0.1109375 0.0109375
0 0.328125 0.1375 0.0875 0.0109375
0 0.22890625 0.1375 0.046875 0.0109375
0 0.578125 0.13828125 0.1046875 0.0125
0 0.56953125 0.153125 0.08359375 0.0140625
0 0.26796875 0.153125 0.053125 0.0109375
0 0.4109375 0.153125 0.18515625 0.0109375
0 0.55 0.16953125 0.1609375 0.0109375
0 0.26875 0.16953125 0.090625 0.0109375
0 0.39140625 0.16953125 0.1109375 0.0109375
0 0.3734375 0.18515625 0.0328125 0.0109375
0 0.20390625 0.18515625 0.06953125 0.0125
0 0.56953125 0.18515625 0.24140625 0.0125
0 0.29375 0.1859375 0.06875 0.0125
0 0.25703125 0.21640625 0.10546875 0.0109375
0 0.48671875 0.2171875 0.25546875 0.0109375
0 0.14609375 0.25390625 0.18125 0.0234375
0 0.29609375 0.2546875 0.03125 0.021875
0 0.1171875 0.27421875 0.125 0.0125
0 0.2625 0.27421875 0.1046875 0.0125
0 0.10625 0.28984375 0.1078125 0.0125
0 0.35390625 0.290625 0.10859375 0.0125
0 0.72265625 0.290625 0.0140625 0.0109375
0 0.23125 0.290625 0.090625 0.0125
0 0.62578125 0.290625 0.125 0.01328125
0 0.31640625 0.30625 0.18515625 0.01171875
0 0.0890625 0.30625 0.0734375 0.0109375
0 0.50390625 0.30625 0.14140625 0.01171875
0 0.12578125 0.321875 0.14453125 0.0125
0 0.26875 0.321875 0.090625 0.01171875
0 0.68359375 0.353125 0.0890625 0.0125
0 0.7796875 0.35390625 0.0546875 0.0109375
0 0.15703125 0.3546875 0.20703125 0.01328125
0 0.36484375 0.3546875 0.0546875 0.0125
0 0.534375 0.3546875 0.13125 0.01328125
0 0.0671875 0.3859375 0.0296875 0.01015625
0 0.1546875 0.38515625 0.0921875 0.01171875
0 0.25078125 0.38515625 0.0515625 0.01171875
0 0.325 0.4015625 0.01640625 0.01171875
0 0.5265625 0.4015625 0.06953125 0.01171875
0 0.69453125 0.40234375 0.0703125 0.0109375
0 0.78828125 0.40234375 0.034375 0.01171875
0 0.3640625 0.403125 0.01484375 0.00859375
0 0.1546875 0.4171875 0.0921875 0.0125
0 0.071875 0.4171875 0.034375 0.0125
0 0.26875 0.41796875 0.09296875 0.01171875
0 0.515625 0.43359375 0.0890625 0.0109375
0 0.6859375 0.43359375 0.0875 0.01171875
0 0.78828125 0.43359375 0.034375 0.01171875
0 0.32734375 0.434375 0.01171875 0.01171875
0 0.36484375 0.43515625 0.01796875 0.009375
0 0.0703125 0.4484375 0.03515625 0.0109375
0 0.25078125 0.44921875 0.0546875 0.01015625
0 0.15390625 0.45 0.0875 0.0125
0 0.78828125 0.46484375 0.034375 0.01171875
0 0.6859375 0.46484375 0.0875 0.01171875
0 0.51640625 0.46484375 0.0875 0.01015625
0 0.32734375 0.46484375 0.01171875 0.01171875
0 0.3640625 0.46640625 0.0171875 0.009375
0 0.071875 0.48046875 0.034375 0.0109375
0 0.14375 0.48046875 0.0671875 0.0109375
0 0.26796875 0.48203125 0.13046875 0.01328125
0 0.52421875 0.496875 0.0734375 0.01171875
0 0.328125 0.496875 0.0109375 0.0125
0 0.69453125 0.496875 0.0765625 0.0109375
0 0.78828125 0.496875 0.0359375 0.01171875
0 0.36484375 0.4984375 0.0203125 0.009375
0 0.19140625 0.51171875 0.0890625 0.0125
0 0.31640625 0.51171875 0.1078125 0.0125
0 0.08671875 0.5125 0.06875 0.0109375
0 0.325 0.528125 0.0140625 0.0109375
0 0.69453125 0.528125 0.075 0.01171875
0 0.52734375 0.528125 0.0734375 0.01171875
0 0.78828125 0.52890625 0.0375 0.01171875
0 0.3625 0.5296875 0.01640625 0.0078125
0 0.19140625 0.54375 0.08515625 0.0125
0 0.28828125 0.54375 0.0515625 0.0125
0 0.0890625 0.54375 0.071875 0.0109375
0 0.32578125 0.56015625 0.0171875 0.01171875
0 0.52421875 0.56015625 0.07265625 0.01171875
0 0.69453125 0.5609375 0.075 0.0125
0 0.78828125 0.5609375 0.034375 0.01171875
0 0.36484375 0.56171875 0.01796875 0.00859375
0 0.096875 0.590625 0.0875 0.0125
0 0.26015625 0.59140625 0.1828125 0.01328125
0 0.41640625 0.59140625 0.0875 0.01328125
0 0.76015625 0.59140625 0.090625 0.0109375
0 0.0953125 0.60703125 0.08515625 0.01171875
0 0.35390625 0.60703125 0.10234375 0.01328125
0 0.221875 0.60703125 0.1109375 0.0140625
0 0.76875 0.6078125 0.0734375 0.0109375
0 0.08046875 0.62265625 0.053125 0.0109375
0 0.2 0.6234375 0.1421875 0.0140625
0 0.76640625 0.6234375 0.06875 0.0109375
0 0.096875 0.63828125 0.0875 0.0125
0 0.390625 0.6390625 0.03125 0.0125
0 0.26015625 0.6390625 0.1828125 0.01328125
0 0.4734375 0.6390625 0.0875 0.0140625
0 0.76015625 0.63984375 0.090625 0.0109375
0 0.25703125 0.65546875 0.0671875 0.0140625
0 0.1265625 0.65546875 0.15078125 0.0140625
0 0.76875 0.65546875 0.0734375 0.0109375
0 0.159375 0.6921875 0.21484375 0.0234375
0 0.709375 0.69375 0.1859375 0.02265625
0 0.11484375 0.728125 0.125 0.01171875
0 0.50390625 0.72890625 0.18515625 0.01015625
0 0.3 0.72890625 0.178125 0.0125
0 0.73125 0.72890625 0.14453125 0.0109375
0 0.11484375 0.74375 0.125 0.0109375
0 0.24921875 0.74375 0.0921875 0.0109375
0 0.0890625 0.790625 0.0734375 0.0125
0 0.76015625 0.79140625 0.090625 0.0109375
0 0.08046875 0.853125 0.053125 0.0109375
0 0.52109375 0.8546875 0.18125 0.01328125
0 0.19140625 0.8546875 0.12890625 0.01328125
0 0.7375 0.8546875 0.12578125 0.01328125
0 0.0703125 0.86875 0.03515625 0.0109375
0 0.26015625 0.86953125 0.03125 0.01328125
0 0.56953125 0.86953125 0.0921875 0.01171875
0 0.32265625 0.86953125 0.0515625 0.01328125
0 0.765625 0.86953125 0.0671875 0.01171875
0 0.3625 0.9484375 0.08984375 0.0125
0 0.48203125 0.95 0.1046875 0.0125
0 0.296875 0.9640625 0.1109375 0.0125
0 0.41015625 0.96484375 0.0703125 0.0109375
0 0.53828125 0.965625 0.14296875 0.0125
0 0.23046875 0.9796875 0.13046875 0.01171875
0 0.5328125 0.98046875 0.31484375 0.0109375
0 0.33359375 0.98125 0.034375 0.0125