0 0.14453125 0.121875 0.078125 0.0109375
0 0.334375 0.121875 0.20625 0.01171875
0 0.69765625 0.121875 0.4171875 0.01171875
0 0.503125 0.1359375 0.2296875 0.01171875
0 0.28125 0.1484375 0.0578125 0.01171875
0 0.5796875 0.1484375 0.06328125 0.01171875
0 0.3578125 0.14921875 0.040625 0.0109375
0 0.68515625 0.14921875 0.0984375 0.0109375
0 0.475 0.14921875 0.10546875 0.0109375
0 0.62265625 0.16328125 0.10703125 0.0109375
0 0.4109375 0.16328125 0.27578125 0.0109375
0 0.1984375 0.16328125 0.10390625 0.0109375
0 0.7703125 0.16328125 0.146875 0.01171875
0 0.6140625 0.1765625 0.1921875 0.01171875
0 0.4546875 0.1765625 0.08203125 0.01171875
0 0.33828125 0.1765625 0.10078125 0.01171875
0 0.50390625 0.19140625 0.1671875 0.0125
0 0.196875 0.20625 0.0796875 0.01171875
0 0.55625 0.20625 0.0796875 0.01171875
0 0.378125 0.20625 0.23203125 0.01171875
0 0.73828125 0.20625 0.23359375 0.01171875
0 0.40703125 0.21953125 0.0578125 0.0125
0 0.3234375 0.21953125 0.06171875 0.0125
0 0.58828125 0.2203125 0.25078125 0.0125
0 0.109375 0.2625 0.06484375 0.01171875
0 0.234375 0.2625 0.14453125 0.0125
0 0.41640625 0.290625 0.20625 0.01171875
0 0.77734375 0.290625 0.209375 0.01171875
0 0.59375 0.290625 0.096875 0.01171875
0 0.26484375 0.290625 0.0359375 0.0109375
0 0.15234375 0.290625 0.1484375 0.0109375
0 0.59375 0.303125 0.096875 0.01171875
0 0.19296875 0.30390625 0.2296875 0.0109375
0 0.75546875 0.30390625 0.16875 0.0109375
0 0.3296875 0.3171875 0.0796875 0.01171875
0 0.15234375 0.31796875 0.14453125 0.01171875
0 0.81953125 0.3453125 0.12578125 0.0109375
0 0.490625 0.3453125 0.06171875 0.0109375
0 0.1203125 0.34609375 0.08359375 0.0109375
0 0.66015625 0.34609375 0.059375 0.0109375
0 0.85 0.3609375 0.0578125 0.01484375
0 0.6484375 0.3609375 0.0765625 0.01484375
0 0.63984375 0.38828125 0.10078125 0.0125
0 0.12890625 0.3890625 0.10078125 0.01171875
0 0.46796875 0.3890625 0.015625 0.01171875
0 0.83046875 0.3890625 0.10703125 0.01171875
0 0.26953125 0.4015625 0.040625 0.0125
0 0.153125 0.403125 0.146875 0.0125
0 0.5015625 0.40390625 0.3796875 0.0140625
0 0.46796875 0.4171875 0.01875 0.01171875
0 0.13203125 0.4171875 0.10390625 0.01171875
0 0.8296875 0.4171875 0.109375 0.01171875
0 0.6390625 0.4171875 0.10546875 0.01171875
0 0.2796875 0.43125 0.06171875 0.01171875
0 0.153125 0.43125 0.146875 0.0125
0 0.52421875 0.4328125 0.3796875 0.01484375
0 0.46796875 0.4453125 0.01875 0.0109375
0 0.64921875 0.4453125 0.08203125 0.0109375
0 0.13046875 0.4453125 0.10390625 0.01171875
0 0.83984375 0.44609375 0.08515625 0.0109375
0 0.1921875 0.459375 0.228125 0.0109375
0 0.43984375 0.459375 0.040625 0.0109375
0 0.51171875 0.459375 0.06328125 0.0109375
0 0.36484375 0.459375 0.0578125 0.0109375
0 0.74765625 0.46015625 0.3546875 0.01484375
0 0.61875 0.4859375 0.0171875 0.0125
0 0.2890625 0.4859375 0.165625 0.0109375
0 0.12890625 0.48671875 0.10390625 0.01171875
0 0.62421875 0.528125 0.1890625 0.01171875
0 0.87890625 0.528125 0.10546875 0.0109375
0 0.57265625 0.5421875 0.08203125 0.01171875
0 0.88984375 0.5421875 0.08359375 0.01171875
0 0.56015625 0.55546875 0.06171875 0.01171875
0 0.890625 0.55546875 0.08515625 0.01171875
0 0.61640625 0.56953125 0.1671875 0.01171875
0 0.890625 0.5703125 0.08203125 0.0125
0 0.2359375 0.584375 0.20234375 0.01171875
0 0.8296875 0.584375 0.2078125 0.0125
0 0.21328125 0.59921875 0.16328125 0.01171875
0 0.83046875 0.59921875 0.209375 0.01171875
0 0.25546875 0.61328125 0.2453125 0.0109375
0 0.85078125 0.61328125 0.165625 0.0109375
0 0.85859375 0.64140625 0.15 0.01171875
0 0.72890625 0.64140625 0.0578125 0.0109375
0 0.5078125 0.66875 0.12578125 0.01171875
0 0.1484375 0.66875 0.08515625 0.01171875
0 0.6890625 0.66875 0.01875 0.01171875
0 0.85859375 0.66875 0.15 0.01171875
0 0.52109375 0.69609375 0.10234375 0.0109375
0 0.890625 0.696875 0.08203125 0.0109375
0 0.12890625 0.696875 0.0390625 0.0109375
0 0.690625 0.696875 0.01875 0.01015625
0 0.890625 0.7390625 0.08203125 0.01171875
0 0.54375 0.7390625 0.06171875 0.01171875
0 0.65703125 0.73984375 0.12109375 0.0125
0 0.36015625 0.82109375 0.08359375 0.01015625
0 0.24375 0.821875 0.10234375 0.0109375
0 0.5390625 0.821875 0.059375 0.0109375
0 0.45625 0.821875 0.06171875 0.0109375
0 0.709375 0.8234375 0.2265625 0.0140625
0 0.459375 0.83515625 0.10390625 0.0109375
0 0.57265625 0.83515625 0.075 0.0109375