0 0.390625 0.0640625 0.2 0.0140625
0 0.63125 0.06484375 0.07265625 0.01484375
0 0.16875 0.06484375 0.2109375 0.01328125
0 0.72109375 0.06484375 0.07421875 0.01328125
0 0.54296875 0.06484375 0.07890625 0.01640625
0 0.83671875 0.06640625 0.12578125 0.0125
0 0.93359375 0.06640625 0.03515625 0.0125
0 0.315625 0.0828125 0.053125 0.0140625
0 0.565625 0.0828125 0.12734375 0.0140625
0 0.44453125 0.0828125 0.0890625 0.01484375
0 0.37109375 0.08359375 0.02578125 0.015625
0 0.68125 0.08515625 0.07265625 0.01484375
0 0.41328125 0.10078125 0.08359375 0.015625
0 0.3109375 0.10078125 0.096875 0.0125
0 0.515625 0.10234375 0.0984375 0.01484375
0 0.65625 0.103125 0.1453125 0.0171875
0 0.23515625 0.11953125 0.0609375 0.01328125
0 0.30078125 0.11953125 0.046875 0.01328125
0 0.41640625 0.11875 0.1515625 0.0140625
0 0.5828125 0.11953125 0.11796875 0.01328125
0 0.734375 0.11953125 0.15 0.01328125
0 0.5828125 0.13671875 0.22421875 0.01328125
0 0.42890625 0.13671875 0.0515625 0.01328125
0 0.3546875 0.13828125 0.07421875 0.0140625
0 0.4671875 0.17578125 0.01796875 0.02421875
0 0.590625 0.1765625 0.190625 0.025
0 0.37265625 0.1765625 0.12578125 0.025
0 0.25625 0.1765625 0.0546875 0.021875
0 0.7421875 0.1765625 0.07421875 0.0234375
0 0.4421875 0.2234375 0.07421875 0.025
0 0.528125 0.2234375 0.05 0.025
0 0.74765625 0.2234375 0.153125 0.025
0 0.6078125 0.2234375 0.06796875 0.0234375
0 0.1140625 0.2484375 0.12421875 0.01171875
0 0.5671875 0.25 0.0890625 0.0109375
0 0.73125 0.2515625 0.1921875 0.01171875
0 0.12265625 0.27890625 0.1484375 0.02265625
0 0.57265625 0.278125 0.0546875 0.0234375
0 0.49765625 0.278125 0.053125 0.0234375
0 0.39296875 0.278125 0.11484375 0.0234375
0 0.26953125 0.278125 0.090625 0.0234375
0 0.1046875 0.30546875 0.11328125 0.009375
0 0.4390625 0.30546875 0.01640625 0.0109375
0 0.3390625 0.30625 0.0453125 0.01015625
0 0.4 0.30625 0.01640625 0.01015625
0 0.4828125 0.3078125 0.03046875 0.0140625
0 0.23671875 0.3078125 0.10625 0.0140625
0 0.09765625 0.32421875 0.0890625 0.01015625
0 0.18125 0.325 0.03046875 0.0078125
0 0.27734375 0.325 0.1 0.0125
0 0.22109375 0.3421875 0.109375 0.0109375
0 0.09609375 0.3421875 0.0921875 0.0109375
0 0.4859375 0.34296875 0.146875 0.01171875
0 0.3421875 0.34375 0.08359375 0.01328125
0 0.06015625 0.35859375 0.01484375 0.01171875
0 0.115625 0.35859375 0.07265625 0.01328125
0 0.29765625 0.359375 0.259375 0.015625
0 0.578125 0.37734375 0.17578125 0.015625
0 0.44765625 0.37890625 0.06328125 0.0140625
0 0.74921875 0.378125 0.07890625 0.01328125
0 0.54609375 0.40078125 0.01796875 0.01328125
0 0.39609375 0.40078125 0.05 0.01328125
0 0.47109375 0.4015625 0.0546875 0.01328125
0 0.6140625 0.4015625 0.07265625 0.01328125
0 0.3171875 0.4015625 0.059375 0.01171875
0 0.14765625 0.4015625 0.2078125 0.01484375
0 0.75234375 0.40234375 0.13046875 0.0140625
0 0.07109375 0.43046875 0.0546875 0.01328125
0 0.30625 0.43046875 0.07421875 0.01328125
0 0.18125 0.43046875 0.0890625 0.01171875
0 0.7828125 0.43046875 0.07578125 0.01328125
0 0.640625 0.43125 0.01953125 0.0125
0 0.41171875 0.43125 0.01484375 0.0109375
0 0.54609375 0.43125 0.01796875 0.009375
0 0.490625 0.43125 0.009375 0.0125
0 0.7828125 0.44921875 0.07890625 0.0125
0 0.4109375 0.44921875 0.01640625 0.01171875
0 0.30625 0.44921875 0.07421875 0.0125
0 0.08515625 0.44921875 0.08671875 0.0109375
0 0.6390625 0.44921875 0.01640625 0.0140625
0 0.54375 0.44921875 0.01953125 0.0125
0 0.4890625 0.44921875 0.01328125 0.0125
0 0.17265625 0.45 0.07109375 0.01171875
0 0.3078125 0.46796875 0.07421875 0.01328125
0 0.54609375 0.46796875 0.01796875 0.01328125
0 0.06875 0.46796875 0.053125 0.0109375
0 0.4140625 0.46796875 0.01484375 0.01015625
0 0.4890625 0.46796875 0.009375 0.01015625
0 0.16953125 0.46796875 0.08671875 0.01171875
0 0.640625 0.46796875 0.01640625 0.01171875
0 0.7828125 0.46875 0.07578125 0.0125
0 0.353125 0.4984375 0.090625 0.025
0 0.77265625 0.4984375 0.090625 0.025
0 0.440625 0.4984375 0.0390625 0.0234375
0 0.56171875 0.50234375 0.159375 0.02890625
0 0.134375 0.53203125 0.18515625 0.0125
0 0.48671875 0.53203125 0.02265625 0.0109375
0 0.63359375 0.53203125 0.03203125 0.0125
0 0.54609375 0.53203125 0.01796875 0.0125
0 0.30625 0.53203125 0.07421875 0.0125
0 0.4046875 0.53203125 0.02890625 0.0125
0 0.7890625 0.5328125 0.0609375 0.01015625
0 0.10859375 0.55078125 0.13046875 0.01015625
0 0.7828125 0.55078125 0.07265625 0.01015625
0 0.6390625 0.55078125 0.01328125 0.01015625
0 0.4890625 0.55078125 0.01640625 0.01015625
0 0.30625 0.55078125 0.07421875 0.01015625
0 0.40625 0.55078125 0.02890625 0.01015625
0 0.54609375 0.5515625 0.01796875 0.009375
0 0.41171875 0.5703125 0.02109375 0.01015625
0 0.309375 0.5703125 0.06484375 0.01015625
0 0.62265625 0.5703125 0.0515625 0.01328125
0 0.1328125 0.5703125 0.1890625 0.01171875
0 0.54609375 0.5703125 0.01796875 0.01171875
0 0.7640625 0.5703125 0.1078125 0.01171875
0 0.48125 0.5703125 0.02421875 0.01171875
0 0.54609375 0.58984375 0.01796875 0.0109375
0 0.4140625 0.58984375 0.01484375 0.0125
0 0.640625 0.58984375 0.01328125 0.0125
0 0.3078125 0.58984375 0.07421875 0.0109375
0 0.1359375 0.58984375 0.18515625 0.0109375
0 0.4890625 0.58984375 0.01953125 0.0109375
0 0.7828125 0.58984375 0.07265625 0.0109375
0 0.12421875 0.6203125 0.090625 0.02578125
0 0.2140625 0.6203125 0.03671875 0.02265625
0 0.78125 0.621875 0.07265625 0.0234375
0 0.59921875 0.62265625 0.08515625 0.03125
0 0.3265625 0.62265625 0.146875 0.0296875
0 0.4765625 0.6234375 0.1046875 0.03203125
0 0.78125 0.6578125 0.07578125 0.0234375
0 0.6078125 0.6578125 0.06796875 0.0234375
0 0.14453125 0.696875 0.0921875 0.02578125
0 0.7828125 0.69765625 0.07578125 0.0234375
0 0.23125 0.69765625 0.03671875 0.0234375
0 0.484375 0.69921875 0.08515625 0.03046875
0 0.34609375 0.7 0.146875 0.0328125
0 0.59921875 0.7015625 0.08515625 0.03046875
0 0.353125 0.734375 0.09375 0.025
0 0.440625 0.7359375 0.0421875 0.02421875
0 0.77421875 0.73515625 0.090625 0.0234375
0 0.5640625 0.73828125 0.159375 0.03203125
0 0.77265625 0.77578125 0.09375 0.02421875
0 0.4296875 0.77578125 0.0921875 0.02421875
0 0.57109375 0.77890625 0.1421875 0.03046875
0 0.11875 0.8203125 0.14375 0.01171875
0 0.64609375 0.83984375 0.0921875 0.0125
0 0.80625 0.83984375 0.17734375 0.0125
0 0.12265625 0.83984375 0.1484375 0.0125
0 0.265625 0.83984375 0.0921875 0.0109375
0 0.5421875 0.840625 0.07421875 0.01484375
0 0.46875 0.8421875 0.03046875 0.0078125
0 0.3796875 0.84296875 0.0921875 0.01171875
0 0.07421875 0.8578125 0.0546875 0.01328125
0 0.33125 0.8578125 0.03359375 0.01328125
0 0.46640625 0.85859375 0.18359375 0.0109375
0 0.21015625 0.85859375 0.16640625 0.01484375
0 0.77265625 0.859375 0.02890625 0.0078125
0 0.65625 0.859375 0.1484375 0.0140625
0 0.3140625 0.87734375 0.07578125 0.01171875
0 0.240625 0.87734375 0.02890625 0.0078125
0 0.8765625 0.878125 0.05 0.01015625
0 0.81015625 0.878125 0.03359375 0.01015625
0 0.125 0.87890625 0.146875 0.0140625
0 0.6640625 0.878125 0.2015625 0.01328125
0 0.45703125 0.8796875 0.16640625 0.0109375
0 0.72265625 0.8953125 0.0515625 0.01171875
0 0.65625 0.8953125 0.03515625 0.01171875
0 0.57109375 0.89609375 0.090625 0.01328125
0 0.1859375 0.89609375 0.046875 0.0109375
0 0.47734375 0.89609375 0.0515625 0.0109375
0 0.303125 0.896875 0.12578125 0.015625
0 0.41015625 0.896875 0.03671875 0.0078125
0 0.09609375 0.8984375 0.08515625 0.01171875
0 0.56953125 0.9125 0.0546875 0.01171875
0 0.32421875 0.9140625 0.090625 0.0109375
0 0.68671875 0.91484375 0.12578125 0.01171875
0 0.48515625 0.91484375 0.07109375 0.01171875
0 0.1515625 0.91640625 0.20625 0.0140625
0 0.4109375 0.915625 0.03203125 0.00859375
0 0.29609375 0.93359375 0.07578125 0.01171875
0 0.1421875 0.93359375 0.190625 0.01484375
0 0.44453125 0.95390625 0.259375 0.0140625
0 0.640625 0.95390625 0.109375 0.0140625