0 0.18828125 0.30546875 0.03515625 0.01796875
0 0.38828125 0.30703125 0.0796875 0.01796875
0 0.63046875 0.30703125 0.19140625 0.01796875
0 0.27890625 0.30703125 0.09765625 0.0203125
0 0.48046875 0.30703125 0.059375 0.01875
0 0.54296875 0.33671875 0.09609375 0.01796875
0 0.66875 0.33671875 0.11171875 0.01875
0 0.2203125 0.3375 0.0578125 0.01953125
0 0.30703125 0.3375 0.07265625 0.01953125
0 0.41953125 0.3390625 0.090625 0.01953125
0 0.35859375 0.3671875 0.09921875 0.01875
0 0.5109375 0.36796875 0.15625 0.01875
0 0.42109375 0.3984375 0.09921875 0.01796875
0 0.5921875 0.3984375 0.1578125 0.01953125
0 0.3015625 0.39921875 0.10078125 0.01875
0 0.38125 0.4296875 0.215625 0.01953125
0 0.58125 0.4296875 0.1390625 0.01953125
0 0.59140625 0.459375 0.23828125 0.01953125
0 0.31796875 0.46015625 0.0484375 0.01796875
0 0.240625 0.4609375 0.0578125 0.01875
0 0.39140625 0.4609375 0.03984375 0.01875
0 0.25703125 0.52109375 0.13359375 0.01875
0 0.60078125 0.52109375 0.29609375 0.01875
0 0.36875 0.521875 0.0421875 0.01796875
0 0.79453125 0.5828125 0.15859375 0.0203125
0 0.46953125 0.58359375 0.11640625 0.01875
0 0.1390625 0.584375 0.1421875 0.01875
0 0.76328125 0.64296875 0.1359375 0.01796875
0 0.240625 0.6453125 0.17734375 0.01875
0 0.38125 0.64609375 0.05390625 0.01875
0 0.09765625 0.64609375 0.05390625 0.01796875
0 0.86328125 0.64609375 0.01875 0.01328125
0 0.31953125 0.675 0.0953125 0.01796875
0 0.1265625 0.67578125 0.03515625 0.01953125
0 0.2265625 0.67578125 0.03671875 0.01953125
0 0.178125 0.6765625 0.01875 0.01640625
0 0.78515625 0.73515625 0.09765625 0.01875
0 0.65546875 0.73671875 0.03984375 0.01796875
0 0.56953125 0.7375 0.075 0.01875
0 0.4109375 0.73671875 0.19453125 0.01953125
0 0.23984375 0.7375 0.09609375 0.01875
0 0.11796875 0.73828125 0.09609375 0.01875
0 0.784375 0.7671875 0.09609375 0.01953125
0 0.65234375 0.76796875 0.03984375 0.01796875
0 0.57265625 0.76875 0.08046875 0.01796875
0 0.8140625 0.7984375 0.03671875 0.01953125
0 0.65546875 0.79921875 0.03984375 0.01796875
0 0.553125 0.79921875 0.11953125 0.0203125
0 0.78203125 0.859375 0.13203125 0.01875
0 0.49140625 0.8609375 0.19453125 0.01875
0 0.09765625 0.8625 0.05703125 0.01875
0 0.2203125 0.86484375 0.1375 0.0234375
0 0.8140625 0.890625 0.0765625 0.01953125
0 0.5421875 0.8921875 0.0953125 0.01953125
0 0.16875 0.89375 0.03984375 0.01796875
0 0.07578125 0.89609375 0.015625 0.01328125
0 0.45234375 0.984375 0.11640625 0.01796875
0 0.32109375 0.98515625 0.0578125 0.0203125
0 0.2234375 0.98671875 0.09765625 0.01875
0 0.57265625 0.98671875 0.078125 0.01328125
0 0.68828125 0.98671875 0.09609375 0.02109375