0 0.67265625 0.065625 0.18671875 0.0296875
0 0.34609375 0.0671875 0.3390625 0.0296875
0 0.79765625 0.1078125 0.14296875 0.0296875
0 0.3953125 0.1078125 0.11875 0.03515625
0 0.59296875 0.10859375 0.13828125 0.0296875
0 0.1875 0.109375 0.11328125 0.028125
0 0.58984375 0.1390625 0.2078125 0.01484375
0 0.40546875 0.140625 0.059375 0.01484375
0 0.296875 0.140625 0.07890625 0.01484375
0 0.6359375 0.1640625 0.3125 0.01484375
0 0.40546875 0.165625 0.05625 0.01484375
0 0.31328125 0.16640625 0.06484375 0.01484375
0 0.2015625 0.16640625 0.0890625 0.01484375
0 0.8359375 0.18515625 0.11875 0.01484375
0 0.71171875 0.1875 0.06484375 0.01484375
0 0.59921875 0.18828125 0.0890625 0.0140625
0 0.0734375 0.18828125 0.03984375 0.01484375
0 0.43203125 0.18984375 0.1578125 0.015625
0 0.14296875 0.190625 0.03359375 0.01484375
0 0.2609375 0.190625 0.11875 0.0140625
0 0.71171875 0.2125 0.1609375 0.01640625
0 0.5078125 0.21328125 0.15390625 0.01484375
0 0.1875 0.21328125 0.11875 0.01484375
0 0.33671875 0.21484375 0.1140625 0.0140625
0 0.5015625 0.23671875 0.09609375 0.01484375
0 0.38828125 0.23671875 0.059375 0.01484375
0 0.725 0.28515625 0.190625 0.01484375
0 0.4125 0.28515625 0.265625 0.01484375
0 0.5859375 0.28671875 0.02265625 0.0171875
0 0.159375 0.2859375 0.059375 0.01484375
0 0.82734375 0.33203125 0.24453125 0.01484375
0 0.62265625 0.33359375 0.084375 0.01484375
0 0.50078125 0.33515625 0.0921875 0.01640625
0 0.12890625 0.334375 0.1890625 0.0171875
0 0.3171875 0.334375 0.11171875 0.01484375
0 0.77421875 0.3578125 0.14375 0.015625
0 0.59609375 0.35859375 0.14140625 0.01484375
0 0.07421875 0.36015625 0.0890625 0.01484375
0 0.80078125 0.40625 0.13828125 0.01484375
0 0.1625 0.4078125 0.265625 0.01484375
0 0.5375 0.45390625 0.21640625 0.01484375
0 0.290625 0.4546875 0.06953125 0.01484375
0 0.3765625 0.4546875 0.0328125 0.01328125
0 0.1265625 0.45546875 0.19375 0.01484375
0 0.83671875 0.478125 0.06953125 0.015625
0 0.30390625 0.4796875 0.084375 0.01484375
0 0.21171875 0.4796875 0.01953125 0.0109375
0 0.1390625 0.48046875 0.06640625 0.0171875
0 0.84921875 0.52578125 0.09453125 0.01484375
0 0.51484375 0.5265625 0.06953125 0.01484375
0 0.425 0.5265625 0.0421875 0.01484375
0 0.3125 0.52734375 0.103125 0.01484375
0 0.20234375 0.528125 0.0453125 0.01484375
0 0.08671875 0.528125 0.1140625 0.01484375
0 0.8265625 0.55 0.14140625 0.01484375
0 0.07734375 0.55234375 0.0921875 0.01484375
0 0.8359375 0.575 0.12109375 0.01484375
0 0.103125 0.57734375 0.14375 0.01484375
0 0.8890625 0.62265625 0.015625 0.01484375
0 0.0796875 0.625 0.0859375 0.01484375
0 0.20859375 0.62578125 0.10859375 0.0140625
0 0.85234375 0.64609375 0.0859375 0.01640625
0 0.7375 0.64765625 0.06796875 0.0140625
0 0.42578125 0.6484375 0.134375 0.01484375
0 0.57734375 0.64921875 0.0859375 0.015625
0 0.2109375 0.64921875 0.16796875 0.01484375
0 0.06328125 0.65 0.0734375 0.0140625
0 0.8234375 0.671875 0.03359375 0.01484375
0 0.5734375 0.671875 0.09609375 0.01484375
0 0.87890625 0.671875 0.0421875 0.01484375
0 0.090625 0.6734375 0.01953125 0.009375
0 0.040625 0.67421875 0.01953125 0.01484375
0 0.15234375 0.67421875 0.0421875 0.01484375
0 0.87578125 0.71953125 0.0421875 0.01484375
0 0.81328125 0.71953125 0.01953125 0.01484375
0 0.08671875 0.72265625 0.1140625 0.015625
0 0.26328125 0.72265625 0.16796875 0.015625
0 0.55390625 0.76875 0.09609375 0.01484375
0 0.70234375 0.76875 0.14375 0.01484375
0 0.3890625 0.76875 0.17109375 0.01484375
0 0.2640625 0.76953125 0.01953125 0.01484375
0 0.20234375 0.7703125 0.0453125 0.01484375
0 0.48828125 0.79375 0.17109375 0.01484375
0 0.71484375 0.79375 0.2203125 0.01484375
0 0.19140625 0.79375 0.06953125 0.01484375
0 0.31328125 0.79375 0.11875 0.01484375
0 0.478125 0.81640625 0.1453125 0.01484375
0 0.3203125 0.81640625 0.08203125 0.01484375
0 0.7703125 0.81640625 0.13125 0.01484375
0 0.6265625 0.81640625 0.09453125 0.01484375
0 0.1890625 0.81796875 0.11875 0.01484375
0 0.5265625 0.84140625 0.3390625 0.01484375
0 0.29765625 0.84375 0.08359375 0.01015625
0 0.70234375 0.86484375 0.14140625 0.01484375
0 0.36640625 0.86484375 0.165625 0.01484375
0 0.5375 0.86484375 0.1171875 0.01484375
0 0.215625 0.865625 0.06640625 0.01484375
0 0.52734375 0.88984375 0.49296875 0.0171875
0 0.22421875 0.89140625 0.08203125 0.0109375