0 0.4734375 0.18359375 0.1796875 0.02109375
0 0.259375 0.18359375 0.10390625 0.01953125
0 0.34609375 0.18359375 0.03359375 0.01953125
0 0.703125 0.18515625 0.25 0.02578125
0 0.70234375 0.2109375 0.1265625 0.01875
0 0.26953125 0.2125 0.0734375 0.01640625
0 0.47109375 0.2140625 0.275 0.02265625
0 0.33359375 0.240625 0.12421875 0.01796875
0 0.48671875 0.240625 0.12109375 0.01796875
0 0.64921875 0.24140625 0.146875 0.0171875
0 0.49921875 0.26796875 0.11875 0.01640625
0 0.66328125 0.26796875 0.14921875 0.01640625
0 0.346875 0.26796875 0.1234375 0.01796875
0 0.33125 0.29921875 0.0703125 0.01796875
0 0.5890625 0.29921875 0.27578125 0.01796875
0 0.56015625 0.33671875 0.17109375 0.01875
0 0.41875 0.33671875 0.07890625 0.0171875
0 0.40859375 0.365625 0.06640625 0.0171875
0 0.325 0.365625 0.0421875 0.01875
0 0.6890625 0.36796875 0.32109375 0.021875
0 0.2234375 0.36875 0.09140625 0.02265625
0 0.878125 0.3984375 0.09296875 0.0171875
0 0.7015625 0.4 0.1921875 0.01640625
0 0.21640625 0.4015625 0.25078125 0.01953125
0 0.7671875 0.43046875 0.328125 0.01796875
0 0.19296875 0.43203125 0.1953125 0.01640625
0 0.4171875 0.43203125 0.171875 0.01875
0 0.6625 0.475 0.1234375 0.01796875
0 0.865625 0.475 0.07109375 0.01640625
0 0.21484375 0.47578125 0.23984375 0.01953125
0 0.484375 0.4765625 0.07109375 0.02265625
0 0.9078125 0.5078125 0.04609375 0.01640625
0 0.578125 0.5078125 0.04765625 0.01796875
0 0.1453125 0.509375 0.0984375 0.01796875
0 0.37421875 0.5109375 0.30078125 0.02265625
0 0.665625 0.54140625 0.11875 0.01875
0 0.86875 0.54140625 0.1265625 0.01875
0 0.5125 0.5421875 0.0203125 0.01640625
0 0.18046875 0.5421875 0.17734375 0.01796875
0 0.515625 0.57578125 0.021875 0.01640625
0 0.28359375 0.57578125 0.11875 0.01640625
0 0.4125 0.57734375 0.0734375 0.02109375
0 0.8703125 0.6203125 0.12109375 0.01796875
0 0.38828125 0.62421875 0.2375 0.01640625
0 0.17421875 0.62421875 0.16328125 0.01640625
0 0.88515625 0.65234375 0.09375 0.0171875
0 0.509375 0.6578125 0.06015625 0.01640625
0 0.43125 0.6578125 0.07109375 0.01796875
0 0.2796875 0.6578125 0.08828125 0.01796875
0 0.14375 0.65859375 0.1015625 0.01875
0 0.36171875 0.66015625 0.04296875 0.02265625
0 0.86875 0.6984375 0.121875 0.01640625
0 0.871875 0.73046875 0.1234375 0.01796875
0 0.15703125 0.7328125 0.12890625 0.01875
0 0.86953125 0.77109375 0.1234375 0.01640625
0 0.20078125 0.77578125 0.21796875 0.01953125
0 0.63828125 0.821875 0.04609375 0.01796875
0 0.12734375 0.821875 0.0734375 0.01796875
0 0.9046875 0.821875 0.04765625 0.01796875
0 0.81640625 0.821875 0.06875 0.01640625
0 0.5125 0.821875 0.146875 0.01640625
0 0.28046875 0.8265625 0.171875 0.01640625
0 0.29296875 0.8578125 0.04765625 0.01640625
0 0.1140625 0.8578125 0.05 0.01796875
0 0.88046875 0.8578125 0.0953125 0.01640625
0 0.5984375 0.8578125 0.11953125 0.01640625
0 0.6140625 0.8890625 0.09765625 0.0171875
0 0.88046875 0.8890625 0.10078125 0.01640625
0 0.7125 0.9171875 0.25078125 0.01796875
0 0.5234375 0.91796875 0.07265625 0.01640625
0 0.30859375 0.91796875 0.0984375 0.01640625
0 0.16875 0.91796875 0.12421875 0.01640625
0 0.421875 0.91796875 0.07265625 0.01640625
0 0.65234375 0.9515625 0.09609375 0.0171875
0 0.79296875 0.9515625 0.12421875 0.0171875
0 0.49921875 0.9515625 0.146875 0.01796875
0 0.309375 0.9515625 0.07109375 0.01796875
0 0.1828125 0.9515625 0.1234375 0.01796875