0 0.35625 0.06171875 0.31953125 0.02421875
0 0.66953125 0.06171875 0.16953125 0.02421875
0 0.4046875 0.09453125 0.1140625 0.0296875
0 0.20390625 0.09609375 0.1078125 0.02421875
0 0.590625 0.09609375 0.13125 0.02421875
0 0.78359375 0.09609375 0.1328125 0.02421875
0 0.3046875 0.121875 0.07421875 0.0140625
0 0.41171875 0.121875 0.0515625 0.0125
0 0.584375 0.121875 0.1953125 0.01328125
0 0.21640625 0.14296875 0.0875 0.01484375
0 0.41015625 0.14296875 0.0546875 0.0125
0 0.6296875 0.14296875 0.2984375 0.01328125
0 0.3203125 0.14375 0.0625 0.0140625
0 0.090625 0.16328125 0.04140625 0.0125
0 0.26953125 0.16328125 0.11171875 0.0125
0 0.6984375 0.16328125 0.06484375 0.0125
0 0.81875 0.16328125 0.1078125 0.0125
0 0.59453125 0.16328125 0.08515625 0.0125
0 0.15703125 0.1640625 0.0328125 0.0125
0 0.43515625 0.1640625 0.1484375 0.0140625
0 0.19765625 0.184375 0.1140625 0.0125
0 0.340625 0.184375 0.11171875 0.0125
0 0.71171875 0.18515625 0.18203125 0.0140625
0 0.503125 0.1859375 0.146875 0.0125
0 0.35390625 0.20703125 0.08984375 0.0125
0 0.4734375 0.20703125 0.0875 0.0125
0 0.59453125 0.20703125 0.08984375 0.0125
0 0.5546875 0.22734375 0.25078125 0.0125
0 0.31328125 0.22734375 0.059375 0.0125
0 0.13671875 0.27109375 0.18828125 0.015625
0 0.6 0.27109375 0.05703125 0.0140625
0 0.809375 0.271875 0.2359375 0.0140625
0 0.49453125 0.271875 0.08984375 0.0140625
0 0.31875 0.271875 0.1078125 0.0125
0 0.1015625 0.2921875 0.115625 0.01484375
0 0.590625 0.2921875 0.13359375 0.0140625
0 0.76328125 0.2921875 0.13671875 0.0140625
0 0.77890625 0.3359375 0.12578125 0.01171875
0 0.175 0.33671875 0.25234375 0.0140625
0 0.47265625 0.378125 0.0859375 0.0140625
0 0.915625 0.378125 0.01953125 0.0125
0 0.82421875 0.378125 0.1078125 0.0125
0 0.0703125 0.378125 0.03984375 0.0125
0 0.17578125 0.378125 0.115625 0.01484375
0 0.29609375 0.37890625 0.05859375 0.0125
0 0.3765625 0.37890625 0.03984375 0.0125
0 0.06875 0.4 0.03984375 0.01328125
0 0.915625 0.4 0.01953125 0.0125
0 0.8328125 0.4 0.08984375 0.0125
0 0.20078125 0.40078125 0.1578125 0.01328125
0 0.34453125 0.40078125 0.06484375 0.0140625
0 0.471875 0.40078125 0.1328125 0.0140625
0 0.521875 0.421875 0.04140625 0.0125
0 0.10703125 0.42265625 0.11015625 0.0125
0 0.2578125 0.42265625 0.13671875 0.01484375
0 0.41171875 0.42265625 0.096875 0.0125
0 0.25859375 0.46484375 0.13828125 0.0140625
0 0.06953125 0.465625 0.04140625 0.01328125
0 0.13984375 0.465625 0.04375 0.01328125
0 0.37734375 0.465625 0.04140625 0.0125
0 0.47578125 0.465625 0.09296875 0.0140625
0 0.82109375 0.4875 0.10859375 0.0125
0 0.91640625 0.4875 0.02109375 0.0125
0 0.309375 0.4875 0.09296875 0.0140625
0 0.1515625 0.48828125 0.06640625 0.01484375
0 0.3328125 0.509375 0.09296875 0.01484375
0 0.16484375 0.509375 0.18671875 0.015625
0 0.42734375 0.50859375 0.04140625 0.0140625
0 0.82265625 0.50859375 0.115625 0.0140625
0 0.82265625 0.5515625 0.115625 0.01328125
0 0.51171875 0.5515625 0.06875 0.0140625
0 0.42734375 0.55234375 0.0453125 0.0125
0 0.103125 0.55234375 0.11171875 0.0125
0 0.2125 0.55234375 0.04375 0.0125
0 0.31796875 0.55234375 0.09921875 0.0125
0 0.809375 0.5734375 0.1390625 0.0125
0 0.09453125 0.57421875 0.0859375 0.01328125
0 0.82265625 0.5953125 0.11015625 0.01484375
0 0.1203125 0.59609375 0.13828125 0.0140625
0 0.86640625 0.6375 0.015625 0.01328125
0 0.22265625 0.63828125 0.11171875 0.0125
0 0.09609375 0.63828125 0.0859375 0.0140625
0 0.7234375 0.659375 0.06484375 0.0125
0 0.83125 0.659375 0.08125 0.01484375
0 0.56953125 0.659375 0.08125 0.01484375
0 0.08046875 0.66015625 0.0703125 0.01328125
0 0.421875 0.66015625 0.12734375 0.0125
0 0.221875 0.6609375 0.159375 0.0140625
0 0.528125 0.68125 0.05546875 0.01328125
0 0.59453125 0.68125 0.03984375 0.01328125
0 0.834375 0.68125 0.0796875 0.01328125
0 0.05546875 0.68125 0.02109375 0.01328125
0 0.1625 0.68203125 0.04375 0.0140625
0 0.10390625 0.68125 0.01953125 0.01015625
0 0.83125 0.70234375 0.08359375 0.01328125
0 0.56953125 0.70234375 0.0859375 0.0125
0 0.10390625 0.703125 0.01953125 0.009375
0 0.0546875 0.703125 0.01953125 0.0125
0 0.1625 0.703125 0.04140625 0.01484375
0 0.81953125 0.7453125 0.11171875 0.01484375
0 0.09921875 0.746875 0.10859375 0.0140625
0 0.26953125 0.746875 0.159375 0.0140625
0 0.54609375 0.7890625 0.09140625 0.01484375
0 0.6875 0.7890625 0.1390625 0.0125
0 0.390625 0.78984375 0.16328125 0.01328125
0 0.2125 0.78984375 0.0453125 0.0140625
0 0.26953125 0.78984375 0.01953125 0.0140625
0 0.70234375 0.81015625 0.20859375 0.01484375
0 0.31953125 0.81015625 0.11171875 0.0140625
0 0.48671875 0.81015625 0.16484375 0.0140625
0 0.2 0.81171875 0.06875 0.0140625
0 0.61875 0.83125 0.09140625 0.0125
0 0.75390625 0.83125 0.12578125 0.0125
0 0.47578125 0.83203125 0.13828125 0.01328125
0 0.325 0.83203125 0.0796875 0.0125
0 0.19765625 0.83203125 0.1140625 0.01328125
0 0.521875 0.853125 0.32734375 0.015625
0 0.303125 0.85546875 0.078125 0.009375
0 0.534375 0.8734375 0.11171875 0.0125
0 0.36875 0.8734375 0.159375 0.01328125
0 0.68828125 0.8734375 0.13828125 0.0125
0 0.22421875 0.87421875 0.06328125 0.0140625
0 0.52421875 0.89453125 0.4734375 0.015625
0 0.234375 0.89609375 0.08125 0.009375