0 0.28046875 0.1453125 0.15234375 0.03125
0 0.4546875 0.1703125 0.12421875 0.03203125
0 0.596875 0.1734375 0.09453125 0.03125
0 0.33359375 0.19453125 0.2578125 0.0296875
0 0.51171875 0.196875 0.04296875 0.0265625
0 0.64375 0.19921875 0.14765625 0.028125
0 0.26796875 0.2171875 0.02421875 0.02578125
0 0.2875 0.2171875 0 0.02578125
0 0.359375 0.21875 0.10078125 0.02734375
0 0.5078125 0.22109375 0.1375 0.02734375
0 0.6046875 0.22265625 0.01015625 0.02578125
0 0.68046875 0.2234375 0.11953125 0.02734375
0 0.33359375 0.2421875 0.096875 0.02578125
0 0.43671875 0.24296875 0.0296875 0.02421875
0 0.62734375 0.2453125 0.27890625 0.02734375
0 0.32109375 0.265625 0.07265625 0.025
0 0.36328125 0.265625 0.01015625 0.02421875
0 0.5484375 0.26796875 0.071875 0.025
0 0.6375 0.26875 0.04609375 0.025
0 0.7140625 0.2703125 0.04609375 0.02421875
0 0.40859375 0.290625 0.19765625 0.0296875
0 0.60625 0.2921875 0.1609375 0.0296875
0 0.23515625 0.321875 0.234375 0.02734375
0 0.78515625 0.325 0.0515625 0.0234375
0 0.89140625 0.3265625 0.04375 0.0265625
0 0.2109375 0.34453125 0.01015625 0.02421875
0 0.296875 0.34609375 0.11796875 0.02578125
0 0.16953125 0.37734375 0.12578125 0.02109375
0 0.57109375 0.38046875 0.01875 0.0203125
0 0.80546875 0.38125 0.05234375 0.01875
0 0.88203125 0.38125 0.046875 0.01875
0 0.7546875 0.4171875 0.0234375 0.0234375
0 0.8359375 0.41796875 0.125 0.02421875
0 0.20703125 0.4421875 0.18203125 0.02578125
0 0.76171875 0.48046875 0.01328125 0.01875
0 0.7984375 0.48046875 0.04921875 0.01875
0 0.871875 0.48125 0.04921875 0.01875
0 0.1703125 0.53125 0.1015625 0.0171875
0 0.2890625 0.53203125 0.0078125 0.01875
0 0.3890625 0.53203125 0.17578125 0.01875
0 0.64296875 0.53203125 0.14296875 0.01875
0 0.72890625 0.53203125 0.0078125 0.01875
0 0.81015625 0.53203125 0.140625 0.01875
0 0.43359375 0.55390625 0.08828125 0.01953125
0 0.83515625 0.55390625 0.00703125 0.01796875
0 0.8546875 0.55390625 0.01484375 0.01796875
0 0.87421875 0.55390625 0.00625 0.01796875
0 0.6265625 0.5734375 0.06640625 0.01875
0 0.40625 0.5953125 0.1109375 0.0171875
0 0.5046875 0.5953125 0.04609375 0.0171875
0 0.5890625 0.59609375 0.06796875 0.0171875
0 0.17421875 0.61640625 0.009375 0.0203125
0 0.8484375 0.6140625 0.0734375 0.01484375
0 0.35625 0.6359375 0.15625 0.021875
0 0.45625 0.6359375 0.01171875 0.021875
0 0.5515625 0.6359375 0.16171875 0.021875
0 0.70078125 0.6359375 0.06015625 0.021875
0 0.28359375 0.65859375 0.15859375 0.021875
0 0.4140625 0.65859375 0.053125 0.021875
0 0.4984375 0.65859375 0.0703125 0.021875
0 0.609375 0.65859375 0.10703125 0.021875
0 0.73828125 0.65859375 0.103125 0.021875
0 0.38671875 0.678125 0.03203125 0.02109375
0 0.4890625 0.678125 0.12265625 0.021875
0 0.66640625 0.678125 0.184375 0.021875
0 0.35234375 0.721875 0.09921875 0.021875
0 0.490625 0.721875 0.08515625 0.021875
0 0.55 0.721875 0.01015625 0.021875
0 0.59140625 0.721875 0.06875 0.021875
0 0.7046875 0.721875 0.07421875 0.021875
0 0.78046875 0.721875 0.03671875 0.021875
0 0.81484375 0.721875 0.00859375 0.021875
0 0.85625 0.721875 0.06875 0.021875
0 0.36640625 0.7453125 0.06875 0.02109375
0 0.4171875 0.7453125 0.009375 0.02109375
0 0.575 0.7453125 0.10546875 0.02109375
0 0.70625 0.7453125 0.1109375 0.02109375
0 0.5125 0.7921875 0.59296875 0.03125
0 0.42421875 0.81796875 0.1109375 0.0203125
0 0.3125 0.94375 0.01171875 0.0203125
0 0.71015625 0.94453125 0.02265625 0.01953125
0 0.89296875 0.9453125 0.08046875 0.0203125
0 0.40859375 0.96796875 0.04453125 0.02109375
0 0.58984375 0.96875 0.26328125 0.021875
0 0.471875 0.1484375 0.175 0.02578125
0 0.7140625 0.14765625 0.2375 0.01953125
0 0.771875 0.19765625 0.06328125 0.0203125
0 0.23984375 0.240625 0.02265625 0.01796875
0 0.6953125 0.32578125 0.0828125 0.02421875
0 0.53984375 0.3796875 0.02421875 0.01875
0 0.815625 0.446875 0.159375 0.021875
0 0.71640625 0.4453125 0.01796875 0.0109375
0 0.771875 0.3796875 0.015625 0.0078125
0 0.2109375 0.4140625 0.20546875 0.0234375
0 0.22734375 0.4796875 0.12421875 0.015625
0 0.12421875 0.478125 0.0125 0.0203125
0 0.25703125 0.53203125 0.03671875 0.01328125
0 0.23515625 0.72265625 0.07734375 0.015625
0 0.14296875 0.721875 0.07734375 0.0171875
0 0.2625 0.74453125 0.09375 0.015625
0 0.4625 0.7453125 0.075 0.015625
0 0.26953125 0.81796875 0.16171875 0.01796875
0 0.12890625 0.81640625 0.0953125 0.0171875
0 0.29296875 0.67890625 0.115625 0.01484375
0 0.33203125 0.615625 0.26328125 0.0140625
0 0.13671875 0.615625 0.05703125 0.01484375
0 0.328125 0.55390625 0.08984375 0.0140625
0 0.77421875 0.94296875 0.06796875 0.021875
0 0.21953125 0.94375 0.05078125 0.021875
0 0.1390625 0.94296875 0.0515625 0.02109375