0 0.390625 0.1515625 0.071875 0.01640625
0 0.48359375 0.153125 0.071875 0.01484375
0 0.38203125 0.1734375 0.0515625 0.0140625
0 0.15390625 0.1734375 0.0546875 0.01484375
0 0.26796875 0.1734375 0.128125 0.01484375
0 0.45546875 0.1734375 0.0546875 0.01484375
0 0.60703125 0.1734375 0.19921875 0.0171875
0 0.534375 0.19375 0.08671875 0.01640625
0 0.40078125 0.19375 0.1296875 0.01640625
0 0.6625 0.19453125 0.1234375 0.01796875
0 0.21796875 0.1953125 0.1796875 0.01640625
0 0.36328125 0.215625 0.08828125 0.015625
0 0.4859375 0.215625 0.1109375 0.015625
0 0.34296875 0.2359375 0.046875 0.01640625
0 0.51171875 0.23671875 0.240625 0.0171875
0 0.259375 0.2375 0.06875 0.01640625
0 0.4859375 0.27890625 0.25546875 0.01640625
0 0.2578125 0.27890625 0.1078125 0.01640625
0 0.14375 0.32890625 0.184375 0.03046875
0 0.42890625 0.3296875 0.2953125 0.02890625
0 0.08125 0.37578125 0.05 0.015625
0 0.27890625 0.37578125 0.109375 0.015625
0 0.1515625 0.378125 0.03984375 0.01796875
0 0.08828125 0.396875 0.07421875 0.01640625
0 0.32578125 0.396875 0.1671875 0.01640625
0 0.50625 0.396875 0.14609375 0.01640625
0 0.10859375 0.4171875 0.1109375 0.01640625
0 0.35390625 0.4171875 0.071875 0.01640625
0 0.4765625 0.41796875 0.128125 0.0140625
0 0.259375 0.41953125 0.071875 0.01640625
0 0.6828125 0.46015625 0.08515625 0.01484375
0 0.77890625 0.46015625 0.053125 0.01484375
0 0.36328125 0.4609375 0.053125 0.01796875
0 0.1546875 0.46171875 0.20703125 0.01640625
0 0.53359375 0.46171875 0.1296875 0.01640625
0 0.10859375 0.50234375 0.1109375 0.01640625
0 0.29609375 0.50234375 0.21953125 0.01875
0 0.525 0.52265625 0.07421875 0.01640625
0 0.69609375 0.52265625 0.071875 0.01640625
0 0.7890625 0.52265625 0.03671875 0.01640625
0 0.346875 0.5234375 0.0515625 0.01484375
0 0.096875 0.565625 0.08828125 0.01640625
0 0.2015625 0.56640625 0.06875 0.01640625
0 0.2703125 0.56640625 0.0046875 0.0140625
0 0.096875 0.58671875 0.08828125 0.015625
0 0.7703125 0.58671875 0.07421875 0.015625
0 0.26328125 0.5875 0.1796875 0.01796875
0 0.41875 0.5875 0.08671875 0.0171875
0 0.08125 0.60703125 0.05 0.015625
0 0.7703125 0.60703125 0.07421875 0.015625
0 0.19453125 0.60859375 0.13125 0.0171875
0 0.31875 0.609375 0.071875 0.01953125
0 0.096875 0.62734375 0.08828125 0.01640625
0 0.39296875 0.62734375 0.03203125 0.01640625
0 0.7703125 0.628125 0.07421875 0.01640625
0 0.26328125 0.62890625 0.1796875 0.0171875
0 0.46953125 0.6296875 0.071875 0.01796875
0 0.73125 0.678125 0.14921875 0.03359375
0 0.14609375 0.67890625 0.1890625 0.0328125
0 0.09140625 0.746875 0.07421875 0.01640625
0 0.76484375 0.746875 0.08828125 0.01484375
0 0.7734375 0.765625 0.0703125 0.01484375
0 0.1109375 0.765625 0.109375 0.01484375
0 0.08125 0.828125 0.053125 0.01484375
0 0.48828125 0.828125 0.109375 0.01484375
0 0.5828125 0.828125 0.0671875 0.0171875
0 0.7421875 0.828125 0.1265625 0.0171875
0 0.19609375 0.82890625 0.128125 0.01640625
0 0.5828125 0.84765625 0.07421875 0.0140625
0 0.07109375 0.8484375 0.03671875 0.01484375
0 0.771875 0.8484375 0.07421875 0.01484375
0 0.32578125 0.8484375 0.0515625 0.0171875
0 0.26484375 0.8484375 0.02890625 0.0171875
0 0.38515625 0.95078125 0.08984375 0.01640625
0 0.478125 0.9515625 0.0546875 0.01484375
0 0.33671875 0.97265625 0.1125 0.01484375
0 0.4515625 0.97265625 0.071875 0.01640625
0 0.5546875 0.9734375 0.09140625 0.01640625