0 0.41015625 0.1046875 0.2609375 0.01953125
0 0.64921875 0.1046875 0.14453125 0.021875
0 0.4078125 0.134375 0.1484375 0.0203125
0 0.58359375 0.134375 0.13046875 0.0203125
0 0.50390625 0.16328125 0.29296875 0.021875
0 0.37890625 0.18828125 0.06015625 0.015625
0 0.28515625 0.18828125 0.04921875 0.01796875
0 0.4890625 0.1890625 0.1046875 0.0171875
0 0.62109375 0.18984375 0.1046875 0.01640625
0 0.70859375 0.190625 0.0203125 0.015625
0 0.26796875 0.2109375 0.1046875 0.01640625
0 0.4015625 0.2125 0.1046875 0.01640625
0 0.5296875 0.2125 0.09921875 0.01640625
0 0.63203125 0.21328125 0.03984375 0.01796875
0 0.71640625 0.21328125 0.078125 0.01796875
0 0.44453125 0.2359375 0.10859375 0.01796875
0 0.54375 0.2375 0.040625 0.015625
0 0.509375 0.2765625 0.1734375 0.0203125
0 0.27109375 0.34140625 0.09921875 0.01796875
0 0.11796875 0.34140625 0.1421875 0.0171875
0 0.62265625 0.34375 0.284375 0.01796875
0 0.071875 0.365625 0.06328125 0.0171875
0 0.165625 0.36640625 0.0765625 0.015625
0 0.08046875 0.3890625 0.08203125 0.01796875
0 0.2796875 0.3890625 0.1734375 0.01796875
0 0.47890625 0.3890625 0.1734375 0.0171875
0 0.14609375 0.42421875 0.2125 0.03203125
0 0.48125 0.425 0.07578125 0.03203125
0 0.12265625 0.48125 0.06875 0.015625
0 0.33359375 0.4828125 0.05625 0.015625
0 0.678125 0.4828125 0.13359375 0.015625
0 0.4953125 0.48359375 0.13359375 0.0171875
0 0.89609375 0.48359375 0.05625 0.015625
0 0.82421875 0.48359375 0.05625 0.015625
0 0.09765625 0.528125 0.02890625 0.015625
0 0.16875 0.528125 0.08515625 0.015625
0 0.56640625 0.528125 0.08515625 0.01796875
0 0.7765625 0.528125 0.04453125 0.0203125
0 0.675 0.52890625 0.08203125 0.01640625
0 0.36796875 0.5296875 0.2640625 0.01953125
0 0.66640625 0.5515625 0.1078125 0.01796875
0 0.5125 0.55234375 0.01171875 0.015625
0 0.87578125 0.55234375 0.084375 0.0171875
0 0.55546875 0.57421875 0.04296875 0.01953125
0 0.42109375 0.575 0.15078125 0.01640625
0 0.2796875 0.57578125 0.08515625 0.01796875
0 0.14921875 0.57578125 0.12734375 0.01796875
0 0.51171875 0.59765625 0.0109375 0.015625
0 0.66796875 0.5984375 0.10546875 0.015625
0 0.87578125 0.5984375 0.084375 0.0171875
0 0.35859375 0.6203125 0.04609375 0.0203125
0 0.1578125 0.6203125 0.15078125 0.01796875
0 0.29296875 0.62265625 0.0609375 0.0203125
0 0.62421875 0.6453125 0.1046875 0.01640625
0 0.4671875 0.6453125 0.01171875 0.015625
0 0.83125 0.6453125 0.08515625 0.0171875
0 0.290625 0.66796875 0.06015625 0.015625
0 0.1578125 0.66796875 0.15078125 0.015625
0 0.35625 0.690625 0.0203125 0.0171875
0 0.521875 0.690625 0.08671875 0.01796875
0 0.7203125 0.69140625 0.0875 0.0171875
0 0.89921875 0.6921875 0.08203125 0.0171875
0 0.19140625 0.71484375 0.08515625 0.015625
0 0.12578125 0.7375 0.084375 0.015625
0 0.225 0.7375 0.04609375 0.0203125
0 0.42421875 0.76015625 0.0171875 0.015625
0 0.58984375 0.7625 0.08359375 0.015625
0 0.9296875 0.7625 0.0140625 0.015625
0 0.78828125 0.7625 0.084375 0.0171875
0 0.1578125 0.8078125 0.06328125 0.015625
0 0.265625 0.8078125 0.09921875 0.015625
0 0.4125 0.8078125 0.128125 0.015625
0 0.765625 0.8078125 0.03984375 0.015625
0 0.58671875 0.8078125 0.17109375 0.01640625
0 0.8640625 0.809375 0.10859375 0.01640625
0 0.20234375 0.83046875 0.15078125 0.015625
0 0.78515625 0.83046875 0.04296875 0.015625
0 0.87421875 0.83203125 0.08515625 0.01640625
0 0.3671875 0.83203125 0.128125 0.01796875
0 0.31328125 0.8546875 0.10546875 0.0171875
0 0.1796875 0.8546875 0.0984375 0.0171875
0 0.8640625 0.8546875 0.10859375 0.0171875
0 0.765625 0.8546875 0.03984375 0.015625
0 0.78515625 0.87734375 0.04296875 0.015625
0 0.87578125 0.878125 0.084375 0.0171875
0 0.2140625 0.8796875 0.17421875 0.01953125
0 0.4328125 0.8796875 0.215625 0.01796875
0 0.22265625 0.92421875 0.1953125 0.0296875
0 0.65234375 0.925 0.0734375 0.0296875
0 0.83359375 0.925 0.1953125 0.03046875