0 0.16484375 0.1078125 0.10859375 0.01875
0 0.34609375 0.11015625 0.21015625 0.02109375
0 0.6265625 0.109375 0.32109375 0.01875
0 0.45 0.13984375 0.2609375 0.01953125
0 0.45234375 0.1640625 0.23671875 0.01484375
0 0.40859375 0.1890625 0.09453125 0.01640625
0 0.50546875 0.18984375 0.065625 0.0171875
0 0.29765625 0.190625 0.09296875 0.01953125
0 0.60390625 0.19140625 0.09609375 0.02109375
0 0.19296875 0.2125 0.1453125 0.01796875
0 0.5 0.2140625 0.0796875 0.01640625
0 0.36171875 0.21484375 0.15703125 0.01953125
0 0.66875 0.215625 0.221875 0.01875
0 0.221875 0.23828125 0.13046875 0.01953125
0 0.3828125 0.23828125 0.14375 0.01953125
0 0.515625 0.23984375 0.09453125 0.01953125
0 0.66171875 0.23984375 0.165625 0.02109375
0 0.3984375 0.2609375 0.23046875 0.01796875
0 0.57578125 0.2609375 0.09453125 0.01640625
0 0.35234375 0.2859375 0.0828125 0.015625
0 0.5 0.28515625 0.1875 0.01640625
0 0.2140625 0.3078125 0.0796875 0.015625
0 0.38984375 0.3078125 0.0625 0.01640625
0 0.58046875 0.309375 0.284375 0.01640625
0 0.30546875 0.31015625 0.06796875 0.01953125
0 0.0859375 0.3421875 0.06640625 0.0140625
0 0.15703125 0.3421875 0.04609375 0.0140625
0 0.37734375 0.3421875 0.2265625 0.015625
0 0.0640625 0.36640625 0.02890625 0.01171875
0 0.5828125 0.3671875 0.14921875 0.015625
0 0.38203125 0.36796875 0.2203125 0.0203125
0 0.69921875 0.36796875 0.05234375 0.01484375
0 0.15546875 0.4140625 0.209375 0.01953125
0 0.61796875 0.41484375 0.09296875 0.01796875
0 0.4640625 0.415625 0.06796875 0.01875
0 0.78203125 0.415625 0.15390625 0.01640625
0 0.2328125 0.43671875 0.1609375 0.01640625
0 0.0953125 0.43671875 0.0828125 0.01484375
0 0.48515625 0.43828125 0.01328125 0.01640625
0 0.62109375 0.43828125 0.084375 0.01640625
0 0.809375 0.43828125 0.0828125 0.015625
0 0.90859375 0.43828125 0.07265625 0.0171875
0 0.09453125 0.459375 0.08671875 0.015625
0 0.165625 0.459375 0.0234375 0.015625
0 0.2015625 0.459375 0.0203125 0.015625
0 0.3140625 0.459375 0.11171875 0.015625
0 0.39375 0.46015625 0.015625 0.01796875
0 0.1015625 0.48046875 0.1046875 0.015625
0 0.10703125 0.5046875 0.11484375 0.015625
0 0.2578125 0.5046875 0.15234375 0.01640625
0 0.4828125 0.50625 0.015625 0.015625
0 0.60703125 0.50625 0.103125 0.01640625
0 0.79921875 0.50703125 0.103125 0.01484375
0 0.90859375 0.50703125 0.06953125 0.01640625
0 0.08046875 0.52578125 0.0625 0.01484375
0 0.2109375 0.52578125 0.025 0.01484375
0 0.3421875 0.52734375 0.0578125 0.01484375
0 0.1578125 0.52734375 0.05546875 0.01796875
0 0.265625 0.528125 0.0578125 0.01875
0 0.1015625 0.5484375 0.1015625 0.0140625
0 0.1046875 0.57109375 0.10703125 0.01484375
0 0.28828125 0.571875 0.228125 0.01484375
0 0.4828125 0.57265625 0.01328125 0.015625
0 0.61796875 0.57265625 0.084375 0.0140625
0 0.809375 0.57265625 0.0828125 0.015625
0 0.90859375 0.57265625 0.06953125 0.015625
0 0.09140625 0.59375 0.084375 0.015625
0 0.39140625 0.62890625 0.06796875 0.0171875
0 0.49453125 0.63046875 0.11171875 0.01875
0 0.809375 0.63046875 0.0828125 0.015625
0 0.3859375 0.65390625 0.11875 0.01640625
0 0.5046875 0.6546875 0.08828125 0.01640625
0 0.809375 0.6546875 0.0859375 0.01640625
0 0.43125 0.68203125 0.2234375 0.021875
0 0.24921875 0.6828125 0.11171875 0.021875
0 0.7953125 0.68359375 0.16875 0.02109375
0 0.7984375 0.7140625 0.10703125 0.01640625
0 0.26328125 0.7140625 0.08828125 0.01796875
0 0.409375 0.7140625 0.16875 0.01796875
0 0.796875 0.73671875 0.10703125 0.01484375
0 0.4234375 0.73828125 0.140625 0.021875
0 0.08671875 0.771875 0.07578125 0.01640625
0 0.228125 0.771875 0.1796875 0.01875
0 0.51171875 0.7734375 0.2453125 0.01953125
0 0.7703125 0.77421875 0.1640625 0.021875
0 0.15390625 0.79609375 0.20625 0.01640625
0 0.54921875 0.79609375 0.103125 0.01640625
0 0.8125 0.79609375 0.084375 0.01796875
0 0.40078125 0.8484375 0.125 0.01640625
0 0.515625 0.84921875 0.08125 0.0171875
0 0.32109375 0.87109375 0.11875 0.01796875
0 0.4484375 0.87109375 0.10703125 0.01640625
0 0.5734375 0.8734375 0.11328125 0.01953125