0 0.2453125 0.21640625 0.059375 0.01953125
0 0.37421875 0.21640625 0.128125 0.01953125
0 0.59765625 0.21640625 0.06484375 0.01953125
0 0.6921875 0.21640625 0.06640625 0.01953125
0 0.5046875 0.2171875 0.059375 0.02265625
0 0.34296875 0.2453125 0.15546875 0.02265625
0 0.565625 0.2453125 0.2171875 0.02265625
0 0.10859375 0.27109375 0.06171875 0.01953125
0 0.2390625 0.27109375 0.13125 0.02109375
0 0.7390625 0.27109375 0.06484375 0.02109375
0 0.62109375 0.271875 0.11171875 0.01953125
0 0.34140625 0.271875 0.01953125 0.01953125
0 0.8109375 0.271875 0.01953125 0.02109375
0 0.45859375 0.27265625 0.146875 0.02265625
0 0.17734375 0.2984375 0.1578125 0.02109375
0 0.434375 0.2984375 0.29921875 0.02109375
0 0.7125 0.3 0.2 0.02265625
0 0.17890625 0.325 0.11015625 0.02109375
0 0.72734375 0.32578125 0.18203125 0.02109375
0 0.30546875 0.32578125 0.0859375 0.02109375
0 0.49140625 0.3265625 0.22109375 0.02265625
0 0.3078125 0.353125 0.03984375 0.02109375
0 0.37890625 0.35390625 0.03828125 0.01953125
0 0.2140625 0.35390625 0.084375 0.02265625
0 0.58828125 0.3546875 0.31328125 0.02265625
0 0.353125 0.38125 0.08359375 0.02421875
0 0.51484375 0.38125 0.17734375 0.02265625
0 0.50859375 0.4078125 0.159375 0.02265625
0 0.365625 0.40859375 0.06484375 0.02109375
0 0.0265625 0.46015625 0.0421875 0.02421875
0 0.6828125 0.46171875 0.13828125 0.02265625
0 0.13125 0.4625 0.1125 0.02109375
0 0.284375 0.4625 0.13125 0.02109375
0 0.48203125 0.4625 0.203125 0.02109375
0 0.79921875 0.4625 0.046875 0.02421875
0 0.9375 0.46328125 0.040625 0.02109375
0 0.04921875 0.48984375 0.090625 0.01953125
0 0.2046875 0.48984375 0.059375 0.02109375
0 0.13125 0.48984375 0.0171875 0.0046875
0 0.084375 0.5171875 0.1578125 0.01953125
0 0.553125 0.51796875 0.06171875 0.01953125
0 0.68125 0.51796875 0.0875 0.01953125
0 0.84375 0.51796875 0.0875 0.01953125
0 0.25 0.571875 0.00546875 0.01953125
0 0.925 0.57265625 0.0171875 0.01953125
0 0.08515625 0.57265625 0.15078125 0.02265625
0 0.77265625 0.5734375 0.1296875 0.02265625
0 0.20234375 0.5734375 0.00703125 0.015625
0 0.8796875 0.575 0.00703125 0.015625
0 0.89140625 0.625 0.0875 0.02421875
0 0.059375 0.62578125 0.1046875 0.02109375
0 0.1921875 0.62578125 0.090625 0.02109375
0 0.35234375 0.62578125 0.13515625 0.02109375
0 0.7984375 0.6265625 0.03984375 0.01953125
0 0.0484375 0.65390625 0.0890625 0.02109375
0 0.8796875 0.6546875 0.11171875 0.02109375
0 0.7734375 0.6546875 0.04375 0.01953125
0 0.071875 0.68125 0.13515625 0.02109375
0 0.7734375 0.68203125 0.04375 0.02109375
0 0.8796875 0.68203125 0.11171875 0.02109375
0 0.03671875 0.7359375 0.06171875 0.02109375
0 0.1296875 0.7359375 0.06484375 0.02109375
0 0.52734375 0.73671875 0.1046875 0.02109375
0 0.728125 0.73671875 0.03984375 0.02109375
0 0.28515625 0.73671875 0.17734375 0.02109375
0 0.42421875 0.73671875 0.03984375 0.02109375
0 0.81796875 0.7375 0.084375 0.02109375
0 0.09765625 0.790625 0.1765625 0.02109375
0 0.27265625 0.790625 0.10859375 0.02109375
0 0.8234375 0.790625 0.228125 0.02578125
0 0.396875 0.79140625 0.08359375 0.02109375
0 0.51796875 0.79140625 0.0875 0.02109375
0 0.65625 0.79140625 0.040625 0.01953125
0 0.0953125 0.81796875 0.18203125 0.02109375
0 0.48203125 0.81875 0.1578125 0.02109375
0 0.29453125 0.81875 0.15546875 0.02109375
0 0.528125 0.8734375 0.159375 0.02109375
0 0.38671875 0.8734375 0.06484375 0.02109375
0 0.23671875 0.8734375 0.18046875 0.02109375
0 0.70390625 0.87421875 0.13515625 0.02109375
0 0.246875 0.90078125 0.0171875 0.02109375
0 0.3171875 0.90078125 0.06484375 0.02109375
0 0.42421875 0.90078125 0.0859375 0.02109375
0 0.58515625 0.90078125 0.175 0.02265625
0 0.51796875 0.92890625 0.0875 0.02109375
0 0.2828125 0.92890625 0.18203125 0.02109375
0 0.42421875 0.92890625 0.03984375 0.02109375
0 0.665625 0.92890625 0.15546875 0.02265625