0 0.721875 0.12109375 0.07578125 0.0125
0 0.415625 0.12265625 0.01953125 0.0125
0 0.3390625 0.12265625 0.0828125 0.01171875
0 0.61484375 0.12265625 0.0796875 0.01328125
0 0.4984375 0.12421875 0.10390625 0.015625
0 0.23359375 0.125 0.0828125 0.015625
0 0.70234375 0.1421875 0.084375 0.0125
0 0.2875 0.14296875 0.15 0.0125
0 0.4890625 0.14296875 0.0421875 0.0125
0 0.596875 0.14296875 0.08125 0.0125
0 0.415625 0.14296875 0.06171875 0.0140625
0 0.61640625 0.16328125 0.25 0.01328125
0 0.4046875 0.16328125 0.0421875 0.01328125
0 0.24453125 0.16328125 0.06171875 0.01328125
0 0.3296875 0.16484375 0.06171875 0.015625
0 0.509375 0.20546875 0.321875 0.02578125
0 0.1375 0.225 0.14296875 0.0140625
0 0.43515625 0.225 0.10390625 0.0140625
0 0.253125 0.225 0.040625 0.0140625
0 0.71328125 0.24453125 0.14921875 0.0125
0 0.10625 0.2453125 0.0828125 0.0125
0 0.57421875 0.2453125 0.08125 0.0125
0 0.40390625 0.24609375 0.040625 0.01328125
0 0.47734375 0.24609375 0.059375 0.015625
0 0.4046875 0.265625 0.0390625 0.0125
0 0.13671875 0.26640625 0.14453125 0.0125
0 0.7359375 0.30546875 0.14609375 0.01171875
0 0.43515625 0.30625 0.14921875 0.0125
0 0.58359375 0.30625 0.10546875 0.0125
0 0.203125 0.30703125 0.10546875 0.0125
0 0.096875 0.30703125 0.06171875 0.0125
0 0.3078125 0.30703125 0.059375 0.0125
0 0.90625 0.32578125 0.02109375 0.0125
0 0.821875 0.3265625 0.10390625 0.0140625
0 0.203125 0.32734375 0.10234375 0.0125
0 0.07421875 0.328125 0.0140625 0.0125
0 0.1171875 0.32890625 0.02109375 0.00859375
0 0.09453125 0.34765625 0.06015625 0.0125
0 0.4671875 0.34765625 0.0828125 0.01328125
0 0.21328125 0.34765625 0.1265625 0.01328125
0 0.35078125 0.34765625 0.10234375 0.01328125
0 0.90625 0.3671875 0.02109375 0.0125
0 0.83046875 0.36796875 0.0859375 0.0125
0 0.190625 0.36796875 0.08125 0.0125
0 0.07421875 0.36875 0.0140625 0.0125
0 0.1171875 0.36953125 0.02109375 0.009375
0 0.190625 0.38828125 0.084375 0.01328125
0 0.09453125 0.38828125 0.06015625 0.01328125
0 0.3078125 0.3890625 0.10703125 0.01328125
0 0.4265625 0.3890625 0.0828125 0.01328125
0 0.9046875 0.4078125 0.01953125 0.0140625
0 0.8328125 0.4078125 0.084375 0.0125
0 0.190625 0.409375 0.084375 0.0125
0 0.07421875 0.409375 0.0109375 0.0140625
0 0.1171875 0.4109375 0.02109375 0.009375
0 0.53203125 0.42890625 0.08125 0.0125
0 0.25625 0.42890625 0.125 0.01328125
0 0.1171875 0.42890625 0.10546875 0.01328125
0 0.40390625 0.4296875 0.125 0.01328125
0 0.821875 0.44921875 0.10390625 0.0125
0 0.9046875 0.44921875 0.01953125 0.0125
0 0.203125 0.45 0.10234375 0.0125
0 0.07421875 0.45 0.0171875 0.0125
0 0.1171875 0.4515625 0.02109375 0.009375
0 0.6375 0.4703125 0.03671875 0.0125
0 0.75625 0.4703125 0.14453125 0.0125
0 0.10546875 0.4703125 0.08125 0.01328125
0 0.2453125 0.47109375 0.14765625 0.0125
0 0.54296875 0.47109375 0.10546875 0.0125
0 0.40625 0.4703125 0.125 0.0125
0 0.90625 0.490625 0.02109375 0.0125
0 0.8328125 0.490625 0.084375 0.0125
0 0.190625 0.490625 0.08125 0.0125
0 0.07421875 0.49140625 0.01953125 0.0125
0 0.384375 0.49296875 0.24609375 0.01640625
0 0.1171875 0.4921875 0.02109375 0.009375
0 0.51015625 0.5109375 0.08125 0.0125
0 0.7140625 0.5109375 0.1421875 0.0140625
0 0.1484375 0.51171875 0.1640625 0.0140625
0 0.35078125 0.51171875 0.18671875 0.0140625
0 0.9046875 0.53125 0.01953125 0.01328125
0 0.821875 0.53125 0.10703125 0.0125
0 0.203125 0.53203125 0.10546875 0.01328125
0 0.07421875 0.5328125 0.0140625 0.0125
0 0.1171875 0.53359375 0.02109375 0.009375
0 0.1171875 0.55234375 0.10546875 0.0125
0 0.2109375 0.553125 0.03671875 0.0125
0 0.90703125 0.57265625 0.0171875 0.0125
0 0.821875 0.57265625 0.10390625 0.0125
0 0.11640625 0.5734375 0.10390625 0.0125
0 0.28984375 0.5734375 0.10546875 0.01328125
0 0.20234375 0.575 0.0171875 0.009375
0 0.128125 0.59296875 0.121875 0.0140625
0 0.36171875 0.59296875 0.04375 0.0125
0 0.2671875 0.59375 0.10546875 0.0140625
0 0.90703125 0.6125 0.01953125 0.0125
0 0.82421875 0.6125 0.10703125 0.0125
0 0.07421875 0.6125 0.01953125 0.0125
0 0.190625 0.6140625 0.084375 0.01328125
0 0.1171875 0.61484375 0.02109375 0.00859375
0 0.36484375 0.65390625 0.03828125 0.0125
0 0.08359375 0.6546875 0.040625 0.01328125
0 0.14921875 0.6546875 0.0390625 0.0125
0 0.25390625 0.6546875 0.11796875 0.01328125
0 0.85625 0.67421875 0.125 0.0125
0 0.49140625 0.67421875 0.07890625 0.0125
0 0.63984375 0.675 0.128125 0.01328125
0 0.37265625 0.67578125 0.10234375 0.01328125
0 0.85625 0.6953125 0.125 0.0125
0 0.25390625 0.6953125 0.1265625 0.0125
0 0.52109375 0.6953125 0.35703125 0.0125
0 0.878125 0.71640625 0.0859375 0.0125
0 0.60859375 0.71796875 0.18984375 0.015625
0 0.8765625 0.73671875 0.08125 0.0125
0 0.6 0.73828125 0.21328125 0.015625
0 0.52578125 0.75703125 0.06015625 0.01328125
0 0.2671875 0.7578125 0.10546875 0.01328125
0 0.128125 0.7578125 0.125 0.01328125
0 0.40390625 0.75859375 0.11953125 0.01640625
0 0.45859375 0.77734375 0.10546875 0.0125
0 0.33046875 0.77734375 0.10546875 0.0125
0 0.128125 0.77734375 0.125 0.0125
0 0.23359375 0.77890625 0.040625 0.015625
0 0.415625 0.81796875 0.06171875 0.0125
0 0.5453125 0.81953125 0.14765625 0.015625
0 0.096875 0.8390625 0.06171875 0.0125
0 0.19375 0.83984375 0.08125 0.0125
0 0.6203125 0.84140625 0.20625 0.01640625
0 0.846875 0.8421875 0.14296875 0.015625
0 0.07421875 0.859375 0.01953125 0.0125
0 0.88125 0.86015625 0.0828125 0.0125
0 0.159375 0.86015625 0.10234375 0.0125
0 0.6765625 0.8609375 0.1078125 0.01328125
0 0.075 0.88046875 0.02109375 0.0125
0 0.878125 0.88046875 0.0828125 0.0125
0 0.16015625 0.88125 0.10390625 0.0125
0 0.6765625 0.88125 0.1078125 0.0125
0 0.56953125 0.94296875 0.3640625 0.0125
0 0.2453125 0.94296875 0.06328125 0.01328125
0 0.3296875 0.94296875 0.059375 0.0125
0 0.64296875 0.9625 0.2109375 0.0140625
0 0.815625 0.9625 0.0390625 0.0125
0 0.3953125 0.96328125 0.06015625 0.0125
0 0.30234375 0.96328125 0.084375 0.0125
0 0.1828125 0.96328125 0.10078125 0.0140625
0 0.48359375 0.96328125 0.06328125 0.0140625