0 0.34296875 0.04453125 0.325 0.01953125
0 0.65546875 0.04453125 0.18125 0.01953125
0 0.38984375 0.07109375 0.11328125 0.0234375
0 0.18671875 0.071875 0.1078125 0.0203125
0 0.5796875 0.071875 0.134375 0.01953125
0 0.7265625 0.071875 0.0390625 0.01953125
0 0.79765625 0.071875 0.0875 0.01953125
0 0.396875 0.09375 0.05546875 0.01015625
0 0.29140625 0.09375 0.075 0.0109375
0 0.571875 0.09375 0.2 0.01171875
0 0.20078125 0.11015625 0.0875 0.0109375
0 0.39453125 0.11015625 0.05546875 0.009375
0 0.30546875 0.1109375 0.065625 0.0109375
0 0.6171875 0.1109375 0.30390625 0.0109375
0 0.0765625 0.12734375 0.0375 0.01015625
0 0.2546875 0.12734375 0.11171875 0.01015625
0 0.4203125 0.12734375 0.15078125 0.0109375
0 0.58046875 0.12734375 0.0859375 0.01015625
0 0.6875 0.12734375 0.065625 0.01015625
0 0.14140625 0.12734375 0.03203125 0.0109375
0 0.81015625 0.128125 0.11015625 0.0109375
0 0.18359375 0.14375 0.1140625 0.009375
0 0.3265625 0.14453125 0.11015625 0.0109375
0 0.4921875 0.1453125 0.15078125 0.0109375
0 0.70078125 0.1453125 0.184375 0.0109375
0 0.2453125 0.16171875 0.14140625 0.0109375
0 0.4359375 0.16171875 0.18671875 0.0109375
0 0.6421875 0.16171875 0.1625 0.01171875
0 0.54453125 0.19609375 0.2609375 0.01015625
0 0.3 0.196875 0.06484375 0.0109375
0 0.1234375 0.23125 0.18515625 0.0125
0 0.30546875 0.23203125 0.11171875 0.0109375
0 0.7984375 0.23125 0.23125 0.0109375
0 0.48359375 0.23125 0.09140625 0.01171875
0 0.58828125 0.23125 0.0578125 0.01171875
0 0.0890625 0.2484375 0.115625 0.01171875
0 0.7484375 0.24921875 0.13984375 0.0109375
0 0.578125 0.24921875 0.134375 0.01015625
0 0.61953125 0.2828125 0.2984375 0.01015625
0 0.396875 0.2828125 0.06015625 0.01015625
0 0.14765625 0.2828125 0.134375 0.01015625
0 0.2921875 0.2828125 0.08984375 0.01015625
0 0.55625 0.30078125 0.1828125 0.0109375
0 0.19765625 0.30078125 0.0890625 0.01015625
0 0.3484375 0.30078125 0.1546875 0.01171875
0 0.1609375 0.33515625 0.25546875 0.01171875
0 0.76875 0.33515625 0.134375 0.0109375
0 0.05625 0.36875 0.040625 0.01015625
0 0.1859375 0.36875 0.15703125 0.01015625
0 0.9046875 0.36953125 0.021875 0.01171875
0 0.8203125 0.36953125 0.09296875 0.0109375
0 0.3296875 0.36953125 0.06328125 0.0109375
0 0.459375 0.36953125 0.13203125 0.0109375
0 0.26171875 0.3859375 0.1078125 0.0109375
0 0.484375 0.3859375 0.0875 0.01015625
0 0.37734375 0.38671875 0.065625 0.01015625
0 0.10390625 0.3859375 0.13828125 0.01171875
0 0.05859375 0.4203125 0.04140625 0.009375
0 0.2484375 0.4203125 0.13671875 0.01015625
0 0.3640625 0.4203125 0.0375 0.01015625
0 0.46171875 0.4203125 0.08984375 0.01015625
0 0.128125 0.4203125 0.04453125 0.01015625
0 0.2140625 0.4375 0.021875 0.00703125
0 0.296875 0.4375 0.0890625 0.0109375
0 0.80859375 0.4375 0.1140625 0.01171875
0 0.140625 0.4375 0.065625 0.0109375
0 0.903125 0.43828125 0.021875 0.01171875
0 0.8078125 0.4546875 0.11328125 0.0109375
0 0.1546875 0.4546875 0.18515625 0.01171875
0 0.3203125 0.4546875 0.08984375 0.0109375
0 0.41640625 0.4546875 0.0375 0.01015625
0 0.90234375 0.48828125 0.02578125 0.01015625
0 0.06171875 0.48828125 0.04296875 0.01015625
0 0.4046875 0.48828125 0.2046875 0.01015625
0 0.13359375 0.48828125 0.0390625 0.0109375
0 0.22734375 0.48828125 0.09140625 0.0109375
0 0.821875 0.48828125 0.08984375 0.01171875
0 0.12890625 0.50546875 0.13671875 0.01015625
0 0.3203125 0.50546875 0.184375 0.0109375
0 0.80859375 0.50546875 0.1140625 0.0109375
0 0.415625 0.52265625 0.09140625 0.01015625
0 0.90390625 0.521875 0.02578125 0.01171875
0 0.28359375 0.521875 0.11328125 0.0109375
0 0.11796875 0.521875 0.1609375 0.0109375
0 0.8203125 0.52265625 0.08984375 0.01171875
0 0.12734375 0.5390625 0.13671875 0.0109375
0 0.80703125 0.5390625 0.1140625 0.01171875
0 0.3171875 0.5390625 0.1828125 0.0109375
0 0.46015625 0.55625 0.08984375 0.0109375
0 0.36328125 0.55625 0.04140625 0.0109375
0 0.809375 0.55625 0.11328125 0.01171875
0 0.2828125 0.55625 0.06328125 0.0109375
0 0.1640625 0.55625 0.115625 0.01171875
0 0.90234375 0.55625 0.02578125 0.01171875
0 0.0578125 0.55703125 0.04296875 0.01171875
0 0.809375 0.5734375 0.115625 0.01171875
0 0.31484375 0.5734375 0.184375 0.01015625
0 0.12578125 0.5734375 0.1359375 0.01015625
0 0.49609375 0.6078125 0.0671875 0.01171875
0 0.80703125 0.6078125 0.11953125 0.01171875
0 0.41015625 0.6078125 0.04296875 0.0109375
0 0.30078125 0.6078125 0.09921875 0.0109375
0 0.1984375 0.6078125 0.04453125 0.0109375
0 0.0875 0.6078125 0.11015625 0.0109375
0 0.2796875 0.62578125 0.06171875 0.0109375
0 0.125 0.62578125 0.18515625 0.0109375
0 0.81953125 0.62578125 0.09140625 0.01171875
0 0.80703125 0.6421875 0.1171875 0.01171875
0 0.0875 0.6421875 0.11328125 0.0109375
0 0.196875 0.6421875 0.04453125 0.0109375
0 0.7953125 0.659375 0.14140625 0.01171875
0 0.07734375 0.659375 0.08984375 0.01171875
0 0.80703125 0.6765625 0.11953125 0.01171875
0 0.10234375 0.6765625 0.13984375 0.0109375
0 0.85625 0.71171875 0.01875 0.0109375
0 0.07890625 0.7109375 0.08203125 0.0109375
0 0.20546875 0.7109375 0.11015625 0.0109375
0 0.06328125 0.728125 0.0671875 0.0109375
0 0.5546875 0.72890625 0.08203125 0.01171875
0 0.7078125 0.72890625 0.06875 0.01171875
0 0.81953125 0.72890625 0.084375 0.01171875
0 0.2046875 0.7296875 0.1609375 0.0109375
0 0.40703125 0.72890625 0.134375 0.01015625
0 0.08828125 0.74609375 0.0203125 0.0078125
0 0.5796875 0.74609375 0.0375 0.0109375
0 0.146875 0.74609375 0.04453125 0.0109375
0 0.03984375 0.74609375 0.0203125 0.0109375
0 0.82109375 0.74609375 0.08359375 0.0109375
0 0.51171875 0.74609375 0.0578125 0.0109375
0 0.03984375 0.76328125 0.0171875 0.0109375
0 0.0875 0.76328125 0.021875 0.00703125
0 0.14765625 0.7640625 0.04296875 0.01171875
0 0.5546875 0.7640625 0.08984375 0.01171875
0 0.8203125 0.7640625 0.08984375 0.01171875
0 0.084375 0.7984375 0.11328125 0.01171875
0 0.80859375 0.7984375 0.1140625 0.0109375
0 0.25234375 0.79921875 0.1640625 0.0125
0 0.53125 0.83359375 0.08984375 0.0109375
0 0.375 0.83359375 0.1609375 0.0109375
0 0.253125 0.83359375 0.0203125 0.0109375
0 0.1953125 0.83359375 0.04453125 0.0109375
0 0.67421875 0.83359375 0.14140625 0.01171875
0 0.68671875 0.85078125 0.2125 0.01171875
0 0.4703125 0.85078125 0.16640625 0.01171875
0 0.3015625 0.85078125 0.1171875 0.01171875
0 0.1828125 0.85078125 0.0671875 0.01171875
0 0.309375 0.86796875 0.08046875 0.01171875
0 0.459375 0.86796875 0.13984375 0.01171875
0 0.18125 0.86796875 0.115625 0.01171875
0 0.73359375 0.86796875 0.11328125 0.01171875
0 0.603125 0.86796875 0.09140625 0.0109375
0 0.50390625 0.88515625 0.33046875 0.01171875
0 0.2828125 0.88671875 0.0796875 0.00703125
0 0.67421875 0.9015625 0.13828125 0.0109375
0 0.5171875 0.9015625 0.1140625 0.01015625
0 0.3484375 0.90234375 0.1625 0.01015625
0 0.2046875 0.90234375 0.06484375 0.01171875
0 0.5078125 0.91875 0.478125 0.01171875
0 0.2140625 0.92109375 0.08203125 0.0078125