0 0.2203125 0.209375 0.05546875 0.01796875
0 0.63984375 0.2109375 0.05859375 0.01796875
0 0.72578125 0.2109375 0.0609375 0.01953125
0 0.42890625 0.2109375 0.296875 0.0203125
0 0.290625 0.2359375 0.05546875 0.01640625
0 0.3765625 0.2375 0.059375 0.0203125
0 0.57265625 0.2375 0.1875 0.0203125
0 0.134375 0.2609375 0.05625 0.01796875
0 0.259375 0.2609375 0.11796875 0.0171875
0 0.35390625 0.2625 0.01484375 0.01640625
0 0.72734375 0.2625 0.05859375 0.0171875
0 0.61796875 0.2625 0.10234375 0.0171875
0 0.4640625 0.2625 0.1390625 0.0203125
0 0.80078125 0.2640625 0.034375 0.0203125
0 0.2015625 0.2875 0.14765625 0.01796875
0 0.4421875 0.2875 0.27890625 0.01953125
0 0.70390625 0.2890625 0.184375 0.02109375
0 0.2015625 0.3125 0.10078125 0.0171875
0 0.32109375 0.3125 0.0796875 0.01875
0 0.715625 0.3140625 0.16796875 0.01953125
0 0.4953125 0.3140625 0.209375 0.0203125
0 0.32265625 0.3375 0.03515625 0.01875
0 0.38828125 0.3390625 0.0359375 0.0171875
0 0.23515625 0.3390625 0.07890625 0.0203125
0 0.5859375 0.340625 0.29140625 0.0203125
0 0.2359375 0.3640625 0.12265625 0.01953125
0 0.4203125 0.3640625 0.19140625 0.01953125
0 0.6484375 0.36484375 0.209375 0.0203125
0 0.3765625 0.3890625 0.0578125 0.01875
0 0.509375 0.3890625 0.14375 0.01953125
0 0.1140625 0.440625 0.15 0.01796875
0 0.4421875 0.440625 0.10390625 0.01953125
0 0.28984375 0.440625 0.15 0.01953125
0 0.89296875 0.4421875 0.0375 0.0171875
0 0.08203125 0.465625 0.08046875 0.0171875
0 0.234375 0.4671875 0.0796875 0.0203125
0 0.1140625 0.490625 0.146875 0.01953125
0 0.6640625 0.4921875 0.1 0.0171875
0 0.81796875 0.4921875 0.1 0.0171875
0 0.57578125 0.4921875 0.01953125 0.01953125
0 0.53203125 0.4921875 0.0109375 0.01796875
0 0.26953125 0.5421875 0.0125 0.01875
0 0.1140625 0.54296875 0.14609375 0.01953125
0 0.90546875 0.54375 0.01171875 0.01796875
0 0.759375 0.54453125 0.12578125 0.02109375
0 0.33046875 0.5921875 0.05546875 0.0171875
0 0.0890625 0.5921875 0.09765625 0.01640625
0 0.2140625 0.5921875 0.07421875 0.0171875
0 0.42109375 0.59296875 0.0625 0.0171875
0 0.76171875 0.59296875 0.040625 0.0171875
0 0.8625 0.59375 0.10078125 0.01796875
0 0.0796875 0.61640625 0.0828125 0.01640625
0 0.7609375 0.61875 0.040625 0.0171875
0 0.86015625 0.61875 0.103125 0.0171875
0 0.10078125 0.6421875 0.1234375 0.0171875
0 0.7609375 0.64296875 0.040625 0.0171875
0 0.8625 0.64375 0.09921875 0.01796875
0 0.0703125 0.6921875 0.05546875 0.0171875
0 0.20078125 0.69453125 0.146875 0.02109375
0 0.5078125 0.69453125 0.14453125 0.01953125
0 0.72578125 0.69453125 0.14375 0.0203125
0 0.06953125 0.7171875 0.059375 0.01796875
0 0.16875 0.71875 0.08203125 0.0171875
0 0.5765625 0.71875 0.1 0.01875
0 0.80390625 0.71953125 0.08203125 0.01796875
0 0.1265625 0.79296875 0.1640625 0.0171875
0 0.2921875 0.79375 0.103125 0.01796875
0 0.409375 0.79453125 0.0796875 0.01875
0 0.51953125 0.79453125 0.08203125 0.01875
0 0.6515625 0.79453125 0.0375 0.01953125
0 0.80625 0.79453125 0.21484375 0.01875
0 0.1234375 0.81875 0.1703125 0.0171875
0 0.27734375 0.81953125 0.0796875 0.01953125
0 0.43125 0.81953125 0.08203125 0.0171875
0 0.53125 0.81953125 0.05859375 0.0171875
0 0.66171875 0.81953125 0.146875 0.01953125
0 0.25703125 0.86953125 0.1671875 0.0171875
0 0.3984375 0.86953125 0.05859375 0.0171875
0 0.53046875 0.86953125 0.14921875 0.01796875
0 0.69453125 0.87109375 0.12578125 0.01875
0 0.26875 0.89453125 0.0140625 0.0171875
0 0.34453125 0.89453125 0.0828125 0.0171875
0 0.453125 0.89453125 0.0828125 0.01953125
0 0.59609375 0.89609375 0.14921875 0.01953125
0 0.30078125 0.91953125 0.16953125 0.0171875
0 0.4328125 0.91953125 0.0375 0.01953125
0 0.5203125 0.91953125 0.0828125 0.01953125
0 0.65078125 0.92109375 0.12734375 0.0203125