0 0.1765625 0.09375 0.090625 0.01484375
0 0.42109375 0.09453125 0.31640625 0.01484375
0 0.6625 0.09453125 0.090625 0.01484375
0 0.790625 0.09453125 0.090625 0.01640625
0 0.48515625 0.1140625 0.165625 0.01796875
0 0.33046875 0.1328125 0.05703125 0.015625
0 0.4203125 0.1328125 0.078125 0.015625
0 0.54140625 0.13359375 0.125 0.015625
0 0.64609375 0.13359375 0.0421875 0.015625
0 0.3 0.1515625 0.11015625 0.01640625
0 0.38671875 0.15234375 0.02578125 0.01640625
0 0.47109375 0.15234375 0.09453125 0.01640625
0 0.68671875 0.15234375 0.078125 0.01640625
0 0.5828125 0.15234375 0.0875 0.01640625
0 0.3625 0.171875 0.09609375 0.01796875
0 0.46640625 0.17265625 0.0734375 0.01640625
0 0.5890625 0.17265625 0.1265625 0.01484375
0 0.4859375 0.19140625 0.1765625 0.015625
0 0.04921875 0.2234375 0.046875 0.015625
0 0.2671875 0.2234375 0.19296875 0.015625
0 0.05 0.2421875 0.0453125 0.01640625
0 0.146875 0.2421875 0.10859375 0.01640625
0 0.41484375 0.24296875 0.22265625 0.01640625
0 0.23515625 0.24296875 0.02890625 0.01640625
0 0.92421875 0.28203125 0.01796875 0.01796875
0 0.1859375 0.28203125 0.31953125 0.01796875
0 0.05078125 0.3 0.046875 0.01640625
0 0.70625 0.3015625 0.159375 0.01640625
0 0.86953125 0.30234375 0.128125 0.01640625
0 0.0578125 0.3390625 0.06015625 0.01796875
0 0.2703125 0.3390625 0.06015625 0.015625
0 0.1625 0.3390625 0.11015625 0.015625
0 0.09765625 0.359375 0.11015625 0.015625
0 0.63984375 0.359375 0.09453125 0.015625
0 0.18046875 0.359375 0.01328125 0.01484375
0 0.85859375 0.36015625 0.078125 0.015625
0 0.9234375 0.36015625 0.01328125 0.0140625
0 0.09765625 0.378125 0.11015625 0.01640625
0 0.178125 0.378125 0.01484375 0.01484375
0 0.921875 0.37890625 0.01328125 0.01484375
0 0.865625 0.37890625 0.06171875 0.01484375
0 0.64296875 0.37890625 0.090625 0.01640625
0 0.1390625 0.396875 0.06015625 0.01796875
0 0.040625 0.396875 0.02890625 0.01796875
0 0.8578125 0.3984375 0.0796875 0.015625
0 0.09765625 0.4171875 0.14296875 0.015625
0 0.3171875 0.4171875 0.18984375 0.015625
0 0.146875 0.4390625 0.0765625 0.015625
0 0.0578125 0.4390625 0.06015625 0.015625
0 0.25859375 0.43984375 0.10234375 0.015625
0 0.1953125 0.45859375 0.046875 0.01640625
0 0.921875 0.45859375 0.01328125 0.01484375
0 0.64296875 0.45859375 0.090625 0.01640625
0 0.86640625 0.45859375 0.06015625 0.01640625
0 0.09765625 0.4609375 0.11015625 0.02109375
0 0.0578125 0.48046875 0.06015625 0.01640625
0 0.30859375 0.48125 0.10390625 0.01484375
0 0.2203125 0.48125 0.03046875 0.01484375
0 0.146875 0.48125 0.0765625 0.01484375
0 0.09765625 0.50078125 0.10703125 0.01796875
0 0.19453125 0.50078125 0.0453125 0.01796875
0 0.86640625 0.5015625 0.06015625 0.01484375
0 0.921875 0.5015625 0.01328125 0.01484375
0 0.64140625 0.5015625 0.090625 0.015625
0 0.05859375 0.5421875 0.05859375 0.01796875
0 0.52578125 0.54296875 0.05546875 0.015625
0 0.11328125 0.54296875 0.01328125 0.015625
0 0.41171875 0.54296875 0.125 0.015625
0 0.88984375 0.54296875 0.078125 0.015625
0 0.59765625 0.54375 0.0453125 0.015625
0 0.09765625 0.5609375 0.01328125 0.01640625
0 0.04765625 0.56171875 0.046875 0.01640625
0 0.896875 0.56171875 0.06328125 0.01640625
0 0.5921875 0.56171875 0.05859375 0.01640625
0 0.51796875 0.56171875 0.07109375 0.01640625
0 0.07421875 0.58203125 0.0921875 0.01640625
0 0.1703125 0.58203125 0.06171875 0.01484375
0 0.896875 0.58203125 0.06328125 0.01640625
0 0.55859375 0.5828125 0.1265625 0.01640625
0 0.58203125 0.60078125 0.0765625 0.01796875
0 0.89140625 0.60078125 0.078125 0.015625
0 0.59296875 0.62109375 0.06328125 0.01875
0 0.88984375 0.62109375 0.08125 0.01796875
0 0.57578125 0.640625 0.09921875 0.01640625
0 0.89140625 0.640625 0.078125 0.01640625
0 0.04921875 0.67890625 0.046875 0.01796875
0 0.3625 0.6796875 0.1578125 0.015625
0 0.87109375 0.6796875 0.10546875 0.015625
0 0.146875 0.6796875 0.11171875 0.01796875
0 0.0640625 0.69765625 0.0765625 0.01640625
0 0.40546875 0.6984375 0.078125 0.01640625
0 0.9 0.7 0.06015625 0.01640625
0 0.41328125 0.7375 0.1578125 0.01796875
0 0.57421875 0.7375 0.125 0.015625
0 0.18671875 0.834375 0.078125 0.01640625
0 0.79375 0.8359375 0.06171875 0.01640625
0 0.27421875 0.8359375 0.06171875 0.01640625
0 0.35625 0.8359375 0.06328125 0.01640625
0 0.73515625 0.8359375 0.01328125 0.01640625
0 0.50078125 0.83671875 0.18984375 0.015625
0 0.6625 0.83671875 0.09453125 0.015625
0 0.290625 0.85546875 0.078125 0.01640625
0 0.51796875 0.85546875 0.0453125 0.01640625
0 0.63828125 0.85546875 0.159375 0.01640625
0 0.3796875 0.85546875 0.06171875 0.01640625
0 0.4515625 0.85546875 0.0453125 0.01640625
0 0.27421875 0.87421875 0.078125 0.015625
0 0.678125 0.87421875 0.10859375 0.015625
0 0.35625 0.87421875 0.046875 0.015625
0 0.57421875 0.87578125 0.06015625 0.01796875
0 0.49296875 0.87578125 0.06015625 0.01796875
0 0.42109375 0.87578125 0.046875 0.01796875
0 0.49296875 0.8953125 0.06015625 0.015625
0 0.5828125 0.8953125 0.078125 0.015625
0 0.39609375 0.8953125 0.09453125 0.015625