0 0.70234375 0.1453125 0.0765625 0.02109375
0 0.6171875 0.146875 0.06796875 0.0203125
0 0.44296875 0.15 0.25390625 0.02421875
0 0.20859375 0.153125 0.19140625 0.021875
0 0.4265625 0.18125 0.13046875 0.01875
0 0.56328125 0.20078125 0.10234375 0.0171875
0 0.4765625 0.203125 0.04609375 0.015625
0 0.4015625 0.20390625 0.08515625 0.015625
0 0.3203125 0.20546875 0.053125 0.015625
0 0.26328125 0.20546875 0.04140625 0.01484375
0 0.428125 0.22890625 0.13515625 0.01640625
0 0.528125 0.25390625 0.13046875 0.01875
0 0.409375 0.25625 0.09296875 0.015625
0 0.3109375 0.25703125 0.08515625 0.01640625
0 0.46796875 0.2796875 0.17421875 0.01796875
0 0.3328125 0.28203125 0.05 0.01484375
0 0.49140625 0.3125 0.1953125 0.01796875
0 0.35625 0.315625 0.0265625 0.01484375
0 0.30390625 0.315625 0.0578125 0.01484375
0 0.56328125 0.3390625 0.128125 0.01796875
0 0.45546875 0.340625 0.059375 0.01640625
0 0.328125 0.3421875 0.17578125 0.01796875
0 0.1203125 0.38515625 0.08125 0.01640625
0 0.684375 0.40546875 0.14609375 0.01796875
0 0.5578125 0.40859375 0.06796875 0.015625
0 0.3796875 0.4109375 0.17109375 0.01796875
0 0.1609375 0.41484375 0.03515625 0.01484375
0 0.10625 0.415625 0.04765625 0.01484375
0 0.6921875 0.43125 0.071875 0.01484375
0 0.63203125 0.4328125 0.028125 0.01484375
0 0.55625 0.43515625 0.06796875 0.01484375
0 0.334375 0.440625 0.07890625 0.01484375
0 0.13359375 0.44375 0.10234375 0.015625
0 0.5484375 0.46171875 0.053125 0.015625
0 0.1625 0.471875 0.159375 0.01953125
0 0.765625 0.49921875 0.0546875 0.01171875
0 0.65078125 0.50390625 0.11171875 0.01484375
0 0.50390625 0.50625 0.0984375 0.0140625
0 0.36640625 0.5109375 0.046875 0.01484375
0 0.77578125 0.51640625 0.040625 0.01015625
0 0.11328125 0.51640625 0.05859375 0.01328125
0 0.68203125 0.52109375 0.059375 0.01171875
0 0.50625 0.5265625 0.05859375 0.0125
0 0.371875 0.5296875 0.0140625 0.0109375
0 0.1203125 0.5375 0.0640625 0.0140625
0 0.2375 0.55703125 0.08203125 0.0171875
0 0.1375 0.56171875 0.09375 0.0171875
0 0.7078125 0.56484375 0.03125 0.01484375
0 0.67265625 0.565625 0.0140625 0.01640625
0 0.37421875 0.57734375 0.0140625 0.015625
0 0.26484375 0.58359375 0.046875 0.0203125
0 0.2015625 0.584375 0.06484375 0.0171875
0 0.696875 0.60625 0.0578125 0.015625
0 0.50625 0.61328125 0.0703125 0.01796875
0 0.39453125 0.61953125 0.13203125 0.02109375
0 0.28359375 0.62109375 0.071875 0.015625
0 0.20546875 0.62421875 0.06328125 0.01484375
0 0.69921875 0.6359375 0.0578125 0.0171875
0 0.48515625 0.64296875 0.1140625 0.01796875
0 0.7 0.6671875 0.059375 0.01640625
0 0.4796875 0.67578125 0.13125 0.02109375
0 0.703125 0.6984375 0.05859375 0.01640625
0 0.4875 0.70625 0.12265625 0.01796875
0 0.70546875 0.734375 0.059375 0.01796875
0 0.51640625 0.740625 0.07265625 0.01953125
0 0.45859375 0.74140625 0.0265625 0.015625
0 0.365625 0.746875 0.13984375 0.02265625
0 0.24921875 0.75078125 0.07578125 0.015625
0 0.1640625 0.75234375 0.0703125 0.01640625
0 0.70859375 0.765625 0.0578125 0.015625
0 0.5125 0.77265625 0.08125 0.015625
0 0.7109375 0.79375 0.0578125 0.01640625
0 0.5015625 0.803125 0.11328125 0.01640625
0 0.32734375 0.86171875 0.165625 0.02109375
0 0.2015625 0.8671875 0.0609375 0.021875
0 0.73671875 0.8828125 0.12890625 0.0171875
0 0.55078125 0.88984375 0.13203125 0.01796875
0 0.40078125 0.896875 0.02265625 0.0171875
0 0.2765625 0.89921875 0.0734375 0.015625
0 0.20625 0.90234375 0.05 0.01484375
0 0.76796875 0.90390625 0.06328125 0.01640625
0 0.58515625 0.9109375 0.06328125 0.0171875
0 0.40234375 0.91640625 0.01953125 0.01640625
0 0.2046875 0.925 0.04609375 0.01640625
0 0.7703125 0.9375 0.06171875 0.01796875
0 0.58828125 0.9453125 0.059375 0.0171875
0 0.3828125 0.95234375 0.07265625 0.0171875
0 0.775 0.9890625 0.0546875 0.01484375
0 0.69921875 0.9921875 0.08203125 0.01484375
0 0.5921875 0.99296875 0.1109375 0.0125
0 0.45390625 0.9953125 0.15390625 0.00703125