0 0.1640625 0.1890625 0.13046875 0.025
0 0.425 0.1890625 0.359375 0.025
0 0.6796875 0.1890625 0.109375 0.025
0 0.81015625 0.1890625 0.1234375 0.025
0 0.48828125 0.22265625 0.2703125 0.025
0 0.42265625 0.26640625 0.1234375 0.01875
0 0.790625 0.2671875 0.09453125 0.025
0 0.27890625 0.26875 0.0890625 0.02421875
0 0.61328125 0.26875 0.1984375 0.02421875
0 0.16328125 0.26953125 0.06328125 0.01171875
0 0.8109375 0.2984375 0.125 0.01953125
0 0.46171875 0.2984375 0.14921875 0.021875
0 0.19140625 0.30078125 0.175 0.025
0 0.6390625 0.30078125 0.140625 0.025
0 0.33125 0.30234375 0.04296875 0.02421875
0 0.44609375 0.3296875 0.11484375 0.025
0 0.2828125 0.3296875 0.15078125 0.025
0 0.63984375 0.3296875 0.2 0.025
0 0.29453125 0.36328125 0.071875 0.01953125
0 0.49921875 0.36328125 0.1765625 0.01953125
0 0.66953125 0.36328125 0.0921875 0.01953125
0 0.4296875 0.39921875 0.07890625 0.01953125
0 0.571875 0.4015625 0.17109375 0.01953125
0 0.30078125 0.4328125 0.04296875 0.01953125
0 0.384375 0.4328125 0.06640625 0.01953125
0 0.196875 0.434375 0.0921875 0.02421875
0 0.665625 0.4359375 0.3234375 0.02421875
0 0.190625 0.47265625 0.25546875 0.021875
0 0.70546875 0.47265625 0.19140625 0.01953125
0 0.87421875 0.47265625 0.0703125 0.01953125
0 0.16875 0.50703125 0.19375 0.0203125
0 0.74765625 0.50703125 0.32734375 0.0203125
0 0.85546875 0.5578125 0.09453125 0.021875
0 0.63984375 0.5578125 0.125 0.021875
0 0.190625 0.559375 0.24453125 0.02265625
0 0.46171875 0.5609375 0.0734375 0.02421875
0 0.1328125 0.59921875 0.125 0.0203125
0 0.259375 0.59921875 0.0734375 0.01875
0 0.4390625 0.60078125 0.2171875 0.0265625
0 0.26171875 0.6375 0.071875 0.01953125
0 0.65390625 0.6375 0.09921875 0.01953125
0 0.128125 0.6375 0.1265625 0.01953125
0 0.48828125 0.6375 0.0140625 0.01953125
0 0.8625 0.6375 0.09765625 0.0203125
0 0.540625 0.67578125 0.01171875 0.01953125
0 0.18359375 0.67578125 0.1234375 0.01953125
0 0.3109375 0.67734375 0.0734375 0.0265625
0 0.86015625 0.728125 0.10078125 0.0203125
0 0.1484375 0.7296875 0.16640625 0.021875
0 0.3515625 0.73125 0.2140625 0.0203125
0 0.85 0.7625 0.121875 0.0203125
0 0.13203125 0.76640625 0.13359375 0.01875
0 0.178125 0.8078125 0.2296875 0.0234375
0 0.86015625 0.8109375 0.10078125 0.01875
0 0.8578125 0.8546875 0.103125 0.01953125
0 0.35078125 0.85625 0.1640625 0.02265625
0 0.07734375 0.85625 0.02734375 0.0203125
0 0.46484375 0.85625 0.0390625 0.01953125
0 0.5453125 0.85625 0.09453125 0.01953125
0 0.215625 0.859375 0.07890625 0.025
0 0.475 0.89453125 0.15234375 0.021875
0 0.62734375 0.89453125 0.09765625 0.021875
0 0.153125 0.89453125 0.125 0.021875
0 0.284375 0.89453125 0.071875 0.01953125
0 0.76796875 0.89765625 0.125 0.0265625
0 0.20625 0.92578125 0.125 0.01953125
0 0.346875 0.92578125 0.09453125 0.021875
0 0.69140625 0.92734375 0.28046875 0.0265625
0 0.47578125 0.92890625 0.09921875 0.02421875
0 0.4859375 0.95859375 0.0203125 0.0203125
0 0.371875 0.95859375 0.15078125 0.0203125
0 0.575 0.96171875 0.09921875 0.025