0 0.5234375 0.1265625 0.3125 0.01796875
0 0.22578125 0.1265625 0.24140625 0.01875
0 0.73828125 0.1265625 0.0796875 0.01875
0 0.846875 0.1265625 0.096875 0.01796875
0 0.50078125 0.15625 0.16015625 0.01640625
0 0.29453125 0.17890625 0.05078125 0.01484375
0 0.4671875 0.17890625 0.10859375 0.01484375
0 0.56328125 0.17890625 0.05546875 0.01484375
0 0.365625 0.1796875 0.0640625 0.015625
0 0.66484375 0.1796875 0.11875 0.01484375
0 0.50078125 0.20390625 0.1671875 0.015625
0 0.3484375 0.23046875 0.10703125 0.015625
0 0.4765625 0.23046875 0.1140625 0.01328125
0 0.62578125 0.23125 0.15859375 0.01484375
0 0.378125 0.25390625 0.0609375 0.01484375
0 0.546875 0.25390625 0.21484375 0.01484375
0 0.33984375 0.2875 0.07109375 0.01328125
0 0.40625 0.2875 0.03125 0.01328125
0 0.57421875 0.2875 0.24375 0.01328125
0 0.36875 0.3140625 0.21875 0.01484375
0 0.528125 0.3140625 0.07421875 0.01484375
0 0.6625 0.3140625 0.1578125 0.01484375
0 0.10546875 0.3515625 0.09765625 0.01484375
0 0.0890625 0.38125 0.0625 0.01484375
0 0.42890625 0.38203125 0.2125 0.01484375
0 0.8109375 0.38203125 0.175 0.01484375
0 0.1546875 0.38203125 0.04296875 0.01484375
0 0.6484375 0.38203125 0.084375 0.01484375
0 0.78984375 0.40625 0.13515625 0.01484375
0 0.64765625 0.40703125 0.084375 0.01484375
0 0.37265625 0.40859375 0.09453125 0.0125
0 0.11875 0.40859375 0.12421875 0.01484375
0 0.63671875 0.43359375 0.0609375 0.01484375
0 0.1546875 0.4359375 0.19609375 0.0171875
0 0.08984375 0.48203125 0.07109375 0.01484375
0 0.56875 0.4828125 0.1203125 0.015625
0 0.89296875 0.4828125 0.0609375 0.015625
0 0.75078125 0.4828125 0.1359375 0.01640625
0 0.40234375 0.48359375 0.05546875 0.01796875
0 0.096875 0.50703125 0.075 0.01328125
0 0.4015625 0.50703125 0.0171875 0.0125
0 0.77421875 0.50703125 0.084375 0.01328125
0 0.89296875 0.50703125 0.04609375 0.01328125
0 0.56875 0.5078125 0.06875 0.01484375
0 0.115625 0.53203125 0.1203125 0.0140625
0 0.23203125 0.53203125 0.075 0.0140625
0 0.321875 0.5328125 0.08125 0.01640625
0 0.42578125 0.53359375 0.08984375 0.01640625
0 0.18828125 0.55703125 0.078125 0.01484375
0 0.4 0.55703125 0.01953125 0.01484375
0 0.7765625 0.55859375 0.08671875 0.01484375
0 0.26640625 0.559375 0.05234375 0.01953125
0 0.190625 0.59609375 0.07421875 0.01328125
0 0.2875 0.59609375 0.075 0.01328125
0 0.7734375 0.59609375 0.084375 0.01328125
0 0.55234375 0.59765625 0.08359375 0.015625
0 0.41953125 0.59765625 0.15859375 0.01796875
0 0.78046875 0.62421875 0.06953125 0.01328125
0 0.525 0.62421875 0.1375 0.01328125
0 0.51484375 0.653125 0.15859375 0.01328125
0 0.78046875 0.653125 0.06953125 0.01484375
0 0.7796875 0.68203125 0.06796875 0.01484375
0 0.52109375 0.684375 0.14453125 0.01796875
0 0.12265625 0.715625 0.0859375 0.01328125
0 0.225 0.715625 0.08359375 0.01328125
0 0.4828125 0.715625 0.034375 0.01484375
0 0.77109375 0.715625 0.08671875 0.01484375
0 0.3703125 0.7171875 0.1671875 0.01796875
0 0.553125 0.71796875 0.08671875 0.01796875
0 0.77109375 0.74609375 0.08671875 0.01328125
0 0.54296875 0.746875 0.0984375 0.01328125
0 0.7796875 0.77265625 0.06953125 0.01484375
0 0.52734375 0.775 0.134375 0.01796875
0 0.30859375 0.8234375 0.1984375 0.015625
0 0.1546875 0.8234375 0.075 0.015625
0 0.24140625 0.85859375 0.08828125 0.01484375
0 0.1546875 0.85859375 0.0625 0.01484375
0 0.7546875 0.85859375 0.0609375 0.01484375
0 0.39296875 0.859375 0.0265625 0.01640625
0 0.83828125 0.859375 0.0796875 0.01796875
0 0.5765625 0.859375 0.16015625 0.01796875
0 0.15234375 0.88125 0.04921875 0.01484375
0 0.60859375 0.88125 0.09296875 0.01640625
0 0.83984375 0.88125 0.07265625 0.01484375
0 0.39453125 0.88125 0.01953125 0.01640625
0 0.3671875 0.9140625 0.08828125 0.01484375
0 0.60859375 0.9140625 0.09296875 0.01484375
0 0.83984375 0.9140625 0.07265625 0.01484375
0 0.5828125 0.96484375 0.209375 0.0171875
0 0.165625 0.96484375 0.1171875 0.01171875
0 0.278125 0.96484375 0.08125 0.0125
0 0.36015625 0.96484375 0.0609375 0.0125
0 0.43515625 0.96484375 0.0609375 0.0125
0 0.75078125 0.96484375 0.09765625 0.0125
0 0.8453125 0.96484375 0.0625 0.0125