0 0.73359375 0.128125 0.10625 0.025
0 0.61171875 0.13046875 0.103125 0.0234375
0 0.421875 0.13359375 0.2390625 0.0265625
0 0.22265625 0.13671875 0.12734375 0.02265625
0 0.0859375 0.13828125 0.11171875 0.02421875
0 0.48046875 0.17109375 0.103125 0.01796875
0 0.3609375 0.1734375 0.1140625 0.02109375
0 0.2390625 0.17421875 0.09921875 0.0171875
0 0.06328125 0.1765625 0.05546875 0.01796875
0 0.1421875 0.1765625 0.06875 0.021875
0 0.31875 0.1984375 0.17890625 0.0234375
0 0.12578125 0.20078125 0.18046875 0.025
0 0.6328125 0.22734375 0.2125 0.02109375
0 0.46328125 0.23125 0.08125 0.01796875
0 0.26484375 0.23359375 0.2109375 0.01953125
0 0.078125 0.23671875 0.06328125 0.01796875
0 0.48828125 0.25703125 0.15390625 0.0203125
0 0.33125 0.259375 0.0421875 0.01875
0 0.26640625 0.2609375 0.05859375 0.021875
0 0.146875 0.26328125 0.15546875 0.02109375
0 0.53046875 0.2875 0.2390625 0.021875
0 0.375 0.29140625 0.00546875 0.0140625
0 0.2484375 0.2921875 0.04140625 0.0171875
0 0.109375 0.29375 0.0625 0.01796875
0 0.18359375 0.29453125 0.059375 0.021875
0 0.4859375 0.32734375 0.203125 0.028125
0 0.315625 0.3296875 0.0984375 0.0265625
0 0.284375 0.3734375 0.1078125 0.02109375
0 0.1328125 0.37578125 0.11640625 0.02109375
0 0.209375 0.3765625 0.0078125 0.015625
0 0.43203125 0.41953125 0.1484375 0.01875
0 0.3109375 0.421875 0.0703125 0.0171875
0 0.21796875 0.4234375 0.0890625 0.01796875
0 0.13125 0.42421875 0.05078125 0.01796875
0 0.078125 0.42578125 0.02421875 0.015625
0 0.8875 0.44140625 0.0421875 0.01796875
0 0.775 0.44375 0.0890625 0.01796875
0 0.1671875 0.45390625 0.103125 0.01953125
0 0.36640625 0.48125 0.125 0.01875
0 0.2828125 0.48359375 0.01328125 0.01640625
0 0.1828125 0.484375 0.1515625 0.01875
0 0.07578125 0.4890625 0.0375 0.0234375
0 0.8890625 0.50234375 0.04375 0.01953125
0 0.77890625 0.50390625 0.0859375 0.01796875
0 0.16875 0.515625 0.10859375 0.01875
0 0.77890625 0.540625 0.09140625 0.01796875
0 0.484375 0.54453125 0.0875 0.02109375
0 0.39765625 0.5453125 0.06328125 0.01796875
0 0.1640625 0.54609375 0.07578125 0.02578125
0 0.07109375 0.546875 0.08125 0.03359375
0 0.28515625 0.54765625 0.140625 0.01875
0 0.78984375 0.56953125 0.0703125 0.0171875
0 0.4234375 0.57421875 0.10078125 0.01953125
0 0.51015625 0.575 0.0515625 0.021875
0 0.78359375 0.609375 0.0875 0.0171875
0 0.496875 0.6109375 0.078125 0.01796875
0 0.41171875 0.61328125 0.0703125 0.0171875
0 0.784375 0.659375 0.09140625 0.01796875
0 0.41953125 0.66484375 0.0859375 0.0171875
0 0.79765625 0.68984375 0.07265625 0.01875
0 0.44453125 0.69375 0.13515625 0.01875
0 0.828125 0.72578125 0.13359375 0.0234375
0 0.50546875 0.73046875 0.2015625 0.02265625
0 0.075 0.7375 0.0625 0.01796875
0 0.1921875 0.7375 0.1484375 0.01953125
0 0.8640625 0.753125 0.06796875 0.0171875
0 0.5640625 0.7578125 0.09140625 0.01875
0 0.18671875 0.76484375 0.03984375 0.0171875
0 0.06484375 0.76796875 0.0375 0.02109375
0 0.17578125 0.78125 0.00390625 0.01015625
0 0.67265625 0.81015625 0.1828125 0.01953125
0 0.4984375 0.81328125 0.09296875 0.01796875
0 0.29453125 0.81640625 0.175 0.01953125
0 0.07578125 0.81875 0.06875 0.02109375
0 0.15234375 0.81953125 0.06875 0.01875
0 0.1109375 0.84921875 0.1125 0.01796875
0 0.53828125 0.9234375 0.10859375 0.028125
0 0.38828125 0.92890625 0.16328125 0.0296875
0 0.625 0.96015625 0.15546875 0.03125
0 0.459375 0.9640625 0.1390625 0.02578125
0 0.2859375 0.9671875 0.17109375 0.02734375