0 0.1921875 0.11796875 0.115625 0.01171875
0 0.3796875 0.11796875 0.16171875 0.01171875
0 0.67265625 0.11796875 0.3296875 0.01328125
0 0.33515625 0.13125 0.40859375 0.0125
0 0.7203125 0.1328125 0.23671875 0.01328125
0 0.52734375 0.14609375 0.11796875 0.0125
0 0.6953125 0.146875 0.11953125 0.01171875
0 0.3140625 0.146875 0.1953125 0.01484375
0 0.48203125 0.1609375 0.16171875 0.0125
0 0.33046875 0.17421875 0.07890625 0.0125
0 0.22265625 0.17421875 0.0421875 0.0109375
0 0.46484375 0.175 0.10234375 0.01171875
0 0.58984375 0.175 0.10390625 0.01171875
0 0.71484375 0.17578125 0.10234375 0.0109375
0 0.3921875 0.18828125 0.10234375 0.0125
0 0.53671875 0.1890625 0.10234375 0.01171875
0 0.653125 0.1890625 0.0859375 0.0109375
0 0.28515625 0.1890625 0.05234375 0.0140625
0 0.38203125 0.203125 0.065625 0.0109375
0 0.25703125 0.203125 0.14453125 0.0125
0 0.51015625 0.203125 0.10234375 0.0109375
0 0.62265625 0.203125 0.08203125 0.0109375
0 0.72734375 0.20390625 0.084375 0.01171875
0 0.23046875 0.21640625 0.06015625 0.0109375
0 0.1375 0.2171875 0.08046875 0.01171875
0 0.5328125 0.2171875 0.08046875 0.0109375
0 0.4 0.2171875 0.14140625 0.01171875
0 0.61796875 0.2171875 0.03828125 0.01171875
0 0.78515625 0.21796875 0.16796875 0.0125
0 0.3078125 0.23125 0.06015625 0.0109375
0 0.38984375 0.23125 0.05703125 0.01015625
0 0.56953125 0.23203125 0.2484375 0.01171875
0 0.35703125 0.2640625 0.21015625 0.02265625
0 0.51484375 0.26484375 0.05859375 0.02265625
0 0.640625 0.26484375 0.14453125 0.02265625
0 0.10234375 0.3140625 0.084375 0.0109375
0 0.13203125 0.34296875 0.14296875 0.0125
0 0.24765625 0.34375 0.03515625 0.01171875
0 0.3953125 0.34375 0.20859375 0.01171875
0 0.57265625 0.34453125 0.09921875 0.01171875
0 0.75078125 0.3453125 0.20703125 0.01171875
0 0.175 0.3578125 0.22890625 0.0125
0 0.40390625 0.35859375 0.10234375 0.01171875
0 0.56953125 0.35859375 0.10078125 0.01171875
0 0.73046875 0.359375 0.16640625 0.0125
0 0.1 0.3859375 0.08203125 0.01015625
0 0.4671875 0.38671875 0.05703125 0.0125
0 0.63203125 0.38671875 0.06015625 0.0125
0 0.7921875 0.3875 0.12578125 0.0109375
0 0.62265625 0.40234375 0.07578125 0.0140625
0 0.8125 0.40234375 0.07578125 0.0140625
0 0.1953125 0.41328125 0.27578125 0.0109375
0 0.4453125 0.41328125 0.01328125 0.0109375
0 0.61484375 0.41484375 0.10078125 0.01015625
0 0.8046875 0.415625 0.10078125 0.01171875
0 0.8875 0.415625 0.0203125 0.01171875
0 0.20234375 0.4265625 0.0421875 0.0109375
0 0.11015625 0.4265625 0.10234375 0.01171875
0 0.2671875 0.42734375 0.040625 0.0109375
0 0.4046875 0.42734375 0.18828125 0.0109375
0 0.6125 0.42734375 0.18671875 0.0109375
0 0.11015625 0.45390625 0.09921875 0.01171875
0 0.2671875 0.45390625 0.16796875 0.01171875
0 0.5921875 0.45625 0.01484375 0.0109375
0 0.47265625 0.4984375 0.18828125 0.01328125
0 0.85234375 0.49921875 0.10078125 0.0109375
0 0.6375 0.5 0.09609375 0.0140625
0 0.5453125 0.51328125 0.0859375 0.01171875
0 0.8625 0.5140625 0.084375 0.0125
0 0.5875 0.5265625 0.16640625 0.0125
0 0.859375 0.52734375 0.07890625 0.01171875
0 0.21015625 0.540625 0.2015625 0.01171875
0 0.8 0.54296875 0.1984375 0.0125
0 0.1921875 0.55546875 0.16640625 0.01171875
0 0.80234375 0.55703125 0.196875 0.01328125
0 0.2328125 0.56953125 0.246875 0.0125
0 0.81796875 0.5703125 0.15625 0.01171875
0 0.3125 0.596875 0.0171875 0.01015625
0 0.240625 0.596875 0.084375 0.0125
0 0.3671875 0.59765625 0.0421875 0.01171875
0 0.48984375 0.59765625 0.16328125 0.01171875
0 0.61484375 0.59765625 0.040625 0.01171875
0 0.71015625 0.59765625 0.10234375 0.0109375
0 0.39765625 0.62421875 0.05859375 0.0125
0 0.5203125 0.625 0.14296875 0.01171875
0 0.1125 0.65234375 0.084375 0.0125
0 0.46953125 0.653125 0.12265625 0.01171875
0 0.81484375 0.65390625 0.14453125 0.0125
0 0.64453125 0.65390625 0.021875 0.01171875
0 0.0921875 0.68046875 0.04375 0.01171875
0 0.4796875 0.68203125 0.09609375 0.01171875
0 0.6453125 0.68203125 0.0171875 0.01171875
0 0.8453125 0.68203125 0.08046875 0.01171875
0 0.5 0.72421875 0.05859375 0.01171875
0 0.6125 0.725 0.11953125 0.0109375
0 0.84296875 0.72578125 0.08203125 0.0109375
0 0.22265625 0.78125 0.10625 0.0109375
0 0.3375 0.78203125 0.084375 0.01015625
0 0.43203125 0.78203125 0.06015625 0.01015625
0 0.51484375 0.78203125 0.065625 0.01015625
0 0.66953125 0.7828125 0.21015625 0.0109375
0 0.2625 0.7953125 0.10390625 0.01015625
0 0.453125 0.7953125 0.065625 0.009375
0 0.36953125 0.7953125 0.0640625 0.01015625
0 0.58984375 0.79609375 0.17109375 0.0109375
0 0.71484375 0.79609375 0.0421875 0.009375
0 0.14296875 0.80859375 0.0671875 0.009375
0 0.2671875 0.809375 0.14453125 0.01015625
0 0.44296875 0.809375 0.16328125 0.01015625
0 0.5875 0.809375 0.07890625 0.01015625
0 0.68515625 0.809375 0.0625 0.01015625
0 0.7921875 0.8109375 0.10625 0.009375
0 0.153125 0.821875 0.16484375 0.0109375
0 0.32265625 0.821875 0.13125 0.009375
0 0.48984375 0.82265625 0.07890625 0.009375
0 0.41484375 0.82265625 0.01328125 0.009375
0 0.5921875 0.82265625 0.0859375 0.009375
0 0.7703125 0.8234375 0.23046875 0.0109375
0 0.259375 0.8359375 0.0859375 0.009375
0 0.1453125 0.83671875 0.10625 0.0109375
0 0.340625 0.83671875 0.0421875 0.009375
0 0.4078125 0.83671875 0.03828125 0.0109375
0 0.52734375 0.83671875 0.16171875 0.0109375
0 0.68828125 0.8375 0.10234375 0.01015625
0 0.78203125 0.8375 0.0421875 0.01015625
0 0.84296875 0.83828125 0.03828125 0.0109375
0 0.33671875 0.85 0.16953125 0.01015625
0 0.47265625 0.85 0.06015625 0.01015625
0 0.6078125 0.85 0.16640625 0.01015625