0 0.775 0.178125 0.10390625 0.01875
0 0.68828125 0.1796875 0.01875 0.021875
0 0.4609375 0.1796875 0.1625 0.0203125
0 0.61328125 0.1796875 0.0828125 0.0203125
0 0.246875 0.18125 0.1625 0.01953125
0 0.4734375 0.21640625 0.22578125 0.0265625
0 0.49609375 0.2484375 0.1015625 0.0203125
0 0.6125 0.2484375 0.08125 0.0203125
0 0.20703125 0.2484375 0.0796875 0.0203125
0 0.73828125 0.25 0.11875 0.0265625
0 0.28203125 0.25078125 0.015625 0.0203125
0 0.36484375 0.2515625 0.0984375 0.0265625
0 0.11875 0.28203125 0.0796875 0.0203125
0 0.33515625 0.28203125 0.03671875 0.01875
0 0.53828125 0.28203125 0.1015625 0.01875
0 0.79453125 0.28203125 0.18515625 0.02578125
0 0.2390625 0.284375 0.10390625 0.0203125
0 0.6421875 0.284375 0.05390625 0.02578125
0 0.41796875 0.28515625 0.07421875 0.0265625
0 0.56953125 0.31484375 0.08125 0.01875
0 0.8265625 0.31640625 0.03828125 0.0265625
0 0.74375 0.31640625 0.078125 0.025
0 0.19609375 0.31640625 0.146875 0.0203125
0 0.42109375 0.31640625 0.165625 0.0203125
0 0.375 0.3515625 0.07734375 0.01953125
0 0.578125 0.3515625 0.26953125 0.025
0 0.2734375 0.353125 0.078125 0.025
0 0.56953125 0.41796875 0.28359375 0.01953125
0 0.3109375 0.41875 0.11953125 0.02265625
0 0.86171875 0.4515625 0.10234375 0.0203125
0 0.69609375 0.4515625 0.16796875 0.02265625
0 0.13203125 0.453125 0.14375 0.01953125
0 0.2578125 0.4546875 0.05546875 0.01875
0 0.3984375 0.45703125 0.20078125 0.0265625
0 0.81796875 0.48515625 0.10390625 0.0203125
0 0.9015625 0.48515625 0.0171875 0.01875
0 0.2390625 0.4890625 0.184375 0.0203125
0 0.453125 0.49140625 0.01875 0.0140625
0 0.3671875 0.52265625 0.06171875 0.0203125
0 0.43125 0.52265625 0.01875 0.0203125
0 0.5171875 0.52265625 0.10390625 0.0203125
0 0.18515625 0.525 0.25078125 0.0265625
0 0.28203125 0.59140625 0.06171875 0.01875
0 0.14296875 0.59140625 0.16796875 0.0265625
0 0.80234375 0.65546875 0.20390625 0.01875
0 0.246875 0.6578125 0.11953125 0.0203125
0 0.4609375 0.6578125 0.20859375 0.0203125
0 0.78359375 0.68984375 0.246875 0.021875
0 0.48203125 0.69140625 0.1625 0.0203125
0 0.80703125 0.72578125 0.2 0.0203125
0 0.43828125 0.7265625 0.24375 0.021875
0 0.77109375 0.7953125 0.14140625 0.025
0 0.0890625 0.7953125 0.06171875 0.021875
0 0.4609375 0.79765625 0.20546875 0.025
0 0.2171875 0.79765625 0.14375 0.0265625
0 0.80546875 0.828125 0.08125 0.0203125
0 0.1125 0.8296875 0.034375 0.01875
0 0.5171875 0.8296875 0.10390625 0.0203125
0 0.20625 0.83125 0.03828125 0.01953125
0 0.803125 0.86171875 0.0796875 0.01953125
0 0.528125 0.86328125 0.0796875 0.0203125
0 0.20625 0.86328125 0.03828125 0.01875
0 0.1125 0.86640625 0.034375 0.0234375
0 0.73125 0.89609375 0.10390625 0.01875
0 0.17421875 0.896875 0.10234375 0.01953125
0 0.27890625 0.896875 0.06171875 0.01953125
0 0.44140625 0.896875 0.03828125 0.01953125
0 0.5375 0.896875 0.10234375 0.01953125
0 0.63203125 0.896875 0.03671875 0.01953125
0 0.36640625 0.896875 0.06015625 0.01953125
0 0.70703125 0.96484375 0.146875 0.01875
0 0.12890625 0.96484375 0.14375 0.01875
0 0.303125 0.96484375 0.14140625 0.01875
0 0.85859375 0.96640625 0.096875 0.02578125
0 0.47109375 0.96796875 0.015625 0.0265625