0 0.728125 0.03671875 0.04453125 0.0234375
0 0.7109375 0.13125 0.1671875 0.01640625
0 0.24140625 0.13125 0.13984375 0.01640625
0 0.41015625 0.13125 0.15546875 0.01640625
0 0.55859375 0.13125 0.1078125 0.01640625
0 0.4828125 0.15078125 0.2625 0.01484375
0 0.303125 0.17265625 0.065625 0.0125
0 0.37890625 0.17265625 0.05703125 0.0125
0 0.47421875 0.17265625 0.1078125 0.0125
0 0.61953125 0.1734375 0.1546875 0.0125
0 0.63203125 0.19609375 0.203125 0.01328125
0 0.290625 0.19609375 0.0984375 0.0125
0 0.434375 0.196875 0.1609375 0.01328125
0 0.71015625 0.23125 0.2109375 0.0125
0 0.54375 0.23125 0.065625 0.0125
0 0.1828125 0.23203125 0.0625 0.0125
0 0.3515625 0.23203125 0.2140625 0.01171875
0 0.32734375 0.25546875 0.06953125 0.0125
0 0.3921875 0.25546875 0.0296875 0.0125
0 0.55859375 0.25546875 0.2390625 0.0125
0 0.5296875 0.2828125 0.1609375 0.0140625
0 0.40078125 0.28359375 0.0765625 0.01328125
0 0.06953125 0.30390625 0.0390625 0.0125
0 0.1203125 0.30390625 0.0390625 0.01171875
0 0.3015625 0.328125 0.0953125 0.0125
0 0.47421875 0.328125 0.2234375 0.0125
0 0.08984375 0.328125 0.0796875 0.0125
0 0.19296875 0.328125 0.10078125 0.0125
0 0.38671875 0.35 0.0171875 0.0125
0 0.3125 0.35 0.1015625 0.0125
0 0.07578125 0.35 0.05 0.0125
0 0.1984375 0.35 0.1078125 0.0125
0 0.1234375 0.35 0.0140625 0.01328125
0 0.109375 0.36953125 0.121875 0.0125
0 0.2328125 0.36953125 0.0921875 0.0125
0 0.33828125 0.36953125 0.0984375 0.0125
0 0.12890625 0.39296875 0.15234375 0.0125
0 0.31640625 0.39296875 0.19453125 0.0125
0 0.15703125 0.41484375 0.209375 0.0125
0 0.15078125 0.4359375 0.0453125 0.0140625
0 0.84140625 0.4359375 0.17890625 0.0140625
0 0.4109375 0.4359375 0.2078125 0.0140625
0 0.08515625 0.4359375 0.0625 0.01328125
0 0.6828125 0.4359375 0.0796875 0.0140625
0 0.81875 0.46015625 0.1375 0.0125
0 0.3578125 0.46015625 0.0921875 0.0125
0 0.1140625 0.46015625 0.125 0.01328125
0 0.67890625 0.46015625 0.0828125 0.0125
0 0.68828125 0.484375 0.06953125 0.0125
0 0.15234375 0.48515625 0.19296875 0.01484375
0 0.60703125 0.51796875 0.084375 0.01328125
0 0.7921875 0.51796875 0.08359375 0.01328125
0 0.60703125 0.5328125 0.1015625 0.01171875
0 0.7765625 0.5328125 0.1125 0.0125
0 0.0828125 0.5328125 0.059375 0.01171875
0 0.465625 0.5328125 0.103125 0.01171875
0 0.9109375 0.5328125 0.053125 0.0125
0 0.33671875 0.53515625 0.05078125 0.01640625
0 0.7890625 0.55234375 0.0890625 0.0109375
0 0.33671875 0.55234375 0.0296875 0.01171875
0 0.10625 0.55234375 0.09765625 0.0109375
0 0.46796875 0.55234375 0.075 0.01171875
0 0.60859375 0.55234375 0.075 0.0125
0 0.91875 0.553125 0.03828125 0.01171875
0 0.103125 0.57421875 0.09296875 0.0109375
0 0.33828125 0.59765625 0.03515625 0.0140625
0 0.13671875 0.5984375 0.0765625 0.01328125
0 0.79140625 0.5984375 0.10625 0.0140625
0 0.21484375 0.6 0.06171875 0.01640625
0 0.22109375 0.6359375 0.07421875 0.0125
0 0.315625 0.6359375 0.078125 0.0125
0 0.790625 0.63671875 0.10390625 0.0125
0 0.45 0.63671875 0.16015625 0.01640625
0 0.58046875 0.6375 0.0828125 0.01484375
0 0.5546875 0.6640625 0.134375 0.01171875
0 0.80703125 0.6640625 0.06875 0.01171875
0 0.50390625 0.69140625 0.0796875 0.0140625
0 0.80703125 0.6921875 0.06875 0.0125
0 0.5875 0.6921875 0.06875 0.01328125
0 0.80703125 0.7171875 0.065625 0.0125
0 0.55 0.71953125 0.1421875 0.01640625
0 0.15703125 0.7453125 0.0828125 0.01328125
0 0.26015625 0.7453125 0.0921875 0.01328125
0 0.7875 0.74609375 0.1046875 0.01328125
0 0.5140625 0.74609375 0.0296875 0.01328125
0 0.4015625 0.7484375 0.1671875 0.01640625
0 0.5828125 0.7484375 0.0828125 0.01640625
0 0.57265625 0.7734375 0.0984375 0.0125
0 0.7875 0.7734375 0.1046875 0.0125
0 0.8078125 0.79609375 0.06875 0.0125
0 0.55703125 0.796875 0.134375 0.01640625
0 0.2953125 0.84453125 0.18125 0.0140625
0 0.1546875 0.84453125 0.071875 0.0125
0 0.15546875 0.86875 0.0625 0.0140625
0 0.24140625 0.86875 0.0890625 0.0125
0 0.54609375 0.8703125 0.06875 0.0140625
0 0.7796875 0.8703125 0.059375 0.0125
0 0.63046875 0.8703125 0.0796875 0.01484375
0 0.86171875 0.87109375 0.0796875 0.01484375
0 0.40078125 0.87265625 0.0265625 0.01484375
0 0.15 0.890625 0.0453125 0.0125
0 0.61484375 0.89140625 0.1046875 0.0125
0 0.4 0.89140625 0.015625 0.0125
0 0.8671875 0.8921875 0.06875 0.0125
0 0.8671875 0.9140625 0.06875 0.0140625
0 0.61171875 0.9140625 0.1046875 0.01328125
0 0.37265625 0.9140625 0.084375 0.0140625
0 0.43359375 0.95390625 0.0625 0.01171875
0 0.278125 0.95390625 0.0796875 0.01171875
0 0.74296875 0.95390625 0.0984375 0.01171875
0 0.1703125 0.95390625 0.11328125 0.01015625
0 0.36015625 0.95390625 0.059375 0.01171875
0 0.8375 0.9546875 0.0625 0.01015625
0 0.5796875 0.95546875 0.2046875 0.0125