0 0.303125 0.21796875 0.0546875 0.01796875
0 0.425 0.21796875 0.12265625 0.0203125
0 0.55 0.21953125 0.059375 0.01875
0 0.63671875 0.21953125 0.0609375 0.01875
0 0.528125 0.24453125 0.1859375 0.0203125
0 0.3296875 0.24453125 0.14453125 0.02265625
0 0.66015625 0.24609375 0.009375 0.02109375
0 0.128125 0.2703125 0.059375 0.01953125
0 0.24921875 0.27109375 0.1234375 0.01796875
0 0.615625 0.271875 0.10546875 0.01796875
0 0.34765625 0.271875 0.0171875 0.01796875
0 0.459375 0.271875 0.140625 0.02265625
0 0.7265625 0.271875 0.06015625 0.01796875
0 0.80078125 0.2734375 0.03359375 0.021875
0 0.19296875 0.29609375 0.14921875 0.0203125
0 0.43828125 0.29765625 0.28203125 0.01953125
0 0.7015625 0.2984375 0.1890625 0.02265625
0 0.315625 0.32265625 0.08125 0.0203125
0 0.19296875 0.32265625 0.10390625 0.01796875
0 0.71484375 0.32421875 0.1703125 0.0203125
0 0.490625 0.325 0.21171875 0.021875
0 0.31796875 0.34921875 0.03671875 0.01796875
0 0.38359375 0.34921875 0.0375 0.01796875
0 0.22890625 0.34921875 0.0796875 0.02265625
0 0.58203125 0.35078125 0.29296875 0.021875
0 0.48359375 0.37578125 0.14609375 0.0203125
0 0.30546875 0.37578125 0.146875 0.021875
0 0.6359375 0.3765625 0.1015625 0.02265625
0 0.36015625 0.40078125 0.0828125 0.0203125
0 0.51640625 0.40078125 0.16875 0.0203125
0 0.0828125 0.45234375 0.10390625 0.0203125
0 0.19296875 0.45390625 0.0609375 0.01953125
0 0.30390625 0.45390625 0.10390625 0.01953125
0 0.89296875 0.4546875 0.03671875 0.0203125
0 0.0734375 0.47890625 0.0828125 0.01796875
0 0.22890625 0.48046875 0.08359375 0.021875
0 0.1734375 0.50546875 0.28125 0.01953125
0 0.56875 0.50546875 0.01953125 0.0203125
0 0.6703125 0.50546875 0.08125 0.01796875
0 0.82578125 0.50546875 0.0828125 0.01796875
0 0.5265625 0.50546875 0.01171875 0.01796875
0 0.10703125 0.55703125 0.14453125 0.021875
0 0.2625 0.55703125 0.0125 0.01796875
0 0.9015625 0.55859375 0.0109375 0.0203125
0 0.7578125 0.559375 0.12265625 0.021875
0 0.08203125 0.6078125 0.1 0.0203125
0 0.20625 0.6078125 0.07734375 0.0203125
0 0.36015625 0.60859375 0.12734375 0.01796875
0 0.78203125 0.60859375 0.03828125 0.01796875
0 0.8703125 0.60859375 0.08359375 0.0203125
0 0.0734375 0.6328125 0.0828125 0.01796875
0 0.86875 0.63515625 0.0828125 0.01796875
0 0.78203125 0.63515625 0.03828125 0.01796875
0 0.0609375 0.684375 0.0578125 0.0203125
0 0.19296875 0.68671875 0.14921875 0.02265625
0 0.503125 0.68671875 0.14609375 0.02265625
0 0.725 0.68671875 0.14609375 0.02265625
0 0.0609375 0.7109375 0.06015625 0.01796875
0 0.16171875 0.7109375 0.0828125 0.01796875
0 0.5359375 0.7109375 0.0828125 0.01796875
0 0.759375 0.7125 0.08359375 0.01875
0 0.11640625 0.7890625 0.16640625 0.01796875
0 0.28515625 0.7890625 0.10078125 0.01796875
0 0.4015625 0.7890625 0.07734375 0.01796875
0 0.51640625 0.7890625 0.0828125 0.01796875
0 0.64921875 0.7890625 0.03828125 0.01796875
0 0.803125 0.790625 0.215625 0.01953125
0 0.1171875 0.8140625 0.171875 0.01796875
0 0.271875 0.8140625 0.0828125 0.01796875
0 0.4171875 0.815625 0.0578125 0.01875
0 0.5484375 0.815625 0.14921875 0.01796875
0 0.39375 0.8671875 0.06015625 0.01796875
0 0.2484375 0.8671875 0.1703125 0.01796875
0 0.5265625 0.8671875 0.14921875 0.01796875
0 0.69296875 0.8671875 0.12578125 0.0203125
0 0.26171875 0.8921875 0.01484375 0.01796875
0 0.33671875 0.8921875 0.0828125 0.01796875
0 0.44921875 0.8921875 0.08359375 0.01796875
0 0.6015625 0.89375 0.16640625 0.01953125
0 0.29453125 0.91875 0.1703125 0.01796875
0 0.428125 0.91875 0.03671875 0.01796875
0 0.51640625 0.91875 0.0828125 0.01796875
0 0.65703125 0.91875 0.14453125 0.0203125