0 0.43125 0.13828125 0.15859375 0.0234375
0 0.565625 0.13828125 0.0578125 0.021875
0 0.6484375 0.13828125 0.05546875 0.021875
0 0.26953125 0.1390625 0.1171875 0.021875
0 0.1765625 0.17109375 0.0546875 0.0234375
0 0.41328125 0.17265625 0.36171875 0.0265625
0 0.67734375 0.17265625 0.1140625 0.025
0 0.14609375 0.2046875 0.11796875 0.02265625
0 0.6484375 0.2046875 0.05546875 0.02265625
0 0.4125 0.20546875 0.3640625 0.02578125
0 0.7609375 0.20546875 0.109375 0.02578125
0 0.7484375 0.2375 0.09140625 0.02265625
0 0.16484375 0.2375 0.11875 0.02265625
0 0.5953125 0.2375 0.15859375 0.02265625
0 0.37109375 0.23828125 0.240625 0.02578125
0 0.44296875 0.27109375 0.21328125 0.0265625
0 0.27890625 0.303125 0.05546875 0.021875
0 0.48515625 0.303125 0.30234375 0.021875
0 0.36015625 0.36875 0.0546875 0.02265625
0 0.48359375 0.36875 0.1375 0.02265625
0 0.7390625 0.496875 0.07734375 0.02265625
0 0.3296875 0.496875 0.1984375 0.02109375
0 0.1234375 0.496875 0.15234375 0.02109375
0 0.83046875 0.49765625 0.05546875 0.02109375
0 0.475 0.52890625 0.15546875 0.021875
0 0.09140625 0.52890625 0.0921875 0.021875
0 0.26796875 0.5296875 0.20078125 0.025
0 0.27734375 0.59296875 0.09765625 0.02421875
0 0.7921875 0.59375 0.13828125 0.02265625
0 0.64921875 0.59375 0.01484375 0.02265625
0 0.12265625 0.59453125 0.1546875 0.02734375
0 0.14453125 0.625 0.19921875 0.02421875
0 0.31875 0.625 0.096875 0.02421875
0 0.64921875 0.62578125 0.0109375 0.02265625
0 0.7921875 0.62578125 0.13828125 0.02265625
0 0.759375 0.703125 0.19609375 0.046875
0 0.5421875 0.71328125 0.0921875 0.02421875
0 0.42265625 0.7140625 0.096875 0.02109375
0 0.63671875 0.71328125 0.03984375 0.0234375
0 0.259375 0.77421875 0.178125 0.0234375
0 0.38984375 0.77421875 0.03515625 0.0234375
0 0.52421875 0.775 0.05703125 0.021875
0 0.453125 0.775 0.03671875 0.021875
0 0.09453125 0.775 0.08984375 0.0265625
0 0.6875 0.7765625 0.1359375 0.0234375
0 0.55390625 0.83984375 0.078125 0.02265625
0 0.7921875 0.83984375 0.13828125 0.02265625
0 0.7921875 0.87265625 0.13828125 0.02265625
0 0.53515625 0.8734375 0.11796875 0.02734375
0 0.14375 0.93359375 0.1953125 0.01875
0 0.3140625 0.93359375 0.10859375 0.0171875
0 0.49765625 0.934375 0.078125 0.01875
0 0.74765625 0.934375 0.03515625 0.01875
0 0.41875 0.934375 0.03984375 0.0171875
0 0.6390625 0.934375 0.13828125 0.0171875