0 0.10703125 0.09375 0.203125 0.0296875
0 0.62578125 0.07578125 0.12734375 0.03203125
0 0.6921875 0.07421875 0.0484375 0.034375
0 0.36328125 0.1296875 0.12890625 0.03125
0 0.44375 0.1265625 0.05546875 0.0328125
0 0.1921875 0.16953125 0.32265625 0.01875
0 0.5453125 0.1578125 0.334375 0.02578125
0 0.784375 0.14921875 0.05703125 0.02265625
0 0.85390625 0.146875 0.028125 0.02265625
0 0.1140625 0.1921875 0.0828125 0.02109375
0 0.18203125 0.18984375 0.02578125 0.0234375
0 0.209375 0.1890625 0.028125 0.02265625
0 0.2546875 0.1875 0.02578125 0.0234375
0 0.29609375 0.1859375 0.03515625 0.0234375
0 0.46640625 0.18046875 0.23359375 0.0171875
0 0.62109375 0.17578125 0.028125 0.0234375
0 0.73671875 0.171875 0.1984375 0.01796875
0 0.05859375 0.215625 0.02890625 0.02265625
0 0.40703125 0.20390625 0.025 0.0234375
0 0.646875 0.196875 0.4375 0.0234375
0 0.26875 0.23125 0.1171875 0.01953125
0 0.3328125 0.22890625 0.02421875 0.02265625
0 0.42109375 0.22578125 0.121875 0.01953125
0 0.55859375 0.221875 0.0828125 0.02109375
0 0.68359375 0.21796875 0.0828125 0.02109375
0 0.18671875 0.2609375 0.37265625 0.0234375
0 0.63046875 0.246875 0.125 0.02109375
0 0.77109375 0.2421875 0.0890625 0.02109375
0 0.82734375 0.240625 0.01796875 0.02421875
0 0.89609375 0.23828125 0.07578125 0.021875
0 0.07265625 0.2859375 0.1453125 0.01875
0 0.153125 0.2828125 0.021875 0.01953125
0 0.3171875 0.27890625 0.1875 0.015625
0 0.1328125 0.309375 0.265625 0.01875
0 0.4796875 0.30078125 0.11796875 0.0203125
0 0.44375 0.30234375 0.021875 0.0171875
0 0.68359375 0.29609375 0.0328125 0.0203125
0 0.82890625 0.2921875 0.23671875 0.02109375
0 0.06484375 0.346875 0.1125 0.02578125
0 0.73203125 0.32890625 0.04140625 0.03125
0 0.84375 0.3265625 0.16015625 0.02890625
0 0.0828125 0.38828125 0.1171875 0.02578125
0 0.703125 0.37421875 0.04609375 0.03125
0 0.8453125 0.37109375 0.240625 0.02734375
0 0.1640625 0.4234375 0.2578125 0.01328125
0 0.71484375 0.41328125 0.03125 0.02109375
0 0.85546875 0.409375 0.23359375 0.015625
0 0.1484375 0.44921875 0.215625 0.0171875
0 0.34453125 0.4453125 0.07109375 0.01875
0 0.39609375 0.44453125 0.01640625 0.0203125
0 0.66015625 0.440625 0.47421875 0.02109375
0 0.11640625 0.46953125 0.1421875 0.0171875
0 0.0890625 0.5109375 0.00703125 0.01640625
0 0.67734375 0.50234375 0.0296875 0.0140625
0 0.70234375 0.5015625 0.01015625 0.01484375
0 0.84375 0.49921875 0.240625 0.0109375
0 0.321875 0.5203125 0.07578125 0.01015625
0 0.64140625 0.515625 0.01015625 0.009375
0 0.64921875 0.51484375 0.00625 0.01015625
0 0.75703125 0.51328125 0.07109375 0.009375
0 0.84296875 0.51171875 0.01015625 0.009375
0 0.340625 0.53203125 0.11796875 0.009375
0 0.75546875 0.52421875 0.1625 0.00859375
0 0.9171875 0.52109375 0.12109375 0.009375
0 0.8671875 0.53203125 0.01484375 0.01171875
0 0.7984375 0.546875 0.121875 0.01484375
0 0.31796875 0.57109375 0.04921875 0.01640625
0 0.37109375 0.5703125 0.0140625 0.01640625
0 0.53671875 0.56796875 0.078125 0.015625
0 0.675 0.565625 0.1140625 0.015625
0 0.4109375 0.5828125 0.1140625 0.0109375
0 0.778125 0.5921875 0.23359375 0.01875
0 0.434375 0.61640625 0.1453125 0.01484375
0 0.60703125 0.6140625 0.1390625 0.01484375
0 0.5578125 0.63125 0.02890625 0.0171875
0 0.8109375 0.628125 0.05234375 0.0171875
0 0.23828125 0.65234375 0.15859375 0.01796875
0 0.50625 0.65 0.31640625 0.015625
0 0.6765625 0.64765625 0.0171875 0.01875
0 0.82578125 0.64609375 0.2265625 0.0171875
0 0.296875 0.67109375 0.0859375 0.0171875
0 0.4015625 0.66953125 0.05703125 0.0171875
0 0.43671875 0.66953125 0.0140625 0.0171875
0 0.64609375 0.6671875 0.35546875 0.0140625
0 0.4515625 0.68359375 0.15 0.009375
0 0.61484375 0.68203125 0.13203125 0.01015625
0 0.33125 0.69609375 0.1734375 0.0125
0 0.5875 0.69375 0.071875 0.01171875
0 0.75703125 0.6921875 0.21171875 0.0125
0 0.325 0.70703125 0.01796875 0.0109375
0 0.50625 0.70546875 0.3015625 0.01328125
0 0.76328125 0.703125 0.1796875 0.01015625
0 0.2875 0.71796875 0.01796875 0.0109375
0 0.39453125 0.7171875 0.1140625 0.01015625
0 0.54140625 0.715625 0.13359375 0.01015625
0 0.71484375 0.71484375 0.1609375 0.01015625
0 0.803125 0.71328125 0.0046875 0.0109375
0 0.76328125 0.7359375 0.1515625 0.0109375
0 0.23359375 0.75078125 0.1484375 0.01015625
0 0.53125 0.77109375 0.11328125 0.009375
0 0.653125 0.76953125 0.08125 0.01015625
0 0.73515625 0.76953125 0.028125 0.01015625
0 0.23984375 0.784375 0.0953125 0.0109375
0 0.73984375 0.7796875 0.284375 0.009375
0 0.25703125 0.80703125 0.059375 0.01015625
0 0.32734375 0.80625 0.034375 0.0109375
0 0.3890625 0.80546875 0.0453125 0.01171875
0 0.49140625 0.8046875 0.06328125 0.01015625
0 0.58359375 0.80390625 0.07734375 0.01015625
0 0.49765625 0.8265625 0.16640625 0.01015625
0 0.665625 0.825 0.12421875 0.0109375
0 0.45546875 0.85703125 0.33359375 0.025
0 0.81171875 0.85 0.34453125 0.0265625
0 0.0828125 0.93828125 0.10546875 0.02109375
0 0.22734375 0.93984375 0.08125 0.0203125
0 0.28828125 0.93984375 0.01796875 0.0203125
0 0.3265625 0.940625 0.01640625 0.0203125
0 0.68359375 0.940625 0.0359375 0.01953125
0 0.79765625 0.940625 0.07578125 0.01953125
0 0.8625 0.93984375 0.01796875 0.01953125
0 0.94609375 0.93984375 0.08125 0.01953125
0 0.51015625 0.97421875 0.65234375 0.0234375
0 0.31015625 0.08671875 0.10703125 0.0328125
0 0.46328125 0.0828125 0.121875 0.03359375
0 0.79140625 0.07109375 0.1171875 0.034375
0 0.51484375 0.12734375 0.13203125 0.0390625
0 0.2109375 0.2109375 0.1609375 0.0203125
0 0.35390625 0.20625 0.084375 0.01640625
0 0.1484375 0.525 0.19765625 0.01328125
0 0.1921875 0.5109375 0.15234375 0.01640625
0 0.0625 0.5109375 0.0171875 0.0109375
0 0.21875 0.5578125 0.09609375 0.01484375
0 0.20546875 0.54453125 0.29453125 0.0125
0 0.16015625 0.53515625 0.2140625 0.01015625
0 0.9671875 0.590625 0.04921875 0.01796875
0 0.275 0.58515625 0.1109375 0.01015625
0 0.128125 0.58828125 0.14453125 0.01640625
0 0.71484375 0.53515625 0.0875 0.01015625
0 0.81953125 0.534375 0.06796875 0.00859375
0 0.93515625 0.5328125 0.10625 0.01171875
0 0.39609375 0.6328125 0.23515625 0.015625
0 0.22265625 0.6359375 0.078125 0.0109375
0 0.68125 0.6296875 0.1609375 0.0140625
0 0.4921875 0.69375 0.0828125 0.01015625
0 0.2890625 0.70703125 0.1015625 0.009375
0 0.53359375 0.7375 0.2015625 0.009375
0 0.73828125 0.746875 0.20859375 0.0109375
0 0.4609375 0.75078125 0.27421875 0.01328125
0 0.309375 0.7390625 0.15234375 0.01015625
0 0.34140625 0.771875 0.2171875 0.009375
0 0.378125 0.78359375 0.13515625 0.009375
0 0.51015625 0.7828125 0.12734375 0.009375
0 0.79921875 0.80234375 0.0875 0.01015625
0 0.6921875 0.803125 0.0875 0.009375
0 0.49609375 0.815625 0.40078125 0.01015625
0 0.73671875 0.8140625 0.04296875 0.01015625
0 0.34375 0.82890625 0.11015625 0.01015625