0 0.35546875 0.159375 0.1171875 0.0140625
0 0.6625 0.159375 0.05625 0.0140625
0 0.74765625 0.159375 0.05625 0.0140625
0 0.23984375 0.159375 0.05390625 0.01484375
0 0.52734375 0.16015625 0.1578125 0.01484375
0 0.178125 0.1828125 0.05625 0.0140625
0 0.2953125 0.1828125 0.11953125 0.0140625
0 0.38828125 0.1828125 0.015625 0.0125
0 0.64140625 0.1828125 0.09765625 0.0125
0 0.74609375 0.1828125 0.059375 0.01484375
0 0.4921875 0.18359375 0.1375 0.01484375
0 0.81953125 0.18515625 0.0359375 0.01640625
0 0.47265625 0.20625 0.2703125 0.0140625
0 0.24140625 0.20625 0.14296875 0.0140625
0 0.725 0.20859375 0.18125 0.0171875
0 0.240625 0.2296875 0.1 0.0140625
0 0.35546875 0.2296875 0.07890625 0.0140625
0 0.73671875 0.2296875 0.16640625 0.0140625
0 0.52265625 0.23125 0.20234375 0.01640625
0 0.4203125 0.253125 0.0375 0.0140625
0 0.35859375 0.253125 0.03515625 0.0140625
0 0.275 0.25390625 0.07734375 0.015625
0 0.61171875 0.2546875 0.28125 0.0171875
0 0.4328125 0.278125 0.05546875 0.01640625
0 0.53515625 0.278125 0.09921875 0.01640625
0 0.90546875 0.3234375 0.040625 0.01328125
0 0.4421875 0.3234375 0.07890625 0.01328125
0 0.3375 0.3234375 0.07734375 0.01328125
0 0.17734375 0.3234375 0.1859375 0.01328125
0 0.28515625 0.34609375 0.09609375 0.0125
0 0.128125 0.346875 0.07890625 0.01328125
0 0.69375 0.36875 0.08125 0.0140625
0 0.840625 0.36875 0.08203125 0.0140625
0 0.22109375 0.36953125 0.2703125 0.01484375
0 0.5578125 0.36953125 0.0109375 0.01484375
0 0.6 0.36953125 0.01796875 0.01484375
0 0.90625 0.3921875 0.03828125 0.01328125
0 0.1890625 0.39140625 0.2046875 0.0140625
0 0.44375 0.3921875 0.08125 0.01328125
0 0.58984375 0.3921875 0.16328125 0.01328125
0 0.34765625 0.3921875 0.059375 0.01328125
0 0.125 0.41484375 0.08359375 0.01328125
0 0.28515625 0.41484375 0.09921875 0.0140625
0 0.84140625 0.43828125 0.08359375 0.0140625
0 0.6 0.43828125 0.01953125 0.0140625
0 0.69375 0.43828125 0.08125 0.0140625
0 0.15625 0.43828125 0.14453125 0.01328125
0 0.5578125 0.43828125 0.0109375 0.01484375
0 0.90625 0.46171875 0.03828125 0.01328125
0 0.3375 0.46171875 0.1625 0.01328125
0 0.15859375 0.46171875 0.14453125 0.0125
0 0.26484375 0.48515625 0.05859375 0.01328125
0 0.12578125 0.48515625 0.08203125 0.01328125
0 0.69453125 0.50859375 0.0796875 0.01328125
0 0.84140625 0.50859375 0.08359375 0.01328125
0 0.55859375 0.50859375 0.015625 0.01328125
0 0.6 0.50859375 0.0171875 0.0140625
0 0.15703125 0.509375 0.1453125 0.01484375
0 0.90625 0.53125 0.03828125 0.01328125
0 0.115625 0.53203125 0.0609375 0.0140625
0 0.21171875 0.53203125 0.08125 0.0140625
0 0.34765625 0.53203125 0.14609375 0.0140625
0 0.2515625 0.5546875 0.0390625 0.01328125
0 0.125 0.5546875 0.08359375 0.01328125
0 0.59921875 0.578125 0.01796875 0.0140625
0 0.69453125 0.578125 0.07890625 0.01328125
0 0.1578125 0.578125 0.14453125 0.01328125
0 0.84296875 0.578125 0.0796875 0.01328125
0 0.5578125 0.57890625 0.0125 0.01484375
0 0.8984375 0.62421875 0.05390625 0.01328125
0 0.30546875 0.62421875 0.01796875 0.01328125
0 0.1578125 0.62578125 0.13984375 0.01640625
0 0.77578125 0.62578125 0.1171875 0.0171875
0 0.77890625 0.6703125 0.0390625 0.0125
0 0.87421875 0.6703125 0.1 0.0140625
0 0.2640625 0.6703125 0.09375 0.0125
0 0.13828125 0.6703125 0.1015625 0.0140625
0 0.40078125 0.6703125 0.11953125 0.0140625
0 0.77734375 0.69296875 0.03828125 0.01328125
0 0.87421875 0.69296875 0.1 0.01328125
0 0.125 0.69296875 0.08359375 0.01328125
0 0.88515625 0.715625 0.07890625 0.0125
0 0.8015625 0.715625 0.0375 0.0125
0 0.14765625 0.715625 0.12421875 0.0125
0 0.73671875 0.76171875 0.03828125 0.01328125
0 0.11328125 0.76171875 0.059375 0.01328125
0 0.2 0.76171875 0.0578125 0.01328125
0 0.4625 0.76171875 0.0359375 0.01328125
0 0.821875 0.76171875 0.08125 0.01328125
0 0.3359375 0.76171875 0.16328125 0.01328125
0 0.5578125 0.76171875 0.1015625 0.0125
0 0.440625 0.80859375 0.07734375 0.0140625
0 0.16796875 0.80859375 0.1609375 0.0125
0 0.671875 0.80859375 0.0375 0.0125
0 0.32578125 0.80859375 0.096875 0.0125
0 0.82109375 0.80859375 0.20703125 0.0140625
0 0.5453125 0.80859375 0.0796875 0.0140625
0 0.16796875 0.83125 0.16796875 0.01328125
0 0.3046875 0.83125 0.059375 0.01328125
0 0.45390625 0.83125 0.09921875 0.01328125
0 0.29375 0.87734375 0.1625 0.01484375
0 0.43046875 0.87734375 0.0609375 0.01484375
0 0.55546875 0.878125 0.14296875 0.0140625
0 0.71484375 0.878125 0.125 0.01328125
0 0.6078125 0.90078125 0.15859375 0.0140625
0 0.3046875 0.90078125 0.0171875 0.0140625
0 0.3703125 0.90078125 0.059375 0.0140625
0 0.46328125 0.90078125 0.08203125 0.0140625
0 0.54609375 0.9234375 0.07890625 0.01328125
0 0.68046875 0.9234375 0.140625 0.0140625
0 0.3359375 0.92421875 0.16640625 0.0125
0 0.4625 0.92421875 0.0359375 0.0125