0 0.18125 0.10234375 0.19609375 0.0203125
0 0.47734375 0.103125 0.37421875 0.02109375
0 0.7484375 0.10390625 0.15234375 0.02109375
0 0.1109375 0.12890625 0.0515625 0.01171875
0 0.3765625 0.12890625 0.09765625 0.0109375
0 0.48984375 0.12890625 0.09609375 0.0109375
0 0.6015625 0.1296875 0.10625 0.0125
0 0.68125 0.1296875 0.01796875 0.0109375
0 0.23046875 0.1296875 0.1625 0.0140625
0 0.753125 0.13125 0.109375 0.0140625
0 0.128125 0.14609375 0.10234375 0.0125
0 0.24140625 0.14609375 0.09453125 0.0125
0 0.346875 0.14609375 0.08671875 0.01171875
0 0.1296875 0.16484375 0.09921875 0.01328125
0 0.51015625 0.165625 0.1796875 0.0125
0 0.6515625 0.165625 0.08046875 0.01171875
0 0.28671875 0.16640625 0.190625 0.01640625
0 0.10859375 0.1859375 0.05625 0.0125
0 0.2421875 0.1859375 0.1796875 0.01171875
0 0.3828125 0.1859375 0.07890625 0.01171875
0 0.1109375 0.20390625 0.0609375 0.01171875
0 0.17578125 0.20390625 0.03671875 0.01171875
0 0.39765625 0.2046875 0.2359375 0.01171875
0 0.23203125 0.2046875 0.05 0.0125
0 0.7109375 0.2125 0.08984375 0.01484375
0 0.86328125 0.21328125 0.1796875 0.01484375
0 0.1140625 0.22421875 0.09609375 0.01171875
0 0.18984375 0.22578125 0.03671875 0.01328125
0 0.23046875 0.23984375 0.1140625 0.009375
0 0.11640625 0.23984375 0.09765625 0.009375
0 0.33125 0.240625 0.059375 0.01015625
0 0.4015625 0.240625 0.0609375 0.009375
0 0.525 0.24296875 0.16015625 0.01328125
0 0.2421875 0.27734375 0.1125 0.0109375
0 0.121875 0.27734375 0.09609375 0.0109375
0 0.39375 0.27734375 0.171875 0.01015625
0 0.0984375 0.31796875 0.0140625 0.01015625
0 0.22421875 0.31875 0.175 0.0109375
0 0.49296875 0.31875 0.10234375 0.009375
0 0.61640625 0.31875 0.10234375 0.01015625
0 0.7 0.31953125 0.04140625 0.01015625
0 0.821875 0.3203125 0.128125 0.01015625
0 0.48828125 0.33671875 0.08046875 0.009375
0 0.559375 0.3375 0.04296875 0.01015625
0 0.62890625 0.3375 0.0671875 0.009375
0 0.2234375 0.35859375 0.1734375 0.01171875
0 0.81328125 0.36015625 0.071875 0.0109375
0 0.91875 0.36015625 0.03984375 0.01171875
0 0.09375 0.38203125 0.08203125 0.0109375
0 0.18515625 0.38359375 0.08203125 0.0125
0 0.309375 0.38359375 0.13984375 0.0125
0 0.42265625 0.38359375 0.065625 0.0125
0 0.50546875 0.384375 0.08671875 0.01328125
0 0.81328125 0.38671875 0.071875 0.0125
0 0.4640625 0.4046875 0.13515625 0.0125
0 0.8109375 0.4078125 0.0703125 0.0125
0 0.4296875 0.43203125 0.08203125 0.0125
0 0.815625 0.43515625 0.0703125 0.0109375
0 0.4421875 0.45234375 0.09765625 0.01171875
0 0.534375 0.4546875 0.0515625 0.015625
0 0.8140625 0.45625 0.0703125 0.0109375
0 0.43359375 0.48203125 0.0703125 0.01171875
0 0.51796875 0.4828125 0.08203125 0.0125
0 0.8125 0.4859375 0.0703125 0.0125
0 0.4375 0.5203125 0.08515625 0.01015625
0 0.815625 0.5234375 0.0703125 0.0125
0 0.459375 0.54140625 0.13515625 0.0109375
0 0.8125 0.54375 0.0703125 0.01171875
0 0.08828125 0.56953125 0.0640625 0.01171875
0 0.20703125 0.57109375 0.15078125 0.015625
0 0.5171875 0.571875 0.20234375 0.01640625
0 0.84140625 0.571875 0.13828125 0.01640625
0 0.1765625 0.58984375 0.0515625 0.01171875
0 0.07578125 0.58984375 0.03828125 0.01171875
0 0.121875 0.59140625 0.03203125 0.01328125
0 0.58671875 0.59140625 0.06875 0.0125
0 0.8765625 0.59140625 0.0703125 0.01171875
0 0.084375 0.6453125 0.05625 0.01171875
0 0.15234375 0.64609375 0.0578125 0.0125
0 0.55390625 0.64609375 0.07421875 0.0125
0 0.33984375 0.64609375 0.2484375 0.01328125
0 0.7375 0.64765625 0.1875 0.01484375
0 0.27109375 0.7421875 0.0703125 0.01015625
0 0.16953125 0.7421875 0.1140625 0.01015625
0 0.41796875 0.74296875 0.05625 0.01015625
0 0.56015625 0.74296875 0.19921875 0.01015625
0 0.68203125 0.74296875 0.02578125 0.01015625
0 0.81171875 0.74375 0.20390625 0.0125
0 0.34765625 0.74453125 0.05625 0.0078125
0 0.2515625 0.7765625 0.1265625 0.009375
0 0.45390625 0.7765625 0.0703125 0.009375
0 0.3640625 0.7765625 0.07734375 0.009375
0 0.55078125 0.77734375 0.10625 0.01015625
0 0.72734375 0.778125 0.225 0.01015625
0 0.3875 0.79765625 0.1265625 0.009375
0 0.51796875 0.79765625 0.1078125 0.009375
0 0.64765625 0.7984375 0.1265625 0.01015625
0 0.265625 0.834375 0.14296875 0.009375
0 0.4046875 0.834375 0.10234375 0.009375
0 0.53125 0.834375 0.0703125 0.009375
0 0.6578125 0.83515625 0.15390625 0.009375
0 0.79296875 0.8359375 0.08046875 0.01015625
0 0.22890625 0.86875 0.1265625 0.01171875
0 0.3515625 0.86953125 0.08046875 0.0109375
0 0.44609375 0.86953125 0.07421875 0.0109375
0 0.56953125 0.86953125 0.14453125 0.01171875
0 0.68984375 0.86953125 0.0671875 0.0109375
0 0.7984375 0.8703125 0.1203125 0.01171875
0 0.89296875 0.8703125 0.046875 0.0109375
0 0.51328125 0.890625 0.03828125 0.01171875
0 0.43515625 0.890625 0.0703125 0.01171875
0 0.340625 0.890625 0.09296875 0.01171875
0 0.18671875 0.890625 0.190625 0.01171875
0 0.6328125 0.89140625 0.1765625 0.01171875
0 0.834375 0.8921875 0.20859375 0.01171875
0 0.4828125 0.9125 0.1671875 0.01015625
0 0.2109375 0.94765625 0.1171875 0.01171875
0 0.4671875 0.94765625 0.1859375 0.01171875
0 0.31796875 0.94765625 0.07421875 0.01171875
0 0.728125 0.94921875 0.31015625 0.01484375