0 0.559375 0.10703125 0.18125 0.01328125
0 0.74609375 0.10703125 0.14765625 0.01328125
0 0.2984375 0.10859375 0.0578125 0.0140625
0 0.40078125 0.10859375 0.1078125 0.0140625
0 0.2015625 0.10859375 0.1078125 0.01328125
0 0.60078125 0.1359375 0.1078125 0.0109375
0 0.35 0.1359375 0.08046875 0.0109375
0 0.4671875 0.1359375 0.13125 0.0109375
0 0.48359375 0.1578125 0.2359375 0.0140625
0 0.74453125 0.17578125 0.01953125 0.0109375
0 0.35234375 0.17578125 0.07578125 0.0109375
0 0.446875 0.17578125 0.08828125 0.0109375
0 0.565625 0.17578125 0.1234375 0.0109375
0 0.6828125 0.17578125 0.08203125 0.00859375
0 0.24921875 0.17890625 0.09140625 0.0109375
0 0.353125 0.19140625 0.15703125 0.0109375
0 0.76328125 0.1921875 0.08828125 0.01171875
0 0.64140625 0.19375 0.1140625 0.01328125
0 0.20859375 0.19375 0.10625 0.009375
0 0.51015625 0.19453125 0.121875 0.0140625
0 0.36640625 0.209375 0.09140625 0.0109375
0 0.46640625 0.209375 0.08203125 0.0109375
0 0.58671875 0.209375 0.1234375 0.0109375
0 0.3640625 0.2234375 0.0546875 0.0109375
0 0.58671875 0.2234375 0.07578125 0.0109375
0 0.4703125 0.225 0.125 0.0109375
0 0.5546875 0.24140625 0.2453125 0.01328125
0 0.39296875 0.24140625 0.04140625 0.0109375
0 0.31796875 0.24296875 0.07734375 0.0140625
0 0.7125 0.3421875 0.1828125 0.0109375
0 0.12421875 0.34375 0.08203125 0.0109375
0 0.37890625 0.34453125 0.26953125 0.01328125
0 0.3015625 0.3640625 0.115625 0.0109375
0 0.19296875 0.36484375 0.0578125 0.01171875
0 0.11796875 0.36640625 0.0625 0.0109375
0 0.1296875 0.384375 0.09296875 0.01171875
0 0.37734375 0.39140625 0.25703125 0.01953125
0 0.56953125 0.39140625 0.0671875 0.0171875
0 0.26484375 0.425 0.03828125 0.0109375
0 0.15 0.425 0.1296875 0.0109375
0 0.49375 0.44453125 0.071875 0.0109375
0 0.39296875 0.4453125 0.09609375 0.0109375
0 0.32578125 0.4453125 0.009375 0.01328125
0 0.2734375 0.4453125 0.059375 0.009375
0 0.12421875 0.4453125 0.07890625 0.0109375
0 0.17109375 0.4765625 0.171875 0.0171875
0 0.8859375 0.48359375 0.0578125 0.01171875
0 0.7890625 0.4953125 0.1203125 0.0109375
0 0.41796875 0.49609375 0.13359375 0.0109375
0 0.196875 0.49609375 0.07578125 0.0109375
0 0.30390625 0.496875 0.059375 0.0109375
0 0.11796875 0.496875 0.0625 0.0109375
0 0.89765625 0.5015625 0.08046875 0.01328125
0 0.36953125 0.52578125 0.07421875 0.015625
0 0.48203125 0.52578125 0.1171875 0.015625
0 0.59140625 0.528125 0.06875 0.01640625
0 0.2015625 0.52890625 0.2265625 0.0171875
0 0.8171875 0.5453125 0.16015625 0.0109375
0 0.3859375 0.54609375 0.06875 0.0109375
0 0.1078125 0.54609375 0.0453125 0.0109375
0 0.29375 0.54609375 0.01640625 0.0109375
0 0.18203125 0.54609375 0.065625 0.0109375
0 0.4015625 0.56875 0.109375 0.0140625
0 0.78359375 0.56875 0.10625 0.01796875
0 0.209375 0.5703125 0.2390625 0.0140625
0 0.59375 0.5703125 0.240625 0.01796875
0 0.815625 0.5875 0.1640625 0.01171875
0 0.10625 0.5890625 0.04140625 0.0109375
0 0.3875 0.5890625 0.065625 0.0109375
0 0.29375 0.5890625 0.01640625 0.0109375
0 0.18125 0.5890625 0.0671875 0.0109375
0 0.37734375 0.61328125 0.128125 0.01328125
0 0.51171875 0.61328125 0.09921875 0.01640625
0 0.19609375 0.6140625 0.21171875 0.01640625
0 0.8171875 0.63125 0.1640625 0.0109375
0 0.3859375 0.6328125 0.0625 0.0109375
0 0.10625 0.6328125 0.0453125 0.0109375
0 0.29375 0.6328125 0.01640625 0.0109375
0 0.18203125 0.63359375 0.065625 0.0109375
0 0.378125 0.65625 0.1265625 0.0140625
0 0.51875 0.6578125 0.11875 0.0171875
0 0.19453125 0.6578125 0.21171875 0.015625
0 0.815625 0.67578125 0.1640625 0.0109375
0 0.1078125 0.6765625 0.0453125 0.0109375
0 0.3875 0.6765625 0.0625 0.0109375
0 0.29609375 0.6765625 0.0140625 0.0109375
0 0.18046875 0.6765625 0.06875 0.0109375
0 0.61875 0.69921875 0.03046875 0.0140625
0 0.55546875 0.7 0.0671875 0.01328125
0 0.20234375 0.70078125 0.23125 0.015625
0 0.696875 0.7015625 0.10234375 0.01640625
0 0.41953125 0.7015625 0.16875 0.01640625
0 0.21171875 0.72109375 0.07734375 0.0140625
0 0.12265625 0.72109375 0.065625 0.0140625
0 0.31875 0.721875 0.09765625 0.0171875
0 0.41171875 0.721875 0.053125 0.0171875
0 0.8171875 0.73671875 0.1640625 0.0109375
0 0.3875 0.73828125 0.065625 0.0109375
0 0.29609375 0.7390625 0.0140625 0.0109375
0 0.1078125 0.7390625 0.0453125 0.0109375
0 0.18203125 0.7390625 0.065625 0.0109375
0 0.61640625 0.7609375 0.03203125 0.01328125
0 0.5546875 0.76171875 0.06875 0.01328125
0 0.6953125 0.76171875 0.09921875 0.01640625
0 0.20234375 0.76171875 0.228125 0.01328125
0 0.4171875 0.76171875 0.1734375 0.0171875
0 0.1234375 0.78125 0.0640625 0.0140625
0 0.21015625 0.78125 0.07421875 0.0140625
0 0.40859375 0.78203125 0.05 0.0171875
0 0.3171875 0.7828125 0.09765625 0.0171875
0 0.8171875 0.79765625 0.1640625 0.009375
0 0.3859375 0.8 0.06875 0.0109375
0 0.29453125 0.8 0.0140625 0.0109375
0 0.18203125 0.8 0.065625 0.0109375
0 0.1078125 0.8 0.0453125 0.0109375
0 0.77578125 0.81953125 0.13359375 0.0109375
0 0.2421875 0.81953125 0.01640625 0.0109375
0 0.4078125 0.81953125 0.08359375 0.0109375
0 0.5234375 0.81953125 0.128125 0.0109375
0 0.11640625 0.82265625 0.0625 0.0125
0 0.78515625 0.8390625 0.115625 0.0109375
0 0.5203125 0.83984375 0.14453125 0.0109375
0 0.77578125 0.859375 0.13359375 0.0109375
0 0.41171875 0.86015625 0.07578125 0.0109375
0 0.5296875 0.86015625 0.14453125 0.00859375
0 0.784375 0.87578125 0.1140625 0.0109375
0 0.365625 0.87734375 0.08359375 0.0109375
0 0.50703125 0.87734375 0.1703125 0.01328125
0 0.7609375 0.9 0.19921875 0.01484375
0 0.259375 0.9 0.1109375 0.0140625
0 0.38984375 0.9 0.125 0.0140625
0 0.7859375 0.96015625 0.13359375 0.0125
0 0.51328125 0.9609375 0.19609375 0.0140625
0 0.37265625 0.9609375 0.0609375 0.01171875
0 0.12265625 0.96171875 0.065625 0.0109375
0 0.2375 0.9625 0.14453125 0.0125
0 0.81171875 0.978125 0.0625 0.0109375
0 0.57109375 0.97890625 0.08359375 0.0109375
0 0.20625 0.97890625 0.053125 0.0109375
0 0.1109375 0.98046875 0.03828125 0.009375