0 0.44609375 0.15859375 0.053125 0.01796875
0 0.3234375 0.159375 0.15 0.01875
0 0.540625 0.159375 0.090625 0.0171875
0 0.4078125 0.18359375 0.20625 0.01875
0 0.315625 0.2078125 0.0921875 0.01875
0 0.19921875 0.209375 0.0859375 0.01875
0 0.4765625 0.209375 0.18515625 0.01953125
0 0.628125 0.209375 0.0703125 0.01875
0 0.378125 0.23203125 0.10703125 0.01796875
0 0.52109375 0.23203125 0.128125 0.01796875
0 0.671875 0.2328125 0.125 0.01953125
0 0.28359375 0.2328125 0.03046875 0.01953125
0 0.18359375 0.23515625 0.128125 0.0234375
0 0.2578125 0.25703125 0.090625 0.01875
0 0.55 0.25703125 0.14609375 0.0203125
0 0.3875 0.2578125 0.125 0.01953125
0 0.21953125 0.28046875 0.053125 0.0171875
0 0.29609375 0.28046875 0.053125 0.0171875
0 0.53203125 0.28046875 0.22265625 0.0171875
0 0.3703125 0.28046875 0.04765625 0.0171875
0 0.246875 0.328125 0.10546875 0.01875
0 0.47578125 0.328125 0.2546875 0.01953125
0 0.07265625 0.3765625 0.04921875 0.0171875
0 0.278125 0.3765625 0.12578125 0.01875
0 0.61796875 0.3765625 0.12734375 0.01875
0 0.13671875 0.3765625 0.034375 0.01640625
0 0.453125 0.3765625 0.14375 0.01796875
0 0.496875 0.4 0.14453125 0.01875
0 0.30703125 0.4 0.1875 0.01796875
0 0.07890625 0.4 0.07421875 0.01875
0 0.14765625 0.4484375 0.20625 0.01875
0 0.7703125 0.4484375 0.0515625 0.01953125
0 0.67421875 0.4484375 0.0890625 0.01953125
0 0.35390625 0.44921875 0.053125 0.01953125
0 0.5234375 0.44921875 0.1296875 0.0203125
0 0.071875 0.4953125 0.053125 0.01875
0 0.146875 0.4953125 0.046875 0.01953125
0 0.5125 0.51875 0.0734375 0.0171875
0 0.31640625 0.51953125 0.01796875 0.01796875
0 0.77734375 0.51953125 0.034375 0.01640625
0 0.68359375 0.51953125 0.071875 0.0171875
0 0.35390625 0.5203125 0.01796875 0.0140625
0 0.09921875 0.5421875 0.1046875 0.01875
0 0.203125 0.5421875 0.0515625 0.01796875
0 0.51484375 0.5671875 0.0703125 0.0171875
0 0.68515625 0.5671875 0.06796875 0.0171875
0 0.778125 0.5671875 0.03515625 0.0171875
0 0.31640625 0.5671875 0.01171875 0.01640625
0 0.3546875 0.56875 0.0140625 0.01328125
0 0.08359375 0.58984375 0.06953125 0.01875
0 0.1734375 0.59140625 0.0734375 0.01953125
0 0.31640625 0.61328125 0.01796875 0.01796875
0 0.77734375 0.61484375 0.034375 0.0171875
0 0.5125 0.61484375 0.0734375 0.0171875
0 0.68359375 0.61484375 0.0734375 0.0171875
0 0.35234375 0.61640625 0.01796875 0.01328125
0 0.08828125 0.66015625 0.0859375 0.01875
0 0.18984375 0.6609375 0.06796875 0.0171875
0 0.2578125 0.6609375 0.01484375 0.0171875
0 0.0875 0.6859375 0.08671875 0.01953125
0 0.7578125 0.68671875 0.0734375 0.0171875
0 0.4078125 0.6875 0.08828125 0.01953125
0 0.2515625 0.6875 0.18359375 0.02265625
0 0.07265625 0.71015625 0.05390625 0.01796875
0 0.315625 0.71015625 0.084375 0.01953125
0 0.7578125 0.71015625 0.0703125 0.0171875
0 0.18359375 0.7109375 0.1296875 0.02109375
0 0.38125 0.7328125 0.034375 0.01875
0 0.7578125 0.73359375 0.0734375 0.01640625
0 0.08984375 0.73359375 0.08671875 0.01953125
0 0.25078125 0.73359375 0.18359375 0.0203125
0 0.4625 0.73359375 0.08671875 0.01953125
0 0.71953125 0.7578125 0.14765625 0.01796875
0 0.13671875 0.7578125 0.17734375 0.01796875
0 0.07890625 0.803125 0.07421875 0.01953125
0 0.7578125 0.8046875 0.0734375 0.01796875
0 0.06953125 0.87265625 0.05546875 0.01796875
0 0.18359375 0.87578125 0.128125 0.02265625
0 0.5125 0.8765625 0.18359375 0.0203125
0 0.72890625 0.8765625 0.12734375 0.01953125
0 0.06015625 0.8984375 0.03515625 0.01796875
0 0.31484375 0.89921875 0.05 0.01953125
0 0.5703125 0.89921875 0.0734375 0.01796875
0 0.25234375 0.89921875 0.034375 0.01953125
0 0.7578125 0.9 0.0734375 0.0171875