0 0.13828125 0.17890625 0.0546875 0.01328125
0 0.2140625 0.17890625 0.0515625 0.01328125
0 0.3109375 0.17890625 0.0859375 0.01328125
0 0.4421875 0.1796875 0.12890625 0.01328125
0 0.6234375 0.1796875 0.18671875 0.01328125
0 0.765625 0.1796875 0.0515625 0.0140625
0 0.83984375 0.1796875 0.0546875 0.0140625
0 0.48046875 0.19921875 0.2 0.01640625
0 0.27265625 0.21796875 0.0875 0.0140625
0 0.36328125 0.21796875 0.0515625 0.0140625
0 0.7265625 0.21875 0.0546875 0.01328125
0 0.6328125 0.21875 0.0921875 0.01328125
0 0.821875 0.21875 0.09140625 0.01328125
0 0.15546875 0.21875 0.0859375 0.01484375
0 0.4875 0.21875 0.14296875 0.01484375
0 0.309375 0.23671875 0.09140625 0.01328125
0 0.6296875 0.2375 0.1640625 0.01328125
0 0.4484375 0.23828125 0.1453125 0.01484375
0 0.434375 0.25703125 0.034375 0.0140625
0 0.26328125 0.2578125 0.06953125 0.01484375
0 0.3546875 0.2578125 0.06953125 0.01640625
0 0.6296875 0.2578125 0.23984375 0.01640625
0 0.3171875 0.2765625 0.10390625 0.0140625
0 0.5453125 0.27734375 0.25625 0.0140625
0 0.20390625 0.2953125 0.18203125 0.01484375
0 0.3734375 0.2953125 0.06953125 0.01328125
0 0.1953125 0.3140625 0.0921875 0.0140625
0 0.36328125 0.315625 0.20078125 0.01328125
0 0.62890625 0.315625 0.125 0.0140625
0 0.7765625 0.315625 0.1078125 0.0140625
0 0.3765625 0.334375 0.18671875 0.01328125
0 0.146875 0.33515625 0.0734375 0.01328125
0 0.56640625 0.33515625 0.146875 0.0140625
0 0.3109375 0.35390625 0.05078125 0.0140625
0 0.18515625 0.3546875 0.14765625 0.01484375
0 0.4234375 0.3546875 0.13125 0.01484375
0 0.8578125 0.35546875 0.01640625 0.0140625
0 0.72578125 0.35546875 0.1265625 0.015625
0 0.74375 0.39453125 0.0859375 0.01484375
0 0.13984375 0.3953125 0.0515625 0.01640625
0 0.84296875 0.3953125 0.05703125 0.01484375
0 0.328125 0.39609375 0.20859375 0.01640625
0 0.7078125 0.43359375 0.09140625 0.0140625
0 0.1796875 0.43359375 0.0125 0.0140625
0 0.6125 0.43359375 0.01640625 0.0140625
0 0.79296875 0.434375 0.034375 0.0140625
0 0.22578125 0.453125 0.071875 0.01328125
0 0.140625 0.453125 0.05078125 0.0125
0 0.17890625 0.47265625 0.01171875 0.01171875
0 0.6125 0.47265625 0.01640625 0.0140625
0 0.7078125 0.47265625 0.09140625 0.01328125
0 0.79296875 0.47265625 0.034375 0.0140625
0 0.2828125 0.4921875 0.06953125 0.0140625
0 0.37734375 0.4921875 0.071875 0.01328125
0 0.4703125 0.4921875 0.065625 0.01484375
0 0.16796875 0.49296875 0.10859375 0.01484375
0 0.1796875 0.51171875 0.0125 0.0125
0 0.6125 0.51171875 0.01640625 0.01328125
0 0.7078125 0.51171875 0.09140625 0.0140625
0 0.79296875 0.51171875 0.034375 0.01328125
0 0.15 0.5296875 0.071875 0.0140625
0 0.24375 0.53046875 0.07109375 0.0140625
0 0.17890625 0.55 0.01171875 0.0125
0 0.6125 0.55 0.01640625 0.01328125
0 0.709375 0.55078125 0.08828125 0.01328125
0 0.79296875 0.55078125 0.034375 0.0140625
0 0.1859375 0.56953125 0.14921875 0.01484375
0 0.3203125 0.56953125 0.071875 0.0140625
0 0.17890625 0.590625 0.01171875 0.0140625
0 0.6125 0.58984375 0.01640625 0.01328125
0 0.79296875 0.58984375 0.034375 0.01328125
0 0.71875 0.590625 0.071875 0.0140625
0 0.15703125 0.609375 0.0921875 0.01484375
0 0.26328125 0.609375 0.0734375 0.0140625
0 0.17890625 0.6296875 0.01171875 0.0140625
0 0.709375 0.63046875 0.08828125 0.0140625
0 0.6125 0.6296875 0.01640625 0.01328125
0 0.79296875 0.63046875 0.034375 0.0140625
0 0.24375 0.65 0.071875 0.0140625
0 0.328125 0.65 0.046875 0.01640625
0 0.14765625 0.65078125 0.0734375 0.015625
0 0.17890625 0.6703125 0.01171875 0.01328125
0 0.6125 0.66953125 0.01640625 0.0125
0 0.71875 0.6703125 0.071875 0.01328125
0 0.79296875 0.6703125 0.034375 0.01328125
0 0.18671875 0.6890625 0.15078125 0.01484375
0 0.15703125 0.72578125 0.08984375 0.01484375
0 0.31796875 0.7265625 0.18046875 0.0171875
0 0.47734375 0.7265625 0.0875 0.0140625
0 0.81484375 0.7265625 0.1078125 0.01328125
0 0.15625 0.74453125 0.0875 0.01484375
0 0.4515625 0.7453125 0.0328125 0.01328125
0 0.534375 0.7453125 0.0875 0.0140625
0 0.32109375 0.74609375 0.184375 0.01484375
0 0.81484375 0.74609375 0.1078125 0.0140625
0 0.20390625 0.7640625 0.184375 0.0140625
0 0.759375 0.765625 0.2109375 0.01484375
0 0.175 0.803125 0.12734375 0.015625
0 0.27421875 0.803125 0.0125 0.01328125
0 0.5671875 0.803125 0.18828125 0.01328125
0 0.79296875 0.80390625 0.14765625 0.0140625
0 0.17421875 0.821875 0.125 0.01328125
0 0.40546875 0.821875 0.13046875 0.0125
0 0.29296875 0.82265625 0.05078125 0.01484375
0 0.15078125 0.840625 0.07578125 0.0140625
0 0.8125 0.84140625 0.1078125 0.0140625
0 0.1390625 0.8796875 0.05546875 0.01328125
0 0.584375 0.8796875 0.18359375 0.01484375
0 0.253125 0.8796875 0.13046875 0.015625
0 0.80078125 0.88125 0.12734375 0.01484375
0 0.12890625 0.89765625 0.03515625 0.01328125
0 0.32109375 0.8984375 0.0328125 0.0140625
0 0.62421875 0.8984375 0.1078125 0.0140625
0 0.38359375 0.89921875 0.0515625 0.01484375
0 0.8296875 0.89921875 0.0734375 0.01328125
0 0.4421875 0.95625 0.09140625 0.01328125
0 0.53828125 0.95625 0.0515625 0.01328125
0 0.3953125 0.97421875 0.10859375 0.0140625
0 0.509375 0.975 0.0734375 0.0125
0 0.61171875 0.97578125 0.09140625 0.01484375