0 0.3390625 0.17109375 0.14765625 0.01796875
0 0.4625 0.17109375 0.05546875 0.01796875
0 0.55703125 0.171875 0.0921875 0.01875
0 0.425 0.19765625 0.2046875 0.0203125
0 0.3296875 0.22265625 0.0921875 0.0203125
0 0.49140625 0.225 0.18671875 0.0234375
0 0.2140625 0.225 0.084375 0.0203125
0 0.65234375 0.225 0.08125 0.0203125
0 0.53828125 0.24921875 0.13046875 0.01796875
0 0.3953125 0.24921875 0.11015625 0.01875
0 0.196875 0.25078125 0.13046875 0.0203125
0 0.2984375 0.25078125 0.03046875 0.0203125
0 0.68671875 0.25078125 0.125 0.0203125
0 0.271875 0.27421875 0.09140625 0.01796875
0 0.40234375 0.275 0.1265625 0.0203125
0 0.56640625 0.27578125 0.146875 0.0203125
0 0.38515625 0.29921875 0.046875 0.01796875
0 0.2328125 0.29921875 0.053125 0.01796875
0 0.5484375 0.29921875 0.22265625 0.01796875
0 0.31015625 0.29921875 0.0515625 0.01796875
0 0.4921875 0.35 0.25625 0.01875
0 0.2609375 0.35 0.1046875 0.01796875
0 0.46953125 0.4 0.14296875 0.01953125
0 0.634375 0.4 0.13046875 0.01953125
0 0.08359375 0.4 0.05078125 0.01796875
0 0.2921875 0.4 0.12109375 0.01875
0 0.1671875 0.4 0.06796875 0.0171875
0 0.32265625 0.425 0.18671875 0.01796875
0 0.09375 0.425 0.0734375 0.01796875
0 0.51484375 0.425 0.146875 0.01875
0 0.69140625 0.475 0.0859375 0.01875
0 0.78671875 0.475 0.05546875 0.01875
0 0.1609375 0.47578125 0.20625 0.0203125
0 0.36875 0.47578125 0.05703125 0.02109375
0 0.53984375 0.4765625 0.134375 0.021875
0 0.08515625 0.525 0.04921875 0.01796875
0 0.159375 0.52578125 0.05078125 0.01875
0 0.528125 0.54921875 0.0734375 0.0171875
0 0.70078125 0.55 0.071875 0.01796875
0 0.79375 0.55 0.03515625 0.01875
0 0.3328125 0.55 0.01015625 0.0171875
0 0.3671875 0.55234375 0.01640625 0.0140625
0 0.09140625 0.5734375 0.0734375 0.01796875
0 0.178125 0.5734375 0.04765625 0.01796875
0 0.53125 0.59765625 0.07578125 0.0171875
0 0.7015625 0.5984375 0.07578125 0.01796875
0 0.79375 0.59921875 0.03515625 0.0171875
0 0.3328125 0.6 0.01015625 0.01875
0 0.36875 0.6 0.01640625 0.0140625
0 0.10078125 0.64609375 0.0859375 0.0203125
0 0.20390625 0.64765625 0.07109375 0.01875
0 0.27421875 0.64765625 0.01796875 0.01796875
0 0.10078125 0.6703125 0.084375 0.01875
0 0.42421875 0.671875 0.08984375 0.01875
0 0.7765625 0.671875 0.06953125 0.01796875
0 0.265625 0.671875 0.18203125 0.0203125
0 0.0828125 0.6953125 0.0515625 0.01796875
0 0.32890625 0.69609375 0.08359375 0.0203125
0 0.7765625 0.69609375 0.0734375 0.01796875
0 0.196875 0.69609375 0.13046875 0.02109375
0 0.10078125 0.71953125 0.084375 0.01875
0 0.3953125 0.71953125 0.0328125 0.01875
0 0.265625 0.71953125 0.18203125 0.0203125
0 0.7765625 0.7203125 0.06953125 0.01875
0 0.4796875 0.72109375 0.0875 0.0203125
0 0.15078125 0.7453125 0.184375 0.01953125
0 0.7375 0.74609375 0.14296875 0.01796875
0 0.09609375 0.79375 0.07578125 0.01875
0 0.7765625 0.79375 0.071875 0.01875
0 0.084375 0.86796875 0.0546875 0.01796875
0 0.528125 0.86875 0.1859375 0.0203125
0 0.74765625 0.8703125 0.13046875 0.021875
0 0.1984375 0.8703125 0.12890625 0.0203125
0 0.7765625 0.8921875 0.0734375 0.01875
0 0.0765625 0.89375 0.03671875 0.01875
0 0.58828125 0.89375 0.07421875 0.01875
0 0.26640625 0.89375 0.0328125 0.0203125
0 0.3296875 0.89375 0.0515625 0.0203125