0 0.2546875 0.0421875 0.1125 0.01875
0 0.3984375 0.0453125 0.15390625 0.01875
0 0.60078125 0.0484375 0.221875 0.0171875
0 0.7359375 0.0484375 0.02265625 0.01640625
0 0.4734375 0.07421875 0.23125 0.02265625
0 0.184375 0.09453125 0.1390625 0.0171875
0 0.28046875 0.096875 0.02265625 0.01484375
0 0.34609375 0.09765625 0.08671875 0.0171875
0 0.7296875 0.0984375 0.203125 0.01875
0 0.45546875 0.0984375 0.103125 0.01796875
0 0.56640625 0.10078125 0.09609375 0.015625
0 0.28359375 0.121875 0.11796875 0.015625
0 0.428125 0.12421875 0.1421875 0.0171875
0 0.55390625 0.1265625 0.09921875 0.01640625
0 0.66484375 0.1265625 0.103125 0.0171875
0 0.2828125 0.15078125 0.09375 0.015625
0 0.4125 0.15234375 0.14453125 0.0171875
0 0.540625 0.15390625 0.09609375 0.01484375
0 0.65 0.1546875 0.10546875 0.01796875
0 0.4671875 0.17890625 0.1984375 0.0171875
0 0.45546875 0.20859375 0.05078125 0.01484375
0 0.6125 0.209375 0.23984375 0.01640625
0 0.2734375 0.21015625 0.14609375 0.0203125
0 0.3890625 0.21015625 0.06328125 0.01953125
0 0.2734375 0.23828125 0.06796875 0.015625
0 0.41796875 0.2390625 0.04921875 0.015625
0 0.57421875 0.2390625 0.2359375 0.015625
0 0.35 0.2421875 0.06328125 0.0203125
0 0.38671875 0.27890625 0.0671875 0.015625
0 0.50234375 0.27890625 0.1390625 0.015625
0 0.1375 0.3109375 0.1046875 0.0171875
0 0.23125 0.3125 0.06015625 0.015625
0 0.3578125 0.31484375 0.046875 0.01328125
0 0.4375 0.31484375 0.09609375 0.015625
0 0.128125 0.340625 0.09140625 0.01640625
0 0.55859375 0.34453125 0.0828125 0.015625
0 0.41640625 0.34453125 0.16875 0.015625
0 0.16328125 0.371875 0.16328125 0.01875
0 0.40859375 0.375 0.15234375 0.015625
0 0.79765625 0.4078125 0.09375 0.01875
0 0.653125 0.409375 0.05859375 0.0171875
0 0.15625 0.4375 0.1515625 0.0171875
0 0.40625 0.43984375 0.08671875 0.01328125
0 0.2953125 0.440625 0.1109375 0.015625
0 0.1515625 0.465625 0.06015625 0.015625
0 0.81953125 0.46640625 0.0484375 0.015625
0 0.44765625 0.46796875 0.08203125 0.015625
0 0.6421875 0.46875 0.07890625 0.015625
0 0.3484375 0.46953125 0.01640625 0.0125
0 0.30703125 0.5015625 0.121875 0.015625
0 0.640625 0.5015625 0.08203125 0.01484375
0 0.14921875 0.534375 0.0734375 0.01484375
0 0.23125 0.53515625 0.06953125 0.0171875
0 0.2953125 0.5375 0.03046875 0.01484375
0 0.35390625 0.5375 0.07109375 0.015625
0 0.6375 0.5375 0.084375 0.01640625
0 0.1609375 0.56484375 0.0765625 0.01640625
0 0.23671875 0.565625 0.05859375 0.015625
0 0.29375 0.5671875 0.03359375 0.0140625
0 0.35234375 0.5671875 0.0671875 0.015625
0 0.6375 0.56796875 0.084375 0.01640625
0 0.13203125 0.596875 0.0765625 0.015625
0 0.2078125 0.5984375 0.06328125 0.015625
0 0.3171875 0.6 0.1390625 0.015625
0 0.6359375 0.60078125 0.0828125 0.015625
0 0.63359375 0.62734375 0.084375 0.015625
0 0.3 0.62890625 0.13359375 0.0203125
0 0.6328125 0.6546875 0.084375 0.01484375
0 0.334375 0.6546875 0.05859375 0.01484375
0 0.2328125 0.65703125 0.11484375 0.01875
0 0.1171875 0.68671875 0.0734375 0.015625
0 0.30703125 0.68984375 0.01171875 0.01328125
0 0.21640625 0.68984375 0.103125 0.0203125
0 0.09296875 0.72265625 0.02265625 0.01328125
0 0.7125 0.72578125 0.1390625 0.01875
0 0.45703125 0.72578125 0.19921875 0.01953125
0 0.24140625 0.7265625 0.12421875 0.0203125
0 0.109375 0.75625 0.046875 0.01328125
0 0.74921875 0.759375 0.065625 0.0140625
0 0.2546875 0.759375 0.08984375 0.01875
0 0.51640625 0.759375 0.08203125 0.0140625
0 0.39921875 0.8734375 0.1125 0.015625
0 0.50234375 0.8734375 0.07265625 0.01328125
0 0.128125 0.89609375 0.06953125 0.01484375
0 0.2359375 0.89765625 0.1234375 0.015625
0 0.37890625 0.89765625 0.1421875 0.015625
0 0.5265625 0.89921875 0.1296875 0.015625
0 0.63046875 0.90078125 0.0484375 0.01328125
0 0.72734375 0.90078125 0.12734375 0.015625
0 0.13046875 0.9234375 0.01484375 0.0140625
0 0.1984375 0.92421875 0.08984375 0.015625
0 0.29296875 0.92578125 0.0859375 0.01640625
0 0.43046875 0.92734375 0.159375 0.015625
0 0.596875 0.928125 0.15234375 0.015625
0 0.721875 0.92890625 0.075 0.015625