0 0.41015625 0.1265625 0.0765625 0.0203125
0 0.53515625 0.12734375 0.15078125 0.0203125
0 0.36328125 0.1578125 0.06796875 0.0171875
0 0.54453125 0.15859375 0.21953125 0.0171875
0 0.30859375 0.16015625 0.009375 0.02109375
0 0.675 0.1609375 0.009375 0.02109375
0 0.33046875 0.18828125 0.06328125 0.0171875
0 0.40078125 0.18828125 0.0515625 0.0171875
0 0.56328125 0.1890625 0.246875 0.0171875
0 0.2765625 0.190625 0.01171875 0.025
0 0.70703125 0.1921875 0.01171875 0.025
0 0.10078125 0.225 0.084375 0.0203125
0 0.2375 0.2265625 0.1609375 0.0203125
0 0.40078125 0.2265625 0.1328125 0.0203125
0 0.5171875 0.2265625 0.04375 0.0203125
0 0.59765625 0.22734375 0.078125 0.0203125
0 0.85546875 0.22734375 0.15234375 0.0203125
0 0.71015625 0.22734375 0.10546875 0.0203125
0 0.19296875 0.25625 0.078125 0.02265625
0 0.2609375 0.25625 0.02109375 0.0203125
0 0.3390625 0.25625 0.11015625 0.0203125
0 0.5140625 0.25703125 0.209375 0.02265625
0 0.73359375 0.25859375 0.19453125 0.0203125
0 0.32734375 0.32734375 0.10859375 0.02421875
0 0.53203125 0.328125 0.22890625 0.02421875
0 0.428125 0.3703125 0.23515625 0.02265625
0 0.14609375 0.37265625 0.1328125 0.01875
0 0.62578125 0.40703125 0.15078125 0.01953125
0 0.41015625 0.40703125 0.2 0.01953125
0 0.12109375 0.4078125 0.0828125 0.02109375
0 0.14609375 0.43515625 0.1328125 0.02109375
0 0.36640625 0.43828125 0.115625 0.02109375
0 0.44921875 0.43828125 0.0078125 0.0171875
0 0.50859375 0.4390625 0.0796875 0.02109375
0 0.121875 0.48125 0.078125 0.02265625
0 0.58046875 0.48203125 0.0890625 0.0203125
0 0.73359375 0.4828125 0.13984375 0.01875
0 0.44140625 0.484375 0.06484375 0.02578125
0 0.12109375 0.51875 0.0859375 0.01953125
0 0.221875 0.51875 0.0859375 0.0171875
0 0.334375 0.51875 0.10390625 0.01953125
0 0.48515625 0.51953125 0.1625 0.01953125
0 0.22265625 0.54765625 0.2890625 0.01953125
0 0.471875 0.546875 0.01796875 0.0203125
0 0.584375 0.5484375 0.09453125 0.01953125
0 0.78046875 0.54921875 0.1625 0.02109375
0 0.18828125 0.58125 0.01328125 0.02109375
0 0.11171875 0.58515625 0.06484375 0.02578125
0 0.43203125 0.5859375 0.18203125 0.0203125
0 0.74765625 0.58828125 0.09921875 0.0203125
0 0.396875 0.61953125 0.115625 0.0203125
0 0.7484375 0.62265625 0.09453125 0.0203125
0 0.759375 0.66484375 0.075 0.01953125
0 0.4109375 0.6640625 0.1328125 0.028125
0 0.10859375 0.7265625 0.07109375 0.0234375
0 0.7328125 0.72890625 0.06015625 0.02265625
0 0.56328125 0.72890625 0.1296875 0.02265625
0 0.23671875 0.7296875 0.159375 0.02734375
0 0.21484375 0.76953125 0.06015625 0.02109375
0 0.09921875 0.76875 0.0484375 0.02265625
0 0.1546875 0.76953125 0.034375 0.02265625
0 0.60546875 0.77109375 0.09453125 0.02109375
0 0.75625 0.77109375 0.08125 0.02265625
0 0.109375 0.80703125 0.0765625 0.0234375
0 0.7515625 0.8078125 0.08125 0.0234375
0 0.60234375 0.8078125 0.09765625 0.0234375
0 0.41328125 0.853125 0.14453125 0.0203125
0 0.54609375 0.853125 0.0921875 0.0203125
0 0.31953125 0.878125 0.159375 0.02265625
0 0.4765625 0.8796875 0.125 0.02265625
0 0.61953125 0.8796875 0.13125 0.0203125