0 0.1171875 0.0484375 0.16484375 0.0109375
0 0.33125 0.04921875 0.22890625 0.01015625
0 0.50078125 0.04921875 0.07578125 0.01015625
0 0.5953125 0.04921875 0.0765625 0.01015625
0 0.77109375 0.05078125 0.24140625 0.0140625
0 0.05546875 0.07109375 0.034375 0.01015625
0 0.14140625 0.07109375 0.10703125 0.01015625
0 0.2703125 0.071875 0.11328125 0.0109375
0 0.35 0.071875 0.01796875 0.009375
0 0.43671875 0.071875 0.125 0.01015625
0 0.575 0.071875 0.11640625 0.01015625
0 0.70390625 0.071875 0.10546875 0.01015625
0 0.79453125 0.071875 0.03984375 0.01015625
0 0.0703125 0.0890625 0.0734375 0.0109375
0 0.240625 0.08984375 0.2328125 0.01015625
0 0.446875 0.08984375 0.0734375 0.01015625
0 0.61796875 0.090625 0.2296875 0.01015625
0 0.19140625 0.11640625 0.3171875 0.0109375
0 0.0671875 0.134375 0.0703125 0.01015625
0 0.16015625 0.13515625 0.07890625 0.01015625
0 0.3484375 0.1359375 0.2625 0.01015625
0 0.07421875 0.16484375 0.08203125 0.0109375
0 0.2234375 0.16484375 0.18828125 0.0109375
0 0.06875 0.3078125 0.05625 0.00859375
0 0.1234375 0.3078125 0.02265625 0.00859375
0 0.359375 0.3078125 0.2 0.009375
0 0.534375 0.32578125 0.14453125 0.00859375
0 0.36484375 0.32578125 0.16796875 0.0109375
0 0.64296875 0.32578125 0.0359375 0.00859375
0 0.071875 0.32578125 0.06484375 0.0140625
0 0.11171875 0.34296875 0.1421875 0.01015625
0 0.10703125 0.35859375 0.13671875 0.01015625
0 0.28828125 0.35859375 0.05625 0.00859375
0 0.50703125 0.359375 0.11640625 0.009375
0 0.6859375 0.359375 0.034375 0.01015625
0 0.15234375 0.39609375 0.22578125 0.01015625
0 0.46640625 0.39609375 0.096875 0.01015625
0 0.58046875 0.396875 0.06328125 0.009375
0 0.796875 0.396875 0.21171875 0.01015625
0 0.8875 0.4109375 0.08984375 0.009375
0 0.4875 0.4140625 0.04453125 0.00859375
0 0.79609375 0.4140625 0.04453125 0.009375
0 0.11875 0.41484375 0.0640625 0.0109375
0 0.0609375 0.4390625 0.04296875 0.009375
0 0.18046875 0.4390625 0.1109375 0.009375
0 0.325 0.4390625 0.14765625 0.00859375
0 0.13515625 0.45625 0.06484375 0.00859375
0 0.2140625 0.45625 0.06015625 0.00859375
0 0.453125 0.45703125 0.12578125 0.00859375
0 0.7796875 0.45703125 0.08515625 0.00859375
0 0.88671875 0.45703125 0.040625 0.009375
0 0.0609375 0.47890625 0.04296875 0.00859375
0 0.18046875 0.47890625 0.1109375 0.00859375
0 0.325 0.4796875 0.14765625 0.00859375
0 0.13515625 0.496875 0.06484375 0.009375
0 0.2140625 0.496875 0.06015625 0.009375
0 0.45234375 0.496875 0.125 0.00859375
0 0.77890625 0.496875 0.0875 0.00859375
0 0.88515625 0.49765625 0.04140625 0.00859375
0 0.0609375 0.51953125 0.04296875 0.00859375
0 0.1515625 0.51953125 0.04296875 0.00859375
0 0.3625 0.51953125 0.06640625 0.009375
0 0.10625 0.5203125 0.0203125 0.00703125
0 0.2515625 0.52109375 0.125 0.01171875
0 0.13515625 0.53671875 0.06484375 0.00859375
0 0.21171875 0.53671875 0.06015625 0.00859375
0 0.46171875 0.5375 0.1109375 0.00859375
0 0.78515625 0.53828125 0.06875 0.00859375
0 0.88515625 0.53828125 0.04140625 0.00859375
0 0.0609375 0.559375 0.04296875 0.009375
0 0.1515625 0.559375 0.04375 0.00859375
0 0.3625 0.559375 0.06875 0.009375
0 0.10390625 0.56015625 0.0203125 0.00703125
0 0.25078125 0.5609375 0.12734375 0.01171875
0 0.134375 0.57734375 0.0671875 0.00859375
0 0.21171875 0.57734375 0.06015625 0.00859375
0 0.4609375 0.57734375 0.1078125 0.00859375
0 0.78515625 0.578125 0.06875 0.009375
0 0.88515625 0.57890625 0.03984375 0.00859375
0 0.04765625 0.60078125 0.01796875 0.009375
0 0.10703125 0.60078125 0.07265625 0.009375
0 0.21171875 0.6015625 0.1046875 0.01171875
0 0.134375 0.6171875 0.06484375 0.009375
0 0.21171875 0.61796875 0.0578125 0.00859375
0 0.459375 0.61796875 0.10859375 0.00859375
0 0.784375 0.61875 0.06953125 0.00859375
0 0.88515625 0.61875 0.03984375 0.009375
0 0.07421875 0.653125 0.08203125 0.0109375
0 0.19140625 0.653125 0.11640625 0.01015625
0 0.29375 0.653125 0.0171875 0.01015625
0 0.54609375 0.653125 0.08203125 0.01015625
0 0.7625 0.65390625 0.0765625 0.01015625
0 0.640625 0.6546875 0.0734375 0.01328125
0 0.10546875 0.71640625 0.06015625 0.009375
0 0.18515625 0.71640625 0.08203125 0.009375
0 0.78515625 0.7171875 0.09375 0.009375
0 0.31640625 0.7171875 0.1578125 0.0109375
0 0.44453125 0.71796875 0.0765625 0.0109375
0 0.38671875 0.7375 0.0640625 0.00859375
0 0.45625 0.7375 0.0515625 0.00859375
0 0.79140625 0.7375 0.06875 0.00859375
0 0.79140625 0.76015625 0.0671875 0.00859375
0 0.33359375 0.76015625 0.14765625 0.01171875
0 0.45 0.76015625 0.05859375 0.0109375
0 0.1546875 0.78203125 0.1859375 0.0109375
0 0.3171875 0.78203125 0.10703125 0.0109375
0 0.77109375 0.7828125 0.1171875 0.0109375
0 0.446875 0.7828125 0.11640625 0.0140625
0 0.11484375 0.8109375 0.0734375 0.009375
0 0.7875 0.8125 0.0875 0.00859375
0 0.11484375 0.8296875 0.0734375 0.00859375
0 0.796875 0.83046875 0.06875 0.00859375
0 0.22578125 0.83125 0.11953125 0.01171875
0 0.0609375 0.86015625 0.06171875 0.00859375
0 0.17734375 0.8625 0.14765625 0.0109375
0 0.4703125 0.8625 0.20078125 0.01171875
0 0.7484375 0.86328125 0.13359375 0.01171875
0 0.05 0.88359375 0.03984375 0.00859375
0 0.175 0.88359375 0.03125 0.00859375
0 0.1375 0.88359375 0.02265625 0.00859375
0 0.50703125 0.884375 0.090625 0.00859375
0 0.1 0.884375 0.03125 0.0109375
0 0.78515625 0.884375 0.06875 0.00859375
0 0.12265625 0.91640625 0.09609375 0.00859375
0 0.196875 0.91640625 0.02578125 0.009375
0 0.29609375 0.91640625 0.15703125 0.00859375
0 0.1234375 0.9296875 0.090625 0.00859375
0 0.21171875 0.9296875 0.05859375 0.00859375
0 0.459375 0.9296875 0.1625 0.00859375
0 0.3421875 0.93046875 0.04609375 0.0078125
0 0.66875 0.93046875 0.06875 0.009375
0 0.2828125 0.93125 0.04609375 0.00625
0 0.58671875 0.93125 0.0609375 0.00703125
0 0.10078125 0.94296875 0.04609375 0.00859375
0 0.31328125 0.94296875 0.0296875 0.00859375
0 0.47265625 0.94296875 0.05625 0.00859375
0 0.5390625 0.94375 0.04609375 0.00859375
0 0.2109375 0.94375 0.1421875 0.0109375
0 0.3828125 0.94375 0.0875 0.0109375
0 0.6453125 0.94453125 0.1328125 0.0109375
0 0.77421875 0.9453125 0.0890625 0.01015625
0 0.14375 0.95625 0.05859375 0.00859375
0 0.09140625 0.95625 0.02421875 0.00859375
0 0.534375 0.95625 0.03515625 0.00859375
0 0.4640625 0.95703125 0.0734375 0.0078125
0 0.36484375 0.9578125 0.1015625 0.01015625
0 0.24296875 0.9578125 0.1078125 0.01015625
0 0.640625 0.9578125 0.15078125 0.01015625
0 0.08984375 0.96953125 0.02578125 0.00859375
0 0.6515625 0.9703125 0.06875 0.00859375
0 0.4421875 0.9703125 0.0875 0.00859375
0 0.35078125 0.9703125 0.0703125 0.00859375
0 0.2875 0.9703125 0.02109375 0.00859375
0 0.515625 0.9703125 0.0140625 0.00859375
0 0.79609375 0.97109375 0.03125 0.00859375
0 0.734375 0.97109375 0.06484375 0.00859375
0 0.1890625 0.97109375 0.14296875 0.01015625
0 0.56953125 0.971875 0.06875 0.0109375
0 0.8734375 0.971875 0.1015625 0.01015625
0 0.1328125 0.98359375 0.02578125 0.00859375
0 0.08984375 0.98359375 0.02578125 0.00859375
0 0.31640625 0.98359375 0.1359375 0.00859375
0 0.43046875 0.98359375 0.0515625 0.00859375
0 0.48359375 0.98359375 0.02421875 0.0078125
0 0.52890625 0.984375 0.040625 0.00859375
0 0.196875 0.984375 0.0734375 0.0109375
0 0.61796875 0.98515625 0.1078125 0.01015625
0 0.74609375 0.98515625 0.11328125 0.0109375