0 0.178125 0.075 0.2109375 0.01328125
0 0.39921875 0.07421875 0.2015625 0.015625
0 0.6390625 0.07421875 0.07421875 0.015625
0 0.73125 0.07421875 0.08203125 0.015625
0 0.553125 0.075 0.07734375 0.01640625
0 0.84765625 0.075 0.12421875 0.0171875
0 0.940625 0.075 0.0390625 0.015625
0 0.57265625 0.0921875 0.12578125 0.0140625
0 0.3265625 0.0921875 0.053125 0.0140625
0 0.4546875 0.09296875 0.08671875 0.01484375
0 0.3796875 0.09453125 0.02734375 0.015625
0 0.6890625 0.0953125 0.07421875 0.015625
0 0.42265625 0.1109375 0.08046875 0.0140625
0 0.32265625 0.1109375 0.09375 0.01328125
0 0.525 0.1125 0.0984375 0.015625
0 0.665625 0.1140625 0.14375 0.01796875
0 0.24296875 0.1296875 0.06328125 0.01328125
0 0.309375 0.1296875 0.0484375 0.01328125
0 0.59453125 0.13046875 0.12109375 0.01328125
0 0.4265625 0.13046875 0.15 0.01328125
0 0.74609375 0.13046875 0.15 0.01328125
0 0.3640625 0.1484375 0.07578125 0.0140625
0 0.4390625 0.1484375 0.0546875 0.0140625
0 0.59375 0.15 0.22890625 0.0140625
0 0.265625 0.1890625 0.05625 0.025
0 0.4765625 0.1890625 0.01796875 0.025
0 0.38125 0.190625 0.12734375 0.025
0 0.60078125 0.190625 0.1921875 0.025
0 0.753125 0.190625 0.07109375 0.025
0 0.453125 0.2375 0.07109375 0.025
0 0.60625 0.2375 0.0390625 0.025
0 0.75625 0.2375 0.1484375 0.025
0 0.5390625 0.2375 0.0515625 0.025
0 0.1265625 0.2640625 0.13046875 0.0140625
0 0.5796875 0.26640625 0.08515625 0.01171875
0 0.74609375 0.26640625 0.18515625 0.01328125
0 0.278125 0.2953125 0.0921875 0.02421875
0 0.40078125 0.2953125 0.11484375 0.02421875
0 0.50625 0.2953125 0.0546875 0.02421875
0 0.58125 0.2953125 0.05625 0.02421875
0 0.13359375 0.2953125 0.1484375 0.021875
0 0.44765625 0.32265625 0.01484375 0.01171875
0 0.4859375 0.32265625 0.01796875 0.01328125
0 0.35 0.32265625 0.0484375 0.01171875
0 0.4078125 0.32265625 0.01640625 0.01171875
0 0.1140625 0.32265625 0.1109375 0.01171875
0 0.24765625 0.325 0.1046875 0.01328125
0 0.1078125 0.3421875 0.090625 0.0109375
0 0.19296875 0.3421875 0.03359375 0.0109375
0 0.28671875 0.34296875 0.103125 0.01484375
0 0.1046875 0.3609375 0.09375 0.01328125
0 0.2296875 0.3609375 0.1078125 0.01328125
0 0.49765625 0.3609375 0.146875 0.01328125
0 0.353125 0.3625 0.08671875 0.01484375
0 0.11171875 0.37890625 0.1015625 0.0140625
0 0.30625 0.38046875 0.2578125 0.015625
0 0.4578125 0.3984375 0.0609375 0.0140625
0 0.7578125 0.3984375 0.090625 0.015625
0 0.5890625 0.3984375 0.17109375 0.015625
0 0.625 0.42109375 0.06953125 0.01328125
0 0.3296875 0.42109375 0.053125 0.01328125
0 0.40390625 0.42109375 0.05 0.01171875
0 0.55703125 0.42109375 0.01796875 0.01171875
0 0.48125 0.42265625 0.05625 0.0125
0 0.76640625 0.4234375 0.13203125 0.015625
0 0.15625 0.4234375 0.209375 0.015625
0 0.42265625 0.45234375 0.01328125 0.01328125
0 0.55625 0.45234375 0.01953125 0.01328125
0 0.31796875 0.45234375 0.07109375 0.01328125
0 0.1015625 0.45234375 0.01640625 0.01328125
0 0.50078125 0.45234375 0.01484375 0.01328125
0 0.79453125 0.45234375 0.06953125 0.01328125
0 0.0640625 0.45234375 0.01796875 0.01328125
0 0.6515625 0.45234375 0.01640625 0.01171875
0 0.19453125 0.45390625 0.0921875 0.0140625
0 0.134375 0.471875 0.16953125 0.01328125
0 0.42265625 0.471875 0.01328125 0.01328125
0 0.5015625 0.471875 0.01328125 0.01328125
0 0.55390625 0.471875 0.01796875 0.01328125
0 0.6515625 0.471875 0.01953125 0.01328125
0 0.31953125 0.471875 0.07109375 0.01328125
0 0.78515625 0.471875 0.090625 0.01328125
0 0.17578125 0.49140625 0.090625 0.0125
0 0.32109375 0.49140625 0.07421875 0.0125
0 0.0609375 0.49140625 0.01953125 0.0125
0 0.10078125 0.49140625 0.01796875 0.01328125
0 0.5 0.4921875 0.01640625 0.0109375
0 0.55625 0.4921875 0.01953125 0.0109375
0 0.42265625 0.4921875 0.01953125 0.009375
0 0.6515625 0.4921875 0.01953125 0.0109375
0 0.78515625 0.4921875 0.08671875 0.0109375
0 0.3640625 0.52265625 0.0921875 0.025
0 0.453125 0.5234375 0.0390625 0.02421875
0 0.78515625 0.52421875 0.090625 0.025
0 0.57265625 0.52734375 0.16484375 0.0328125
0 0.1390625 0.55859375 0.17109375 0.01328125
0 0.5 0.559375 0.01640625 0.01171875
0 0.3171875 0.559375 0.07578125 0.01171875
0 0.42265625 0.559375 0.01953125 0.01171875
0 0.55390625 0.559375 0.01796875 0.01171875
0 0.64375 0.559375 0.03515625 0.01328125
0 0.78671875 0.559375 0.08671875 0.01328125
0 0.13671875 0.57734375 0.16796875 0.01328125
0 0.31953125 0.57734375 0.06796875 0.01328125
0 0.55625 0.57890625 0.01953125 0.0125
0 0.4140625 0.57890625 0.03671875 0.0125
0 0.64453125 0.57890625 0.03671875 0.01328125
0 0.5 0.57890625 0.01640625 0.01328125
0 0.78515625 0.57890625 0.09375 0.01328125
0 0.13671875 0.61015625 0.090625 0.028125
0 0.22265625 0.61015625 0.0390625 0.025
0 0.78515625 0.6125 0.090625 0.025
0 0.33671875 0.6125 0.1484375 0.0328125
0 0.48671875 0.61328125 0.10625 0.03203125
0 0.61171875 0.6140625 0.0890625 0.0328125
0 0.62109375 0.65078125 0.07109375 0.025
0 0.79609375 0.65078125 0.07265625 0.02421875
0 0.153125 0.690625 0.090625 0.025
0 0.24296875 0.690625 0.03671875 0.025
0 0.7828125 0.69140625 0.0921875 0.02421875
0 0.35625 0.69296875 0.1484375 0.03125
0 0.49609375 0.69296875 0.08515625 0.03125
0 0.61171875 0.69453125 0.08515625 0.03125
0 0.3640625 0.72890625 0.0890625 0.025
0 0.4515625 0.72890625 0.0390625 0.02421875
0 0.7828125 0.73046875 0.0921875 0.025
0 0.57265625 0.73125 0.1609375 0.03125
0 0.4390625 0.77109375 0.090625 0.02734375
0 0.7828125 0.77109375 0.0953125 0.025
0 0.58125 0.77421875 0.14375 0.0328125
0 0.125 0.8171875 0.13046875 0.01328125
0 0.13359375 0.83671875 0.1484375 0.01328125
0 0.27578125 0.83671875 0.090625 0.01171875
0 0.65625 0.83828125 0.09375 0.01328125
0 0.81171875 0.83828125 0.17265625 0.01328125
0 0.553125 0.83828125 0.07109375 0.015625
0 0.3890625 0.83828125 0.090625 0.015625
0 0.478125 0.83828125 0.03359375 0.009375
0 0.08515625 0.85625 0.0546875 0.01171875
0 0.34453125 0.85625 0.03359375 0.01171875
0 0.475 0.85625 0.18515625 0.01328125
0 0.78125 0.85625 0.03359375 0.01328125
0 0.6640625 0.8578125 0.146875 0.015625
0 0.21953125 0.8578125 0.16796875 0.0140625
0 0.32265625 0.87421875 0.07421875 0.01328125
0 0.24765625 0.87578125 0.03671875 0.01171875
0 0.13515625 0.8765625 0.1515625 0.015625
0 0.884375 0.8765625 0.05 0.0109375
0 0.6765625 0.8765625 0.2015625 0.015625
0 0.82109375 0.8765625 0.03203125 0.01015625
0 0.46796875 0.878125 0.16796875 0.01171875
0 0.30625 0.89375 0.109375 0.01328125
0 0.48671875 0.89375 0.0515625 0.01328125
0 0.665625 0.89375 0.03671875 0.01328125
0 0.5796875 0.89375 0.0890625 0.01328125
0 0.73359375 0.89453125 0.0515625 0.0125
0 0.2 0.89453125 0.0515625 0.0109375
0 0.41953125 0.89609375 0.03515625 0.009375
0 0.10625 0.89609375 0.090625 0.01328125
0 0.3328125 0.9140625 0.0921875 0.0109375
0 0.7890625 0.9140625 0.01640625 0.0140625
0 0.49609375 0.91484375 0.06953125 0.01328125
0 0.69765625 0.91484375 0.12421875 0.01328125
0 0.58125 0.91484375 0.053125 0.01328125
0 0.16171875 0.91484375 0.2015625 0.01640625
0 0.42109375 0.91640625 0.03203125 0.009375
0 0.3046875 0.934375 0.07421875 0.01171875
0 0.153125 0.934375 0.190625 0.01484375
0 0.45625 0.9546875 0.2578125 0.015625
0 0.65078125 0.9546875 0.1078125 0.01484375