0 0.1078125 0.06171875 0.21171875 0.01328125
0 0.15625 0.096875 0.12421875 0.01171875
0 0.32578125 0.09765625 0.140625 0.0109375
0 0.4578125 0.09765625 0.06015625 0.0109375
0 0.5453125 0.09765625 0.06015625 0.0109375
0 0.72421875 0.0984375 0.23125 0.0125
0 0.4 0.11328125 0.12421875 0.01171875
0 0.25625 0.11328125 0.1015625 0.0125
0 0.5453125 0.11328125 0.1046875 0.01171875
0 0.68046875 0.1140625 0.103125 0.0109375
0 0.24609375 0.12890625 0.16328125 0.01328125
0 0.4140625 0.12890625 0.1046875 0.0109375
0 0.5453125 0.12890625 0.1046875 0.0125
0 0.6703125 0.1296875 0.08046875 0.01171875
0 0.7453125 0.1296875 0.01796875 0.0125
0 0.4578125 0.1453125 0.1046875 0.01171875
0 0.19140625 0.1453125 0.1046875 0.01171875
0 0.61328125 0.1453125 0.10859375 0.01171875
0 0.32421875 0.14609375 0.0953125 0.0109375
0 0.74375 0.146875 0.1015625 0.0125
0 0.303125 0.16015625 0.1046875 0.01171875
0 0.43359375 0.16015625 0.1046875 0.01015625
0 0.58828125 0.1609375 0.1421875 0.0109375
0 0.203125 0.175 0.07578125 0.01171875
0 0.31015625 0.17578125 0.08046875 0.01328125
0 0.40234375 0.17578125 0.0390625 0.01015625
0 0.634375 0.1765625 0.2796875 0.0125
0 0.2671875 0.20546875 0.11171875 0.0109375
0 0.53359375 0.20625 0.2953125 0.0125
0 0.134375 0.2421875 0.21015625 0.0234375
0 0.334375 0.24296875 0.06796875 0.021875
0 0.09765625 0.26171875 0.14375 0.01171875
0 0.271875 0.26171875 0.12109375 0.0125
0 0.08671875 0.2765625 0.12421875 0.0109375
0 0.2328125 0.27734375 0.103125 0.01171875
0 0.37890625 0.27734375 0.12734375 0.01171875
0 0.7 0.2796875 0.14375 0.0125
0 0.81171875 0.2796875 0.01796875 0.0109375
0 0.0671875 0.29375 0.08203125 0.01171875
0 0.334375 0.29375 0.21328125 0.01171875
0 0.55546875 0.29375 0.17109375 0.0125
0 0.09921875 0.309375 0.15 0.01171875
0 0.27890625 0.309375 0.1046875 0.01328125
0 0.14375 0.33984375 0.2390625 0.0125
0 0.390625 0.34140625 0.0578125 0.0109375
0 0.878125 0.340625 0.06015625 0.01015625
0 0.58984375 0.34140625 0.1484375 0.0109375
0 0.7671875 0.34140625 0.1 0.0125
0 0.078125 0.3703125 0.1046875 0.01015625
0 0.19140625 0.3703125 0.053125 0.01015625
0 0.34609375 0.3859375 0.01640625 0.01171875
0 0.58125 0.38671875 0.07734375 0.01171875
0 0.778125 0.38671875 0.08203125 0.01171875
0 0.8890625 0.38671875 0.0375 0.01171875
0 0.38984375 0.3875 0.01796875 0.00859375
0 0.078125 0.4 0.1046875 0.0109375
0 0.209375 0.40078125 0.1046875 0.01171875
0 0.56796875 0.41640625 0.1015625 0.0109375
0 0.76796875 0.4171875 0.0984375 0.009375
0 0.8890625 0.4171875 0.0375 0.01171875
0 0.34609375 0.4171875 0.009375 0.01171875
0 0.3875 0.41796875 0.01640625 0.00859375
0 0.07421875 0.43125 0.1 0.0109375
0 0.203125 0.43203125 0.07578125 0.0125
0 0.57890625 0.44765625 0.07890625 0.01015625
0 0.3359375 0.44765625 0.03203125 0.01015625
0 0.76796875 0.4484375 0.0984375 0.01015625
0 0.8875 0.4484375 0.0375 0.01015625
0 0.3875 0.4484375 0.01640625 0.0078125
0 0.07421875 0.4625 0.1 0.01171875
0 0.19921875 0.4625 0.08203125 0.01171875
0 0.34375 0.47890625 0.009375 0.01171875
0 0.578125 0.47890625 0.08046875 0.01171875
0 0.7765625 0.4796875 0.08203125 0.0109375
0 0.8875 0.4796875 0.0375 0.0109375
0 0.3890625 0.48046875 0.01953125 0.00859375
0 0.07421875 0.50859375 0.096875 0.01015625
0 0.2671875 0.509375 0.21171875 0.01328125
0 0.4515625 0.51015625 0.1015625 0.01171875
0 0.85390625 0.51015625 0.1046875 0.01171875
0 0.0734375 0.525 0.1015625 0.01015625
0 0.22109375 0.52578125 0.12578125 0.0125
0 0.37734375 0.52578125 0.12109375 0.0125
0 0.86484375 0.5265625 0.08203125 0.01015625
0 0.0515625 0.53984375 0.0546875 0.0109375
0 0.1953125 0.540625 0.16484375 0.0125
0 0.86484375 0.54140625 0.08203125 0.01015625
0 0.075 0.5546875 0.0984375 0.0109375
0 0.4203125 0.55546875 0.03515625 0.01171875
0 0.265625 0.55546875 0.21171875 0.01171875
0 0.51796875 0.55625 0.1015625 0.0109375
0 0.85390625 0.55625 0.1046875 0.0109375
0 0.26171875 0.57109375 0.07734375 0.0125
0 0.11015625 0.57109375 0.17109375 0.0125
0 0.85390625 0.571875 0.1046875 0.01171875
0 0.146875 0.6078125 0.2453125 0.02421875
0 0.79453125 0.609375 0.21015625 0.021875
0 0.09453125 0.64375 0.14375 0.0109375
0 0.31171875 0.64453125 0.21015625 0.0125
0 0.553125 0.64453125 0.21484375 0.0125
0 0.8203125 0.64453125 0.17109375 0.01171875
0 0.09453125 0.659375 0.14375 0.01015625
0 0.253125 0.66015625 0.1046875 0.01328125
0 0.0640625 0.70390625 0.07890625 0.0109375
0 0.85390625 0.70546875 0.1046875 0.01171875
0 0.0515625 0.765625 0.0578125 0.01015625
0 0.18515625 0.76640625 0.15 0.0125
0 0.5734375 0.7671875 0.21328125 0.01328125
0 0.8296875 0.7671875 0.146875 0.0125
0 0.0421875 0.78046875 0.03515625 0.0109375
0 0.26484375 0.78203125 0.03515625 0.0109375
0 0.33984375 0.78203125 0.05625 0.0109375
0 0.63046875 0.78203125 0.1046875 0.0109375
0 0.8640625 0.78203125 0.08046875 0.0109375
0 0.3515625 0.8578125 0.12109375 0.01171875
0 0.5515625 0.85859375 0.21171875 0.0109375
0 0.38515625 0.94921875 0.1046875 0.01015625
0 0.525 0.95 0.12265625 0.0125
0 0.30546875 0.9640625 0.12890625 0.0109375
0 0.4390625 0.9640625 0.08046875 0.01015625
0 0.59453125 0.96484375 0.16796875 0.01328125
0 0.23046875 0.97890625 0.146875 0.0109375
0 0.35078125 0.9796875 0.03515625 0.01171875
0 0.58515625 0.9796875 0.371875 0.01171875