0 0.0765625 0.015625 0.05625 0.0125
0 0.11328125 0.034375 0.12734375 0.0125
0 0.7078125 0.15078125 0.0625 0.0125
0 0.82421875 0.1515625 0.12578125 0.0109375
0 0.6234375 0.15234375 0.07734375 0.01328125
0 0.92421875 0.15234375 0.03203125 0.01328125
0 0.3828125 0.15234375 0.1984375 0.0140625
0 0.1609375 0.15234375 0.209375 0.0140625
0 0.53359375 0.153125 0.07890625 0.01484375
0 0.309375 0.16953125 0.0484375 0.01171875
0 0.6671875 0.16953125 0.059375 0.01328125
0 0.55703125 0.16953125 0.12578125 0.01328125
0 0.36171875 0.1703125 0.02421875 0.0125
0 0.4359375 0.1703125 0.08515625 0.0140625
0 0.30703125 0.1875 0.0953125 0.01328125
0 0.40625 0.1875 0.08203125 0.01328125
0 0.50390625 0.1875 0.08671875 0.01328125
0 0.65 0.18828125 0.14296875 0.0171875
0 0.7296875 0.20390625 0.1484375 0.01328125
0 0.571875 0.20546875 0.10625 0.0140625
0 0.41015625 0.20546875 0.15 0.0140625
0 0.296875 0.2046875 0.05 0.01328125
0 0.2296875 0.20546875 0.0625 0.0140625
0 0.5765625 0.22265625 0.22578125 0.01328125
0 0.42421875 0.2234375 0.053125 0.01484375
0 0.34609375 0.2234375 0.07421875 0.01484375
0 0.4609375 0.259375 0.01953125 0.02265625
0 0.58515625 0.259375 0.18828125 0.02109375
0 0.73515625 0.259375 0.06953125 0.02109375
0 0.3671875 0.26015625 0.12578125 0.021875
0 0.25078125 0.2609375 0.053125 0.0203125
0 0.5234375 0.3046875 0.0484375 0.02265625
0 0.4390625 0.3046875 0.07578125 0.0234375
0 0.5875 0.3046875 0.03828125 0.0234375
0 0.740625 0.3046875 0.1484375 0.0234375
0 0.1078125 0.33125 0.12578125 0.0125
0 0.7296875 0.33203125 0.18359375 0.0125
0 0.56171875 0.33203125 0.08671875 0.0125
0 0.4921875 0.35859375 0.053125 0.021875
0 0.56640625 0.35859375 0.053125 0.021875
0 0.3875 0.35859375 0.1109375 0.021875
0 0.2609375 0.359375 0.08984375 0.02265625
0 0.11796875 0.359375 0.146875 0.02265625
0 0.334375 0.384375 0.046875 0.01015625
0 0.39609375 0.384375 0.01640625 0.00859375
0 0.4328125 0.384375 0.01640625 0.01015625
0 0.22421875 0.38515625 0.08359375 0.01015625
0 0.09921875 0.38515625 0.1109375 0.01015625
0 0.47734375 0.38671875 0.03046875 0.01171875
0 0.17734375 0.40390625 0.03203125 0.01171875
0 0.26484375 0.4046875 0.08828125 0.0125
0 0.09375 0.4046875 0.08671875 0.0125
0 0.48125 0.41953125 0.14140625 0.0109375
0 0.090625 0.421875 0.09140625 0.01171875
0 0.2140625 0.421875 0.109375 0.01171875
0 0.3296875 0.421875 0.07265625 0.01171875
0 0.096875 0.4375 0.1 0.01328125
0 0.23046875 0.4375 0.13515625 0.0140625
0 0.371875 0.4375 0.115625 0.0140625
0 0.74453125 0.4546875 0.07890625 0.0140625
0 0.44453125 0.4546875 0.0640625 0.0140625
0 0.57578125 0.4546875 0.165625 0.01484375
0 0.31328125 0.47578125 0.05625 0.0125
0 0.54140625 0.47578125 0.01953125 0.0125
0 0.46640625 0.4765625 0.053125 0.01328125
0 0.390625 0.4765625 0.05 0.01328125
0 0.6078125 0.4765625 0.07265625 0.01328125
0 0.74921875 0.47734375 0.12734375 0.0171875
0 0.140625 0.478125 0.2078125 0.01484375
0 0.303125 0.50625 0.07421875 0.01328125
0 0.40859375 0.50625 0.02109375 0.01328125
0 0.540625 0.50625 0.02109375 0.01328125
0 0.634375 0.50625 0.01640625 0.01328125
0 0.48203125 0.50703125 0.01796875 0.01328125
0 0.77109375 0.50703125 0.08984375 0.01328125
0 0.17734375 0.5078125 0.08984375 0.0125
0 0.06640625 0.5078125 0.0515625 0.0125
0 0.540625 0.52421875 0.02109375 0.01328125
0 0.634375 0.52421875 0.01640625 0.01328125
0 0.77109375 0.52421875 0.08984375 0.01328125
0 0.40859375 0.525 0.02109375 0.01328125
0 0.4859375 0.525 0.01640625 0.01328125
0 0.3015625 0.52578125 0.07265625 0.0125
0 0.1171875 0.52578125 0.1671875 0.0140625
0 0.778125 0.5421875 0.07421875 0.01328125
0 0.4828125 0.54296875 0.01640625 0.01328125
0 0.63828125 0.5421875 0.01484375 0.0125
0 0.303125 0.5421875 0.07421875 0.0125
0 0.540625 0.5421875 0.02109375 0.0125
0 0.40859375 0.54296875 0.02109375 0.01171875
0 0.046875 0.54296875 0.01953125 0.01171875
0 0.165625 0.54296875 0.08359375 0.01171875
0 0.0859375 0.54296875 0.01796875 0.01171875
0 0.4359375 0.571875 0.03671875 0.02265625
0 0.7671875 0.57265625 0.0953125 0.02265625
0 0.34921875 0.57265625 0.08984375 0.02421875
0 0.55703125 0.575 0.1640625 0.03125
0 0.5390625 0.6046875 0.01640625 0.00859375
0 0.77734375 0.6046875 0.07265625 0.01328125
0 0.3984375 0.60546875 0.03359375 0.01171875
0 0.48515625 0.60546875 0.01796875 0.01171875
0 0.303125 0.6046875 0.07421875 0.0125
0 0.6296875 0.6046875 0.03203125 0.0125
0 0.12265625 0.6046875 0.1671875 0.0125
0 0.11953125 0.634375 0.08984375 0.0234375
0 0.77734375 0.634375 0.07578125 0.02421875
0 0.20859375 0.63515625 0.03671875 0.021875
0 0.59609375 0.63671875 0.08359375 0.0296875
0 0.32265625 0.6375 0.146875 0.03125
0 0.4625 0.6375 0.08671875 0.03125
0 0.60390625 0.6703125 0.06796875 0.0234375
0 0.77734375 0.67109375 0.07890625 0.0234375
0 0.13984375 0.70859375 0.08984375 0.02421875
0 0.78046875 0.709375 0.07578125 0.0234375
0 0.22890625 0.71015625 0.03203125 0.0234375
0 0.59375 0.7125 0.08515625 0.0296875
0 0.340625 0.7125 0.146875 0.0296875
0 0.48125 0.7125 0.08359375 0.02890625
0 0.35 0.74609375 0.08828125 0.02421875
0 0.4359375 0.74609375 0.03671875 0.02265625
0 0.76953125 0.74609375 0.09375 0.025
0 0.55625 0.7484375 0.1625 0.02890625
0 0.4234375 0.784375 0.08984375 0.0234375
0 0.7671875 0.7859375 0.0953125 0.02265625
0 0.5671875 0.78671875 0.14140625 0.0296875
0 0.109375 0.828125 0.13203125 0.0125
0 0.796875 0.8453125 0.1671875 0.01328125
0 0.63984375 0.8453125 0.08828125 0.0125
0 0.11953125 0.84609375 0.1453125 0.01015625
0 0.46484375 0.8453125 0.03359375 0.0125
0 0.26171875 0.84609375 0.0953125 0.0125
0 0.37578125 0.846875 0.09140625 0.015625
0 0.5390625 0.84765625 0.07421875 0.0140625
0 0.325 0.86328125 0.02890625 0.01171875
0 0.46171875 0.8640625 0.17890625 0.01015625
0 0.765625 0.8640625 0.03046875 0.0125
0 0.07265625 0.86484375 0.0515625 0.0125
0 0.203125 0.865625 0.1578125 0.01328125
0 0.65078125 0.86640625 0.1484375 0.015625
0 0.80390625 0.8828125 0.03515625 0.0109375
0 0.87109375 0.8828125 0.0515625 0.0109375
0 0.30859375 0.88359375 0.07578125 0.0125
0 0.6609375 0.884375 0.2046875 0.015625
0 0.23359375 0.884375 0.03203125 0.01171875
0 0.1234375 0.884375 0.146875 0.015625
0 0.45078125 0.88671875 0.1703125 0.0125
0 0.71953125 0.9 0.0484375 0.01171875
0 0.65078125 0.9 0.03828125 0.01328125
0 0.47109375 0.90234375 0.053125 0.0140625
0 0.56484375 0.90234375 0.09375 0.0140625
0 0.296875 0.90234375 0.12109375 0.0140625
0 0.1859375 0.90234375 0.053125 0.01171875
0 0.40390625 0.903125 0.03828125 0.00859375
0 0.09296875 0.90390625 0.08828125 0.01328125
0 0.77265625 0.91953125 0.01640625 0.01171875
0 0.48125 0.91953125 0.06796875 0.01328125
0 0.31875 0.91953125 0.08984375 0.009375
0 0.68203125 0.91953125 0.12734375 0.0125
0 0.56640625 0.91953125 0.053125 0.0140625
0 0.14609375 0.92109375 0.2046875 0.0140625
0 0.40859375 0.92109375 0.03046875 0.0078125
0 0.29140625 0.9390625 0.07421875 0.0125
0 0.1359375 0.9390625 0.18515625 0.015625
0 0.43984375 0.95703125 0.2578125 0.0140625
0 0.634375 0.9578125 0.10625 0.0125