0 0.49296875 0.1671875 0.140625 0.0078125
0 0.58984375 0.16875 0.03828125 0.0078125
0 0.515625 0.18359375 0.23125 0.021875
0 0.11875 0.20703125 0.06875 0.01171875
0 0.2359375 0.209375 0.14375 0.01640625
0 0.13203125 0.2390625 0.10546875 0.01171875
0 0.24140625 0.2390625 0.075 0.0109375
0 0.33125 0.23984375 0.075 0.01328125
0 0.41796875 0.240625 0.0703125 0.0140625
0 0.11328125 0.25703125 0.0703125 0.01171875
0 0.22421875 0.259375 0.10703125 0.01171875
0 0.325 0.259375 0.0609375 0.01171875
0 0.425 0.259375 0.09375 0.0109375
0 0.11328125 0.2765625 0.0703125 0.0109375
0 0.21640625 0.27734375 0.10703125 0.01171875
0 0.57421875 0.27734375 0.16875 0.01171875
0 0.74296875 0.27734375 0.146875 0.01171875
0 0.384375 0.278125 0.18515625 0.0125
0 0.3125 0.29453125 0.0859375 0.01171875
0 0.1703125 0.2953125 0.171875 0.0125
0 0.4671875 0.2953125 0.19453125 0.0125
0 0.63125 0.2953125 0.0953125 0.0125
0 0.1171875 0.3140625 0.071875 0.0109375
0 0.275 0.3140625 0.03984375 0.0109375
0 0.45703125 0.3140625 0.25078125 0.01171875
0 0.19921875 0.31484375 0.0609375 0.01484375
0 0.259375 0.359375 0.10390625 0.01796875
0 0.13671875 0.359375 0.10390625 0.01796875
0 0.41796875 0.3625 0.16875 0.01953125
0 0.11328125 0.3921875 0.0703125 0.01171875
0 0.38359375 0.39296875 0.390625 0.0140625
0 0.196875 0.41484375 0.03046875 0.01171875
0 0.3078125 0.41484375 0.10859375 0.01171875
0 0.121875 0.41484375 0.084375 0.01484375
0 0.13515625 0.43671875 0.10078125 0.01171875
0 0.215625 0.43671875 0.03203125 0.01171875
0 0.31796875 0.43671875 0.10078125 0.01171875
0 0.16640625 0.45859375 0.17734375 0.0125
0 0.3109375 0.45859375 0.03515625 0.0125
0 0.28984375 0.48046875 0.18359375 0.01328125
0 0.1203125 0.48046875 0.071875 0.01328125
0 0.4671875 0.48046875 0.146875 0.01171875
0 0.5421875 0.515625 0.14375 0.015625
0 0.1828125 0.515625 0.19921875 0.015625
0 0.87109375 0.515625 0.0609375 0.01171875
0 0.709375 0.51640625 0.1375 0.0125
0 0.709375 0.53515625 0.0765625 0.01484375
0 0.8734375 0.53515625 0.084375 0.01171875
0 0.21875 0.56875 0.03828125 0.01171875
0 0.4140625 0.56875 0.20859375 0.01171875
0 0.13515625 0.5703125 0.09765625 0.01171875
0 0.4859375 0.590625 0.0625 0.01171875
0 0.4125 0.590625 0.05234375 0.01171875
0 0.14375 0.59140625 0.12734375 0.01171875
0 0.271875 0.59140625 0.09765625 0.01171875
0 0.490625 0.61171875 0.084375 0.01171875
0 0.14765625 0.6125 0.12265625 0.01171875
0 0.4125 0.6125 0.05234375 0.01171875
0 0.2578125 0.6125 0.06875 0.0125
0 0.68515625 0.6421875 0.04921875 0.0109375
0 0.7703125 0.6421875 0.0890625 0.01171875
0 0.875 0.6421875 0.04296875 0.01171875
0 0.55546875 0.6421875 0.0109375 0.0109375
0 0.37734375 0.64296875 0.03359375 0.0109375
0 0.31796875 0.64453125 0.04921875 0.01171875
0 0.11875 0.64453125 0.071875 0.01171875
0 0.22578125 0.64453125 0.10703125 0.01171875
0 0.875 0.6640625 0.04296875 0.0125
0 0.75078125 0.665625 0.13203125 0.01328125
0 0.2328125 0.665625 0.05390625 0.01171875
0 0.55546875 0.6671875 0.0109375 0.01171875
0 0.13828125 0.6671875 0.10703125 0.0140625
0 0.7203125 0.69921875 0.12890625 0.01875
0 0.6 0.69921875 0.0765625 0.01875
0 0.1484375 0.7046875 0.12109375 0.02109375
0 0.759375 0.73046875 0.0671875 0.01171875
0 0.68984375 0.73125 0.04609375 0.01171875
0 0.159375 0.73515625 0.15 0.01484375
0 0.759375 0.7515625 0.0671875 0.01171875
0 0.68984375 0.753125 0.04921875 0.0109375
0 0.2734375 0.75390625 0.06875 0.0109375
0 0.15390625 0.75546875 0.1421875 0.01328125
0 0.88203125 0.78046875 0.0703125 0.0109375
0 0.64921875 0.78046875 0.1375 0.01171875
0 0.1234375 0.784375 0.071875 0.0125
0 0.259375 0.7859375 0.1640625 0.01484375
0 0.85 0.80859375 0.13359375 0.01171875
0 0.65078125 0.80859375 0.13359375 0.01171875
0 0.296875 0.81015625 0.10234375 0.01171875
0 0.16171875 0.8109375 0.1421875 0.01171875
0 0.8515625 0.82890625 0.13359375 0.0109375
0 0.58671875 0.8296875 0.05078125 0.01171875
0 0.67421875 0.8296875 0.090625 0.01171875
0 0.16015625 0.83203125 0.1390625 0.01171875
0 0.2984375 0.83203125 0.11484375 0.01171875
0 0.8515625 0.86640625 0.1375 0.0125
0 0.30390625 0.8671875 0.09765625 0.01171875
0 0.16640625 0.86875 0.1484375 0.01484375
0 0.875 0.8921875 0.090625 0.01171875
0 0.78984375 0.8921875 0.05078125 0.01171875
0 0.12890625 0.8953125 0.0859375 0.01171875
0 0.709375 0.93515625 0.153125 0.01171875
0 0.59765625 0.9359375 0.03984375 0.0109375
0 0.28046875 0.93671875 0.10859375 0.0109375
0 0.5046875 0.93671875 0.10703125 0.0125
0 0.39453125 0.93671875 0.090625 0.01015625
0 0.57421875 0.97109375 0.1375 0.01171875
0 0.39765625 0.97109375 0.18359375 0.01171875
0 0.12734375 0.97421875 0.0734375 0.01171875
0 0.23046875 0.97421875 0.10703125 0.01484375