0 0.66171875 0.1703125 0.11015625 0.01796875
0 0.534375 0.17109375 0.10625 0.0171875
0 0.278125 0.17109375 0.1640625 0.01796875
0 0.42109375 0.17265625 0.08984375 0.02265625
0 0.39609375 0.19921875 0.08828125 0.0140625
0 0.51484375 0.19921875 0.1265625 0.015625
0 0.6390625 0.19921875 0.0953125 0.01796875
0 0.28515625 0.2 0.11015625 0.0171875
0 0.528125 0.23046875 0.1515625 0.01640625
0 0.3796875 0.23203125 0.1296875 0.0203125
0 0.7 0.25859375 0.0703125 0.0140625
0 0.34375 0.259375 0.0828125 0.01484375
0 0.2375 0.26015625 0.10234375 0.015625
0 0.44375 0.2609375 0.0953125 0.01796875
0 0.57890625 0.26171875 0.15 0.01875
0 0.53125 0.28671875 0.0796875 0.01484375
0 0.41015625 0.28671875 0.13359375 0.01484375
0 0.546875 0.31484375 0.24375 0.01484375
0 0.2765625 0.31484375 0.07578125 0.01484375
0 0.36015625 0.31640625 0.06640625 0.01875
0 0.52734375 0.3515625 0.19453125 0.01640625
0 0.3484375 0.35234375 0.1203125 0.0171875
0 0.78515625 0.38359375 0.1390625 0.015625
0 0.596875 0.384375 0.2015625 0.015625
0 0.31171875 0.3859375 0.25390625 0.01875
0 0.1078125 0.3859375 0.0796875 0.0171875
0 0.27265625 0.41484375 0.04296875 0.01484375
0 0.13828125 0.41640625 0.14453125 0.01640625
0 0.3203125 0.41796875 0.0265625 0.021875
0 0.753125 0.4421875 0.09375 0.0171875
0 0.6125 0.4421875 0.09375 0.0171875
0 0.28359375 0.44453125 0.21953125 0.01640625
0 0.09765625 0.44609375 0.06328125 0.021875
0 0.740625 0.47265625 0.10234375 0.0171875
0 0.4796875 0.47265625 0.08828125 0.0171875
0 0.60859375 0.47265625 0.13671875 0.0171875
0 0.37734375 0.4734375 0.08125 0.01796875
0 0.265625 0.47421875 0.09765625 0.0171875
0 0.13125 0.47421875 0.13828125 0.0171875
0 0.84375 0.50390625 0.04375 0.01328125
0 0.76796875 0.50625 0.06640625 0.0171875
0 0.596875 0.50625 0.12421875 0.0171875
0 0.103125 0.50859375 0.0125 0.01640625
0 0.215625 0.50859375 0.13359375 0.01640625
0 0.103125 0.54609375 0.01796875 0.01484375
0 0.34296875 0.54609375 0.0125 0.01875
0 0.225 0.54921875 0.10234375 0.021875
0 0.796875 0.57734375 0.12421875 0.01796875
0 0.15234375 0.5796875 0.17265625 0.01875
0 0.81953125 0.60625 0.0796875 0.0171875
0 0.284375 0.61015625 0.0578125 0.02109375
0 0.15546875 0.61015625 0.175 0.021875
0 0.77421875 0.64296875 0.1640625 0.021875
0 0.50078125 0.64375 0.1265625 0.021875
0 0.31484375 0.64453125 0.2125 0.02265625
0 0.12578125 0.64453125 0.11875 0.02265625
0 0.796875 0.6734375 0.12421875 0.0171875
0 0.153125 0.67578125 0.17109375 0.01640625
0 0.83828125 0.71796875 0.06875 0.01640625
0 0.59765625 0.71875 0.14765625 0.0171875
0 0.10703125 0.72265625 0.084375 0.0171875
0 0.25703125 0.72421875 0.1859375 0.021875
0 0.8140625 0.74453125 0.115625 0.02265625
0 0.6109375 0.7453125 0.115625 0.021875
0 0.834375 0.7828125 0.0796875 0.01875
0 0.60859375 0.784375 0.12421875 0.01875
0 0.0921875 0.78515625 0.05546875 0.01796875
0 0.35625 0.85625 0.11015625 0.01875
0 0.11328125 0.85625 0.09375 0.0171875
0 0.2296875 0.85703125 0.11171875 0.01796875
0 0.121875 0.890625 0.11171875 0.01640625
0 0.11484375 0.91640625 0.1046875 0.01953125
0 0.421875 0.93046875 0.14609375 0.01875
0 0.553125 0.93515625 0.09375 0.01875
0 0.33125 0.95859375 0.1515625 0.01875
0 0.48515625 0.9609375 0.12578125 0.0140625
0 0.63125 0.96171875 0.13359375 0.0234375