0 0.17578125 0.09609375 0.19765625 0.01953125
0 0.471875 0.09609375 0.37265625 0.01953125
0 0.74609375 0.09609375 0.15390625 0.01953125
0 0.10703125 0.1234375 0.053125 0.0109375
0 0.371875 0.1234375 0.09765625 0.0109375
0 0.4828125 0.1234375 0.09609375 0.01171875
0 0.59609375 0.1234375 0.1078125 0.01171875
0 0.67421875 0.1234375 0.02265625 0.0109375
0 0.2296875 0.125 0.1640625 0.01328125
0 0.75390625 0.125 0.1078125 0.01484375
0 0.12578125 0.1375 0.10078125 0.0109375
0 0.240625 0.13828125 0.09609375 0.0109375
0 0.340625 0.13828125 0.08671875 0.0109375
0 0.12890625 0.1546875 0.09765625 0.0109375
0 0.50546875 0.15546875 0.1796875 0.01015625
0 0.65 0.15546875 0.08046875 0.01015625
0 0.2859375 0.15625 0.1890625 0.0140625
0 0.10390625 0.1734375 0.059375 0.0109375
0 0.2375 0.17421875 0.1796875 0.01015625
0 0.38203125 0.17421875 0.08046875 0.01015625
0 0.109375 0.18984375 0.0609375 0.0109375
0 0.17109375 0.18984375 0.03671875 0.0109375
0 0.39453125 0.18984375 0.2375 0.0109375
0 0.22890625 0.190625 0.046875 0.01015625
0 0.70625 0.19921875 0.08671875 0.01328125
0 0.8578125 0.19921875 0.178125 0.01328125
0 0.109375 0.209375 0.09609375 0.0109375
0 0.18671875 0.21015625 0.03671875 0.01328125
0 0.39921875 0.2234375 0.059375 0.0109375
0 0.1109375 0.2234375 0.10234375 0.0109375
0 0.22890625 0.2234375 0.1140625 0.009375
0 0.328125 0.2234375 0.059375 0.009375
0 0.5203125 0.225 0.1640625 0.01171875
0 0.1171875 0.25859375 0.09609375 0.01171875
0 0.39453125 0.25859375 0.1703125 0.01171875
0 0.2375 0.25859375 0.115625 0.01171875
0 0.10546875 0.2984375 0.02734375 0.01171875
0 0.5296875 0.2984375 0.1796875 0.01171875
0 0.21953125 0.2984375 0.1765625 0.01171875
0 0.66640625 0.2984375 0.0546875 0.01015625
0 0.78359375 0.2984375 0.09296875 0.01015625
0 0.853125 0.2984375 0.0140625 0.01015625
0 0.7140625 0.29921875 0.0125 0.0078125
0 0.49296875 0.315625 0.10625 0.0109375
0 0.5890625 0.315625 0.0671875 0.0109375
0 0.70546875 0.315625 0.1296875 0.0109375
0 0.5515625 0.334375 0.21953125 0.01484375
0 0.8109375 0.334375 0.27265625 0.01484375
0 0.17265625 0.3515625 0.02109375 0.01015625
0 0.14140625 0.3515625 0.01640625 0.01015625
0 0.25234375 0.35234375 0.109375 0.0109375
0 0.80234375 0.35234375 0.08671875 0.0109375
0 0.9140625 0.35234375 0.03671875 0.0109375
0 0.45703125 0.37109375 0.02734375 0.0109375
0 0.5203125 0.37109375 0.0609375 0.0109375
0 0.62734375 0.37109375 0.125 0.0109375
0 0.10390625 0.37109375 0.02421875 0.0109375
0 0.2171875 0.37109375 0.171875 0.0109375
0 0.7578125 0.371875 0.10625 0.01015625
0 0.85234375 0.3734375 0.0515625 0.0140625
0 0.4890625 0.38984375 0.08828125 0.0140625
0 0.14140625 0.4078125 0.01640625 0.0109375
0 0.17578125 0.4078125 0.02109375 0.0109375
0 0.25234375 0.40859375 0.109375 0.0109375
0 0.80078125 0.40859375 0.08984375 0.0109375
0 0.9140625 0.40859375 0.03671875 0.0109375
0 0.18359375 0.4296875 0.08203125 0.0109375
0 0.3046875 0.4296875 0.13828125 0.0109375
0 0.090625 0.4296875 0.08203125 0.0109375
0 0.41953125 0.43125 0.0625 0.0109375
0 0.50546875 0.43125 0.08359375 0.01328125
0 0.80078125 0.43203125 0.08984375 0.0109375
0 0.4625 0.45078125 0.13828125 0.0109375
0 0.81171875 0.45234375 0.06875 0.0109375
0 0.4296875 0.4765625 0.08203125 0.01171875
0 0.80546875 0.47890625 0.08984375 0.01015625
0 0.44375 0.496875 0.09765625 0.0109375
0 0.5296875 0.49765625 0.0515625 0.0140625
0 0.8140625 0.4984375 0.0703125 0.0109375
0 0.4296875 0.52265625 0.06875 0.0109375
0 0.51640625 0.52265625 0.07890625 0.0109375
0 0.8046875 0.52421875 0.09453125 0.01171875
0 0.4375 0.5578125 0.08515625 0.01015625
0 0.80703125 0.56015625 0.09296875 0.0109375
0 0.4609375 0.578125 0.13125 0.0109375
0 0.8078125 0.5796875 0.09140625 0.01171875
0 0.08671875 0.6046875 0.0609375 0.01015625
0 0.5171875 0.60625 0.19921875 0.0140625
0 0.20390625 0.60625 0.15078125 0.0125
0 0.84140625 0.60703125 0.13828125 0.01484375
0 0.57578125 0.62421875 0.09140625 0.0109375
0 0.178125 0.62421875 0.0515625 0.0109375
0 0.07578125 0.62421875 0.03828125 0.0109375
0 0.87734375 0.62421875 0.065625 0.0109375
0 0.12265625 0.625 0.03046875 0.0125
0 0.34140625 0.67421875 0.25234375 0.01171875
0 0.08203125 0.67421875 0.0578125 0.01171875
0 0.15625 0.67421875 0.059375 0.01171875
0 0.55546875 0.67421875 0.07421875 0.01328125
0 0.73984375 0.675 0.1890625 0.0125
0 0.17265625 0.76328125 0.1140625 0.0109375
0 0.275 0.76328125 0.071875 0.0109375
0 0.815625 0.7640625 0.20859375 0.0109375
0 0.56171875 0.7640625 0.19921875 0.0109375
0 0.42109375 0.7640625 0.059375 0.00859375
0 0.68671875 0.7640625 0.02578125 0.01015625
0 0.35 0.765625 0.0578125 0.00703125
0 0.553125 0.79609375 0.10078125 0.009375
0 0.36953125 0.79609375 0.08046875 0.009375
0 0.2546875 0.79609375 0.1265625 0.009375
0 0.4546875 0.79609375 0.06875 0.009375
0 0.72890625 0.79609375 0.225 0.0109375
0 0.51875 0.81484375 0.109375 0.0109375
0 0.646875 0.81484375 0.128125 0.0109375
0 0.3875 0.81484375 0.1265625 0.0109375
0 0.26953125 0.84765625 0.14453125 0.0109375
0 0.40625 0.84765625 0.10234375 0.0109375
0 0.53359375 0.84765625 0.071875 0.0109375
0 0.66484375 0.84765625 0.15390625 0.0109375
0 0.79375 0.84765625 0.07890625 0.01015625
0 0.44921875 0.88125 0.07421875 0.0109375
0 0.2328125 0.88125 0.128125 0.0109375
0 0.57265625 0.88125 0.14453125 0.0109375
0 0.3546875 0.88125 0.08046875 0.0109375
0 0.6890625 0.88125 0.06875 0.0109375
0 0.79921875 0.88125 0.121875 0.0109375
0 0.89609375 0.88125 0.046875 0.0109375
0 0.346875 0.9015625 0.09296875 0.0109375
0 0.634375 0.9015625 0.1796875 0.0109375
0 0.5140625 0.9015625 0.03671875 0.0109375
0 0.4390625 0.9015625 0.071875 0.0109375
0 0.18828125 0.9015625 0.190625 0.0109375
0 0.83984375 0.90234375 0.21171875 0.01015625
0 0.48984375 0.921875 0.1671875 0.0109375
0 0.2140625 0.953125 0.1171875 0.0109375
0 0.32265625 0.953125 0.07421875 0.0109375
0 0.46796875 0.953125 0.1875 0.0109375
0 0.73125 0.95546875 0.31015625 0.01328125