0 0.1953125 0.19453125 0.03828125 0.0171875
0 0.28515625 0.1953125 0.09921875 0.01875
0 0.3953125 0.196875 0.08046875 0.01796875
0 0.48515625 0.1984375 0.0609375 0.01875
0 0.6359375 0.2 0.18984375 0.0203125
0 0.2234375 0.2203125 0.06015625 0.01796875
0 0.31015625 0.22265625 0.07265625 0.01875
0 0.54609375 0.225 0.09765625 0.01796875
0 0.4203125 0.225 0.09375 0.02109375
0 0.6703125 0.22890625 0.11171875 0.02265625
0 0.36171875 0.25 0.10078125 0.01796875
0 0.5125 0.2515625 0.15859375 0.01796875
0 0.30234375 0.278125 0.09765625 0.0171875
0 0.590625 0.27890625 0.15859375 0.01875
0 0.4265625 0.28046875 0.11328125 0.02421875
0 0.3703125 0.30625 0.15234375 0.01953125
0 0.509375 0.30625 0.08046875 0.0171875
0 0.59921875 0.30625 0.05859375 0.0171875
0 0.2390625 0.33203125 0.0578125 0.0171875
0 0.315625 0.3328125 0.05234375 0.01796875
0 0.38828125 0.33359375 0.040625 0.01796875
0 0.5890625 0.334375 0.23984375 0.01875
0 0.25703125 0.3859375 0.13671875 0.01875
0 0.3671875 0.38671875 0.03984375 0.0171875
0 0.5984375 0.3875 0.29609375 0.01796875
0 0.1375 0.44140625 0.14140625 0.01875
0 0.46640625 0.4421875 0.11875 0.01875
0 0.7875 0.4421875 0.15859375 0.01875
0 0.09453125 0.4953125 0.0578125 0.01875
0 0.234375 0.4953125 0.1796875 0.01953125
0 0.48671875 0.49609375 0.07890625 0.0171875
0 0.57578125 0.49609375 0.0609375 0.01796875
0 0.384375 0.496875 0.07578125 0.01875
0 0.76328125 0.496875 0.11640625 0.0171875
0 0.8546875 0.4984375 0.021875 0.0125
0 0.103125 0.52265625 0.078125 0.0171875
0 0.59453125 0.52421875 0.021875 0.0171875
0 0.225 0.5234375 0.121875 0.01796875
0 0.76328125 0.5234375 0.121875 0.01796875
0 0.3546875 0.52421875 0.10078125 0.01796875
0 0.49375 0.525 0.14140625 0.01875
0 0.853125 0.52578125 0.01953125 0.0125
0 0.10546875 0.54921875 0.08046875 0.0171875
0 0.225 0.55078125 0.11796875 0.01796875
0 0.54765625 0.55078125 0.0765625 0.0171875
0 0.76328125 0.55078125 0.11796875 0.01796875
0 0.3453125 0.55078125 0.0765625 0.01796875
0 0.4453125 0.55078125 0.07890625 0.01796875
0 0.85546875 0.55390625 0.015625 0.0125
0 0.11171875 0.603125 0.09765625 0.01875
0 0.2359375 0.603125 0.0984375 0.01875
0 0.5640625 0.60390625 0.07578125 0.0171875
0 0.40625 0.60390625 0.1921875 0.01796875
0 0.775 0.60390625 0.0953125 0.0171875
0 0.64453125 0.60390625 0.03984375 0.0171875
0 0.79453125 0.63125 0.05546875 0.01640625
0 0.64453125 0.63046875 0.0421875 0.01796875
0 0.50390625 0.63125 0.19765625 0.01953125
0 0.3046875 0.6328125 0.15859375 0.021875
0 0.64453125 0.6578125 0.03828125 0.0171875
0 0.77578125 0.6578125 0.09765625 0.0171875
0 0.525 0.66015625 0.1609375 0.021875
0 0.64375 0.68515625 0.040625 0.0171875
0 0.7734375 0.68515625 0.10078125 0.01796875
0 0.5640625 0.6859375 0.08046875 0.01875
0 0.7859375 0.71171875 0.08046875 0.0171875
0 0.64609375 0.71171875 0.040625 0.0171875
0 0.54609375 0.7125 0.12109375 0.01796875
0 0.771875 0.765625 0.134375 0.01875
0 0.09609375 0.76640625 0.0609375 0.015625
0 0.48515625 0.76640625 0.19453125 0.01796875
0 0.2171875 0.7703125 0.13828125 0.01875
0 0.8140625 0.79296875 0.053125 0.0171875
0 0.1640625 0.7921875 0.0359375 0.0171875
0 0.5359375 0.79296875 0.09765625 0.01875
0 0.0734375 0.7953125 0.01796875 0.01328125
0 0.215625 0.8734375 0.10078125 0.01796875
0 0.321875 0.87421875 0.07109375 0.0171875
0 0.4453125 0.87421875 0.115625 0.0171875
0 0.56640625 0.8765625 0.078125 0.0125
0 0.678125 0.8765625 0.0984375 0.02109375
0 0.19609375 0.90078125 0.053125 0.01640625
0 0.43515625 0.90078125 0.05234375 0.0171875
0 0.31640625 0.9015625 0.134375 0.0171875
0 0.10390625 0.903125 0.07890625 0.02109375
0 0.775 0.90234375 0.1359375 0.0140625
0 0.58515625 0.90390625 0.19453125 0.02109375