0 0.33671875 0.128125 0.07421875 0.02109375
0 0.41953125 0.128125 0.0484375 0.02265625
0 0.5765625 0.128125 0.05390625 0.02109375
0 0.49921875 0.1296875 0.04609375 0.025
0 0.71953125 0.1296875 0.18359375 0.025
0 0.71953125 0.159375 0.1109375 0.02265625
0 0.490625 0.16015625 0.07421875 0.0234375
0 0.59375 0.16015625 0.09140625 0.021875
0 0.8140625 0.16015625 0.03515625 0.021875
0 0.30859375 0.16015625 0.05234375 0.0234375
0 0.39375 0.16171875 0.0671875 0.025
0 0.596875 0.19140625 0.09140625 0.02109375
0 0.7203125 0.19140625 0.109375 0.02265625
0 0.3453125 0.19296875 0.05703125 0.021875
0 0.459375 0.19453125 0.12578125 0.025
0 0.73984375 0.225 0.1109375 0.021875
0 0.5 0.225 0.090625 0.021875
0 0.6140625 0.225 0.09140625 0.021875
0 0.3625 0.2265625 0.128125 0.025
0 0.6421875 0.2578125 0.22421875 0.0234375
0 0.45390625 0.2578125 0.03359375 0.021875
0 0.384375 0.2578125 0.05390625 0.021875
0 0.47109375 0.29140625 0.15078125 0.0234375
0 0.6140625 0.29140625 0.09453125 0.021875
0 0.6828125 0.321875 0.07265625 0.0234375
0 0.39453125 0.32421875 0.225 0.021875
0 0.55703125 0.32421875 0.05546875 0.021875
0 0.76796875 0.32421875 0.05390625 0.021875
0 0.5515625 0.3546875 0.18515625 0.0203125
0 0.1859375 0.35625 0.11171875 0.02265625
0 0.34453125 0.35625 0.16328125 0.02265625
0 0.83515625 0.41953125 0.11328125 0.021875
0 0.35625 0.41953125 0.2296875 0.021875
0 0.20859375 0.4203125 0.02578125 0.02109375
0 0.3109375 0.453125 0.13125 0.02265625
0 0.44375 0.453125 0.0890625 0.02265625
0 0.51953125 0.453125 0.01640625 0.02265625
0 0.83671875 0.484375 0.1109375 0.021875
0 0.20859375 0.48515625 0.03125 0.02265625
0 0.35703125 0.48515625 0.228125 0.02265625
0 0.49296875 0.51640625 0.03359375 0.02109375
0 0.27109375 0.51796875 0.05390625 0.02265625
0 0.38828125 0.51796875 0.13125 0.02265625
0 0.2125 0.5828125 0.16328125 0.02421875
0 0.8484375 0.5828125 0.0875 0.02265625
0 0.175 0.61484375 0.08515625 0.02265625
0 0.29375 0.61484375 0.09296875 0.02265625
0 0.396875 0.61484375 0.0671875 0.02265625
0 0.48203125 0.61484375 0.05390625 0.02265625
0 0.8484375 0.61484375 0.090625 0.02265625
0 0.4734375 0.646875 0.0671875 0.0234375
0 0.175 0.646875 0.08515625 0.0234375
0 0.290625 0.64765625 0.09296875 0.02265625
0 0.559375 0.64765625 0.05546875 0.02109375
0 0.8484375 0.64765625 0.090625 0.02265625
0 0.384375 0.6484375 0.0515625 0.025
0 0.84765625 0.6796875 0.09453125 0.02265625
0 0.16796875 0.68125 0.071875 0.021875
0 0.26953125 0.7125 0.0890625 0.02109375
0 0.63671875 0.7125 0.0515625 0.02109375
0 0.34921875 0.7125 0.0171875 0.02109375
0 0.84765625 0.7125 0.09140625 0.02265625
0 0.17109375 0.71328125 0.0703125 0.021875
0 0.5296875 0.71328125 0.11171875 0.0265625
0 0.2734375 0.74453125 0.13125 0.01875
0 0.38828125 0.74453125 0.046875 0.01875
0 0.61640625 0.74609375 0.35859375 0.021875
0 0.86796875 0.7765625 0.05390625 0.021875
0 0.16015625 0.77734375 0.05234375 0.02109375
0 0.56796875 0.7765625 0.1109375 0.021875
0 0.2734375 0.7796875 0.13125 0.02421875
0 0.58203125 0.80859375 0.0875 0.021875
0 0.2453125 0.80859375 0.03515625 0.021875
0 0.85625 0.81015625 0.071875 0.02109375
0 0.15078125 0.81015625 0.03515625 0.02109375
0 0.19609375 0.81015625 0.01484375 0.0171875
0 0.17578125 0.84140625 0.08671875 0.021875
0 0.58203125 0.84140625 0.0875 0.0203125
0 0.85625 0.84140625 0.071875 0.0203125
0 0.628125 0.8734375 0.07421875 0.021875
0 0.7125 0.8734375 0.05703125 0.021875
0 0.390625 0.875 0.090625 0.02265625
0 0.828125 0.875 0.13125 0.02265625
0 0.228125 0.87578125 0.18359375 0.0265625
0 0.19921875 0.90703125 0.13125 0.02265625
0 0.3421875 0.90703125 0.11171875 0.02265625