0 0.12734375 0.10625 0.12734375 0.021875
0 0.2796875 0.10625 0.12734375 0.021875
0 0.48671875 0.10625 0.23671875 0.02109375
0 0.6609375 0.10625 0.06328125 0.02109375
0 0.74765625 0.10625 0.06171875 0.02109375
0 0.42265625 0.13671875 0.18359375 0.025
0 0.43359375 0.16875 0.04140625 0.021875
0 0.07265625 0.16953125 0.09453125 0.01875
0 0.59375 0.16953125 0.19140625 0.02109375
0 0.303125 0.1703125 0.171875 0.02421875
0 0.1703125 0.1703125 0.03359375 0.02265625
0 0.78984375 0.17109375 0.14453125 0.0234375
0 0.20546875 0.2015625 0.1046875 0.01953125
0 0.42109375 0.20234375 0.28125 0.02421875
0 0.0734375 0.20234375 0.096875 0.021875
0 0.67265625 0.20390625 0.1703125 0.02265625
0 0.8234375 0.20390625 0.0796875 0.02265625
0 0.4328125 0.23359375 0.1671875 0.02421875
0 0.21328125 0.2640625 0.071875 0.0203125
0 0.30546875 0.2640625 0.03515625 0.0203125
0 0.37578125 0.2640625 0.053125 0.0203125
0 0.57265625 0.2640625 0.275 0.0203125
0 0.17109375 0.29453125 0.21171875 0.02109375
0 0.37734375 0.29453125 0.14921875 0.02109375
0 0.56171875 0.2953125 0.16953125 0.02109375
0 0.7453125 0.2953125 0.14453125 0.02109375
0 0.35390625 0.32734375 0.053125 0.01796875
0 0.53046875 0.32734375 0.23515625 0.02109375
0 0.2671875 0.32734375 0.0546875 0.021875
0 0.35625 0.3578125 0.0609375 0.02109375
0 0.48828125 0.3578125 0.14375 0.02109375
0 0.065625 0.4203125 0.0796875 0.01875
0 0.28984375 0.4203125 0.32421875 0.02109375
0 0.0515625 0.45234375 0.06171875 0.0203125
0 0.13828125 0.45234375 0.05859375 0.01953125
0 0.2390625 0.45234375 0.078125 0.01953125
0 0.3453125 0.45234375 0.0796875 0.01875
0 0.73671875 0.45234375 0.15859375 0.0203125
0 0.51875 0.45390625 0.21171875 0.021875
0 0.0515625 0.4828125 0.06015625 0.021875
0 0.153125 0.48359375 0.078125 0.02109375
0 0.81171875 0.48359375 0.1046875 0.02109375
0 0.07578125 0.5125 0.01171875 0.01875
0 0.1171875 0.51484375 0.0171875 0.01875
0 0.8234375 0.51484375 0.08359375 0.01953125
0 0.2484375 0.515625 0.1921875 0.02265625
0 0.07421875 0.54375 0.01171875 0.02109375
0 0.20390625 0.54453125 0.10546875 0.01875
0 0.11796875 0.54453125 0.01875 0.01875
0 0.81484375 0.5453125 0.09765625 0.01796875
0 0.31328125 0.5453125 0.05625 0.01875
0 0.42265625 0.5453125 0.103125 0.01875
0 0.0953125 0.60703125 0.13984375 0.01875
0 0.2453125 0.60703125 0.096875 0.01875
0 0.37578125 0.6078125 0.09453125 0.021875
0 0.49453125 0.6078125 0.08046875 0.02109375
0 0.815625 0.6078125 0.096875 0.02109375
0 0.07109375 0.6375 0.096875 0.0203125
0 0.22578125 0.6375 0.14921875 0.0203125
0 0.81484375 0.6390625 0.09921875 0.0203125
0 0.21484375 0.66875 0.16953125 0.01875
0 0.06328125 0.66875 0.0828125 0.01875
0 0.8140625 0.66953125 0.09765625 0.01875
0 0.82265625 0.7 0.08359375 0.01875
0 0.08515625 0.7015625 0.128125 0.02265625
0 0.0734375 0.76171875 0.103125 0.0203125
0 0.4390625 0.76171875 0.0546875 0.01953125
0 0.2390625 0.76171875 0.16484375 0.01953125
0 0.36796875 0.7625 0.03984375 0.01953125
0 0.82265625 0.7625 0.08359375 0.01953125
0 0.13828125 0.82421875 0.1046875 0.0203125
0 0.2484375 0.82421875 0.06171875 0.02109375
0 0.45234375 0.825 0.125 0.0203125
0 0.58359375 0.825 0.08515625 0.0203125
0 0.7109375 0.825 0.11953125 0.025
0 0.3359375 0.825 0.0609375 0.01796875
0 0.1078125 0.85625 0.16953125 0.0203125
0 0.465625 0.85625 0.14921875 0.01875
0 0.2921875 0.85625 0.14921875 0.01875
0 0.7359375 0.85625 0.25625 0.01875