0 0.1828125 0.15234375 0.25859375 0.0171875
0 0.4671875 0.15390625 0.22109375 0.01640625
0 0.675 0.15390625 0.1078125 0.01640625
0 0.825 0.1546875 0.1078125 0.0171875
0 0.47890625 0.1765625 0.1984375 0.01875
0 0.20390625 0.1984375 0.0734375 0.01640625
0 0.28828125 0.1984375 0.04453125 0.01640625
0 0.57265625 0.19921875 0.09375 0.0171875
0 0.446875 0.19921875 0.10546875 0.01953125
0 0.35625 0.2 0.03515625 0.01875
0 0.7203125 0.20078125 0.1609375 0.0203125
0 0.221875 0.22109375 0.06640625 0.01796875
0 0.3453125 0.221875 0.128125 0.0171875
0 0.61015625 0.221875 0.13046875 0.01640625
0 0.73359375 0.221875 0.071875 0.0171875
0 0.47578125 0.22265625 0.0875 0.0171875
0 0.28828125 0.26640625 0.053125 0.01640625
0 0.43828125 0.26796875 0.0484375 0.01640625
0 0.60078125 0.26796875 0.22421875 0.01640625
0 0.36484375 0.26796875 0.0546875 0.01875
0 0.40234375 0.3125 0.05234375 0.01640625
0 0.51796875 0.3125 0.12734375 0.0171875
0 0.10078125 0.33515625 0.090625 0.0171875
0 0.25390625 0.33515625 0.06171875 0.01796875
0 0.08125 0.3796875 0.05546875 0.0171875
0 0.14921875 0.38125 0.0328125 0.0171875
0 0.23359375 0.38125 0.01640625 0.0171875
0 0.0828125 0.40390625 0.0546875 0.0171875
0 0.1546875 0.40390625 0.0515625 0.01640625
0 0.39140625 0.4046875 0.371875 0.01953125
0 0.12578125 0.42578125 0.14296875 0.01796875
0 0.3453125 0.42578125 0.24140625 0.0171875
0 0.08359375 0.4484375 0.0515625 0.01640625
0 0.1546875 0.4484375 0.0515625 0.01640625
0 0.4890625 0.44921875 0.1453125 0.0171875
0 0.60078125 0.44921875 0.0359375 0.01640625
0 0.29921875 0.44921875 0.1859375 0.01875
0 0.9015625 0.45 0.034375 0.0171875
0 0.0921875 0.49453125 0.06875 0.0171875
0 0.86484375 0.4953125 0.11015625 0.0171875
0 0.11875 0.5390625 0.128125 0.01640625
0 0.27109375 0.5390625 0.12890625 0.0171875
0 0.40234375 0.53984375 0.090625 0.0171875
0 0.828125 0.540625 0.06875 0.01640625
0 0.9015625 0.54140625 0.034375 0.0171875
0 0.11875 0.56171875 0.13046875 0.0171875
0 0.2515625 0.56171875 0.090625 0.0171875
0 0.3453125 0.5625 0.053125 0.01640625
0 0.11875 0.584375 0.01484375 0.01640625
0 0.19453125 0.584375 0.0921875 0.01640625
0 0.81953125 0.5859375 0.08515625 0.0171875
0 0.9015625 0.5859375 0.034375 0.015625
0 0.11875 0.60703125 0.13046875 0.015625
0 0.25078125 0.60703125 0.0921875 0.0171875
0 0.81953125 0.60859375 0.08515625 0.01640625
0 0.90234375 0.60859375 0.03515625 0.01640625
0 0.11796875 0.62890625 0.12890625 0.01640625
0 0.25078125 0.62890625 0.0921875 0.015625
0 0.82734375 0.63125 0.0734375 0.0171875
0 0.90234375 0.63125 0.03515625 0.0171875
0 0.06171875 0.67421875 0.01640625 0.01640625
0 0.1375 0.67421875 0.053125 0.01640625
0 0.23125 0.675 0.090625 0.0171875
0 0.8734375 0.67578125 0.09296875 0.0171875
0 0.8734375 0.7296875 0.09296875 0.03359375
0 0.1375 0.73515625 0.0515625 0.01640625
0 0.23125 0.73515625 0.090625 0.0171875
0 0.14609375 0.75703125 0.0734375 0.0171875
0 0.8734375 0.7578125 0.09296875 0.015625
0 0.884375 0.7890625 0.0734375 0.03203125
0 0.165625 0.7953125 0.1109375 0.01640625
0 0.08046875 0.86171875 0.05234375 0.015625
0 0.69375 0.8625 0.1078125 0.015625
0 0.1921875 0.8625 0.13046875 0.01875
0 0.89296875 0.86328125 0.05234375 0.01640625
0 0.071875 0.884375 0.034375 0.01640625
0 0.19453125 0.884375 0.16484375 0.0171875
0 0.325 0.884375 0.0546875 0.015625
0 0.39296875 0.884375 0.03515625 0.015625
0 0.703125 0.88515625 0.0921875 0.01640625
0 0.8828125 0.8859375 0.07265625 0.0171875
0 0.26875 0.92890625 0.090625 0.0171875
0 0.46796875 0.92890625 0.1109375 0.0171875
0 0.58046875 0.9296875 0.0734375 0.01640625
0 0.6859375 0.93125 0.0921875 0.01875
0 0.36484375 0.93203125 0.0546875 0.01484375
0 0.203125 0.9515625 0.075 0.01796875
0 0.11015625 0.9515625 0.0703125 0.0171875
0 0.50625 0.95234375 0.1859375 0.0171875
0 0.3625 0.95234375 0.05234375 0.0171875
0 0.62890625 0.953125 0.01640625 0.015625
0 0.28828125 0.953125 0.053125 0.0125
0 0.77109375 0.953125 0.22109375 0.01875