0 0.18828125 0.11171875 0.2125 0.0125
0 0.47734375 0.11171875 0.14453125 0.0125
0 0.34765625 0.1125 0.059375 0.0109375
0 0.37734375 0.125 0.33359375 0.01171875
0 0.12265625 0.12578125 0.08125 0.0125
0 0.146875 0.13984375 0.12734375 0.0109375
0 0.3375 0.13984375 0.209375 0.0109375
0 0.49765625 0.13984375 0.059375 0.0109375
0 0.6046875 0.13984375 0.059375 0.0125
0 0.18046875 0.1546875 0.18671875 0.0125
0 0.38046875 0.16953125 0.253125 0.0125
0 0.2 0.16953125 0.05625 0.01171875
0 0.11484375 0.16953125 0.06328125 0.01171875
0 0.2421875 0.1828125 0.10390625 0.0125
0 0.11484375 0.18359375 0.059375 0.01171875
0 0.4 0.18515625 0.16640625 0.01484375
0 0.57265625 0.1984375 0.16875 0.0125
0 0.13671875 0.1984375 0.11015625 0.0125
0 0.275 0.19765625 0.12421875 0.01171875
0 0.4125 0.2 0.096875 0.01484375
0 0.30546875 0.21171875 0.2328125 0.0125
0 0.12265625 0.21328125 0.078125 0.01171875
0 0.125 0.240625 0.08359375 0.01171875
0 0.78515625 0.26953125 0.209375 0.01171875
0 0.603125 0.26953125 0.096875 0.01171875
0 0.271875 0.26953125 0.0375 0.01171875
0 0.15703125 0.26953125 0.14765625 0.0125
0 0.42265625 0.26953125 0.209375 0.01171875
0 0.2 0.28359375 0.2328125 0.01171875
0 0.59921875 0.28359375 0.096875 0.01171875
0 0.7625 0.28359375 0.16484375 0.01171875
0 0.15703125 0.2984375 0.14765625 0.01171875
0 0.31484375 0.2984375 0.034375 0.01171875
0 0.82734375 0.32734375 0.12421875 0.0109375
0 0.6671875 0.32734375 0.059375 0.0109375
0 0.49765625 0.32734375 0.059375 0.0109375
0 0.12734375 0.328125 0.08125 0.01171875
0 0.646875 0.34375 0.09375 0.01484375
0 0.83671875 0.34375 0.0953125 0.015625
0 0.83515625 0.371875 0.10234375 0.0125
0 0.646875 0.371875 0.10390625 0.0125
0 0.475 0.371875 0.01171875 0.01171875
0 0.92265625 0.371875 0.01875 0.01171875
0 0.12734375 0.37265625 0.08125 0.0125
0 0.82734375 0.3859375 0.209375 0.0125
0 0.30703125 0.3859375 0.14765625 0.0125
0 0.61484375 0.3859375 0.16875 0.0125
0 0.4546875 0.3859375 0.10703125 0.0125
0 0.15 0.3875 0.11875 0.01328125
0 0.92265625 0.40078125 0.01875 0.01171875
0 0.65703125 0.4015625 0.08359375 0.0125
0 0.84765625 0.4015625 0.08359375 0.0125
0 0.475 0.40078125 0.01171875 0.01171875
0 0.2203125 0.4015625 0.27734375 0.0125
0 0.68046875 0.41640625 0.08125 0.01171875
0 0.815625 0.41640625 0.14765625 0.0125
0 0.4546875 0.41640625 0.06640625 0.01171875
0 0.5578125 0.41640625 0.0921875 0.01171875
0 0.92265625 0.41640625 0.01875 0.01171875
0 0.24453125 0.41640625 0.0953125 0.0125
0 0.36015625 0.41640625 0.08515625 0.0125
0 0.12734375 0.4171875 0.08125 0.01328125
0 0.475 0.43046875 0.01171875 0.0125
0 0.65703125 0.43046875 0.08359375 0.0125
0 0.8453125 0.43046875 0.08125 0.0125
0 0.92265625 0.43046875 0.01875 0.0109375
0 0.22265625 0.43046875 0.271875 0.0125
0 0.359375 0.4453125 0.08359375 0.01171875
0 0.265625 0.4453125 0.0609375 0.01171875
0 0.490625 0.44453125 0.12734375 0.0125
0 0.75234375 0.44453125 0.14765625 0.0125
0 0.61484375 0.44453125 0.08359375 0.0125
0 0.15 0.4453125 0.11875 0.0140625
0 0.8453125 0.45859375 0.08515625 0.0125
0 0.65703125 0.45859375 0.0796875 0.01171875
0 0.478125 0.46015625 0.0203125 0.0125
0 0.125 0.46015625 0.08359375 0.0125
0 0.92265625 0.459375 0.01875 0.01171875
0 0.51953125 0.4734375 0.14765625 0.01171875
0 0.3296875 0.4734375 0.190625 0.01171875
0 0.6671875 0.4734375 0.10390625 0.0125
0 0.890625 0.4734375 0.08359375 0.0125
0 0.78515625 0.4734375 0.08359375 0.0125
0 0.15 0.47421875 0.11875 0.0125
0 0.92265625 0.48828125 0.01875 0.01171875
0 0.2203125 0.48828125 0.2734375 0.01171875
0 0.475 0.48828125 0.015625 0.0125
0 0.65703125 0.48828125 0.08359375 0.0125
0 0.8453125 0.48828125 0.08515625 0.0125
0 0.53984375 0.50234375 0.10390625 0.01171875
0 0.359375 0.50234375 0.2125 0.01171875
0 0.18984375 0.50390625 0.0765625 0.01484375
0 0.1046875 0.50390625 0.0359375 0.01484375
0 0.13515625 0.53046875 0.10703125 0.01328125
0 0.2953125 0.53125 0.16875 0.0125
0 0.625 0.53125 0.01875 0.01171875
0 0.63046875 0.57578125 0.1890625 0.0125
0 0.884375 0.57578125 0.10546875 0.0125
0 0.896875 0.58984375 0.08359375 0.01171875
0 0.57734375 0.590625 0.08359375 0.0125
0 0.5671875 0.6046875 0.059375 0.0125
0 0.89453125 0.6046875 0.08125 0.0125
0 0.61953125 0.6203125 0.16875 0.0125
0 0.896875 0.6203125 0.08359375 0.0125
0 0.2296875 0.63359375 0.18359375 0.0125
0 0.83515625 0.63515625 0.2078125 0.01171875
0 0.47421875 0.6484375 0.16328125 0.01171875
0 0.23984375 0.64921875 0.20390625 0.0125
0 0.83515625 0.64921875 0.2078125 0.0125
0 0.26015625 0.6640625 0.2484375 0.01171875
0 0.8546875 0.66328125 0.16171875 0.0125
0 0.25 0.72109375 0.10234375 0.01171875
0 0.5453125 0.721875 0.06328125 0.01171875
0 0.3671875 0.721875 0.08125 0.01171875
0 0.4625 0.721875 0.0609375 0.0125
0 0.7125 0.7234375 0.228125 0.015625
0 0.46015625 0.73671875 0.10390625 0.01171875
0 0.575 0.73671875 0.078125 0.0125
0 0.77578125 0.75078125 0.10234375 0.0125
0 0.3 0.75078125 0.209375 0.0125
0 0.6375 0.75078125 0.12265625 0.01171875
0 0.48984375 0.753125 0.12265625 0.015625
0 0.1125 0.80859375 0.0609375 0.01171875
0 0.2421875 0.809375 0.14765625 0.0125
0 0.83515625 0.83828125 0.14609375 0.0125
0 0.12421875 0.83828125 0.08515625 0.0125
0 0.484375 0.83828125 0.12578125 0.01171875
0 0.66484375 0.8390625 0.0171875 0.0125
0 0.49453125 0.8671875 0.10234375 0.01171875
0 0.10234375 0.8671875 0.040625 0.01171875
0 0.8671875 0.86796875 0.08125 0.0125
0 0.66484375 0.86796875 0.0171875 0.0125
0 0.6625 0.88203125 0.015625 0.0109375
0 0.1125 0.88203125 0.0609375 0.0125
0 0.8671875 0.8828125 0.08125 0.01171875
0 0.5078125 0.8828125 0.08359375 0.01171875
0 0.86484375 0.9265625 0.08359375 0.0109375
0 0.515625 0.9265625 0.0609375 0.0109375
0 0.63046875 0.9265625 0.12109375 0.0125