0 0.82578125 0.1890625 0.11796875 0.02265625
0 0.69296875 0.1890625 0.109375 0.02421875
0 0.440625 0.18984375 0.35625 0.0234375
0 0.1828125 0.1890625 0.1234375 0.021875
0 0.5046875 0.21796875 0.26484375 0.02265625
0 0.65625 0.2578125 0.1265625 0.01875
0 0.48984375 0.259375 0.146875 0.01796875
0 0.32265625 0.2609375 0.11875 0.021875
0 0.58203125 0.28828125 0.02578125 0.01796875
0 0.67109375 0.2890625 0.09921875 0.0203125
0 0.48046875 0.2890625 0.1234375 0.01796875
0 0.3265625 0.28984375 0.121875 0.01796875
0 0.75703125 0.31484375 0.1234375 0.01796875
0 0.5546875 0.315625 0.17421875 0.01796875
0 0.2234375 0.31640625 0.07109375 0.01796875
0 0.36328125 0.31875 0.146875 0.02421875
0 0.303125 0.3484375 0.09921875 0.01875
0 0.4296875 0.3484375 0.09609375 0.01796875
0 0.63125 0.35078125 0.20390625 0.0234375
0 0.5875 0.38515625 0.1734375 0.01796875
0 0.4484375 0.38515625 0.078125 0.01796875
0 0.31953125 0.415625 0.04609375 0.01796875
0 0.403125 0.415625 0.06640625 0.01796875
0 0.6828125 0.4171875 0.32265625 0.02265625
0 0.21796875 0.41875 0.09765625 0.02265625
0 0.8875 0.4515625 0.06875 0.01796875
0 0.71796875 0.4515625 0.19453125 0.01953125
0 0.21015625 0.453125 0.25078125 0.0203125
0 0.759375 0.48359375 0.32578125 0.01953125
0 0.18515625 0.484375 0.20234375 0.01796875
0 0.86875 0.52734375 0.09296875 0.01875
0 0.65703125 0.52734375 0.1234375 0.01875
0 0.21015625 0.5296875 0.24453125 0.0203125
0 0.47734375 0.5296875 0.07265625 0.0234375
0 0.559375 0.56484375 0.128125 0.01796875
0 0.15078125 0.56484375 0.121875 0.01796875
0 0.3578125 0.56484375 0.21953125 0.0203125
0 0.87578125 0.59765625 0.1015625 0.01796875
0 0.67109375 0.5984375 0.10078125 0.01953125
0 0.21328125 0.59921875 0.04609375 0.01796875
0 0.34140625 0.5984375 0.1484375 0.01796875
0 0.12578125 0.5984375 0.07578125 0.0171875
0 0.5078125 0.5984375 0.015625 0.01796875
0 0.36953125 0.6328125 0.09140625 0.01796875
0 0.12578125 0.6328125 0.07578125 0.01796875
0 0.24296875 0.63359375 0.1015625 0.01875
0 0.87578125 0.665625 0.09765625 0.01796875
0 0.67109375 0.66640625 0.10078125 0.01875
0 0.240625 0.66640625 0.1015625 0.01796875
0 0.50703125 0.6671875 0.015625 0.01875
0 0.36796875 0.6671875 0.09140625 0.0203125
0 0.1265625 0.66796875 0.075 0.01875
0 0.55859375 0.70078125 0.02734375 0.0203125
0 0.20234375 0.7015625 0.1265625 0.01796875
0 0.33125 0.70390625 0.0734375 0.021875
0 0.875 0.746875 0.103125 0.01796875
0 0.3734375 0.7515625 0.21484375 0.01796875
0 0.1703125 0.7515625 0.1640625 0.01796875
0 0.875 0.778125 0.10078125 0.015625
0 0.15234375 0.78359375 0.13125 0.01796875
0 0.8765625 0.815625 0.09921875 0.01875
0 0.56484375 0.81875 0.10078125 0.01796875
0 0.484375 0.81875 0.03828125 0.01796875
0 0.3734375 0.81953125 0.15859375 0.01796875
0 0.12890625 0.8203125 0.0859375 0.01796875
0 0.23046875 0.82265625 0.09765625 0.02265625
0 0.88984375 0.8515625 0.0078125 0.01796875
0 0.646875 0.853125 0.09921875 0.01796875
0 0.4953125 0.85390625 0.14921875 0.01796875
0 0.30390625 0.85390625 0.07578125 0.01796875
0 0.175 0.8546875 0.12421875 0.01796875
0 0.38125 0.8546875 0.009375 0.01796875
0 0.7875 0.85546875 0.12421875 0.02265625
0 0.371875 0.88046875 0.0984375 0.01875
0 0.23046875 0.88046875 0.121875 0.01875
0 0.71328125 0.88125 0.2796875 0.02109375
0 0.496875 0.8828125 0.09765625 0.02265625
0 0.3921875 0.909375 0.14921875 0.01796875
0 0.50625 0.909375 0.01953125 0.01796875
0 0.5984375 0.91171875 0.09921875 0.02265625