0 0.175 0.11796875 0.0875 0.02109375
0 0.30078125 0.11875 0.12578125 0.021875
0 0.5265625 0.1203125 0.29296875 0.02265625
0 0.81953125 0.121875 0.1578125 0.021875
0 0.70625 0.121875 0.03203125 0.021875
0 0.46796875 0.1390625 0.09765625 0.01015625
0 0.56875 0.140625 0.08984375 0.01015625
0 0.221875 0.1515625 0.04296875 0.00859375
0 0.27421875 0.15234375 0.0375 0.00859375
0 0.34453125 0.153125 0.0828125 0.0078125
0 0.53203125 0.15390625 0.07578125 0.00859375
0 0.4421875 0.15390625 0.0828125 0.01015625
0 0.63515625 0.1546875 0.10625 0.009375
0 0.7640625 0.15625 0.13046875 0.009375
0 0.42109375 0.16796875 0.1390625 0.00859375
0 0.54140625 0.16875 0.07734375 0.00859375
0 0.63359375 0.1703125 0.0828125 0.01015625
0 0.27421875 0.18046875 0.04921875 0.00703125
0 0.359375 0.18203125 0.1 0.00859375
0 0.45625 0.18203125 0.05859375 0.0078125
0 0.55859375 0.1828125 0.0609375 0.00859375
0 0.65078125 0.1828125 0.0984375 0.0109375
0 0.74609375 0.184375 0.0578125 0.009375
0 0.3421875 0.19609375 0.0625 0.0109375
0 0.425 0.19609375 0.07578125 0.01171875
0 0.59453125 0.19765625 0.2421875 0.01328125
0 0.34765625 0.23203125 0.29453125 0.015625
0 0.55859375 0.23359375 0.1015625 0.01484375
0 0.734375 0.2359375 0.2140625 0.015625
0 0.171875 0.27265625 0.18203125 0.02109375
0 0.240625 0.31328125 0.07421875 0.0109375
0 0.13359375 0.3140625 0.11875 0.0140625
0 0.44453125 0.31484375 0.26484375 0.0140625
0 0.6765625 0.31640625 0.0890625 0.01171875
0 0.85625 0.3171875 0.1953125 0.0125
0 0.20390625 0.3515625 0.034375 0.00703125
0 0.871875 0.3515625 0.1765625 0.01171875
0 0.1796875 0.35390625 0.1171875 0.0125
0 0.50234375 0.35546875 0.06875 0.0125
0 0.3796875 0.35703125 0.0890625 0.01484375
0 0.65234375 0.3578125 0.13359375 0.01328125
0 0.8703125 0.36796875 0.08359375 0.01328125
0 0.06328125 0.39140625 0.0125 0.01171875
0 0.50078125 0.39296875 0.07421875 0.01171875
0 0.36953125 0.39296875 0.0171875 0.01171875
0 0.64296875 0.39375 0.07265625 0.0125
0 0.8984375 0.396875 0.0953125 0.0125
0 0.1875 0.41484375 0.16953125 0.0125
0 0.34921875 0.41640625 0.13515625 0.0125
0 0.103125 0.46328125 0.0875 0.0125
0 0.40859375 0.4640625 0.01640625 0.01171875
0 0.19375 0.46640625 0.07109375 0.015625
0 0.8875 0.4671875 0.07265625 0.0125
0 0.178125 0.50390625 0.2328125 0.01328125
0 0.35234375 0.50625 0.08359375 0.01328125
0 0.88359375 0.50703125 0.07421875 0.01171875
0 0.12578125 0.528125 0.13359375 0.01171875
0 0.25078125 0.52890625 0.0859375 0.01171875
0 0.8828125 0.53125 0.07578125 0.0109375
0 0.17265625 0.55234375 0.2296875 0.01328125
0 0.871875 0.5546875 0.08046875 0.0125
0 0.14765625 0.57734375 0.1796875 0.015625
0 0.86484375 0.58203125 0.0984375 0.01640625
0 0.1265625 0.60234375 0.14609375 0.01484375
0 0.86484375 0.60703125 0.0984375 0.01640625
0 0.16640625 0.63125 0.23046875 0.015625
0 0.8625 0.6359375 0.1 0.01640625
0 0.38515625 0.71953125 0.0875 0.01484375
0 0.56875 0.72109375 0.24296875 0.01640625
0 0.63203125 0.75390625 0.175 0.01171875
0 0.8828125 0.75546875 0.07578125 0.01171875
0 0.09765625 0.7578125 0.07265625 0.0109375
0 0.2 0.7578125 0.10625 0.01171875
0 0.3796875 0.759375 0.02890625 0.0125
0 0.6265625 0.7703125 0.08046875 0.0140625
0 0.8734375 0.77109375 0.08125 0.0140625
0 0.0984375 0.8 0.05234375 0.01171875
0 0.38671875 0.8015625 0.07421875 0.01171875
0 0.6390625 0.803125 0.07421875 0.01171875
0 0.86484375 0.80546875 0.07265625 0.01171875
0 0.1171875 0.84296875 0.15 0.01171875
0 0.63828125 0.8453125 0.071875 0.01171875
0 0.86796875 0.84765625 0.071875 0.01171875
0 0.08828125 0.88203125 0.084375 0.0109375
0 0.27265625 0.88359375 0.153125 0.01171875
0 0.39296875 0.88359375 0.06015625 0.0109375
0 0.46953125 0.884375 0.07109375 0.0109375
0 0.16484375 0.884375 0.034375 0.01328125
0 0.5578125 0.88515625 0.07421875 0.01171875
0 0.6375 0.88515625 0.0640625 0.0109375
0 0.72421875 0.8859375 0.084375 0.0109375
0 0.8453125 0.8875 0.12734375 0.01171875
0 0.0671875 0.89921875 0.0375 0.01171875
0 0.140625 0.89921875 0.07734375 0.01171875
0 0.3359375 0.9 0.02265625 0.0109375
0 0.43359375 0.90078125 0.1421875 0.0125
0 0.25078125 0.9015625 0.1203125 0.0140625
0 0.5578125 0.903125 0.078125 0.0140625
0 0.2140625 0.9421875 0.13359375 0.0109375
0 0.3421875 0.9421875 0.09609375 0.0109375
0 0.4375 0.94296875 0.07421875 0.0109375
0 0.5234375 0.94296875 0.07421875 0.01171875
0 0.6984375 0.94609375 0.24765625 0.01328125
0 0.4375 0.96171875 0.12578125 0.01171875
0 0.55 0.96328125 0.08125 0.0109375