0 0.7375 0.1109375 0.08125 0.0171875
0 0.8453125 0.1109375 0.09609375 0.0171875
0 0.52109375 0.1109375 0.31640625 0.0171875
0 0.22578125 0.11171875 0.24140625 0.0171875
0 0.49921875 0.1390625 0.16171875 0.015625
0 0.5625 0.159375 0.05546875 0.0140625
0 0.2921875 0.16015625 0.05 0.01328125
0 0.465625 0.16015625 0.10859375 0.0140625
0 0.66796875 0.16015625 0.12421875 0.0140625
0 0.3640625 0.1609375 0.06640625 0.0140625
0 0.49921875 0.18203125 0.16796875 0.01484375
0 0.625 0.2046875 0.15859375 0.01328125
0 0.475 0.2046875 0.1171875 0.0140625
0 0.3484375 0.20546875 0.10703125 0.0140625
0 0.546875 0.2265625 0.21640625 0.01328125
0 0.3765625 0.2265625 0.06328125 0.0140625
0 0.3390625 0.2546875 0.07109375 0.0125
0 0.40546875 0.2546875 0.03203125 0.0125
0 0.57421875 0.2546875 0.24453125 0.0125
0 0.528125 0.2796875 0.07265625 0.01328125
0 0.36796875 0.2796875 0.21953125 0.01328125
0 0.66015625 0.2796875 0.15859375 0.01328125
0 0.10390625 0.3140625 0.0984375 0.01328125
0 0.809375 0.340625 0.1796875 0.01328125
0 0.428125 0.340625 0.2109375 0.0140625
0 0.6484375 0.340625 0.08125 0.0140625
0 0.159375 0.34140625 0.05 0.01328125
0 0.0875 0.34140625 0.0609375 0.01328125
0 0.646875 0.36328125 0.0828125 0.0125
0 0.790625 0.36328125 0.13515625 0.0125
0 0.37109375 0.36484375 0.0953125 0.01171875
0 0.11796875 0.36484375 0.1265625 0.01328125
0 0.64609375 0.3875 0.0828125 0.01328125
0 0.1546875 0.38984375 0.196875 0.01640625
0 0.56875 0.43046875 0.1203125 0.0140625
0 0.89296875 0.43046875 0.0609375 0.01328125
0 0.75078125 0.43046875 0.13828125 0.0140625
0 0.0890625 0.43125 0.07109375 0.01328125
0 0.40234375 0.43203125 0.05703125 0.0171875
0 0.77421875 0.453125 0.0875 0.0125
0 0.56875 0.453125 0.0875 0.0125
0 0.89375 0.453125 0.0453125 0.0125
0 0.403125 0.45390625 0.0171875 0.01171875
0 0.09453125 0.45390625 0.07578125 0.0125
0 0.55 0.4765625 0.08125 0.01328125
0 0.415625 0.4765625 0.159375 0.0140625
0 0.24765625 0.4765625 0.15 0.01328125
0 0.1046875 0.478125 0.10078125 0.015625
0 0.89453125 0.5015625 0.04609375 0.01328125
0 0.56875 0.50234375 0.06875 0.0125
0 0.77421875 0.50234375 0.0875 0.0125
0 0.40390625 0.50234375 0.03203125 0.01328125
0 0.09609375 0.50234375 0.0796875 0.01328125
0 0.396875 0.52578125 0.1171875 0.01328125
0 0.2765625 0.52578125 0.09453125 0.01328125
0 0.15546875 0.52578125 0.11328125 0.01328125
0 0.07109375 0.52578125 0.0296875 0.0125
0 0.5703125 0.5515625 0.0875 0.0140625
0 0.77421875 0.5515625 0.084375 0.01328125
0 0.89375 0.5515625 0.0453125 0.01328125
0 0.09609375 0.5515625 0.075 0.01328125
0 0.40390625 0.55234375 0.0125 0.01328125
0 0.35234375 0.575 0.121875 0.01171875
0 0.20078125 0.575 0.15078125 0.01171875
0 0.0859375 0.575 0.0546875 0.01171875
0 0.50078125 0.5765625 0.15078125 0.015625
0 0.76484375 0.59765625 0.10859375 0.0140625
0 0.1890625 0.5984375 0.078125 0.01328125
0 0.4 0.5984375 0.03671875 0.01328125
0 0.26875 0.59921875 0.0609375 0.015625
0 0.771875 0.63203125 0.0875 0.0125
0 0.284375 0.63203125 0.08359375 0.01328125
0 0.190625 0.63203125 0.07734375 0.0125
0 0.55390625 0.6328125 0.084375 0.01484375
0 0.4203125 0.63359375 0.159375 0.0171875
0 0.52734375 0.6578125 0.1390625 0.0140625
0 0.78125 0.6578125 0.06875 0.0140625
0 0.5171875 0.6828125 0.1578125 0.0140625
0 0.7828125 0.6828125 0.06640625 0.0140625
0 0.78359375 0.7109375 0.06875 0.0125
0 0.52265625 0.71171875 0.14609375 0.015625
0 0.48359375 0.73984375 0.03125 0.0125
0 0.765625 0.73984375 0.1046875 0.0125
0 0.22890625 0.73984375 0.09296875 0.0125
0 0.12578125 0.73984375 0.0859375 0.0125
0 0.55390625 0.74140625 0.0859375 0.015625
0 0.37109375 0.7421875 0.16796875 0.01640625
0 0.76328125 0.7671875 0.10859375 0.01328125
0 0.54609375 0.7671875 0.1 0.01328125
0 0.78359375 0.79140625 0.06875 0.01171875
0 0.5296875 0.79296875 0.13359375 0.015625
0 0.159375 0.8375 0.07734375 0.0140625
0 0.31328125 0.8375 0.19921875 0.0140625
0 0.76015625 0.8671875 0.06015625 0.0125
0 0.1609375 0.86796875 0.0578125 0.0125
0 0.246875 0.86796875 0.0875 0.0125
0 0.53359375 0.86796875 0.065625 0.0140625
0 0.8421875 0.86875 0.08046875 0.01328125
0 0.6203125 0.86875 0.08046875 0.01328125
0 0.39765625 0.8703125 0.028125 0.015625
0 0.84375 0.8890625 0.07421875 0.01328125
0 0.1578125 0.8890625 0.04921875 0.01171875
0 0.39921875 0.8890625 0.01796875 0.01328125
0 0.6109375 0.8890625 0.09609375 0.01328125
0 0.6109375 0.9171875 0.09609375 0.01171875
0 0.84375 0.9171875 0.075 0.01171875
0 0.37109375 0.91796875 0.08984375 0.01328125
0 0.75390625 0.96328125 0.1 0.0109375
0 0.84765625 0.96328125 0.0640625 0.0109375
0 0.171875 0.96328125 0.115625 0.0109375
0 0.2828125 0.96328125 0.0828125 0.0109375
0 0.3640625 0.96328125 0.06015625 0.0109375
0 0.43828125 0.96328125 0.0625 0.0109375
0 0.58671875 0.96328125 0.20703125 0.0109375