0 0.1328125 0.10234375 0.0953125 0.0171875
0 0.275 0.10234375 0.16015625 0.0171875
0 0.56875 0.103125 0.06015625 0.0171875
0 0.64296875 0.1046875 0.0578125 0.0171875
0 0.446875 0.10625 0.153125 0.02109375
0 0.778125 0.10625 0.18359375 0.02265625
0 0.42109375 0.12890625 0.14296875 0.0171875
0 0.52109375 0.13046875 0.0265625 0.01953125
0 0.578125 0.13046875 0.059375 0.0171875
0 0.2875 0.15390625 0.06640625 0.0171875
0 0.425 0.1546875 0.03828125 0.015625
0 0.57890625 0.15546875 0.24140625 0.01796875
0 0.3609375 0.15703125 0.05703125 0.021875
0 0.26875 0.1796875 0.0484375 0.0171875
0 0.33671875 0.18046875 0.0625 0.01796875
0 0.42890625 0.18046875 0.08125 0.01796875
0 0.53046875 0.18046875 0.09765625 0.01875
0 0.64453125 0.18359375 0.10625 0.02109375
0 0.38359375 0.20546875 0.0421875 0.01796875
0 0.2828125 0.20546875 0.1296875 0.021875
0 0.48046875 0.20625 0.10078125 0.0171875
0 0.58203125 0.20625 0.08046875 0.0171875
0 0.67890625 0.2078125 0.0859375 0.021875
0 0.4171875 0.23203125 0.08359375 0.01953125
0 0.2890625 0.23203125 0.13828125 0.021875
0 0.5234375 0.23359375 0.1015625 0.01953125
0 0.65703125 0.23359375 0.1328125 0.02109375
0 0.1109375 0.25546875 0.05703125 0.0171875
0 0.321875 0.25703125 0.07265625 0.01796875
0 0.4171875 0.25703125 0.08125 0.0171875
0 0.53125 0.25703125 0.05390625 0.0171875
0 0.21328125 0.2578125 0.11171875 0.0234375
0 0.7359375 0.2578125 0.07734375 0.0171875
0 0.83125 0.259375 0.0765625 0.0171875
0 0.62734375 0.26015625 0.109375 0.0234375
0 0.2203125 0.30703125 0.346875 0.01953125
0 0.603125 0.309375 0.1484375 0.0171875
0 0.7765625 0.3109375 0.14453125 0.01796875
0 0.88671875 0.31328125 0.04375 0.015625
0 0.25234375 0.33984375 0.06953125 0.01640625
0 0.11015625 0.34140625 0.12734375 0.0171875
0 0.33203125 0.3421875 0.0609375 0.01640625
0 0.60390625 0.34296875 0.14453125 0.01875
0 0.83203125 0.34375 0.03515625 0.0171875
0 0.7484375 0.34375 0.09140625 0.0171875
0 0.88671875 0.3484375 0.04609375 0.0171875
0 0.115625 0.39765625 0.140625 0.0171875
0 0.23125 0.39765625 0.059375 0.01640625
0 0.315625 0.40078125 0.07265625 0.0203125
0 0.44375 0.4015625 0.153125 0.02109375
0 0.2015625 0.42421875 0.2640625 0.01640625
0 0.6734375 0.42734375 0.10625 0.01796875
0 0.9 0.42734375 0.01953125 0.0171875
0 0.83125 0.42734375 0.06953125 0.0171875
0 0.0890625 0.45859375 0.0859375 0.01640625
0 0.17578125 0.46015625 0.06015625 0.015625
0 0.4375 0.46015625 0.05703125 0.01640625
0 0.2625 0.46015625 0.08984375 0.01640625
0 0.35703125 0.4625 0.0484375 0.01953125
0 0.14140625 0.48359375 0.13828125 0.015625
0 0.6375 0.4875 0.18359375 0.0171875
0 0.83203125 0.48828125 0.06953125 0.015625
0 0.9 0.48984375 0.0171875 0.0171875
0 0.08515625 0.54296875 0.078125 0.01796875
0 0.1734375 0.54375 0.01953125 0.0171875
0 0.37734375 0.54453125 0.08125 0.0171875
0 0.46328125 0.54453125 0.065625 0.0171875
0 0.54296875 0.54609375 0.06875 0.0171875
0 0.603125 0.54609375 0.028125 0.01875
0 0.6546875 0.546875 0.0515625 0.01796875
0 0.87421875 0.5484375 0.06875 0.01640625
0 0.171875 0.575 0.01796875 0.01640625
0 0.08203125 0.5765625 0.071875 0.01875
0 0.5953125 0.5765625 0.18046875 0.01796875
0 0.87578125 0.57890625 0.07109375 0.0171875
0 0.0953125 0.60625 0.10078125 0.0171875
0 0.228125 0.60703125 0.134375 0.01796875
0 0.3828125 0.60859375 0.071875 0.01640625
0 0.6328125 0.609375 0.10546875 0.0171875
0 0.87578125 0.61171875 0.07109375 0.0171875
0 0.6171875 0.65859375 0.1296875 0.01640625
0 0.646875 0.69296875 0.075 0.01796875
0 0.8703125 0.69375 0.08984375 0.01796875
0 0.61640625 0.725 0.1359375 0.0171875
0 0.87109375 0.72578125 0.08828125 0.01875
0 0.1203125 0.75078125 0.0640625 0.0171875
0 0.2296875 0.753125 0.13125 0.021875
0 0.428125 0.753125 0.096875 0.0171875
0 0.55546875 0.753125 0.05703125 0.0171875
0 0.659375 0.75390625 0.12109375 0.0171875
0 0.134375 0.7859375 0.01796875 0.01796875
0 0.2203125 0.7859375 0.05234375 0.01640625
0 0.44296875 0.7875 0.06953125 0.01640625
0 0.68359375 0.78984375 0.07265625 0.0171875
0 0.13359375 0.82421875 0.01796875 0.0171875
0 0.2203125 0.82421875 0.05078125 0.0171875
0 0.44296875 0.8265625 0.06953125 0.0171875
0 0.68359375 0.82890625 0.07109375 0.0171875
0 0.11875 0.871875 0.13515625 0.01796875
0 0.23515625 0.871875 0.06875 0.01640625
0 0.2953125 0.8734375 0.01953125 0.0171875
0 0.16171875 0.89609375 0.09765625 0.01796875
0 0.27890625 0.89765625 0.109375 0.01640625
0 0.50390625 0.89921875 0.1484375 0.01875
0 0.6171875 0.89921875 0.0546875 0.015625
0 0.74765625 0.9 0.0375 0.0171875
0 0.6890625 0.9 0.0546875 0.0171875
0 0.3796875 0.90078125 0.06875 0.01484375
0 0.82109375 0.90234375 0.08828125 0.01953125
0 0.53984375 0.92421875 0.03671875 0.01796875
0 0.365625 0.92421875 0.15703125 0.0203125
0 0.63046875 0.92421875 0.11875 0.0171875
0 0.48359375 0.92578125 0.04921875 0.01328125
0 0.2953125 0.94765625 0.109375 0.01796875
0 0.396875 0.9484375 0.06875 0.0171875
0 0.49609375 0.94921875 0.06328125 0.0171875
0 0.571875 0.94921875 0.06640625 0.0171875
0 0.67578125 0.95 0.11484375 0.0171875
0 0.18515625 0.97265625 0.0484375 0.01640625
0 0.28671875 0.9734375 0.12890625 0.0171875
0 0.38671875 0.9734375 0.04375 0.0171875
0 0.5125 0.9734375 0.178125 0.01796875
0 0.63046875 0.975 0.03125 0.0171875
0 0.7375 0.975 0.15234375 0.0171875