0 0.71796875 0.06484375 0.08046875 0.0140625
0 0.9328125 0.06484375 0.03984375 0.01640625
0 0.38125 0.065625 0.20390625 0.0140625
0 0.62734375 0.065625 0.07421875 0.0125
0 0.83671875 0.065625 0.1265625 0.01640625
0 0.1578125 0.0671875 0.2171875 0.01328125
0 0.5375 0.0671875 0.07890625 0.01484375
0 0.5625 0.084375 0.128125 0.0140625
0 0.67578125 0.08515625 0.07578125 0.0171875
0 0.3078125 0.08515625 0.05234375 0.01484375
0 0.4375 0.0859375 0.0890625 0.01640625
0 0.36171875 0.08671875 0.0296875 0.01796875
0 0.303125 0.10546875 0.096875 0.01328125
0 0.40390625 0.10546875 0.08359375 0.01328125
0 0.5109375 0.10625 0.1 0.01484375
0 0.6578125 0.10625 0.1578125 0.0203125
0 0.734375 0.12421875 0.153125 0.01484375
0 0.578125 0.125 0.1234375 0.01484375
0 0.2921875 0.12578125 0.05078125 0.0140625
0 0.41015625 0.12578125 0.153125 0.0140625
0 0.225 0.1265625 0.0625 0.0140625
0 0.58046875 0.14453125 0.23046875 0.0140625
0 0.4234375 0.1453125 0.05390625 0.0140625
0 0.34375 0.1453125 0.07265625 0.01328125
0 0.4640625 0.184375 0.01640625 0.025
0 0.74375 0.184375 0.07578125 0.025
0 0.58984375 0.18515625 0.1921875 0.0265625
0 0.365625 0.1859375 0.1296875 0.025
0 0.25 0.1859375 0.05625 0.025
0 0.74765625 0.23359375 0.153125 0.025
0 0.4375 0.23515625 0.07890625 0.0265625
0 0.5265625 0.23515625 0.05234375 0.02421875
0 0.609375 0.23515625 0.0671875 0.02421875
0 0.73671875 0.2625 0.1875 0.01328125
0 0.10546875 0.2625 0.125 0.01640625
0 0.56640625 0.26328125 0.0875 0.01328125
0 0.4953125 0.29296875 0.05234375 0.02421875
0 0.57109375 0.29296875 0.05625 0.02421875
0 0.2609375 0.29453125 0.09375 0.025
0 0.3859375 0.29453125 0.11328125 0.025
0 0.115625 0.29453125 0.153125 0.0265625
0 0.475 0.3234375 0.01640625 0.01171875
0 0.4328125 0.3234375 0.01640625 0.0125
0 0.396875 0.32421875 0.01796875 0.01171875
0 0.3375 0.32421875 0.04921875 0.0109375
0 0.09609375 0.325 0.11640625 0.01171875
0 0.2296875 0.325 0.10703125 0.01640625
0 0.17578125 0.34453125 0.0328125 0.01171875
0 0.26953125 0.3453125 0.10546875 0.01484375
0 0.0890625 0.3453125 0.0921875 0.01171875
0 0.484375 0.36171875 0.153125 0.01171875
0 0.21484375 0.3625 0.11328125 0.0125
0 0.3390625 0.36328125 0.0890625 0.0140625
0 0.084375 0.36328125 0.096875 0.0125
0 0.09296875 0.38125 0.1 0.01484375
0 0.2296875 0.38125 0.13984375 0.01484375
0 0.37265625 0.38203125 0.1203125 0.01640625
0 0.75625 0.3984375 0.08203125 0.01328125
0 0.58046875 0.39921875 0.17421875 0.01640625
0 0.446875 0.39921875 0.0640625 0.01484375
0 0.615625 0.42265625 0.07109375 0.0125
0 0.46875 0.4234375 0.059375 0.0125
0 0.75859375 0.4234375 0.13125 0.0140625
0 0.546875 0.42421875 0.01796875 0.01171875
0 0.390625 0.42421875 0.05078125 0.0109375
0 0.3125 0.425 0.059375 0.01171875
0 0.13828125 0.42578125 0.2140625 0.01484375
0 0.78359375 0.45546875 0.0875 0.01328125
0 0.54453125 0.45546875 0.01953125 0.0140625
0 0.41015625 0.45625 0.01484375 0.01171875
0 0.303125 0.45625 0.07421875 0.0125
0 0.17578125 0.45703125 0.0921875 0.01484375
0 0.06875 0.4578125 0.06875 0.01171875
0 0.77890625 0.4734375 0.090625 0.01171875
0 0.490625 0.475 0.00859375 0.0109375
0 0.64453125 0.475 0.01328125 0.0125
0 0.546875 0.47578125 0.01796875 0.0125
0 0.41015625 0.4765625 0.01796875 0.01171875
0 0.303125 0.4765625 0.07109375 0.0125
0 0.11875 0.47734375 0.17109375 0.01328125
0 0.771875 0.50703125 0.11015625 0.0265625
0 0.35 0.50859375 0.0953125 0.02734375
0 0.44140625 0.51015625 0.04140625 0.0234375
0 0.5640625 0.51171875 0.16484375 0.0328125
0 0.7921875 0.54296875 0.07421875 0.01328125
0 0.54609375 0.54375 0.01953125 0.01328125
0 0.64453125 0.54375 0.01640625 0.01328125
0 0.40390625 0.54453125 0.03125 0.01328125
0 0.303125 0.54609375 0.07421875 0.0125
0 0.103125 0.546875 0.13671875 0.01328125
0 0.7921875 0.5640625 0.07109375 0.0125
0 0.54609375 0.56484375 0.01953125 0.0109375
0 0.646875 0.56484375 0.01796875 0.0109375
0 0.490625 0.56484375 0.01796875 0.01171875
0 0.4125 0.565625 0.01953125 0.0125
0 0.30625 0.56640625 0.07578125 0.0109375
0 0.13125 0.5671875 0.190625 0.01328125
0 0.78125 0.5984375 0.0921875 0.025
0 0.1203125 0.6 0.0921875 0.02734375
0 0.2125 0.60078125 0.03984375 0.025
0 0.60546875 0.60078125 0.0890625 0.0328125
0 0.4796875 0.6015625 0.10703125 0.0328125
0 0.32578125 0.6015625 0.1546875 0.0328125
0 0.790625 0.6359375 0.07734375 0.025
0 0.615625 0.6375 0.0671875 0.0265625
0 0.7828125 0.6796875 0.0921875 0.028125
0 0.140625 0.68203125 0.09375 0.02734375
0 0.23203125 0.68203125 0.03984375 0.0265625
0 0.6046875 0.68203125 0.090625 0.034375
0 0.34765625 0.6828125 0.153125 0.034375
0 0.490625 0.6828125 0.0875 0.0328125
0 0.775 0.71875 0.11484375 0.025
0 0.3546875 0.72109375 0.09375 0.02734375
0 0.44375 0.72109375 0.03984375 0.025
0 0.56875 0.7234375 0.16484375 0.03359375
0 0.79453125 0.7625 0.07265625 0.02421875
0 0.43515625 0.76328125 0.090625 0.0265625
0 0.578125 0.76640625 0.14609375 0.0328125
0 0.1203125 0.8125 0.14765625 0.0125
0 0.81875 0.82890625 0.184375 0.01171875
0 0.65859375 0.8296875 0.09375 0.0125
0 0.26953125 0.83046875 0.0953125 0.01328125
0 0.12265625 0.83203125 0.15 0.01328125
0 0.384375 0.8328125 0.0875 0.01484375
0 0.47421875 0.8328125 0.03125 0.00859375
0 0.55078125 0.8328125 0.07578125 0.01328125
0 0.46875 0.85 0.190625 0.01328125
0 0.3375 0.85 0.0328125 0.01328125
0 0.78515625 0.8515625 0.03125 0.009375
0 0.6671875 0.8515625 0.15 0.01640625
0 0.07578125 0.853125 0.05234375 0.01171875
0 0.2125 0.85390625 0.17109375 0.01328125
0 0.890625 0.86875 0.05390625 0.01484375
0 0.82421875 0.8703125 0.0359375 0.01015625
0 0.67578125 0.871875 0.21015625 0.01640625
0 0.31875 0.87265625 0.07578125 0.0109375
0 0.240625 0.8734375 0.034375 0.01015625
0 0.125 0.875 0.1515625 0.0171875
0 0.46171875 0.875 0.17578125 0.01328125
0 0.66953125 0.890625 0.03984375 0.0125
0 0.7359375 0.890625 0.05390625 0.01171875
0 0.5796875 0.89140625 0.09375 0.01171875
0 0.48359375 0.8921875 0.04921875 0.0109375
0 0.3078125 0.89375 0.125 0.0140625
0 0.4171875 0.89375 0.04140625 0.009375
0 0.19140625 0.89453125 0.05390625 0.01015625
0 0.09765625 0.8953125 0.090625 0.0140625
0 0.79453125 0.91015625 0.01640625 0.01328125
0 0.6984375 0.91171875 0.1265625 0.0125
0 0.49609375 0.91171875 0.0671875 0.01328125
0 0.5796875 0.91171875 0.05390625 0.01328125
0 0.33046875 0.9125 0.0953125 0.01171875
0 0.41953125 0.91484375 0.0296875 0.00859375
0 0.15390625 0.915625 0.20859375 0.0171875
0 0.30078125 0.9328125 0.07578125 0.0109375
0 0.1421875 0.934375 0.1890625 0.01640625
0 0.6515625 0.953125 0.10859375 0.01640625
0 0.453125 0.953125 0.26171875 0.0171875