0 0.28828125 0.14140625 0.140625 0.01953125
0 0.47109375 0.14140625 0.19140625 0.01953125
0 0.63515625 0.14140625 0.09609375 0.01953125
0 0.75234375 0.14140625 0.09609375 0.01953125
0 0.50859375 0.171875 0.19140625 0.01953125
0 0.11875 0.1953125 0.053125 0.01484375
0 0.5625 0.1953125 0.13515625 0.01484375
0 0.7359375 0.1953125 0.178125 0.01484375
0 0.4171875 0.19609375 0.1203125 0.015625
0 0.88203125 0.19609375 0.08125 0.015625
0 0.25078125 0.19609375 0.046875 0.01796875
0 0.31640625 0.19609375 0.04921875 0.01796875
0 0.18515625 0.19765625 0.046875 0.0171875
0 0.38984375 0.221875 0.10546875 0.015625
0 0.2671875 0.221875 0.10703125 0.015625
0 0.69453125 0.221875 0.215625 0.015625
0 0.51015625 0.221875 0.103125 0.015625
0 0.371875 0.25234375 0.05859375 0.015625
0 0.5609375 0.25234375 0.23125 0.015625
0 0.34765625 0.278125 0.06953125 0.0140625
0 0.4140625 0.278125 0.03203125 0.0140625
0 0.5828125 0.278125 0.240625 0.0140625
0 0.5515625 0.30703125 0.159375 0.01640625
0 0.421875 0.3078125 0.0734375 0.015625
0 0.3921875 0.3390625 0.21015625 0.015625
0 0.2078125 0.3390625 0.0203125 0.01171875
0 0.6484375 0.33984375 0.090625 0.0140625
0 0.7796875 0.33984375 0.03203125 0.0140625
0 0.1265625 0.340625 0.11875 0.01796875
0 0.10625 0.3640625 0.08125 0.01640625
0 0.3328125 0.3640625 0.08828125 0.0140625
0 0.85390625 0.3640625 0.17265625 0.0140625
0 0.6375 0.36484375 0.071875 0.0140625
0 0.12734375 0.38828125 0.12421875 0.015625
0 0.83203125 0.38828125 0.13203125 0.0140625
0 0.6390625 0.38828125 0.075 0.0140625
0 0.33046875 0.3890625 0.10703125 0.0171875
0 0.91875 0.4234375 0.06015625 0.015625
0 0.6703125 0.4234375 0.084375 0.015625
0 0.82421875 0.42421875 0.065625 0.015625
0 0.16796875 0.4265625 0.19921875 0.01953125
0 0.55859375 0.4265625 0.05625 0.01953125
0 0.6828125 0.44453125 0.06015625 0.0125
0 0.22734375 0.44453125 0.0859375 0.0125
0 0.828125 0.44453125 0.0578125 0.0125
0 0.92734375 0.4453125 0.0390625 0.01328125
0 0.0828125 0.4453125 0.03203125 0.01015625
0 0.1421875 0.4453125 0.0578125 0.01328125
0 0.553125 0.4453125 0.01484375 0.01171875
0 0.5546875 0.46875 0.01640625 0.0140625
0 0.35625 0.46875 0.0734375 0.0140625
0 0.8390625 0.46875 0.065625 0.0140625
0 0.84375 0.509375 0.0671875 0.0125
0 0.28671875 0.509375 0.06796875 0.0125
0 0.37734375 0.509375 0.084375 0.0140625
0 0.6453125 0.5109375 0.084375 0.015625
0 0.51171875 0.5109375 0.159375 0.01953125
0 0.84140625 0.53671875 0.06796875 0.0125
0 0.6203125 0.5375 0.13671875 0.0140625
0 0.49921875 0.565625 0.11640625 0.0140625
0 0.84140625 0.565625 0.06796875 0.0140625
0 0.62890625 0.56796875 0.11328125 0.01796875
0 0.65078125 0.59296875 0.071875 0.015625
0 0.56953125 0.59296875 0.06953125 0.0140625
0 0.840625 0.59296875 0.065625 0.0140625
0 0.840625 0.62109375 0.0625 0.0140625
0 0.61328125 0.62265625 0.146875 0.0171875
0 0.5765625 0.6515625 0.03046875 0.0140625
0 0.21953125 0.6515625 0.084375 0.0140625
0 0.84140625 0.6515625 0.07109375 0.015625
0 0.32109375 0.6515625 0.090625 0.015625
0 0.6484375 0.653125 0.0859375 0.01796875
0 0.465625 0.653125 0.16875 0.01640625
0 0.63671875 0.68125 0.09921875 0.0140625
0 0.84375 0.68125 0.0671875 0.0140625
0 0.609375 0.70546875 0.1578125 0.01484375
0 0.84140625 0.70546875 0.06796875 0.01484375
0 0.23203125 0.7625 0.07890625 0.01484375
0 0.3828125 0.7625 0.19921875 0.01640625
0 0.31640625 0.80390625 0.08984375 0.015625
0 0.703125 0.80390625 0.05859375 0.015625
0 0.2296875 0.80390625 0.06171875 0.0140625
0 0.51171875 0.80390625 0.065625 0.015625
0 0.59609375 0.8046875 0.08046875 0.01640625
0 0.43125 0.8046875 0.02578125 0.01640625
0 0.78828125 0.8046875 0.07890625 0.015625
0 0.4296875 0.825 0.0203125 0.0140625
0 0.60234375 0.82578125 0.07109375 0.0140625
0 0.7890625 0.82578125 0.06796875 0.0140625
0 0.278125 0.82578125 0.0453125 0.015625
0 0.38515625 0.8578125 0.08828125 0.01484375
0 0.60234375 0.8578125 0.06796875 0.0140625
0 0.7890625 0.85859375 0.06796875 0.015625
0 0.37734375 0.88828125 0.046875 0.0140625
0 0.4953125 0.88828125 0.065625 0.0125
0 0.72890625 0.88828125 0.09921875 0.0140625
0 0.2671875 0.88828125 0.15234375 0.0140625
0 0.43046875 0.8890625 0.03984375 0.0125
0 0.65546875 0.88828125 0.02578125 0.0140625
0 0.5859375 0.88984375 0.09375 0.01640625
0 0.25 0.91015625 0.11796875 0.01484375
0 0.3921875 0.9578125 0.06015625 0.0125
0 0.609375 0.95859375 0.20078125 0.015625
0 0.7671875 0.95859375 0.071875 0.0140625
0 0.30859375 0.95859375 0.0859375 0.0125
0 0.465625 0.95859375 0.065625 0.0140625
0 0.84609375 0.95859375 0.06171875 0.0125
0 0.19609375 0.95859375 0.11640625 0.0140625
0 0.60390625 0.97109375 0.1828125 0.00703125
0 0.83125 0.97265625 0.1296875 0.00625
0 0.43515625 0.97265625 0.0765625 0.00625
0 0.3359375 0.97265625 0.08984375 0.00625
0 0.734375 0.97265625 0.03359375 0.00625
0 0.22578125 0.97265625 0.09921875 0.00625
0 0.12890625 0.9734375 0.07109375 0.00546875
0 0.91640625 0.97421875 0.0171875 0.0046875