0 0.22109375 0.19375 0.0328125 0.015625
0 0.3109375 0.19453125 0.09296875 0.01640625
0 0.42109375 0.19453125 0.075 0.01640625
0 0.51015625 0.19453125 0.0546875 0.01640625
0 0.66015625 0.19453125 0.18671875 0.01640625
0 0.2921875 0.21953125 0.05625 0.01640625
0 0.37890625 0.21953125 0.0703125 0.01640625
0 0.621875 0.21953125 0.07265625 0.01640625
0 0.690625 0.2203125 0.01484375 0.01328125
0 0.49921875 0.22265625 0.109375 0.0203125
0 0.67109375 0.246875 0.0953125 0.015625
0 0.55078125 0.246875 0.0953125 0.01640625
0 0.29296875 0.24765625 0.0953125 0.015625
0 0.4171875 0.2484375 0.10859375 0.0171875
0 0.6203125 0.27421875 0.1484375 0.015625
0 0.33125 0.275 0.09765625 0.015625
0 0.459375 0.27734375 0.1109375 0.0203125
0 0.51015625 0.303125 0.0953125 0.015625
0 0.6421875 0.303125 0.1140625 0.01484375
0 0.36328125 0.30390625 0.15390625 0.01640625
0 0.62265625 0.33046875 0.234375 0.01640625
0 0.271875 0.33046875 0.05546875 0.015625
0 0.42265625 0.33046875 0.03515625 0.01484375
0 0.35078125 0.33046875 0.04765625 0.01640625
0 0.29375 0.38515625 0.13359375 0.015625
0 0.40234375 0.38515625 0.0359375 0.015625
0 0.63203125 0.38515625 0.2921875 0.0171875
0 0.17421875 0.43828125 0.13359375 0.01796875
0 0.503125 0.4390625 0.11640625 0.015625
0 0.8234375 0.4390625 0.15390625 0.015625
0 0.28359375 0.49375 0.15703125 0.0171875
0 0.14453125 0.49453125 0.07578125 0.01640625
0 0.48359375 0.49453125 0.07578125 0.015625
0 0.40234375 0.4953125 0.03359375 0.01484375
0 0.5640625 0.4953125 0.03046875 0.01640625
0 0.79296875 0.4953125 0.13359375 0.01640625
0 0.89375 0.49765625 0.015625 0.0109375
0 0.2140625 0.52265625 0.015625 0.015625
0 0.1640625 0.52265625 0.0359375 0.015625
0 0.265625 0.52265625 0.0375 0.015625
0 0.34375 0.52265625 0.0765625 0.0171875
0 0.13203125 0.54921875 0.0546875 0.01640625
0 0.34453125 0.55 0.07109375 0.0171875
0 0.4640625 0.55078125 0.11328125 0.01640625
0 0.7921875 0.55078125 0.13359375 0.01640625
0 0.234375 0.55078125 0.0953125 0.01640625
0 0.59296875 0.55078125 0.09375 0.015625
0 0.89296875 0.553125 0.0171875 0.01328125
0 0.1515625 0.60390625 0.09296875 0.015625
0 0.2734375 0.60390625 0.09296875 0.01484375
0 0.446875 0.60390625 0.18984375 0.01484375
0 0.60234375 0.60390625 0.07109375 0.01484375
0 0.68359375 0.60390625 0.03515625 0.01484375
0 0.8125 0.60390625 0.09375 0.015625
0 0.68515625 0.63046875 0.0359375 0.015625
0 0.83671875 0.63125 0.053125 0.01640625
0 0.54375 0.6328125 0.19453125 0.0171875
0 0.3453125 0.6328125 0.15703125 0.02109375
0 0.8140625 0.65703125 0.09609375 0.0171875
0 0.68359375 0.6578125 0.03515625 0.01484375
0 0.5625 0.66015625 0.1546875 0.01953125
0 0.81484375 0.68515625 0.09609375 0.0171875
0 0.603125 0.6859375 0.0734375 0.015625
0 0.68515625 0.6859375 0.0359375 0.01484375
0 0.68359375 0.71171875 0.03359375 0.015625
0 0.834375 0.7125 0.053125 0.01640625
0 0.58359375 0.7125 0.115625 0.0171875
0 0.52265625 0.76640625 0.18984375 0.0171875
0 0.81171875 0.76640625 0.13203125 0.015625
0 0.1328125 0.76640625 0.0578125 0.0171875
0 0.253125 0.76953125 0.1390625 0.021875
0 0.20390625 0.79453125 0.03359375 0.01484375
0 0.575 0.79453125 0.09609375 0.0171875
0 0.8453125 0.79453125 0.0765625 0.01640625
0 0.1140625 0.79609375 0.0171875 0.0109375
0 0.253125 0.87578125 0.09609375 0.01640625
0 0.48359375 0.87578125 0.1140625 0.015625
0 0.3609375 0.87578125 0.06796875 0.01484375
0 0.60390625 0.87890625 0.075 0.01171875
0 0.71640625 0.88046875 0.09296875 0.01640625
0 0.475 0.903125 0.05625 0.0171875
0 0.35546875 0.903125 0.13203125 0.01640625
0 0.23671875 0.903125 0.05234375 0.0171875
0 0.62578125 0.90390625 0.19375 0.01640625
0 0.1421875 0.9046875 0.0765625 0.02265625
0 0.815625 0.9046875 0.13359375 0.01328125