0 0.6734375 0.15703125 0.315625 0.02421875
0 0.22578125 0.15703125 0.103125 0.0234375
0 0.3984375 0.16171875 0.2 0.03125
0 0.5015625 0.19609375 0.25390625 0.021875
0 0.50390625 0.22890625 0.228125 0.0171875
0 0.4609375 0.26015625 0.0875 0.01953125
0 0.55390625 0.26015625 0.0609375 0.01875
0 0.65078125 0.2625 0.08984375 0.025
0 0.35390625 0.26328125 0.0875 0.0234375
0 0.2515625 0.29140625 0.1390625 0.01953125
0 0.5484375 0.290625 0.07734375 0.01875
0 0.41328125 0.29375 0.15078125 0.02421875
0 0.71328125 0.29375 0.2125 0.025
0 0.2796875 0.3234375 0.125 0.0234375
0 0.43203125 0.32421875 0.14375 0.02421875
0 0.7078125 0.32421875 0.159375 0.02421875
0 0.56328125 0.32421875 0.0875 0.025
0 0.62265625 0.353125 0.08984375 0.01875
0 0.44765625 0.353125 0.225 0.01875
0 0.40390625 0.38359375 0.07890625 0.01875
0 0.54765625 0.384375 0.18046875 0.01875
0 0.27265625 0.4125 0.071875 0.01875
0 0.44140625 0.4140625 0.0609375 0.01953125
0 0.6265625 0.4140625 0.27578125 0.01953125
0 0.3609375 0.415625 0.06484375 0.02421875
0 0.11953125 0.45546875 0.12109375 0.01875
0 0.21640625 0.45625 0.04375 0.01640625
0 0.43203125 0.45703125 0.2171875 0.01796875
0 0.10390625 0.48828125 0.08046875 0.01875
0 0.6296875 0.4890625 0.14375 0.01953125
0 0.43828125 0.4890625 0.2109375 0.02265625
0 0.7453125 0.48984375 0.05078125 0.01875
0 0.82265625 0.55078125 0.14375 0.01953125
0 0.66328125 0.55078125 0.0875 0.01953125
0 0.2171875 0.55078125 0.203125 0.0234375
0 0.5140625 0.55078125 0.06171875 0.02578125
0 0.66640625 0.5796875 0.084375 0.0203125
0 0.08203125 0.58046875 0.0125 0.01796875
0 0.18828125 0.58046875 0.15625 0.0171875
0 0.3171875 0.58125 0.06484375 0.01796875
0 0.9484375 0.58125 0.071875 0.021875
0 0.5328125 0.58125 0.015625 0.01796875
0 0.85078125 0.58125 0.08203125 0.01953125
0 0.17578125 0.60859375 0.13828125 0.01796875
0 0.3234375 0.60859375 0.125 0.01796875
0 0.16640625 0.63515625 0.115625 0.0171875
0 0.5453125 0.68203125 0.10703125 0.01953125
0 0.446875 0.68203125 0.06875 0.01953125
0 0.8515625 0.6828125 0.0828125 0.0203125
0 0.4421875 0.71171875 0.115625 0.01875
0 0.85390625 0.71171875 0.08203125 0.01796875
0 0.5578125 0.71171875 0.084375 0.01796875
0 0.30703125 0.746875 0.10703125 0.02578125
0 0.47265625 0.7484375 0.18203125 0.02421875
0 0.85390625 0.75078125 0.125 0.02421875
0 0.8546875 0.78671875 0.08984375 0.02578125
0 0.46328125 0.7875 0.16328125 0.0203125
0 0.325 0.7875 0.084375 0.0203125
0 0.15390625 0.83125 0.075 0.0203125
0 0.29140625 0.83515625 0.171875 0.02265625
0 0.56328125 0.8359375 0.23359375 0.02578125
0 0.81328125 0.8359375 0.16171875 0.02421875
0 0.2171875 0.86328125 0.2 0.0203125
0 0.61640625 0.86484375 0.08046875 0.0203125
0 0.85390625 0.865625 0.07890625 0.0203125
0 0.4140625 0.93203125 0.2 0.01953125
0 0.6140625 0.93359375 0.16875 0.0203125
0 0.38203125 0.9609375 0.1125 0.0203125
0 0.5046875 0.96171875 0.103125 0.01875
0 0.6265625 0.96484375 0.1125 0.02421875