0 0.4828125 0.03984375 0.1859375 0.01953125
0 0.35078125 0.065625 0.10859375 0.0171875
0 0.54609375 0.06328125 0.22890625 0.02109375
0 0.22890625 0.08984375 0.13671875 0.01875
0 0.353125 0.08828125 0.109375 0.01875
0 0.459375 0.08671875 0.05234375 0.01953125
0 0.49921875 0.0859375 0.01640625 0.0203125
0 0.60078125 0.084375 0.16484375 0.01875
0 0.73984375 0.08203125 0.05390625 0.0203125
0 0.7796875 0.08203125 0.01015625 0.02109375
0 0.29453125 0.11328125 0.22109375 0.01640625
0 0.5171875 0.10859375 0.1625 0.01796875
0 0.609375 0.10703125 0.02421875 0.0203125
0 0.35234375 0.13203125 0.1609375 0.01953125
0 0.47421875 0.13046875 0.0203125 0.02109375
0 0.58359375 0.12890625 0.1390625 0.01953125
0 0.22890625 0.15546875 0.1890625 0.015625
0 0.3984375 0.15390625 0.0984375 0.0171875
0 0.64140625 0.15078125 0.30234375 0.0140625
0 0.08828125 0.190625 0.134375 0.0171875
0 0.334375 0.18828125 0.0109375 0.01875
0 0.515625 0.18671875 0.271875 0.015625
0 0.07734375 0.2140625 0.10390625 0.0171875
0 0.334375 0.21171875 0.009375 0.01875
0 0.49140625 0.209375 0.21953125 0.01640625
0 0.065625 0.23828125 0.08203125 0.01953125
0 0.15859375 0.23671875 0.05625 0.01953125
0 0.3359375 0.234375 0.01015625 0.01953125
0 0.43359375 0.2328125 0.11171875 0.01796875
0 0.103125 0.275 0.15390625 0.0203125
0 0.5578125 0.26953125 0.021875 0.01953125
0 0.5953125 0.26953125 0.0453125 0.01953125
0 0.7453125 0.2671875 0.0171875 0.01953125
0 0.81484375 0.2671875 0.11484375 0.01953125
0 0.13828125 0.3265625 0.21328125 0.01796875
0 0.13984375 0.3515625 0.21171875 0.01796875
0 0.696875 0.32109375 0.0328125 0.0203125
0 0.79140625 0.3203125 0.13984375 0.0203125
0 0.66015625 0.346875 0.03203125 0.021875
0 0.7671875 0.34609375 0.18203125 0.02109375
0 0.79453125 0.39453125 0.134375 0.01796875
0 0.10234375 0.4 0.12734375 0.0171875
0 0.2359375 0.421875 0.178125 0.01875
0 0.4359375 0.4421875 0.09765625 0.0171875
0 0.1421875 0.475 0.16796875 0.01875
0 0.28125 0.47421875 0.05078125 0.01953125
0 0.3203125 0.47421875 0.01953125 0.01953125
0 0.11328125 0.496875 0.07421875 0.01484375
0 0.09140625 0.5265625 0.06796875 0.0171875
0 0.21640625 0.5265625 0.00625 0.01796875
0 0.65234375 0.52421875 0.0203125 0.01640625
0 0.7171875 0.52421875 0.04921875 0.01640625
0 0.75546875 0.52421875 0.00625 0.01640625
0 0.8234375 0.5234375 0.10234375 0.01640625
0 0.109375 0.5796875 0.10390625 0.01484375
0 0.203125 0.57890625 0.034375 0.01484375
0 0.2328125 0.57890625 0.0046875 0.01484375
0 0.328125 0.578125 0.1671875 0.0140625
0 0.67734375 0.5765625 0.24375 0.0140625
0 0.83203125 0.5765625 0.05859375 0.01484375
0 0.10078125 0.59453125 0.09140625 0.01484375
0 0.15859375 0.59453125 0.00390625 0.01484375
0 0.22421875 0.59453125 0.07578125 0.01484375
0 0.42265625 0.59296875 0.05390625 0.01484375
0 0.14765625 0.609375 0.18203125 0.01328125
0 0.809375 0.6078125 0.0875 0.0140625
0 0.4609375 0.62421875 0.0890625 0.0140625
0 0.309375 0.63984375 0.05234375 0.0140625
0 0.3484375 0.63984375 0.00390625 0.0140625
0 0.5078125 0.63984375 0.26171875 0.0140625
0 0.309375 0.6546875 0.0515625 0.015625
0 0.403125 0.6546875 0.08828125 0.01484375
0 0.46171875 0.6546875 0.00703125 0.01484375
0 0.53515625 0.6546875 0.0890625 0.01484375
0 0.621875 0.65390625 0.034375 0.015625
0 0.72890625 0.675 0.12265625 0.01484375
0 0.40625 0.69296875 0.1546875 0.01484375
0 0.5546875 0.69296875 0.05625 0.015625
0 0.3109375 0.70859375 0.1234375 0.015625
0 0.4140625 0.70859375 0.03203125 0.015625
0 0.496875 0.70859375 0.08515625 0.015625
0 0.609375 0.70859375 0.0875 0.015625
0 0.259375 0.72421875 0.12421875 0.015625
0 0.42734375 0.72421875 0.125 0.015625
0 0.50078125 0.72421875 0.0078125 0.015625
0 0.65859375 0.72421875 0.1921875 0.015625
0 0.13828125 0.74453125 0.140625 0.01484375
0 0.2203125 0.74375 0.003125 0.01484375
0 0.31484375 0.74375 0.121875 0.01484375
0 0.55390625 0.74375 0.3140625 0.01484375
0 0.75 0.74296875 0.0328125 0.01484375
0 0.77890625 0.74296875 0.01328125 0.01484375
0 0.80703125 0.74296875 0.034375 0.01484375
0 0.09921875 0.76015625 0.0671875 0.01484375
0 0.1734375 0.759375 0.0328125 0.01484375
0 0.20234375 0.759375 0.00390625 0.01484375
0 0.30390625 0.759375 0.13671875 0.01484375
0 0.57265625 0.75859375 0.090625 0.0140625
0 0.65546875 0.7578125 0.0328125 0.0140625
0 0.6828125 0.7578125 0.0109375 0.0140625
0 0.78828125 0.7578125 0.11171875 0.01328125
0 0.090625 0.7765625 0.05390625 0.0125
0 0.13046875 0.77578125 0.00625 0.01328125
0 0.26796875 0.77421875 0.2140625 0.01171875
0 0.6859375 0.77265625 0.00625 0.0125
0 0.77109375 0.77265625 0.14765625 0.01171875
0 0.28515625 0.78984375 0.0328125 0.01328125
0 0.3859375 0.78984375 0.12578125 0.01328125
0 0.56640625 0.7890625 0.18359375 0.0125
0 0.321875 0.80390625 0.071875 0.01484375
0 0.4328125 0.80390625 0.10625 0.01484375
0 0.575 0.80390625 0.1265625 0.01484375
0 0.359375 0.8203125 0.06953125 0.0125
0 0.49375 0.8203125 0.14609375 0.0125
0 0.5140625 0.8359375 0.034375 0.0140625
0 0.54375 0.8359375 0.00234375 0.0140625
0 0.57109375 0.8359375 0.02578125 0.0140625
0 0.30234375 0.865625 0.19921875 0.03125
0 0.45546875 0.8671875 0.05234375 0.03046875
0 0.60859375 0.8671875 0.1984375 0.03203125
0 0.4375 0.89921875 0.171875 0.009375
0 0.590625 0.89921875 0.115625 0.009375
0 0.08671875 0.93828125 0.07421875 0.01953125
0 0.17890625 0.93828125 0.04921875 0.01953125
0 0.2171875 0.93828125 0.0046875 0.01953125
0 0.66796875 0.93828125 0.02265625 0.01953125
0 0.7328125 0.9375 0.05078125 0.01953125
0 0.77265625 0.9375 0.009375 0.01953125
0 0.8390625 0.93671875 0.10625 0.01953125
0 0.565625 0.97421875 0.20859375 0.01875
0 0.0953125 0.4234375 0.05703125 0.02109375
0 0.7109375 0.39375 0.03359375 0.01015625
0 0.1765625 0.5265625 0.06015625 0.01484375
0 0.2796875 0.5265625 0.103125 0.01328125
0 0.38828125 0.83515625 0.16953125 0.01328125
0 0.403125 0.975 0.06328125 0.01796875
0 0.2828125 0.93984375 0.10703125 0.01796875
0 0.3171875 0.97421875 0.06171875 0.01953125