0 0.47578125 0.04453125 0.18125 0.0140625
0 0.5390625 0.0671875 0.22421875 0.0203125
0 0.2828125 0.09375 0.23984375 0.01875
0 0.453125 0.09140625 0.04765625 0.021875
0 0.4921875 0.090625 0.015625 0.021875
0 0.590625 0.0890625 0.1609375 0.0203125
0 0.72578125 0.08515625 0.05625 0.0171875
0 0.76484375 0.08671875 0.01796875 0.021875
0 0.2953125 0.11640625 0.21484375 0.01484375
0 0.58984375 0.11171875 0.33671875 0.02109375
0 0.35 0.13671875 0.159375 0.01640625
0 0.46875 0.13515625 0.01875 0.01796875
0 0.575 0.134375 0.13515625 0.0171875
0 0.2296875 0.159375 0.18125 0.01796875
0 0.396875 0.1578125 0.09609375 0.01875
0 0.63359375 0.15546875 0.29609375 0.0171875
0 0.09296875 0.19296875 0.12890625 0.01796875
0 0.334375 0.190625 0.0078125 0.01796875
0 0.50859375 0.18984375 0.2625 0.0171875
0 0.084375 0.21484375 0.103125 0.01796875
0 0.33359375 0.21328125 0.00625 0.0171875
0 0.484375 0.21171875 0.2109375 0.01484375
0 0.071875 0.23828125 0.07265625 0.02109375
0 0.16171875 0.2375 0.04921875 0.021875
0 0.33515625 0.2359375 0.009375 0.01796875
0 0.43046875 0.234375 0.10703125 0.01640625
0 0.11015625 0.275 0.15 0.01640625
0 0.55546875 0.2703125 0.021875 0.02265625
0 0.58984375 0.2703125 0.04140625 0.02265625
0 0.73828125 0.2703125 0.01875 0.02265625
0 0.8078125 0.2703125 0.1109375 0.02265625
0 0.14453125 0.32265625 0.20390625 0.015625
0 0.15 0.346875 0.2078125 0.015625
0 0.69453125 0.32265625 0.03046875 0.021875
0 0.7859375 0.32265625 0.13828125 0.02109375
0 0.6609375 0.34765625 0.02890625 0.01953125
0 0.7671875 0.34765625 0.175 0.0203125
0 0.79765625 0.39453125 0.13046875 0.0203125
0 0.11328125 0.39375 0.12265625 0.015625
0 0.24609375 0.41640625 0.17578125 0.01953125
0 0.45234375 0.4375 0.09765625 0.01640625
0 0.109375 0.4171875 0.04765625 0.01796875
0 0.1546875 0.46875 0.1765625 0.01953125
0 0.29453125 0.46875 0.05625 0.01953125
0 0.33671875 0.46875 0.0171875 0.01875
0 0.1296875 0.4890625 0.0734375 0.01640625
0 0.11171875 0.51875 0.06953125 0.015625
0 0.234375 0.51875 0.00625 0.01640625
0 0.29921875 0.51953125 0.096875 0.01640625
0 0.66953125 0.51953125 0.01875 0.015625
0 0.73359375 0.51953125 0.0453125 0.01640625
0 0.771875 0.5203125 0.00703125 0.015625
0 0.83828125 0.5203125 0.10078125 0.01640625
0 0.22265625 0.571875 0.03359375 0.0140625
0 0.253125 0.571875 0.00390625 0.0140625
0 0.346875 0.571875 0.1625 0.0140625
0 0.7203125 0.57265625 0.30078125 0.01640625
0 0.12109375 0.58671875 0.09140625 0.01484375
0 0.178125 0.58671875 0.00390625 0.0140625
0 0.246875 0.58671875 0.078125 0.01484375
0 0.34765625 0.5875 0.0875 0.0140625
0 0.4421875 0.5875 0.05078125 0.0140625
0 0.1671875 0.60234375 0.18203125 0.0140625
0 0.828125 0.6046875 0.0875 0.015625
0 0.4828125 0.61875 0.09140625 0.01484375
0 0.33203125 0.63359375 0.05390625 0.015625
0 0.36875 0.63359375 0.003125 0.015625
0 0.53046875 0.634375 0.2609375 0.0171875
0 0.33203125 0.65 0.05 0.01640625
0 0.42578125 0.65 0.08671875 0.0171875
0 0.484375 0.65078125 0.00234375 0.01640625
0 0.5578125 0.65078125 0.0859375 0.01796875
0 0.64375 0.6515625 0.03515625 0.01640625
0 0.75078125 0.671875 0.121875 0.01953125
0 0.43125 0.6875 0.15625 0.01796875
0 0.58125 0.6875 0.05546875 0.0171875
0 0.24296875 0.70234375 0.01171875 0.015625
0 0.33515625 0.703125 0.121875 0.01640625
0 0.4390625 0.70390625 0.03125 0.015625
0 0.52265625 0.7046875 0.0859375 0.01640625
0 0.63515625 0.70546875 0.0859375 0.01640625
0 0.7125 0.70546875 0.01484375 0.015625
0 0.284375 0.71796875 0.121875 0.0171875
0 0.45234375 0.71953125 0.12421875 0.0171875
0 0.52734375 0.71953125 0.00703125 0.01640625
0 0.684375 0.72109375 0.19140625 0.01796875
0 0.1640625 0.73671875 0.14296875 0.015625
0 0.246875 0.7375 0.003125 0.01484375
0 0.3421875 0.7375 0.12109375 0.015625
0 0.5828125 0.7390625 0.31171875 0.0171875
0 0.77890625 0.740625 0.03515625 0.015625
0 0.12578125 0.75390625 0.06875 0.0140625
0 0.20078125 0.75390625 0.03515625 0.0140625
0 0.23046875 0.75390625 0.00234375 0.0140625
0 0.3328125 0.75390625 0.1375 0.0140625
0 0.603125 0.7546875 0.090625 0.01484375
0 0.6859375 0.7546875 0.03359375 0.01484375
0 0.715625 0.75546875 0.003125 0.0140625
0 0.81875 0.75546875 0.11015625 0.01484375
0 0.1171875 0.76953125 0.05 0.0140625
0 0.1546875 0.76953125 0.00078125 0.0140625
0 0.29453125 0.76953125 0.21484375 0.01328125
0 0.71796875 0.7703125 0.01171875 0.0140625
0 0.803125 0.77109375 0.1484375 0.01484375
0 0.3125 0.78515625 0.03203125 0.01484375
0 0.4140625 0.7859375 0.1234375 0.01484375
0 0.59296875 0.78671875 0.1828125 0.01484375
0 0.346875 0.8015625 0.0671875 0.01484375
0 0.4609375 0.8015625 0.10546875 0.015625
0 0.603125 0.803125 0.1265625 0.015625
0 0.384375 0.81796875 0.06953125 0.015625
0 0.51953125 0.81875 0.14765625 0.015625
0 0.35625 0.83359375 0.04765625 0.01640625
0 0.44453125 0.834375 0.10078125 0.01640625
0 0.5390625 0.83515625 0.03515625 0.01640625
0 0.56875 0.834375 0.0015625 0.015625
0 0.596875 0.83515625 0.02734375 0.015625
0 0.3234375 0.8640625 0.19453125 0.0359375
0 0.63515625 0.86796875 0.19296875 0.0359375
0 0.45390625 0.8984375 0.17578125 0.0109375
0 0.61171875 0.9 0.11484375 0.01015625
0 0.1015625 0.9375 0.06953125 0.021875
0 0.19453125 0.9390625 0.0453125 0.02109375
0 0.23359375 0.9390625 0.00078125 0.0203125
0 0.3 0.93984375 0.09765625 0.021875
0 0.68984375 0.94140625 0.01875 0.01640625
0 0.75390625 0.94140625 0.0453125 0.0171875
0 0.78828125 0.9421875 0.01484375 0.01640625
0 0.859375 0.9421875 0.10078125 0.01796875
0 0.58203125 0.9765625 0.20859375 0.02109375
0 0.3515625 0.07109375 0.109375 0.0171875
0 0.71640625 0.3921875 0.03046875 0.0109375
0 0.19453125 0.51953125 0.05625 0.0140625
0 0.128125 0.57109375 0.11484375 0.01171875
0 0.4203125 0.978125 0.06171875 0.01953125