0 0.2859375 0.2046875 0.0359375 0.01875
0 0.36796875 0.20859375 0.090625 0.01953125
0 0.4671875 0.21015625 0.0734375 0.01796875
0 0.55078125 0.2125 0.0578125 0.015625
0 0.68828125 0.21640625 0.146875 0.02109375
0 0.346875 0.234375 0.05703125 0.02109375
0 0.4203125 0.23515625 0.05859375 0.01953125
0 0.5296875 0.23828125 0.090625 0.01953125
0 0.64609375 0.23984375 0.0734375 0.02265625
0 0.70859375 0.240625 0.02265625 0.01796875
0 0.3421875 0.26015625 0.0921875 0.02109375
0 0.45234375 0.2609375 0.0875 0.02109375
0 0.5796875 0.2625 0.0890625 0.02109375
0 0.6890625 0.26484375 0.090625 0.01796875
0 0.3796875 0.2875 0.09375 0.01875
0 0.48828125 0.28828125 0.08984375 0.0203125
0 0.640625 0.290625 0.1484375 0.02109375
0 0.38359375 0.31328125 0.153125 0.02109375
0 0.5234375 0.31484375 0.0921875 0.0203125
0 0.64921875 0.31640625 0.13125 0.0234375
0 0.31796875 0.3375 0.05546875 0.01796875
0 0.384375 0.33828125 0.0375 0.01953125
0 0.4546875 0.340625 0.03828125 0.01875
0 0.64140625 0.3421875 0.22109375 0.0234375
0 0.33359375 0.3890625 0.128125 0.02109375
0 0.43359375 0.390625 0.040625 0.01796875
0 0.646875 0.39296875 0.27578125 0.01875
0 0.22421875 0.440625 0.12578125 0.01953125
0 0.5265625 0.44296875 0.11171875 0.02109375
0 0.81796875 0.44609375 0.1421875 0.01796875
0 0.19609375 0.49375 0.0734375 0.01640625
0 0.32265625 0.49453125 0.14375 0.01796875
0 0.62265625 0.4953125 0.05546875 0.01640625
0 0.49375 0.49609375 0.1609375 0.01796875
0 0.79765625 0.49765625 0.10546875 0.01796875
0 0.87890625 0.4984375 0.01953125 0.01328125
0 0.19375 0.51953125 0.08125 0.01640625
0 0.32109375 0.5203125 0.14140625 0.01796875
0 0.45546875 0.52109375 0.090625 0.01640625
0 0.55703125 0.521875 0.06953125 0.01796875
0 0.63046875 0.52265625 0.040625 0.01796875
0 0.79453125 0.5234375 0.10546875 0.01796875
0 0.87890625 0.52421875 0.0171875 0.01484375
0 0.25703125 0.54609375 0.01953125 0.01796875
0 0.3015625 0.54609375 0.0375 0.01953125
0 0.3765625 0.54609375 0.034375 0.01953125
0 0.209375 0.546875 0.0390625 0.01953125
0 0.20078125 0.596875 0.0859375 0.01875
0 0.31171875 0.59765625 0.0921875 0.01796875
0 0.475 0.59765625 0.16328125 0.0171875
0 0.60546875 0.5984375 0.05546875 0.01796875
0 0.68671875 0.5984375 0.04375 0.01640625
0 0.81171875 0.6 0.07421875 0.01796875
0 0.55546875 0.62421875 0.1828125 0.01875
0 0.68359375 0.625 0.03828125 0.01640625
0 0.82734375 0.625 0.03203125 0.01640625
0 0.37265625 0.625 0.15078125 0.02109375
0 0.81171875 0.64921875 0.0734375 0.01953125
0 0.68359375 0.64921875 0.040625 0.01796875
0 0.571875 0.65078125 0.1453125 0.021875
0 0.609375 0.67421875 0.08125 0.01953125
0 0.8015625 0.67578125 0.0953125 0.01796875
0 0.68203125 0.67578125 0.04453125 0.01796875
0 0.68125 0.7 0.040625 0.01796875
0 0.80390625 0.7 0.0921875 0.01953125
0 0.590625 0.7015625 0.1046875 0.01875
0 0.17890625 0.75 0.05234375 0.0171875
0 0.7984375 0.75078125 0.128125 0.01796875
0 0.534375 0.7515625 0.1796875 0.02109375
0 0.28984375 0.7515625 0.12890625 0.021875
0 0.59140625 0.7765625 0.0734375 0.01875
0 0.24296875 0.7765625 0.03515625 0.01796875
0 0.8453125 0.778125 0.03828125 0.01953125
0 0.15703125 0.77890625 0.025 0.01953125
0 0.24453125 0.80234375 0.04375 0.015625
0 0.8453125 0.803125 0.0421875 0.01796875
0 0.5890625 0.803125 0.07578125 0.0171875
0 0.1640625 0.80390625 0.0234375 0.01640625
0 0.2859375 0.8796875 0.0921875 0.01875
0 0.38203125 0.88046875 0.05234375 0.01640625
0 0.49921875 0.88125 0.109375 0.01796875
0 0.7109375 0.88359375 0.0953125 0.01796875
0 0.6109375 0.88359375 0.0734375 0.01640625
0 0.27109375 0.90546875 0.05078125 0.01640625
0 0.48984375 0.90625 0.04765625 0.01796875
0 0.18671875 0.90625 0.0765625 0.01796875
0 0.37890625 0.90703125 0.125 0.01796875
0 0.80078125 0.9078125 0.12578125 0.01640625
0 0.6265625 0.9078125 0.18046875 0.01953125