0 0.11484375 0.17734375 0.11015625 0.028125
0 0.7578125 0.17734375 0.23203125 0.02265625
0 0.475 0.178125 0.30625 0.02421875
0 0.2453125 0.17890625 0.128125 0.02578125
0 0.6609375 0.2046875 0.23671875 0.01953125
0 0.46875 0.20625 0.0640625 0.0203125
0 0.37890625 0.2078125 0.08203125 0.02421875
0 0.23203125 0.20859375 0.18046875 0.0265625
0 0.08984375 0.23203125 0.06875 0.01953125
0 0.41640625 0.2328125 0.13046875 0.01875
0 0.26953125 0.2328125 0.12734375 0.01875
0 0.6140625 0.2328125 0.14453125 0.01875
0 0.1640625 0.2328125 0.05859375 0.02265625
0 0.77890625 0.2328125 0.15390625 0.01953125
0 0.509375 0.23359375 0.03046875 0.01953125
0 0.1828125 0.259375 0.11796875 0.01953125
0 0.525 0.259375 0.134375 0.01875
0 0.70078125 0.26015625 0.1828125 0.01796875
0 0.34765625 0.2609375 0.1859375 0.01953125
0 0.40703125 0.2875 0.2015625 0.01875
0 0.56953125 0.2875 0.08984375 0.01875
0 0.275 0.31640625 0.07734375 0.01640625
0 0.55078125 0.31640625 0.24765625 0.01953125
0 0.359375 0.31796875 0.065625 0.01953125
0 0.36328125 0.35546875 0.09609375 0.0203125
0 0.51640625 0.35546875 0.190625 0.021875
0 0.1046875 0.40078125 0.08984375 0.01796875
0 0.2265625 0.40078125 0.1 0.01640625
0 0.59375 0.4046875 0.184375 0.0171875
0 0.75859375 0.4046875 0.11796875 0.01640625
0 0.8640625 0.4046875 0.05390625 0.01640625
0 0.08671875 0.42578125 0.05390625 0.01640625
0 0.2265625 0.4265625 0.1 0.0171875
0 0.121875 0.45390625 0.12734375 0.01640625
0 0.2765625 0.45390625 0.09609375 0.01640625
0 0.65859375 0.4890625 0.08125 0.01640625
0 0.08671875 0.48984375 0.05625 0.01953125
0 0.240625 0.48984375 0.184375 0.0203125
0 0.8296875 0.49140625 0.16015625 0.01953125
0 0.18046875 0.51640625 0.07578125 0.02265625
0 0.328125 0.51640625 0.20625 0.02265625
0 0.1078125 0.51953125 0.02109375 0.01640625
0 0.88515625 0.51953125 0.04921875 0.015625
0 0.66953125 0.5203125 0.06875 0.01640625
0 0.80859375 0.5203125 0.071875 0.015625
0 0.20703125 0.54453125 0.1421875 0.0203125
0 0.109375 0.575 0.01796875 0.01640625
0 0.28984375 0.5765625 0.01015625 0.01484375
0 0.809375 0.5765625 0.06953125 0.015625
0 0.19375 0.578125 0.08984375 0.0203125
0 0.4265625 0.57734375 0.071875 0.025
0 0.13359375 0.61484375 0.15234375 0.01953125
0 0.809375 0.61484375 0.06953125 0.01640625
0 0.8078125 0.6515625 0.0671875 0.01640625
0 0.14140625 0.653125 0.1609375 0.021875
0 0.26015625 0.653125 0.05390625 0.02265625
0 0.1 0.68828125 0.0796875 0.01640625
0 0.34765625 0.6875 0.0765625 0.01640625
0 0.2234375 0.6875 0.14296875 0.01796875
0 0.7984375 0.68828125 0.0859375 0.01953125
0 0.7984375 0.7265625 0.0859375 0.01953125
0 0.11171875 0.72734375 0.1046875 0.01640625
0 0.10546875 0.76953125 0.09609375 0.0203125
0 0.26953125 0.77265625 0.19609375 0.025
0 0.20546875 0.80625 0.0328125 0.01640625
0 0.10234375 0.80625 0.0859375 0.01796875
0 0.6203125 0.80625 0.07578125 0.01640625
0 0.43515625 0.80625 0.0640625 0.01640625
0 0.359375 0.80625 0.05625 0.01796875
0 0.8078125 0.8078125 0.16015625 0.01953125
0 0.21015625 0.840625 0.05078125 0.01640625
0 0.42578125 0.84140625 0.071875 0.015625
0 0.0875 0.84140625 0.0515625 0.01796875
0 0.85 0.84140625 0.0671875 0.015625
0 0.6203125 0.84140625 0.07109375 0.0171875
0 0.10390625 0.87265625 0.0796875 0.01640625
0 0.61796875 0.8734375 0.07109375 0.01640625
0 0.85 0.8734375 0.06875 0.01640625
0 0.42421875 0.8734375 0.0734375 0.0171875
0 0.13203125 0.9265625 0.14453125 0.02265625
0 0.47109375 0.92734375 0.15234375 0.02265625
0 0.32109375 0.92734375 0.00703125 0.02265625
0 0.359375 0.92734375 0.02890625 0.02265625
0 0.8640625 0.928125 0.01796875 0.01953125
0 0.76796875 0.93125 0.121875 0.025
0 0.6265625 0.93046875 0.12265625 0.01640625
0 0.25625 0.9328125 0.07734375 0.021875
0 0.1171875 0.95703125 0.096875 0.01328125
0 0.3234375 0.95703125 0.0453125 0.0140625
0 0.428125 0.95703125 0.14453125 0.0140625
0 0.60234375 0.95703125 0.0921875 0.0140625
0 0.2046875 0.95703125 0.06171875 0.0140625
0 0.525 0.9578125 0.0359375 0.01328125
0 0.8578125 0.95859375 0.01328125 0.0140625
0 0.2671875 0.95859375 0.04609375 0.01171875
0 0.6703125 0.95859375 0.025 0.01015625
0 0.76640625 0.959375 0.14296875 0.0171875