0 0.35078125 0.090625 0.090625 0.01640625
0 0.4734375 0.09140625 0.11015625 0.01640625
0 0.65390625 0.09140625 0.0546875 0.01796875
0 0.578125 0.09140625 0.0546875 0.0171875
0 0.49140625 0.1125 0.184375 0.02109375
0 0.36015625 0.153125 0.1421875 0.01875
0 0.58671875 0.153125 0.22265625 0.01875
0 0.46640625 0.1734375 0.0921875 0.01875
0 0.3796875 0.17421875 0.03515625 0.0171875
0 0.6078125 0.1734375 0.1484375 0.01796875
0 0.325 0.1734375 0.03203125 0.01640625
0 0.54921875 0.19375 0.10625 0.01875
0 0.42734375 0.19375 0.0921875 0.0171875
0 0.37109375 0.21328125 0.0921875 0.0171875
0 0.6078125 0.21328125 0.11015625 0.0171875
0 0.48515625 0.2140625 0.0921875 0.01875
0 0.3328125 0.2328125 0.0546875 0.01875
0 0.41796875 0.2328125 0.06640625 0.01875
0 0.58984375 0.23359375 0.22578125 0.01875
0 0.4265625 0.28203125 0.0578125 0.03359375
0 0.5421875 0.28203125 0.13046875 0.03359375
0 0.44765625 0.3328125 0.35859375 0.0171875
0 0.178125 0.33359375 0.0890625 0.021875
0 0.596875 0.35234375 0.0953125 0.01796875
0 0.7390625 0.35390625 0.153125 0.01953125
0 0.59453125 0.3734375 0.090625 0.01796875
0 0.71640625 0.37265625 0.0921875 0.0171875
0 0.190625 0.39296875 0.10625 0.0171875
0 0.60859375 0.39296875 0.10859375 0.01953125
0 0.35390625 0.39296875 0.17109375 0.01796875
0 0.82890625 0.39296875 0.09375 0.01796875
0 0.83828125 0.4328125 0.0390625 0.01796875
0 0.2390625 0.43359375 0.21015625 0.02109375
0 0.7390625 0.43359375 0.11171875 0.01953125
0 0.21796875 0.49140625 0.16484375 0.01875
0 0.4296875 0.49140625 0.1359375 0.01875
0 0.3328125 0.49140625 0.01953125 0.0171875
0 0.66484375 0.49140625 0.07265625 0.01875
0 0.5625 0.4921875 0.09375 0.0203125
0 0.3140625 0.5109375 0.01796875 0.0171875
0 0.753125 0.51171875 0.09375 0.01875
0 0.87734375 0.5125 0.0390625 0.01875
0 0.2 0.5125 0.01953125 0.0171875
0 0.38359375 0.5125 0.07578125 0.0171875
0 0.259375 0.51328125 0.06015625 0.01953125
0 0.75390625 0.57109375 0.0953125 0.01875
0 0.18203125 0.57109375 0.0890625 0.01875
0 0.26875 0.571875 0.0375 0.01875
0 0.59140625 0.571875 0.03515625 0.01875
0 0.525 0.571875 0.0546875 0.01875
0 0.39375 0.5734375 0.16640625 0.02109375
0 0.76171875 0.5921875 0.07578125 0.01640625
0 0.340625 0.59296875 0.06796875 0.02109375
0 0.21171875 0.59296875 0.1484375 0.02109375
0 0.75390625 0.6125 0.0890625 0.01875
0 0.18359375 0.6125 0.0890625 0.01875
0 0.31640625 0.61328125 0.12890625 0.0171875
0 0.1734375 0.65234375 0.07578125 0.01875
0 0.7453125 0.65234375 0.11171875 0.01875
0 0.76484375 0.7125 0.06953125 0.01796875
0 0.584375 0.7125 0.0921875 0.01796875
0 0.1640625 0.7125 0.053125 0.01796875
0 0.2484375 0.7125 0.03515625 0.01796875
0 0.40390625 0.7125 0.03515625 0.01796875
0 0.171875 0.73125 0.06640625 0.01875
0 0.375 0.73125 0.0515625 0.01875
0 0.27734375 0.73125 0.0859375 0.01875
0 0.75546875 0.73125 0.0921875 0.01875
0 0.1609375 0.76953125 0.05 0.01796875
0 0.3171875 0.76953125 0.0890625 0.01796875
0 0.23125 0.76875 0.0390625 0.01875
0 0.79140625 0.76875 0.01953125 0.0171875
0 0.49921875 0.84765625 0.11328125 0.01640625
0 0.28203125 0.8484375 0.0921875 0.01640625
0 0.72734375 0.84921875 0.10625 0.01875
0 0.61484375 0.85 0.07578125 0.01171875
0 0.38359375 0.85078125 0.06953125 0.0140625
0 0.28203125 0.909375 0.45703125 0.0328125
0 0.4734375 0.9390625 0.07734375 0.0140625
0 0.075 0.9484375 0.0375 0.01328125