0 0.71875 0.08046875 0.07890625 0.01328125
0 0.8328125 0.08046875 0.12421875 0.01328125
0 0.9296875 0.08203125 0.03671875 0.01484375
0 0.38671875 0.08203125 0.2 0.01328125
0 0.6265625 0.08203125 0.07265625 0.01328125
0 0.5390625 0.08203125 0.07734375 0.01484375
0 0.1640625 0.0828125 0.2078125 0.0125
0 0.5578125 0.09921875 0.11953125 0.01328125
0 0.44453125 0.09921875 0.07890625 0.0125
0 0.67578125 0.09921875 0.07421875 0.0140625
0 0.3140625 0.09921875 0.053125 0.0125
0 0.365625 0.10078125 0.02421875 0.01484375
0 0.3078125 0.1171875 0.090625 0.0125
0 0.4078125 0.1171875 0.08046875 0.0140625
0 0.5140625 0.1171875 0.0953125 0.01484375
0 0.65625 0.11796875 0.1546875 0.015625
0 0.4140625 0.134375 0.146875 0.0125
0 0.73125 0.134375 0.146875 0.0125
0 0.5796875 0.134375 0.12421875 0.0125
0 0.22890625 0.134375 0.06484375 0.01484375
0 0.29765625 0.134375 0.05 0.01328125
0 0.5796875 0.15234375 0.22734375 0.01484375
0 0.34765625 0.15234375 0.06953125 0.0125
0 0.428125 0.15234375 0.053125 0.015625
0 0.5890625 0.18984375 0.190625 0.021875
0 0.7390625 0.18984375 0.07109375 0.021875
0 0.4640625 0.18984375 0.01484375 0.02265625
0 0.25078125 0.18984375 0.053125 0.02265625
0 0.36953125 0.18984375 0.12578125 0.02265625
0 0.74375 0.23359375 0.1484375 0.02265625
0 0.4390625 0.23359375 0.07421875 0.02265625
0 0.52578125 0.23359375 0.0515625 0.02265625
0 0.60859375 0.23515625 0.06640625 0.02109375
0 0.7328125 0.259375 0.17890625 0.0125
0 0.16875 0.26015625 0.0109375 0.01171875
0 0.0671875 0.26015625 0.03671875 0.01328125
0 0.565625 0.26015625 0.08515625 0.01015625
0 0.57109375 0.2875 0.0546875 0.02265625
0 0.265625 0.2875 0.0921875 0.02265625
0 0.3890625 0.2875 0.11328125 0.02265625
0 0.49375 0.2875 0.0515625 0.02265625
0 0.12265625 0.28828125 0.1515625 0.0234375
0 0.47265625 0.31328125 0.01640625 0.0125
0 0.4 0.31328125 0.01953125 0.0109375
0 0.43515625 0.3140625 0.01640625 0.01328125
0 0.33125 0.3140625 0.040625 0.01171875
0 0.22421875 0.3140625 0.090625 0.01328125
0 0.103125 0.31484375 0.109375 0.0125
0 0.18125 0.33203125 0.03359375 0.0109375
0 0.26953125 0.33203125 0.08359375 0.0109375
0 0.09609375 0.3328125 0.0921875 0.01171875
0 0.48515625 0.34921875 0.1453125 0.0109375
0 0.21953125 0.35078125 0.109375 0.0109375
0 0.33359375 0.35078125 0.07109375 0.0125
0 0.09765625 0.35078125 0.08515625 0.009375
0 0.29609375 0.3671875 0.259375 0.01328125
0 0.1 0.3671875 0.1 0.01328125
0 0.74765625 0.384375 0.08203125 0.01328125
0 0.578125 0.384375 0.16953125 0.01328125
0 0.44765625 0.384375 0.06328125 0.01484375
0 0.5640625 0.40625 0.05625 0.0125
0 0.409375 0.40625 0.0546875 0.01171875
0 0.70625 0.40625 0.07109375 0.01328125
0 0.6390625 0.40625 0.01953125 0.01328125
0 0.4890625 0.40625 0.0515625 0.01328125
0 0.84765625 0.40625 0.13046875 0.01484375
0 0.14453125 0.4078125 0.2078125 0.01328125
0 0.6390625 0.434375 0.01640625 0.00703125
0 0.87578125 0.434375 0.07734375 0.01171875
0 0.50625 0.434375 0.01640625 0.0125
0 0.73359375 0.434375 0.01640625 0.0140625
0 0.58125 0.434375 0.0109375 0.0109375
0 0.075 0.4359375 0.06953125 0.01171875
0 0.1796875 0.4359375 0.08203125 0.01015625
0 0.39921875 0.4359375 0.07265625 0.01328125
0 0.8765625 0.45234375 0.07265625 0.01328125
0 0.50625 0.45234375 0.01640625 0.01171875
0 0.73359375 0.45234375 0.01640625 0.01328125
0 0.58125 0.45234375 0.0109375 0.01171875
0 0.6390625 0.45234375 0.01640625 0.01015625
0 0.40078125 0.45234375 0.06953125 0.01015625
0 0.12265625 0.453125 0.16796875 0.0109375
0 0.87578125 0.46953125 0.07421875 0.01171875
0 0.39921875 0.47109375 0.07578125 0.0125
0 0.06796875 0.47109375 0.0546875 0.0109375
0 0.73359375 0.47109375 0.01953125 0.01328125
0 0.58125 0.47109375 0.01484375 0.01171875
0 0.6390625 0.47109375 0.02265625 0.01328125
0 0.1640625 0.47109375 0.0921875 0.01328125
0 0.50625 0.47109375 0.01328125 0.01171875
0 0.77265625 0.5 0.090625 0.02265625
0 0.440625 0.5 0.0390625 0.02265625
0 0.353125 0.5 0.09375 0.02265625
0 0.5578125 0.503125 0.1609375 0.02890625
0 0.6359375 0.53203125 0.01796875 0.0125
0 0.58125 0.53359375 0.0109375 0.01328125
0 0.1921875 0.53359375 0.303125 0.01171875
0 0.50625 0.53359375 0.01328125 0.01171875
0 0.87578125 0.53359375 0.07734375 0.01328125
0 0.40078125 0.53359375 0.07265625 0.0125
0 0.7328125 0.53359375 0.01484375 0.0125
0 0.7265625 0.55078125 0.03359375 0.0125
0 0.39921875 0.55078125 0.07578125 0.0109375
0 0.878125 0.55078125 0.07578125 0.0125
0 0.12265625 0.5515625 0.1609375 0.01171875
0 0.6390625 0.5515625 0.01640625 0.01015625
0 0.58125 0.55234375 0.02109375 0.0125
0 0.49921875 0.55234375 0.02734375 0.009375
0 0.58125 0.56953125 0.01484375 0.0109375
0 0.078125 0.56953125 0.07578125 0.0125
0 0.87421875 0.56953125 0.07421875 0.0125
0 0.73515625 0.56953125 0.01328125 0.0125
0 0.49921875 0.56953125 0.02734375 0.0109375
0 0.39921875 0.56953125 0.07578125 0.01171875
0 0.1921875 0.56953125 0.109375 0.01171875
0 0.6390625 0.57109375 0.01640625 0.009375
0 0.5046875 0.5875 0.01328125 0.0109375
0 0.5796875 0.5875 0.02109375 0.0109375
0 0.87578125 0.5875 0.07421875 0.01328125
0 0.39921875 0.5875 0.07578125 0.0109375
0 0.1796875 0.5875 0.0890625 0.0109375
0 0.73359375 0.58828125 0.01640625 0.01328125
0 0.6390625 0.5890625 0.01640625 0.009375
0 0.0796875 0.58984375 0.07265625 0.01484375
0 0.39921875 0.60625 0.07578125 0.01171875
0 0.5765625 0.60625 0.02734375 0.01171875
0 0.1328125 0.60625 0.1890625 0.01171875
0 0.50625 0.60625 0.01953125 0.0125
0 0.87109375 0.60625 0.08671875 0.0109375
0 0.71640625 0.60625 0.0515625 0.0125
0 0.6390625 0.60625 0.01640625 0.009375
0 0.12265625 0.6359375 0.090625 0.02265625
0 0.77109375 0.6359375 0.090625 0.02265625
0 0.21171875 0.6359375 0.040625 0.02265625
0 0.59765625 0.63828125 0.08515625 0.0265625
0 0.47421875 0.63828125 0.10625 0.028125
0 0.32265625 0.63828125 0.1453125 0.028125
0 0.7796875 0.67109375 0.07578125 0.02265625
0 0.60703125 0.67109375 0.06640625 0.02265625
0 0.77265625 0.71015625 0.090625 0.02265625
0 0.23125 0.71015625 0.03359375 0.02265625
0 0.140625 0.71015625 0.08671875 0.02265625
0 0.59609375 0.71171875 0.0890625 0.028125
0 0.3421875 0.71171875 0.1453125 0.02890625
0 0.4828125 0.7125 0.08515625 0.0296875
0 0.35078125 0.746875 0.0921875 0.025
0 0.77265625 0.746875 0.09375 0.02421875
0 0.4390625 0.746875 0.0390625 0.02421875
0 0.56015625 0.74921875 0.159375 0.028125
0 0.42578125 0.78359375 0.090625 0.02421875
0 0.77109375 0.7859375 0.09375 0.021875
0 0.5671875 0.7875 0.140625 0.0296875
0 0.1078125 0.82890625 0.12578125 0.01171875
0 0.65625 0.8453125 0.07109375 0.01328125
0 0.79765625 0.846875 0.16953125 0.0125
0 0.1234375 0.846875 0.15 0.01328125
0 0.2640625 0.846875 0.0921875 0.009375
0 0.5421875 0.846875 0.07421875 0.01328125
0 0.378125 0.84765625 0.0921875 0.015625
0 0.46796875 0.8484375 0.02890625 0.00703125
0 0.3296875 0.86328125 0.03671875 0.0125
0 0.07265625 0.8640625 0.0546875 0.01171875
0 0.6515625 0.865625 0.1515625 0.01484375
0 0.4640625 0.865625 0.18515625 0.01171875
0 0.76953125 0.865625 0.02890625 0.01015625
0 0.20234375 0.8671875 0.16328125 0.0109375
0 0.31171875 0.8828125 0.07578125 0.01171875
0 0.80625 0.8828125 0.03203125 0.00859375
0 0.6609375 0.88359375 0.203125 0.0109375
0 0.87265625 0.88359375 0.0421875 0.009375
0 0.2390625 0.88359375 0.03203125 0.009375
0 0.453125 0.884375 0.1609375 0.00703125
0 0.1234375 0.884375 0.15 0.01328125
0 0.565625 0.90078125 0.0890625 0.01328125
0 0.47421875 0.90078125 0.0484375 0.0109375
0 0.1890625 0.90078125 0.0515625 0.0109375
0 0.290625 0.90078125 0.103125 0.01328125
0 0.7234375 0.90078125 0.05 0.00859375
0 0.653125 0.90234375 0.03515625 0.009375
0 0.4140625 0.90234375 0.02421875 0.009375
0 0.09609375 0.90234375 0.08515625 0.01328125
0 0.565625 0.91875 0.053125 0.01171875
0 0.48359375 0.91875 0.07109375 0.0125
0 0.68515625 0.91875 0.12578125 0.0109375
0 0.32265625 0.91953125 0.09375 0.01328125
0 0.1515625 0.9203125 0.20625 0.0140625
0 0.409375 0.92109375 0.02890625 0.00703125
0 0.2921875 0.9375 0.07421875 0.009375
0 0.1390625 0.93984375 0.18046875 0.01171875
0 0.4421875 0.95625 0.2578125 0.01328125
0 0.63671875 0.95625 0.10625 0.01328125