0 0.48984375 0.0328125 0.18671875 0.01875
0 0.3578125 0.05703125 0.11015625 0.015625
0 0.5546875 0.05234375 0.2296875 0.02109375
0 0.2875 0.07734375 0.25078125 0.01484375
0 0.5078125 0.07265625 0.0109375 0.01953125
0 0.61015625 0.07109375 0.1734375 0.01640625
0 0.75625 0.06796875 0.05859375 0.01796875
0 0.7953125 0.0671875 0.0171875 0.01953125
0 0.2984375 0.09765625 0.225 0.01328125
0 0.525 0.0921875 0.16875 0.0140625
0 0.628125 0.090625 0.021875 0.0171875
0 0.35390625 0.115625 0.16953125 0.01796875
0 0.5890625 0.1109375 0.14765625 0.01796875
0 0.22578125 0.1359375 0.19453125 0.0171875
0 0.4015625 0.13359375 0.103125 0.01796875
0 0.64765625 0.13046875 0.3078125 0.01640625
0 0.0828125 0.16796875 0.13515625 0.01640625
0 0.33203125 0.16484375 0.00859375 0.0171875
0 0.515625 0.16328125 0.27734375 0.01484375
0 0.065625 0.190625 0.109375 0.0140625
0 0.3296875 0.18671875 0.0125 0.01796875
0 0.48984375 0.184375 0.225 0.01484375
0 0.04609375 0.2125 0.07734375 0.01953125
0 0.14453125 0.21171875 0.05546875 0.01953125
0 0.328125 0.20859375 0.0125 0.01796875
0 0.428125 0.20703125 0.11328125 0.01640625
0 0.0828125 0.2484375 0.1578125 0.0171875
0 0.55390625 0.2421875 0.02109375 0.0171875
0 0.59140625 0.24140625 0.04609375 0.01640625
0 0.74765625 0.23984375 0.0203125 0.01875
0 0.82109375 0.2390625 0.11484375 0.01875
0 0.11015625 0.29765625 0.2203125 0.015625
0 0.1078125 0.321875 0.215625 0.01640625
0 0.69375 0.2921875 0.034375 0.0203125
0 0.790625 0.290625 0.15078125 0.01953125
0 0.65078125 0.3171875 0.03515625 0.0203125
0 0.76640625 0.31640625 0.1953125 0.01875
0 0.790625 0.3640625 0.14453125 0.01796875
0 0.0640625 0.36953125 0.128125 0.0171875
0 0.19609375 0.39140625 0.19296875 0.015625
0 0.0890625 0.44609375 0.17734375 0.01875
0 0.2328125 0.4453125 0.0609375 0.01796875
0 0.27734375 0.446875 0.01484375 0.0125
0 0.05390625 0.4671875 0.078125 0.01484375
0 0.11640625 0.4984375 0.05390625 0.0171875
0 0.1578125 0.4984375 0.00625 0.01796875
0 0.22578125 0.49765625 0.10546875 0.0171875
0 0.6265625 0.49609375 0.025 0.015625
0 0.696875 0.4953125 0.05703125 0.015625
0 0.740625 0.4953125 0.0109375 0.01640625
0 0.1359375 0.55234375 0.0375 0.015625
0 0.16796875 0.55234375 0.0046875 0.015625
0 0.2703125 0.5515625 0.18046875 0.01484375
0 0.81953125 0.55 0.0609375 0.0140625
0 0.0359375 0.56875 0.071875 0.01484375
0 0.084375 0.56875 0.00390625 0.01484375
0 0.16015625 0.56875 0.0875 0.01484375
0 0.21015625 0.56875 0.0125 0.01484375
0 0.371875 0.56796875 0.059375 0.01484375
0 0.08515625 0.584375 0.1703125 0.015625
0 0.790625 0.5828125 0.1 0.015625
0 0.409375 0.60078125 0.0984375 0.01484375
0 0.24140625 0.61640625 0.0578125 0.015625
0 0.28515625 0.61640625 0.003125 0.015625
0 0.45859375 0.61640625 0.28671875 0.01484375
0 0.23984375 0.6328125 0.0578125 0.0140625
0 0.340625 0.6328125 0.09765625 0.0140625
0 0.4046875 0.6328125 0.00703125 0.0140625
0 0.48671875 0.63203125 0.09921875 0.0140625
0 0.58046875 0.63203125 0.04140625 0.0140625
0 0.6921875 0.653125 0.13359375 0.01484375
0 0.284375 0.67265625 0.06328125 0.015625
0 0.33046875 0.67265625 0.00859375 0.01640625
0 0.39296875 0.671875 0.0625 0.015625
0 0.50234375 0.67109375 0.06015625 0.01484375
0 0.13203125 0.68984375 0.01953125 0.01484375
0 0.23359375 0.68984375 0.134375 0.0140625
0 0.34453125 0.6890625 0.03671875 0.01484375
0 0.434375 0.6890625 0.0984375 0.0140625
0 0.55625 0.68828125 0.1 0.0140625
0 0.6421875 0.68828125 0.01953125 0.0140625
0 0.17421875 0.70546875 0.134375 0.01484375
0 0.35546875 0.70546875 0.13515625 0.01484375
0 0.4359375 0.7046875 0.0109375 0.01484375
0 0.60703125 0.70390625 0.21015625 0.0140625
0 0.0578125 0.72734375 0.115625 0.0140625
0 0.7 0.72265625 0.0390625 0.01484375
0 0.01796875 0.7453125 0.0359375 0.015625
0 0.0765625 0.74453125 0.0390625 0.015625
0 0.1078125 0.74375 0.00390625 0.01640625
0 0.2171875 0.74296875 0.14921875 0.0140625
0 0.5078125 0.73984375 0.10078125 0.0125
0 0.59453125 0.7390625 0.03671875 0.01328125
0 0.6265625 0.7390625 0.01171875 0.01328125
0 0.73671875 0.7375 0.11875 0.0125
0 0.00859375 0.76171875 0.0171875 0.0171875
0 0.0265625 0.7609375 0.0078125 0.015625
0 0.17890625 0.75859375 0.23359375 0.0125
0 0.7203125 0.753125 0.16171875 0.0125
0 0.196875 0.77421875 0.03828125 0.015625
0 0.30546875 0.7734375 0.13515625 0.0140625
0 0.4984375 0.77109375 0.19921875 0.0140625
0 0.23671875 0.78984375 0.07890625 0.01484375
0 0.3578125 0.7890625 0.11484375 0.0140625
0 0.5109375 0.7875 0.13515625 0.01484375
0 0.28125 0.80625 0.078125 0.0140625
0 0.42421875 0.80546875 0.15859375 0.0140625
0 0.3578125 0.82265625 0.0984375 0.01484375
0 0.44765625 0.821875 0.03671875 0.015625
0 0.48203125 0.821875 0.0046875 0.015625
0 0.51015625 0.82109375 0.03125 0.015625
0 0.225 0.85625 0.22265625 0.0203125
0 0.55703125 0.8546875 0.23046875 0.01640625
0 0.371875 0.88984375 0.1875 0.00859375
0 0.5375 0.8875 0.125 0.00859375
0 0.09375 0.9359375 0.05703125 0.01796875
0 0.134375 0.93515625 0.0171875 0.01796875
0 0.21015625 0.934375 0.11171875 0.0171875
0 0.62421875 0.9296875 0.0265625 0.0171875
0 0.696875 0.9296875 0.05703125 0.01796875
0 0.74765625 0.92890625 0.0171875 0.01796875
0 0.8203125 0.928125 0.11640625 0.0171875
0 0.24921875 0.971875 0.0609375 0.01875
0 0.34453125 0.97109375 0.0578125 0.01953125
0 0.515625 0.9703125 0.2265625 0.01953125
0 0.47109375 0.075 0.05703125 0.015625
0 0.7109375 0.08828125 0.13046875 0.01640625
0 0.0453125 0.39296875 0.0546875 0.01953125
0 0.70234375 0.36328125 0.03125 0.01015625
0 0.40390625 0.41171875 0.10546875 0.0140625
0 0.81015625 0.4953125 0.11796875 0.01484375
0 0.03515625 0.49921875 0.0703125 0.0140625
0 0.584375 0.55078125 0.1359375 0.01328125
0 0.73203125 0.55078125 0.09765625 0.01328125
0 0.26953125 0.56875 0.09765625 0.0140625
0 0.04609375 0.553125 0.0921875 0.0125
0 0.765625 0.72265625 0.04296875 0.01015625
0 0.7328125 0.7234375 0.01796875 0.0046875
0 0.49375 0.725 0.3359375 0.01328125
0 0.228125 0.7265625 0.1359375 0.01328125
0 0.57421875 0.7546875 0.0921875 0.01328125
0 0.25703125 0.8234375 0.06953125 0.01328125
0 0.0171875 0.9375 0.034375 0.0203125