0 0.159375 0.12421875 0.209375 0.0109375
0 0.38046875 0.12421875 0.2046875 0.0109375
0 0.61953125 0.12421875 0.07578125 0.01328125
0 0.7125 0.12421875 0.08203125 0.01328125
0 0.53359375 0.12578125 0.07890625 0.01328125
0 0.828125 0.12578125 0.12421875 0.0125
0 0.92421875 0.12578125 0.03203125 0.0125
0 0.5546875 0.13984375 0.12734375 0.0140625
0 0.30859375 0.140625 0.053125 0.0109375
0 0.36015625 0.14140625 0.03046875 0.01484375
0 0.43515625 0.1421875 0.08984375 0.01328125
0 0.671875 0.14296875 0.07421875 0.01484375
0 0.40234375 0.1578125 0.08359375 0.01328125
0 0.303125 0.1578125 0.09375 0.01328125
0 0.5078125 0.159375 0.0953125 0.01328125
0 0.65078125 0.159375 0.1578125 0.0171875
0 0.57109375 0.175 0.1109375 0.01328125
0 0.2921875 0.17578125 0.046875 0.01171875
0 0.409375 0.175 0.1484375 0.0125
0 0.2296875 0.17578125 0.053125 0.0109375
0 0.7296875 0.17578125 0.1484375 0.0109375
0 0.575 0.1921875 0.22578125 0.01328125
0 0.4234375 0.19296875 0.0484375 0.01328125
0 0.34609375 0.19296875 0.07421875 0.01328125
0 0.4609375 0.22890625 0.01640625 0.021875
0 0.25078125 0.22890625 0.053125 0.02109375
0 0.5828125 0.2296875 0.18984375 0.02109375
0 0.734375 0.2296875 0.07421875 0.02109375
0 0.365625 0.2296875 0.12578125 0.02109375
0 0.43515625 0.27265625 0.07421875 0.02265625
0 0.7390625 0.27265625 0.1484375 0.02265625
0 0.5203125 0.27265625 0.0546875 0.0234375
0 0.60234375 0.2734375 0.06796875 0.021875
0 0.06484375 0.296875 0.046875 0.01328125
0 0.72421875 0.29765625 0.18828125 0.01328125
0 0.56015625 0.2984375 0.08359375 0.01171875
0 0.1171875 0.325 0.1484375 0.021875
0 0.2609375 0.325 0.08984375 0.021875
0 0.3859375 0.325 0.1109375 0.021875
0 0.49140625 0.325 0.0515625 0.021875
0 0.56640625 0.325 0.053125 0.021875
0 0.09765625 0.35 0.1109375 0.01328125
0 0.3921875 0.35 0.02109375 0.01328125
0 0.4703125 0.35078125 0.01953125 0.01171875
0 0.42890625 0.35 0.02109375 0.0125
0 0.334375 0.35078125 0.046875 0.009375
0 0.22890625 0.35078125 0.10625 0.015625
0 0.09296875 0.36796875 0.08828125 0.01171875
0 0.17578125 0.3671875 0.03203125 0.009375
0 0.2703125 0.36796875 0.103125 0.0125
0 0.0875 0.384375 0.09140625 0.01015625
0 0.48046875 0.384375 0.146875 0.01015625
0 0.21328125 0.38515625 0.1109375 0.009375
0 0.334375 0.38515625 0.08828125 0.0140625
0 0.096875 0.4 0.096875 0.01171875
0 0.2296875 0.4 0.13671875 0.01171875
0 0.37109375 0.40078125 0.1171875 0.01328125
0 0.57109375 0.4171875 0.16875 0.01328125
0 0.43984375 0.41640625 0.0640625 0.0140625
0 0.74375 0.4171875 0.07734375 0.01171875
0 0.60703125 0.4390625 0.07421875 0.01328125
0 0.31171875 0.4390625 0.05625 0.0125
0 0.3875 0.4390625 0.053125 0.0125
0 0.46484375 0.4390625 0.05625 0.0125
0 0.5390625 0.4390625 0.01953125 0.0125
0 0.74453125 0.43984375 0.12734375 0.01328125
0 0.1390625 0.43984375 0.2109375 0.0140625
0 0.63359375 0.465625 0.01484375 0.01328125
0 0.48203125 0.465625 0.01796875 0.01328125
0 0.17578125 0.465625 0.09375 0.01171875
0 0.40390625 0.465625 0.01640625 0.01328125
0 0.3015625 0.46640625 0.07265625 0.01328125
0 0.5390625 0.46640625 0.01953125 0.01328125
0 0.77578125 0.46640625 0.07734375 0.01328125
0 0.0640625 0.46640625 0.0546875 0.01328125
0 0.5359375 0.48359375 0.01953125 0.0109375
0 0.634375 0.484375 0.01640625 0.01328125
0 0.48125 0.484375 0.01640625 0.01328125
0 0.775 0.484375 0.06953125 0.01328125
0 0.3015625 0.484375 0.07265625 0.01328125
0 0.40703125 0.484375 0.01953125 0.01328125
0 0.1140625 0.48515625 0.1609375 0.01015625
0 0.5359375 0.50078125 0.01953125 0.01171875
0 0.48203125 0.5015625 0.02109375 0.01328125
0 0.76640625 0.5015625 0.08984375 0.01328125
0 0.63359375 0.5015625 0.02109375 0.01328125
0 0.3015625 0.5015625 0.07265625 0.01328125
0 0.06484375 0.50234375 0.053125 0.01015625
0 0.1640625 0.50234375 0.08359375 0.01015625
0 0.40703125 0.503125 0.02265625 0.01171875
0 0.3453125 0.53046875 0.08828125 0.0234375
0 0.765625 0.53125 0.0953125 0.02265625
0 0.43515625 0.53125 0.03828125 0.021875
0 0.55625 0.53359375 0.1625 0.028125
0 0.48125 0.56171875 0.01640625 0.01171875
0 0.625 0.56171875 0.03203125 0.01171875
0 0.30078125 0.56171875 0.07109375 0.01171875
0 0.15 0.56171875 0.109375 0.01328125
0 0.0546875 0.56171875 0.03203125 0.01171875
0 0.5390625 0.56171875 0.01953125 0.01171875
0 0.7671875 0.5625 0.09140625 0.01171875
0 0.39765625 0.5625 0.03203125 0.009375
0 0.5390625 0.578125 0.01953125 0.01171875
0 0.76640625 0.57890625 0.08984375 0.01328125
0 0.625 0.5796875 0.02890625 0.0109375
0 0.48125 0.58046875 0.01640625 0.009375
0 0.3984375 0.58046875 0.02421875 0.009375
0 0.303125 0.58046875 0.07421875 0.009375
0 0.1296875 0.58046875 0.17890625 0.01171875
0 0.53828125 0.59609375 0.01796875 0.01171875
0 0.09296875 0.596875 0.1109375 0.01171875
0 0.196875 0.596875 0.053125 0.01171875
0 0.76640625 0.596875 0.08984375 0.01328125
0 0.4015625 0.596875 0.02734375 0.01171875
0 0.625 0.596875 0.03203125 0.01171875
0 0.303125 0.596875 0.06796875 0.01171875
0 0.48203125 0.59765625 0.02109375 0.01015625
0 0.765625 0.6140625 0.08828125 0.01328125
0 0.6234375 0.6140625 0.03203125 0.01328125
0 0.48125 0.61484375 0.01640625 0.0109375
0 0.06640625 0.61484375 0.0484375 0.0109375
0 0.171875 0.61484375 0.1046875 0.0109375
0 0.3015625 0.61484375 0.06953125 0.0109375
0 0.39765625 0.61484375 0.03203125 0.0109375
0 0.5390625 0.615625 0.01953125 0.009375
0 0.11953125 0.64453125 0.08984375 0.02421875
0 0.765625 0.64375 0.0953125 0.0234375
0 0.20859375 0.6453125 0.03671875 0.021875
0 0.47109375 0.64609375 0.1046875 0.02890625
0 0.59296875 0.64609375 0.08984375 0.02890625
0 0.31953125 0.646875 0.146875 0.02890625
0 0.77578125 0.67890625 0.07421875 0.0234375
0 0.603125 0.67890625 0.06953125 0.021875
0 0.13828125 0.71640625 0.08984375 0.02421875
0 0.765625 0.7171875 0.0953125 0.0234375
0 0.228125 0.71796875 0.03671875 0.021875
0 0.59296875 0.71953125 0.08359375 0.02890625
0 0.33984375 0.71875 0.1484375 0.0296875
0 0.478125 0.71875 0.08671875 0.028125
0 0.3453125 0.7515625 0.08828125 0.02421875
0 0.43515625 0.75234375 0.03828125 0.0234375
0 0.76640625 0.753125 0.08984375 0.0234375
0 0.55625 0.75390625 0.1625 0.028125
0 0.4234375 0.78984375 0.08984375 0.0234375
0 0.765625 0.78984375 0.0953125 0.0234375
0 0.56484375 0.7921875 0.14140625 0.028125
0 0.10703125 0.83046875 0.13046875 0.01328125
0 0.2609375 0.84921875 0.08984375 0.009375
0 0.80078125 0.84921875 0.17890625 0.009375
0 0.63984375 0.84921875 0.08828125 0.009375
0 0.11796875 0.85 0.146875 0.0109375
0 0.375 0.85 0.08984375 0.0140625
0 0.5359375 0.8515625 0.07421875 0.01328125
0 0.4625 0.85078125 0.03203125 0.00859375
0 0.328125 0.8671875 0.03515625 0.0109375
0 0.45859375 0.8671875 0.18671875 0.0125
0 0.071875 0.8671875 0.053125 0.01015625
0 0.203125 0.86796875 0.1640625 0.0140625
0 0.65 0.86875 0.146875 0.01328125
0 0.765625 0.86875 0.02734375 0.0078125
0 0.23359375 0.8859375 0.03203125 0.00859375
0 0.87109375 0.88515625 0.0484375 0.009375
0 0.80390625 0.88515625 0.03203125 0.009375
0 0.3078125 0.88515625 0.07421875 0.00859375
0 0.11796875 0.8859375 0.146875 0.0140625
0 0.65703125 0.8859375 0.2 0.0140625
0 0.45 0.88671875 0.1625 0.009375
0 0.5640625 0.90078125 0.0953125 0.0125
0 0.18203125 0.90234375 0.0515625 0.0109375
0 0.65078125 0.90234375 0.03203125 0.0125
0 0.471875 0.90234375 0.0484375 0.0109375
0 0.71796875 0.90234375 0.0515625 0.01015625
0 0.29765625 0.90390625 0.12578125 0.01328125
0 0.08828125 0.90390625 0.08984375 0.0140625
0 0.403125 0.90390625 0.03671875 0.0078125
0 0.40234375 0.91953125 0.03203125 0.01171875
0 0.5609375 0.91953125 0.053125 0.01171875
0 0.47734375 0.91953125 0.06640625 0.01171875
0 0.678125 0.91953125 0.12890625 0.01171875
0 0.1453125 0.9203125 0.20625 0.01328125
0 0.3171875 0.9203125 0.09375 0.01171875
0 0.77109375 0.9203125 0.01953125 0.01171875
0 0.134375 0.9375 0.18828125 0.0140625
0 0.2875 0.9375 0.07265625 0.01015625
0 0.63046875 0.95546875 0.1046875 0.01328125
0 0.4390625 0.95546875 0.25625 0.01328125