0 0.5078125 0.090625 0.2125 0.01796875
0 0.3453125 0.09375 0.0625 0.01484375
0 0.453125 0.11796875 0.2625 0.0203125
0 0.5953125 0.140625 0.0375 0.01640625
0 0.496875 0.14140625 0.10546875 0.0171875
0 0.69921875 0.14140625 0.11484375 0.01796875
0 0.36875 0.1421875 0.10390625 0.0171875
0 0.18828125 0.14296875 0.0484375 0.015625
0 0.259375 0.14296875 0.0609375 0.0171875
0 0.6390625 0.16484375 0.12578125 0.0171875
0 0.4546875 0.1671875 0.1890625 0.01796875
0 0.27109375 0.16796875 0.12578125 0.0171875
0 0.53046875 0.1890625 0.040625 0.0171875
0 0.41171875 0.19140625 0.14921875 0.0171875
0 0.6390625 0.2140625 0.16953125 0.0171875
0 0.46875 0.215625 0.09609375 0.0171875
0 0.35625 0.215625 0.0828125 0.01484375
0 0.2375 0.21640625 0.10703125 0.0171875
0 0.72109375 0.23828125 0.20859375 0.0171875
0 0.5828125 0.2390625 0.0203125 0.01796875
0 0.440625 0.2390625 0.20703125 0.0171875
0 0.10859375 0.240625 0.0578125 0.0171875
0 0.2375 0.240625 0.0609375 0.0171875
0 0.17265625 0.240625 0.0203125 0.01875
0 0.540625 0.2640625 0.53984375 0.0203125
0 0.18125 0.265625 0.11875 0.0171875
0 0.659375 0.28671875 0.20859375 0.0171875
0 0.51875 0.2875 0.01796875 0.01796875
0 0.3765625 0.2890625 0.20859375 0.0171875
0 0.20390625 0.28984375 0.07421875 0.01640625
0 0.50703125 0.31171875 0.209375 0.01796875
0 0.33125 0.31328125 0.07578125 0.0171875
0 0.5515625 0.3375 0.55859375 0.0203125
0 0.17109375 0.3375 0.1421875 0.01640625
0 0.6015625 0.3609375 0.26953125 0.0171875
0 0.378125 0.36171875 0.0390625 0.01640625
0 0.3046875 0.3625 0.0625 0.01796875
0 0.21015625 0.36328125 0.07421875 0.0171875
0 0.725 0.409375 0.2140625 0.0171875
0 0.53046875 0.4109375 0.0375 0.01640625
0 0.45703125 0.4109375 0.0578125 0.0171875
0 0.21875 0.4109375 0.10390625 0.01640625
0 0.0671875 0.4125 0.0609375 0.01875
0 0.37890625 0.43515625 0.16796875 0.01640625
0 0.5109375 0.43515625 0.0421875 0.0171875
0 0.15234375 0.4359375 0.234375 0.0171875
0 0.4578125 0.4828125 0.14765625 0.0171875
0 0.86640625 0.53046875 0.0625 0.01640625
0 0.0609375 0.5328125 0.0484375 0.015625
0 0.21875 0.5328125 0.234375 0.0171875
0 0.84140625 0.5546875 0.0921875 0.0171875
0 0.734375 0.5546875 0.0984375 0.0171875
0 0.51953125 0.55625 0.14921875 0.0171875
0 0.3890625 0.55703125 0.0609375 0.0171875
0 0.07734375 0.55703125 0.08359375 0.01640625
0 0.86484375 0.60390625 0.0625 0.01640625
0 0.5203125 0.60390625 0.10390625 0.0171875
0 0.7796875 0.60390625 0.0625 0.01640625
0 0.4234375 0.6046875 0.040625 0.0171875
0 0.65859375 0.6046875 0.12578125 0.0171875
0 0.3359375 0.6046875 0.08359375 0.0171875
0 0.18359375 0.6046875 0.16640625 0.0171875
0 0.04609375 0.60546875 0.01328125 0.015625
0 0.8765625 0.628125 0.0390625 0.0171875
0 0.553125 0.628125 0.08359375 0.015625
0 0.7703125 0.628125 0.08125 0.0171875
0 0.346875 0.62890625 0.0203125 0.01640625
0 0.14140625 0.6296875 0.209375 0.0171875
0 0.5828125 0.7015625 0.1015625 0.015625
0 0.8875 0.7015625 0.01640625 0.015625
0 0.4671875 0.7015625 0.078125 0.0171875
0 0.85546875 0.72578125 0.08125 0.01640625
0 0.5203125 0.72578125 0.0609375 0.0171875
0 0.6046875 0.72578125 0.0625 0.01484375
0 0.40859375 0.72578125 0.0890625 0.01640625
0 0.2828125 0.72578125 0.10546875 0.01640625
0 0.15078125 0.7265625 0.09609375 0.0171875
0 0.85546875 0.75 0.08125 0.01640625
0 0.5625 0.75 0.15 0.0171875
0 0.25859375 0.75 0.09765625 0.0171875
0 0.39765625 0.7515625 0.12421875 0.01484375
0 0.84609375 0.7734375 0.10546875 0.01484375
0 0.4015625 0.77421875 0.08359375 0.015625
0 0.55234375 0.77421875 0.1703125 0.015625
0 0.84296875 0.79765625 0.10546875 0.01484375
0 0.575 0.8 0.12734375 0.01796875
0 0.734375 0.846875 0.06328125 0.0171875
0 0.84296875 0.84765625 0.0890625 0.01796875
0 0.06640625 0.84765625 0.059375 0.015625
0 0.53984375 0.84765625 0.0890625 0.01796875
0 0.39765625 0.8484375 0.12421875 0.01484375
0 0.19609375 0.8484375 0.14921875 0.0171875
0 0.85625 0.87109375 0.0828125 0.01640625
0 0.5515625 0.87109375 0.0796875 0.0171875
0 0.165625 0.871875 0.0421875 0.01640625
0 0.05703125 0.871875 0.040625 0.0171875
0 0.20625 0.91953125 0.0828125 0.01640625
0 0.66953125 0.91953125 0.45234375 0.0171875
0 0.30234375 0.91953125 0.0609375 0.01640625
0 0.390625 0.91953125 0.0609375 0.01640625
0 0.08984375 0.92109375 0.10390625 0.0171875