0 0.33984375 0.15859375 0.14921875 0.0171875
0 0.4640625 0.15859375 0.05546875 0.01796875
0 0.559375 0.159375 0.0921875 0.01796875
0 0.425 0.1828125 0.21015625 0.01796875
0 0.32890625 0.20625 0.09140625 0.01953125
0 0.646875 0.20703125 0.06953125 0.01640625
0 0.21484375 0.2078125 0.0859375 0.01953125
0 0.4921875 0.2078125 0.18828125 0.0203125
0 0.53828125 0.23046875 0.13515625 0.0171875
0 0.396875 0.23046875 0.1109375 0.0171875
0 0.196875 0.23046875 0.13125 0.01796875
0 0.29921875 0.23125 0.02890625 0.01953125
0 0.68671875 0.23125 0.12734375 0.02109375
0 0.27265625 0.2546875 0.08984375 0.01796875
0 0.56796875 0.25546875 0.14921875 0.021875
0 0.40234375 0.25546875 0.12734375 0.0203125
0 0.384375 0.27890625 0.05078125 0.01953125
0 0.5484375 0.2796875 0.22265625 0.01796875
0 0.3109375 0.2796875 0.05546875 0.01796875
0 0.23359375 0.2796875 0.0515625 0.01796875
0 0.26328125 0.3265625 0.1046875 0.01875
0 0.49453125 0.328125 0.253125 0.0171875
0 0.084375 0.37421875 0.05078125 0.0171875
0 0.29375 0.375 0.125 0.015625
0 0.1671875 0.37578125 0.0671875 0.0171875
0 0.46953125 0.37578125 0.14765625 0.0171875
0 0.634375 0.37578125 0.13046875 0.01875
0 0.51328125 0.3984375 0.146875 0.01953125
0 0.09453125 0.39921875 0.07421875 0.01640625
0 0.32109375 0.39921875 0.18671875 0.01796875
0 0.15703125 0.44609375 0.20859375 0.01953125
0 0.68984375 0.446875 0.08984375 0.0171875
0 0.78671875 0.446875 0.0515625 0.0171875
0 0.53828125 0.4484375 0.13125 0.01953125
0 0.36796875 0.4484375 0.05546875 0.01953125
0 0.09453125 0.4953125 0.07421875 0.01953125
0 0.17890625 0.4953125 0.046875 0.01953125
0 0.53125 0.51953125 0.0734375 0.01953125
0 0.7015625 0.5203125 0.0734375 0.01796875
0 0.79453125 0.5203125 0.03671875 0.01796875
0 0.33203125 0.5203125 0.01171875 0.0171875
0 0.3671875 0.52109375 0.01640625 0.0125
0 0.11875 0.54375 0.1265625 0.01953125
0 0.69296875 0.56796875 0.08828125 0.0171875
0 0.521875 0.56796875 0.08828125 0.0171875
0 0.3328125 0.56875 0.01015625 0.015625
0 0.79453125 0.56875 0.03671875 0.015625
0 0.3671875 0.56953125 0.01640625 0.01171875
0 0.09453125 0.59140625 0.0734375 0.01796875
0 0.1875 0.5921875 0.071875 0.01953125
0 0.528125 0.61484375 0.07578125 0.0171875
0 0.3296875 0.61484375 0.0140625 0.0171875
0 0.79453125 0.615625 0.03671875 0.01796875
0 0.7015625 0.615625 0.0734375 0.01796875
0 0.3671875 0.61640625 0.01640625 0.0109375
0 0.1015625 0.6609375 0.0875 0.01953125
0 0.27265625 0.66171875 0.01640625 0.01796875
0 0.20390625 0.66171875 0.07109375 0.01796875
0 0.10078125 0.68515625 0.0859375 0.01953125
0 0.4234375 0.68671875 0.0859375 0.01953125
0 0.76640625 0.68671875 0.08359375 0.0171875
0 0.26640625 0.6875 0.18359375 0.02109375
0 0.0828125 0.709375 0.0515625 0.0171875
0 0.3296875 0.7109375 0.084375 0.01953125
0 0.778125 0.7109375 0.06953125 0.01796875
0 0.196875 0.71015625 0.13046875 0.02109375
0 0.10078125 0.7328125 0.0859375 0.01953125
0 0.39609375 0.7328125 0.034375 0.01796875
0 0.76953125 0.73359375 0.08828125 0.0171875
0 0.26640625 0.73359375 0.18359375 0.01953125
0 0.48046875 0.734375 0.0859375 0.01953125
0 0.16328125 0.75703125 0.21015625 0.01953125
0 0.72109375 0.75859375 0.178125 0.01796875
0 0.09453125 0.80390625 0.07421875 0.0171875
0 0.76953125 0.8046875 0.0859375 0.01796875
0 0.084375 0.875 0.053125 0.01796875
0 0.52734375 0.875 0.18671875 0.01953125
0 0.196875 0.875 0.13046875 0.0203125
0 0.746875 0.875 0.1265625 0.0203125
0 0.3296875 0.89921875 0.0515625 0.01953125
0 0.07734375 0.8984375 0.03515625 0.01953125
0 0.578125 0.8984375 0.084375 0.0171875
0 0.77734375 0.8984375 0.07109375 0.01875
0 0.26640625 0.89921875 0.034375 0.01953125