0 0.6453125 0.21328125 0.19140625 0.021875
0 0.49453125 0.215625 0.05625 0.0203125
0 0.40390625 0.21484375 0.07734375 0.01953125
0 0.2953125 0.2171875 0.09921875 0.02109375
0 0.20546875 0.21796875 0.0359375 0.01953125
0 0.5578125 0.24296875 0.09609375 0.01875
0 0.6875 0.24296875 0.1125 0.0234375
0 0.23828125 0.24375 0.05625 0.01953125
0 0.32578125 0.24375 0.07109375 0.01953125
0 0.4359375 0.2453125 0.090625 0.021875
0 0.53046875 0.271875 0.15546875 0.01953125
0 0.37890625 0.27265625 0.09453125 0.01875
0 0.6109375 0.30234375 0.1578125 0.01953125
0 0.321875 0.303125 0.09921875 0.01875
0 0.446875 0.3046875 0.1109375 0.021875
0 0.621875 0.33125 0.1390625 0.01953125
0 0.3328125 0.33359375 0.15546875 0.01953125
0 0.48125 0.33359375 0.09609375 0.01953125
0 0.2625 0.36171875 0.0578125 0.02109375
0 0.61328125 0.3625 0.2390625 0.0203125
0 0.3421875 0.3625 0.05078125 0.01953125
0 0.41328125 0.3625 0.0375 0.01953125
0 0.28515625 0.39296875 0.1375 0.01953125
0 0.62265625 0.39296875 0.296875 0.0203125
0 0.3921875 0.39296875 0.0390625 0.01953125
0 0.16640625 0.45234375 0.1375 0.0203125
0 0.49453125 0.453125 0.11796875 0.01953125
0 0.81328125 0.453125 0.159375 0.01953125
0 0.134375 0.51171875 0.07890625 0.01953125
0 0.38515625 0.5125 0.1390625 0.01796875
0 0.2453125 0.5125 0.09765625 0.01796875
0 0.525 0.5125 0.09765625 0.01875
0 0.615625 0.5125 0.0359375 0.01796875
0 0.775 0.5125 0.15625 0.01796875
0 0.88515625 0.51640625 0.01640625 0.0125
0 0.20625 0.540625 0.0171875 0.01796875
0 0.25390625 0.540625 0.03984375 0.01796875
0 0.15546875 0.54140625 0.0390625 0.0203125
0 0.34453125 0.54140625 0.09921875 0.0203125
0 0.134375 0.5703125 0.07890625 0.02109375
0 0.27578125 0.57265625 0.1578125 0.0203125
0 0.45546875 0.57265625 0.15625 0.0203125
0 0.59453125 0.5734375 0.07734375 0.0203125
0 0.79296875 0.5734375 0.11796875 0.0203125
0 0.88359375 0.5765625 0.01875 0.01484375
0 0.1421875 0.63125 0.09453125 0.01875
0 0.2640625 0.63203125 0.09765625 0.01953125
0 0.43359375 0.63203125 0.19375 0.0203125
0 0.59140625 0.6328125 0.0734375 0.01953125
0 0.79375 0.63359375 0.1125 0.02109375
0 0.675 0.63359375 0.03984375 0.01796875
0 0.59453125 0.66328125 0.07890625 0.01875
0 0.6734375 0.6640625 0.03984375 0.01796875
0 0.79609375 0.6640625 0.11640625 0.01953125
0 0.57265625 0.69296875 0.121875 0.02109375
0 0.6734375 0.69296875 0.0375 0.02109375
0 0.8046875 0.69453125 0.09609375 0.0203125
0 0.12265625 0.75 0.05859375 0.0203125
0 0.509375 0.7515625 0.1953125 0.01875
0 0.8 0.753125 0.13515625 0.01875
0 0.24296875 0.75390625 0.1390625 0.02421875
0 0.19453125 0.77890625 0.0390625 0.0203125
0 0.553125 0.78046875 0.11640625 0.02109375
0 0.1046875 0.78203125 0.0203125 0.0140625
0 0.83515625 0.78203125 0.07890625 0.0203125
0 0.1921875 0.81015625 0.03984375 0.01953125
0 0.57265625 0.8109375 0.07890625 0.01953125
0 0.10234375 0.81171875 0.0203125 0.01484375
0 0.84453125 0.81171875 0.05625 0.01796875
0 0.24296875 0.9 0.09609375 0.01875
0 0.34921875 0.90078125 0.075 0.0203125
0 0.47109375 0.9015625 0.11875 0.01875
0 0.59296875 0.90390625 0.0765625 0.01328125
0 0.703125 0.9046875 0.09921875 0.0234375
0 0.22421875 0.9296875 0.05625 0.01796875
0 0.34453125 0.9296875 0.13671875 0.01875
0 0.13359375 0.93046875 0.08046875 0.02421875
0 0.46328125 0.93125 0.05234375 0.01796875
0 0.803125 0.9328125 0.13515625 0.015625
0 0.6125 0.93359375 0.19765625 0.0234375