0 0.38125 0.10078125 0.11015625 0.03984375
0 0.54453125 0.1046875 0.16015625 0.0578125
0 0.709375 0.1109375 0.11875 0.03984375
0 0.328125 0.16171875 0.08203125 0.0234375
0 0.4171875 0.16171875 0.06484375 0.0234375
0 0.559375 0.16171875 0.19453125 0.0234375
0 0.55078125 0.203125 0.1515625 0.0234375
0 0.35 0.203125 0.225 0.0234375
0 0.671875 0.2046875 0.05625 0.0265625
0 0.33046875 0.23984375 0.1078125 0.01953125
0 0.4453125 0.2421875 0.08671875 0.021875
0 0.57890625 0.2421875 0.1515625 0.021875
0 0.2890625 0.2796875 0.0953125 0.0234375
0 0.5875 0.2796875 0.22890625 0.0234375
0 0.40390625 0.2796875 0.1078125 0.0234375
0 0.4265625 0.31796875 0.10546875 0.021875
0 0.53125 0.31796875 0.0734375 0.021875
0 0.0984375 0.4125 0.07578125 0.025
0 0.171875 0.4125 0.0453125 0.025
0 0.3484375 0.415625 0.1703125 0.021875
0 0.0984375 0.453125 0.07578125 0.0234375
0 0.51953125 0.453125 0.1234375 0.0234375
0 0.35390625 0.45546875 0.18125 0.028125
0 0.62109375 0.45546875 0.03203125 0.021875
0 0.11484375 0.49140625 0.1125 0.021875
0 0.28203125 0.49140625 0.03671875 0.021875
0 0.63359375 0.53046875 0.084375 0.0234375
0 0.7875 0.53046875 0.140625 0.0234375
0 0.49375 0.53203125 0.0625 0.0265625
0 0.1890625 0.53359375 0.20078125 0.0296875
0 0.6328125 0.57734375 0.05625 0.03125
0 0.790625 0.57734375 0.05625 0.03125
0 0.11015625 0.609375 0.1078125 0.025
0 0.6125 0.609375 0.084375 0.021875
0 0.51484375 0.6109375 0.01953125 0.025
0 0.76328125 0.6125 0.1015625 0.025
0 0.4921875 0.66484375 0.078125 0.01953125
0 0.83984375 0.66640625 0.08671875 0.0234375
0 0.4796875 0.7046875 0.13828125 0.021875
0 0.3578125 0.7046875 0.0796875 0.021875
0 0.81640625 0.7078125 0.125 0.0296875
0 0.4578125 0.7421875 0.1421875 0.0234375
0 0.3359375 0.74375 0.07578125 0.01953125
0 0.828125 0.74375 0.10546875 0.0234375
0 0.8390625 0.7828125 0.08828125 0.021875
0 0.4640625 0.784375 0.125 0.025
0 0.25234375 0.84375 0.12109375 0.025
0 0.36796875 0.8453125 0.07109375 0.021875
0 0.62734375 0.8453125 0.26171875 0.028125
0 0.45234375 0.84921875 0.05390625 0.01640625
0 0.41484375 0.8828125 0.16015625 0.0234375
0 0.57265625 0.8828125 0.11640625 0.0234375
0 0.4890625 0.91953125 0.08828125 0.021875
0 0.34453125 0.921875 0.16171875 0.021875
0 0.628125 0.9234375 0.1515625 0.028125