0 0.48515625 0.0421875 0.184375 0.01953125
0 0.35546875 0.06875 0.11171875 0.0140625
0 0.55078125 0.0640625 0.23671875 0.021875
0 0.28828125 0.09140625 0.24765625 0.0171875
0 0.4625 0.08828125 0.05234375 0.0203125
0 0.49921875 0.0875 0.01796875 0.02109375
0 0.60546875 0.08515625 0.1703125 0.01875
0 0.746875 0.08359375 0.0578125 0.0203125
0 0.2984375 0.1125 0.21640625 0.015625
0 0.52265625 0.1078125 0.16484375 0.0171875
0 0.61484375 0.10625 0.0234375 0.01953125
0 0.70390625 0.1046875 0.1328125 0.0171875
0 0.35625 0.13125 0.15703125 0.015625
0 0.47734375 0.13046875 0.01796875 0.01640625
0 0.5890625 0.12890625 0.14296875 0.015625
0 0.22734375 0.15390625 0.18359375 0.01796875
0 0.40234375 0.15234375 0.096875 0.01875
0 0.646875 0.15078125 0.3046875 0.0171875
0 0.08515625 0.18671875 0.1109375 0.01484375
0 0.33515625 0.18515625 0.00625 0.01875
0 0.51875 0.184375 0.2734375 0.0171875
0 0.078125 0.21015625 0.1015625 0.01953125
0 0.33515625 0.2078125 0.0078125 0.015625
0 0.4921875 0.20625 0.22109375 0.01328125
0 0.15859375 0.23359375 0.05 0.0203125
0 0.33515625 0.23203125 0.00859375 0.015625
0 0.43515625 0.23046875 0.11328125 0.0140625
0 0.10234375 0.27109375 0.14375 0.0171875
0 0.56171875 0.26875 0.02109375 0.01953125
0 0.59765625 0.26875 0.0421875 0.0203125
0 0.75234375 0.26953125 0.01796875 0.01953125
0 0.8265625 0.26953125 0.11484375 0.0203125
0 0.13515625 0.32265625 0.20546875 0.0171875
0 0.1390625 0.3484375 0.20625 0.01875
0 0.70234375 0.32421875 0.0328125 0.021875
0 0.79921875 0.32421875 0.14765625 0.021875
0 0.66328125 0.35 0.028125 0.02265625
0 0.77734375 0.35078125 0.1796875 0.0234375
0 0.80546875 0.4015625 0.1375 0.0203125
0 0.10078125 0.39609375 0.12421875 0.0203125
0 0.23125 0.4203125 0.17890625 0.01796875
0 0.4375 0.4453125 0.08828125 0.02109375
0 0.1328125 0.475 0.175 0.0171875
0 0.2734375 0.47578125 0.04375 0.01640625
0 0.31484375 0.4765625 0.0125 0.015625
0 0.10859375 0.496875 0.075 0.0171875
0 0.17421875 0.52890625 0.04375 0.01875
0 0.21328125 0.52890625 0 0.01796875
0 0.27734375 0.5296875 0.09375 0.01953125
0 0.6578125 0.534375 0.0171875 0.0171875
0 0.72421875 0.53515625 0.04765625 0.0171875
0 0.76640625 0.53515625 0.01171875 0.0171875
0 0.8375 0.5359375 0.0984375 0.01796875
0 0.10546875 0.58125 0.1015625 0.0171875
0 0.19921875 0.58203125 0.03359375 0.01640625
0 0.23046875 0.58203125 0.0015625 0.015625
0 0.32578125 0.58359375 0.1640625 0.01796875
0 0.67890625 0.5890625 0.2609375 0.01796875
0 0.84296875 0.59140625 0.05625 0.01640625
0 0.096875 0.596875 0.0875 0.0171875
0 0.15390625 0.59765625 0 0.01640625
0 0.2203125 0.5984375 0.06875 0.0125
0 0.26796875 0.59921875 0.003125 0.01640625
0 0.4203125 0.6015625 0.0515625 0.0171875
0 0.14453125 0.6125 0.1828125 0.0140625
0 0.81875 0.6234375 0.08828125 0.01484375
0 0.46015625 0.63359375 0.09609375 0.0125
0 0.30546875 0.64765625 0.05078125 0.01484375
0 0.34609375 0.64921875 0.009375 0.0125
0 0.51015625 0.6515625 0.26796875 0.01640625
0 0.3046875 0.6625 0.04765625 0.0171875
0 0.40078125 0.66484375 0.09609375 0.01328125
0 0.4609375 0.66640625 0.00859375 0.0140625
0 0.53828125 0.66640625 0.09375 0.01484375
0 0.62421875 0.66875 0.03671875 0.01328125
0 0.734375 0.6921875 0.13046875 0.01484375
0 0.403125 0.70234375 0.15390625 0.01796875
0 0.55546875 0.7046875 0.05390625 0.0171875
0 0.215625 0.715625 0.0109375 0.015625
0 0.3109375 0.71796875 0.1265625 0.0140625
0 0.4109375 0.71875 0.03359375 0.01171875
0 0.49765625 0.7203125 0.09609375 0.01171875
0 0.6109375 0.72265625 0.096875 0.01328125
0 0.6890625 0.72421875 0.0109375 0.015625
0 0.25703125 0.73203125 0.12421875 0.01171875
0 0.42578125 0.734375 0.12421875 0.0125
0 0.4984375 0.7359375 0.00546875 0.01640625
0 0.6578125 0.7390625 0.1953125 0.0171875
0 0.134375 0.75 0.1390625 0.0171875
0 0.21796875 0.75078125 0.00078125 0.0140625
0 0.31015625 0.75234375 0.11953125 0.01640625
0 0.75078125 0.76015625 0.03125 0.015625
0 0.7796875 0.76015625 0.00859375 0.01484375
0 0.096875 0.76484375 0.06796875 0.015625
0 0.17109375 0.765625 0.03046875 0.015625
0 0.1984375 0.765625 0 0.01484375
0 0.30078125 0.7671875 0.134375 0.0171875
0 0.57109375 0.77109375 0.08828125 0.01484375
0 0.65390625 0.771875 0.02890625 0.01328125
0 0.6828125 0.77265625 0.00234375 0.0140625
0 0.7890625 0.77421875 0.1140625 0.01171875
0 0.08828125 0.78046875 0.0484375 0.0140625
0 0.1265625 0.78125 0.00078125 0.0140625
0 0.26640625 0.78203125 0.2125 0.015625
0 0.6375 0.7875 0.06640625 0.0140625
0 0.6890625 0.7875 0.0109375 0.01328125
0 0.775 0.7890625 0.14765625 0.015625
0 0.2828125 0.7984375 0.03046875 0.01484375
0 0.384375 0.79921875 0.12421875 0.01640625
0 0.56328125 0.8015625 0.1796875 0.0171875
0 0.31953125 0.81328125 0.065625 0.015625
0 0.43359375 0.81484375 0.1046875 0.015625
0 0.575 0.81796875 0.125 0.015625
0 0.3609375 0.8296875 0.06796875 0.01484375
0 0.49375 0.83203125 0.14765625 0.015625
0 0.334375 0.84453125 0.04921875 0.015625
0 0.51640625 0.84765625 0.0328125 0.01484375
0 0.54453125 0.8484375 0.003125 0.0140625
0 0.30859375 0.87421875 0.19375 0.0375
0 0.61640625 0.88125 0.21015625 0.03828125
0 0.440625 0.909375 0.1734375 0.01171875
0 0.59609375 0.91171875 0.1125 0.0109375
0 0.10078125 0.94140625 0.07109375 0.01796875
0 0.190625 0.94375 0.0453125 0.01796875
0 0.228125 0.94453125 0.00859375 0.0171875
0 0.2953125 0.94609375 0.09609375 0.01875
0 0.678125 0.95234375 0.02109375 0.0171875
0 0.7390625 0.95390625 0.040625 0.0171875
0 0.7875 0.9546875 0.0109375 0.0171875
0 0.8578125 0.95625 0.0953125 0.01875
0 0.41875 0.984375 0.04921875 0.01875
0 0.5765625 0.98671875 0.20078125 0.02109375
0 0.065625 0.23359375 0.0734375 0.0203125
0 0.09375 0.42109375 0.0484375 0.01953125
0 0.71953125 0.39921875 0.025 0.0109375
0 0.325 0.6 0.0953125 0.01328125
0 0.5546875 0.75625 0.3203125 0.0171875
0 0.8109375 0.7609375 0.04453125 0.00859375
0 0.42578125 0.84609375 0.09609375 0.01484375
0 0.5765625 0.85 0.0328125 0.0109375