0 0.490625 0.04609375 0.1859375 0.01875
0 0.35703125 0.0703125 0.11171875 0.01640625
0 0.55390625 0.06796875 0.228125 0.01484375
0 0.28671875 0.09453125 0.24765625 0.02109375
0 0.56640625 0.09296875 0.25078125 0.02109375
0 0.75078125 0.0890625 0.04921875 0.0171875
0 0.79140625 0.09765625 0.00625 0.0109375
0 0.30078125 0.1171875 0.221875 0.01640625
0 0.35859375 0.1375 0.1640625 0.015625
0 0.48046875 0.13671875 0.0203125 0.01640625
0 0.5921875 0.1359375 0.14140625 0.01640625
0 0.23046875 0.159375 0.18828125 0.01875
0 0.40625 0.159375 0.09921875 0.01875
0 0.65 0.159375 0.3 0.01875
0 0.08984375 0.19296875 0.1359375 0.01796875
0 0.340625 0.19296875 0.00625 0.0171875
0 0.5203125 0.19296875 0.271875 0.01640625
0 0.0765625 0.2171875 0.10234375 0.0171875
0 0.33984375 0.21640625 0.0046875 0.01796875
0 0.496875 0.21640625 0.2171875 0.0171875
0 0.06328125 0.24140625 0.07734375 0.0203125
0 0.16015625 0.240625 0.05078125 0.0203125
0 0.340625 0.240625 0.0125 0.015625
0 0.4375 0.2390625 0.1109375 0.0140625
0 0.1046875 0.278125 0.15625 0.01875
0 0.56328125 0.27734375 0.0203125 0.01796875
0 0.6 0.27734375 0.04140625 0.01796875
0 0.75234375 0.2796875 0.01796875 0.0203125
0 0.8234375 0.2796875 0.11171875 0.0203125
0 0.13984375 0.33125 0.2125 0.01953125
0 0.14296875 0.35546875 0.2140625 0.015625
0 0.70234375 0.3328125 0.03359375 0.02109375
0 0.7953125 0.3328125 0.140625 0.02109375
0 0.6640625 0.35703125 0.0265625 0.01875
0 0.77421875 0.35703125 0.1765625 0.01953125
0 0.80078125 0.40546875 0.13359375 0.01796875
0 0.10859375 0.403125 0.13046875 0.0171875
0 0.240625 0.42578125 0.1796875 0.0171875
0 0.446875 0.4484375 0.09609375 0.01875
0 0.14296875 0.478125 0.17109375 0.01875
0 0.2859375 0.47890625 0.04609375 0.01796875
0 0.33125 0.47890625 0.01796875 0.01796875
0 0.12109375 0.50078125 0.0734375 0.015625
0 0.1875 0.5296875 0.04375 0.01875
0 0.2234375 0.5296875 0.00625 0.01875
0 0.28828125 0.53046875 0.09765625 0.01953125
0 0.659375 0.53125 0.0203125 0.015625
0 0.7234375 0.53125 0.0484375 0.015625
0 0.7609375 0.53125 0.00546875 0.015625
0 0.8265625 0.53125 0.1 0.015625
0 0.1171875 0.58125 0.10390625 0.015625
0 0.2125 0.58125 0.0328125 0.015625
0 0.2421875 0.58125 0.00234375 0.015625
0 0.3359375 0.58125 0.1640625 0.01640625
0 0.684375 0.5828125 0.24375 0.0140625
0 0.83828125 0.5828125 0.0625 0.01328125
0 0.23671875 0.596875 0.07890625 0.0140625
0 0.33828125 0.596875 0.09375 0.0140625
0 0.43046875 0.59765625 0.05234375 0.0140625
0 0.15546875 0.61171875 0.1828125 0.0140625
0 0.81796875 0.6140625 0.0875 0.01484375
0 0.46953125 0.62890625 0.09140625 0.0140625
0 0.31875 0.64296875 0.05 0.01484375
0 0.35703125 0.64296875 0.003125 0.01484375
0 0.51875 0.64296875 0.26171875 0.015625
0 0.31875 0.6578125 0.05 0.0140625
0 0.41328125 0.65859375 0.08984375 0.0140625
0 0.47109375 0.65859375 0.00234375 0.0140625
0 0.54453125 0.65859375 0.0890625 0.0140625
0 0.63046875 0.65859375 0.03359375 0.0140625
0 0.73671875 0.68046875 0.12265625 0.01640625
0 0.3671875 0.69609375 0.05703125 0.015625
0 0.409375 0.69609375 0.009375 0.015625
0 0.4671875 0.69609375 0.0578125 0.015625
0 0.565625 0.69609375 0.05546875 0.015625
0 0.228125 0.71171875 0.01484375 0.01484375
0 0.32109375 0.71171875 0.121875 0.015625
0 0.42421875 0.71171875 0.03359375 0.01484375
0 0.5078125 0.7125 0.08671875 0.015625
0 0.61953125 0.7125 0.0890625 0.015625
0 0.69765625 0.7125 0.015625 0.01484375
0 0.27109375 0.7265625 0.125 0.01484375
0 0.4375 0.7265625 0.12421875 0.0140625
0 0.51171875 0.7265625 0.00625 0.0140625
0 0.66875 0.72734375 0.19296875 0.01484375
0 0.1484375 0.74765625 0.14296875 0.01484375
0 0.23203125 0.74765625 0.00234375 0.01484375
0 0.32578125 0.74765625 0.12265625 0.01484375
0 0.7609375 0.74765625 0.03515625 0.01484375
0 0.790625 0.74765625 0.01328125 0.01484375
0 0.81796875 0.74765625 0.0328125 0.01484375
0 0.109375 0.7625 0.07109375 0.01484375
0 0.184375 0.76171875 0.03359375 0.01484375
0 0.21328125 0.76171875 0.0046875 0.01484375
0 0.31484375 0.76171875 0.13984375 0.0140625
0 0.584375 0.76171875 0.09140625 0.0125
0 0.66640625 0.7609375 0.03359375 0.0125
0 0.69609375 0.7609375 0.00625 0.0125
0 0.7984375 0.76015625 0.11015625 0.0125
0 0.09921875 0.77734375 0.05234375 0.0140625
0 0.1390625 0.77734375 0.00234375 0.0140625
0 0.28046875 0.7765625 0.21484375 0.01328125
0 0.7015625 0.775 0.0109375 0.0125
0 0.78125 0.775 0.15078125 0.0125
0 0.296875 0.79140625 0.0359375 0.0125
0 0.3984375 0.79140625 0.1265625 0.0125
0 0.5765625 0.790625 0.18203125 0.0125
0 0.33359375 0.80703125 0.07109375 0.01328125
0 0.4453125 0.80625 0.1078125 0.01328125
0 0.5875 0.80625 0.12734375 0.01328125
0 0.3734375 0.82109375 0.071875 0.0140625
0 0.50703125 0.82109375 0.14921875 0.0140625
0 0.52734375 0.83671875 0.03515625 0.0140625
0 0.55703125 0.83671875 0.003125 0.0140625
0 0.31640625 0.8671875 0.20390625 0.02421875
0 0.62421875 0.86796875 0.2125 0.02421875
0 0.4515625 0.89921875 0.175 0.00859375
0 0.60546875 0.9 0.115625 0.01015625
0 0.10078125 0.9390625 0.075 0.0171875
0 0.19296875 0.93984375 0.0484375 0.0171875
0 0.23046875 0.93984375 0.01328125 0.0171875
0 0.30078125 0.93984375 0.10390625 0.0171875
0 0.6859375 0.93828125 0.02578125 0.015625
0 0.790625 0.93828125 0.01484375 0.01640625
0 0.86015625 0.9375 0.09765625 0.015625
0 0.58125 0.9734375 0.20703125 0.01953125
0 0.52734375 0.115625 0.165625 0.0171875
0 0.7109375 0.1140625 0.13828125 0.01953125
0 0.0984375 0.42734375 0.05546875 0.01953125
0 0.71796875 0.403125 0.025 0.0109375
0 0.096875 0.5296875 0.078125 0.015625
0 0.565625 0.746875 0.3171875 0.01328125
0 0.65078125 0.77578125 0.078125 0.0125
0 0.403125 0.83671875 0.16875 0.0140625
0 0.5875 0.83828125 0.03515625 0.0140625
0 0.746875 0.93828125 0.05546875 0.01484375
0 0.42109375 0.97578125 0.0625 0.01796875
0 0.334375 0.975 0.06015625 0.01796875