0 0.6546875 0.06953125 0.27578125 0.015625
0 0.4453125 0.06953125 0.11015625 0.01328125
0 0.30625 0.07109375 0.1296875 0.01328125
0 0.15859375 0.071875 0.13203125 0.01484375
0 0.35703125 0.090625 0.05625 0.0109375
0 0.509375 0.09140625 0.22109375 0.01328125
0 0.2859375 0.09140625 0.0609375 0.01328125
0 0.421875 0.10703125 0.09921875 0.0109375
0 0.55234375 0.10703125 0.1375 0.0109375
0 0.67890625 0.10703125 0.08359375 0.01015625
0 0.290625 0.10703125 0.01875 0.01015625
0 0.253125 0.1078125 0.0328125 0.01015625
0 0.33671875 0.10859375 0.04296875 0.0125
0 0.18984375 0.10859375 0.0546875 0.01015625
0 0.3234375 0.12421875 0.0875 0.0109375
0 0.7140625 0.12421875 0.0328125 0.009375
0 0.60390625 0.125 0.15625 0.01015625
0 0.2078125 0.125 0.115625 0.01171875
0 0.44765625 0.125 0.12734375 0.0125
0 0.721875 0.13984375 0.028125 0.00859375
0 0.67890625 0.140625 0.028125 0.009375
0 0.55703125 0.14140625 0.184375 0.01015625
0 0.29609375 0.14140625 0.08671875 0.01015625
0 0.4 0.14140625 0.1 0.01171875
0 0.19453125 0.1421875 0.09140625 0.0109375
0 0.70234375 0.15625 0.21484375 0.01171875
0 0.53203125 0.15625 0.0625 0.0109375
0 0.3375 0.1578125 0.21484375 0.0109375
0 0.16640625 0.15859375 0.05859375 0.01015625
0 0.55625 0.1765625 0.2234375 0.0109375
0 0.31796875 0.178125 0.06875 0.0109375
0 0.38828125 0.178125 0.04453125 0.0109375
0 0.45078125 0.209375 0.07890625 0.01171875
0 0.58046875 0.209375 0.1546875 0.01171875
0 0.3515625 0.21015625 0.09765625 0.01171875
0 0.95703125 0.24375 0.05859375 0.0296875
0 0.96875 0.2625 0.059375 0.01171875
0 0.9640625 0.27890625 0.04296875 0.04296875
0 0.9671875 0.30625 0.04296875 0.0125
0 0.309375 0.36171875 0.19453125 0.0109375
0 0.153125 0.36171875 0.059375 0.01015625
0 0.175 0.38046875 0.1 0.00703125
0 0.7765625 0.38203125 0.16015625 0.009375
0 0.64296875 0.3828125 0.07890625 0.009375
0 0.22734375 0.39609375 0.08671875 0.009375
0 0.12734375 0.396875 0.05078125 0.0078125
0 0.759375 0.39921875 0.12578125 0.009375
0 0.64375 0.4 0.0796875 0.01015625
0 0.8390625 0.4234375 0.08515625 0.01171875
0 0.66640625 0.4234375 0.09296875 0.01171875
0 0.8234375 0.4359375 0.1140625 0.01015625
0 0.66640625 0.4359375 0.0671875 0.00859375
0 0.4859375 0.43671875 0.06484375 0.009375
0 0.35234375 0.43984375 0.05703125 0.0125
0 0.8453125 0.45234375 0.0765625 0.0109375
0 0.48671875 0.453125 0.0609375 0.009375
0 0.66640625 0.453125 0.0671875 0.01015625
0 0.35078125 0.453125 0.015625 0.009375
0 0.16484375 0.453125 0.0765625 0.009375
0 0.5234375 0.46953125 0.15 0.009375
0 0.64296875 0.46953125 0.06875 0.009375
0 0.28046875 0.46953125 0.17890625 0.01015625
0 0.41015625 0.46953125 0.059375 0.01015625
0 0.153125 0.4703125 0.046875 0.009375
0 0.846875 0.48671875 0.07265625 0.009375
0 0.66640625 0.48828125 0.06484375 0.009375
0 0.48671875 0.48828125 0.06328125 0.009375
0 0.35078125 0.48828125 0.015625 0.009375
0 0.2 0.48828125 0.14609375 0.01015625
0 0.68828125 0.5046875 0.06953125 0.009375
0 0.5921875 0.5046875 0.096875 0.01015625
0 0.47109375 0.50546875 0.11328125 0.009375
0 0.13359375 0.5046875 0.0125 0.009375
0 0.2765625 0.5046875 0.25 0.01015625
0 0.85703125 0.52265625 0.05703125 0.009375
0 0.66640625 0.52265625 0.0625 0.009375
0 0.48671875 0.5234375 0.0609375 0.00859375
0 0.35078125 0.5234375 0.01015625 0.00859375
0 0.20234375 0.5234375 0.14765625 0.01015625
0 0.8015625 0.5390625 0.09140625 0.009375
0 0.55546875 0.540625 0.178125 0.009375
0 0.7 0.540625 0.08359375 0.01015625
0 0.346875 0.540625 0.20859375 0.01015625
0 0.13515625 0.540625 0.01640625 0.00859375
0 0.19375 0.540625 0.075 0.009375
0 0.85859375 0.5578125 0.05859375 0.009375
0 0.66640625 0.55859375 0.0625 0.009375
0 0.48828125 0.55859375 0.0625 0.009375
0 0.3515625 0.55859375 0.01640625 0.00859375
0 0.1921875 0.559375 0.12734375 0.0109375
0 0.6984375 0.575 0.13828125 0.009375
0 0.5140625 0.575 0.20234375 0.01015625
0 0.14453125 0.575 0.028125 0.009375
0 0.3625 0.575 0.07265625 0.0109375
0 0.24140625 0.57578125 0.1421875 0.0109375
0 0.85859375 0.59296875 0.0609375 0.009375
0 0.66875 0.59296875 0.0609375 0.00859375
0 0.48828125 0.59453125 0.0625 0.009375
0 0.3515625 0.59453125 0.01640625 0.009375
0 0.1921875 0.59453125 0.12734375 0.01015625
0 0.6984375 0.609375 0.13828125 0.01015625
0 0.5140625 0.61015625 0.20234375 0.01015625
0 0.3625 0.61015625 0.07265625 0.01015625
0 0.14453125 0.61015625 0.02578125 0.00859375
0 0.24140625 0.61015625 0.1421875 0.01015625
0 0.85078125 0.62578125 0.0796875 0.01015625
0 0.353125 0.62734375 0.0328125 0.009375
0 0.24140625 0.628125 0.07890625 0.01015625
0 0.15859375 0.628125 0.06328125 0.01015625
0 0.84140625 0.66640625 0.08125 0.01015625
0 0.60390625 0.66796875 0.075 0.009375
0 0.52890625 0.66796875 0.0546875 0.00859375
0 0.325 0.66875 0.14453125 0.01171875
0 0.44921875 0.66875 0.0796875 0.01171875
0 0.8515625 0.6875 0.06328125 0.0109375
0 0.5796875 0.68984375 0.12578125 0.009375
0 0.853125 0.709375 0.0625 0.01015625
0 0.61015625 0.709375 0.06875 0.01015625
0 0.52578125 0.71015625 0.075 0.0109375
0 0.84296875 0.73046875 0.07734375 0.01171875
0 0.5453125 0.73359375 0.190625 0.01484375
0 0.828125 0.7515625 0.10546875 0.01171875
0 0.59375 0.753125 0.0953125 0.01171875
0 0.82890625 0.77265625 0.10546875 0.01171875
0 0.584375 0.77265625 0.1171875 0.01171875
0 0.8453125 0.79140625 0.08125 0.01171875
0 0.56640625 0.79375 0.15 0.0140625
0 0.278125 0.84453125 0.246875 0.0125
0 0.8484375 0.87734375 0.07890625 0.0109375
0 0.60234375 0.878125 0.15 0.01171875
0 0.18828125 0.8796875 0.096875 0.0109375
0 0.3921875 0.8796875 0.0265625 0.0109375
0 0.85078125 0.89296875 0.075 0.01171875
0 0.62734375 0.89453125 0.09765625 0.01171875
0 0.39609375 0.8953125 0.01875 0.0109375
0 0.85078125 0.91484375 0.075 0.01171875
0 0.62734375 0.915625 0.1 0.01171875
0 0.346875 0.91640625 0.1171875 0.01171875
0 0.66640625 0.95625 0.225 0.0109375
0 0.5078125 0.95703125 0.0671875 0.01015625
0 0.42734375 0.95703125 0.0671875 0.01015625
0 0.21796875 0.9578125 0.12578125 0.009375
0 0.3375 0.9578125 0.0875 0.009375
0 0.5234375 0.97265625 0.08125 0.009375
0 0.41953125 0.97421875 0.109375 0.009375