0 0.13671875 0.1328125 0.10703125 0.0203125
0 0.253125 0.134375 0.07734375 0.01953125
0 0.43359375 0.1375 0.25 0.0203125
0 0.0953125 0.159375 0.0328125 0.0203125
0 0.18828125 0.16015625 0.12265625 0.02109375
0 0.34921875 0.16328125 0.16796875 0.02109375
0 0.49453125 0.16484375 0.09453125 0.01875
0 0.56875 0.16484375 0.0328125 0.021875
0 0.13359375 0.184375 0.10859375 0.0203125
0 0.25859375 0.1875 0.103125 0.01953125
0 0.57109375 0.1890625 0.2171875 0.0203125
0 0.384375 0.18984375 0.11953125 0.02265625
0 0.2984375 0.2125 0.23515625 0.021875
0 0.21171875 0.23671875 0.06796875 0.0203125
0 0.3921875 0.23984375 0.259375 0.021875
0 0.1359375 0.2859375 0.10546875 0.01875
0 0.16640625 0.33828125 0.171875 0.0203125
0 0.27890625 0.340625 0.0328125 0.0203125
0 0.4296875 0.3421875 0.2296875 0.0203125
0 0.78828125 0.34296875 0.203125 0.01796875
0 0.61328125 0.34375 0.11015625 0.01796875
0 0.23984375 0.36484375 0.315625 0.02421875
0 0.5625 0.36875 0.1046875 0.01796875
0 0.71171875 0.36875 0.15625 0.01796875
0 0.18828125 0.38984375 0.215625 0.02109375
0 0.12734375 0.44140625 0.09140625 0.01875
0 0.39140625 0.44453125 0.08359375 0.01875
0 0.5234375 0.4453125 0.06484375 0.01796875
0 0.678125 0.44609375 0.175 0.01796875
0 0.19140625 0.4671875 0.215625 0.021875
0 0.43359375 0.47109375 0.0609375 0.01953125
0 0.69375 0.471875 0.0984375 0.0203125
0 0.55390625 0.471875 0.07734375 0.0203125
0 0.16953125 0.49296875 0.18046875 0.021875
0 0.3234375 0.4953125 0.09453125 0.0203125
0 0.45546875 0.496875 0.1328125 0.01953125
0 0.56875 0.4984375 0.0703125 0.01875
0 0.659375 0.4984375 0.075 0.01875
0 0.20078125 0.51796875 0.24140625 0.021875
0 0.41953125 0.52109375 0.0125 0.01796875
0 0.69375 0.52265625 0.0984375 0.01953125
0 0.54296875 0.52265625 0.0984375 0.01953125
0 0.1984375 0.5453125 0.2328125 0.021875
0 0.4109375 0.54765625 0.16484375 0.0203125
0 0.546875 0.54765625 0.07734375 0.01875
0 0.84296875 0.54765625 0.103125 0.01875
0 0.6890625 0.5484375 0.1734375 0.0203125
0 0.1890625 0.5703125 0.2171875 0.02109375
0 0.40859375 0.571875 0.01015625 0.01640625
0 0.53125 0.57265625 0.1 0.0203125
0 0.68203125 0.57265625 0.1 0.0203125
0 0.2109375 0.59609375 0.2609375 0.0203125
0 0.43671875 0.5984375 0.16484375 0.0203125
0 0.14296875 0.646875 0.12578125 0.01875
0 0.3203125 0.6484375 0.203125 0.01953125
0 0.565625 0.65078125 0.06171875 0.0171875
0 0.19140625 0.69765625 0.215625 0.02109375
0 0.41328125 0.7 0.1015625 0.0203125
0 0.1296875 0.7234375 0.09296875 0.0203125
0 0.34921875 0.725 0.07734375 0.01953125
0 0.1234375 0.75 0.08359375 0.01875
0 0.34921875 0.75078125 0.075 0.01953125
0 0.1171875 0.7734375 0.0734375 0.01953125
0 0.340625 0.7765625 0.07734375 0.01953125
0 0.1140625 0.80078125 0.06484375 0.01953125
0 0.2296875 0.80234375 0.13515625 0.01953125
0 0.42421875 0.803125 0.07734375 0.0203125
0 0.09140625 0.825 0.02265625 0.01953125
0 0.1953125 0.8265625 0.02109375 0.0203125
0 0.365625 0.82734375 0.1 0.0203125
0 0.134375 0.85234375 0.10703125 0.01953125
0 0.36171875 0.853125 0.1 0.01875
0 0.165625 0.87734375 0.16796875 0.021875
0 0.4015625 0.87890625 0.07734375 0.01875
0 0.15546875 0.9296875 0.15078125 0.01953125
0 0.2984375 0.93046875 0.10859375 0.01875
0 0.40390625 0.93046875 0.08046875 0.01875
0 0.5015625 0.93046875 0.08359375 0.01875
0 0.69453125 0.9328125 0.271875 0.021875
0 0.146875 0.95390625 0.13515625 0.0203125
0 0.275 0.95546875 0.090625 0.01953125