0 0.196875 0.125 0.19921875 0.01796875
0 0.4484375 0.125 0.265625 0.01796875
0 0.7421875 0.1265625 0.278125 0.01875
0 0.4921875 0.1484375 0.18125 0.01796875
0 0.3546875 0.175 0.065625 0.0140625
0 0.53671875 0.17578125 0.06328125 0.0140625
0 0.62265625 0.17578125 0.071875 0.01484375
0 0.4484375 0.17578125 0.08671875 0.01484375
0 0.4046875 0.19921875 0.1671875 0.01484375
0 0.58046875 0.20078125 0.159375 0.0140625
0 0.36796875 0.2234375 0.0671875 0.01328125
0 0.5703125 0.2234375 0.15859375 0.01328125
0 0.446875 0.22421875 0.0609375 0.01328125
0 0.46484375 0.25 0.11328125 0.01484375
0 0.3453125 0.25 0.09921875 0.01484375
0 0.61171875 0.25 0.15234375 0.01484375
0 0.71953125 0.27421875 0.2140625 0.01484375
0 0.35625 0.27421875 0.2140625 0.0140625
0 0.5484375 0.27421875 0.0640625 0.0140625
0 0.1859375 0.27421875 0.06328125 0.0140625
0 0.259375 0.29765625 0.08046875 0.01328125
0 0.71953125 0.2984375 0.08125 0.0140625
0 0.4921875 0.3 0.3390625 0.01796875
0 0.3953125 0.3234375 0.0296875 0.0125
0 0.32890625 0.3234375 0.0671875 0.01328125
0 0.56484375 0.3234375 0.24296875 0.01328125
0 0.53359375 0.35546875 0.159375 0.015625
0 0.4015625 0.35546875 0.07265625 0.01484375
0 0.1453125 0.38515625 0.04375 0.01484375
0 0.4109375 0.38515625 0.21171875 0.01484375
0 0.07734375 0.3859375 0.06015625 0.01484375
0 0.6859375 0.3859375 0.08046875 0.01484375
0 0.84375 0.3859375 0.18203125 0.01484375
0 0.1078125 0.4109375 0.1265625 0.01484375
0 0.3546875 0.4109375 0.09296875 0.01484375
0 0.6828125 0.4109375 0.0828125 0.01484375
0 0.82578125 0.41171875 0.1359375 0.01328125
0 0.6828125 0.4390625 0.05703125 0.01484375
0 0.146875 0.440625 0.19453125 0.01796875
0 0.6078125 0.4765625 0.0859375 0.01484375
0 0.79375 0.4765625 0.08359375 0.01484375
0 0.6078125 0.4921875 0.10078125 0.01171875
0 0.78125 0.49296875 0.1078125 0.01171875
0 0.4640625 0.49296875 0.1015625 0.01171875
0 0.90546875 0.49296875 0.0546875 0.01171875
0 0.07421875 0.49453125 0.0640625 0.01328125
0 0.33046875 0.49453125 0.0515625 0.01640625
0 0.63046875 0.51640625 0.0296875 0.0125
0 0.07734375 0.51640625 0.0671875 0.0125
0 0.3328125 0.51640625 0.0140625 0.0125
0 0.44375 0.51640625 0.03125 0.0125
0 0.7796875 0.5171875 0.03203125 0.0125
0 0.584375 0.5171875 0.0265625 0.01171875
0 0.91015625 0.5171875 0.03828125 0.0125
0 0.4875 0.5171875 0.0296875 0.0125
0 0.053125 0.54140625 0.0140625 0.01328125
0 0.103125 0.54140625 0.05859375 0.0125
0 0.19375 0.54140625 0.09609375 0.0125
0 0.34375 0.54140625 0.17578125 0.0125
0 0.7984375 0.5671875 0.0890625 0.0140625
0 0.12734375 0.56796875 0.07890625 0.01484375
0 0.33203125 0.56796875 0.01953125 0.01484375
0 0.20625 0.56953125 0.06171875 0.01875
0 0.21484375 0.60859375 0.07421875 0.0140625
0 0.3078125 0.60859375 0.08671875 0.0140625
0 0.7984375 0.60859375 0.0890625 0.0140625
0 0.57890625 0.61015625 0.08359375 0.01640625
0 0.4 0.61015625 0.0671875 0.0171875
0 0.51328125 0.61171875 0.02265625 0.0140625
0 0.809375 0.63984375 0.06875 0.01328125
0 0.5515625 0.63984375 0.13671875 0.01328125
0 0.58515625 0.6703125 0.06953125 0.01328125
0 0.5 0.6703125 0.075 0.01328125
0 0.81015625 0.6703125 0.0671875 0.01328125
0 0.8109375 0.7015625 0.06953125 0.01484375
0 0.5484375 0.703125 0.1453125 0.0171875
0 0.253125 0.73359375 0.090625 0.01328125
0 0.509375 0.73359375 0.034375 0.01328125
0 0.15 0.73359375 0.0859375 0.01328125
0 0.8015625 0.734375 0.0890625 0.01328125
0 0.396875 0.73515625 0.16953125 0.01640625
0 0.58046875 0.7359375 0.08671875 0.0171875
0 0.8 0.76484375 0.08984375 0.01484375
0 0.56953125 0.76484375 0.10078125 0.01328125
0 0.81015625 0.78828125 0.06953125 0.01328125
0 0.55546875 0.790625 0.13359375 0.01640625
0 0.1453125 0.84375 0.071875 0.01328125
0 0.28828125 0.84453125 0.1875 0.01328125
0 0.146875 0.87265625 0.06171875 0.01484375
0 0.77890625 0.8734375 0.05859375 0.01484375
0 0.53984375 0.8734375 0.0671875 0.0140625
0 0.86328125 0.8734375 0.07890625 0.01640625
0 0.396875 0.87421875 0.02578125 0.01640625
0 0.62578125 0.875 0.078125 0.0171875
0 0.2375 0.87578125 0.084375 0.02421875
0 0.646875 0.8953125 0.0296875 0.01171875
0 0.3953125 0.8953125 0.01640625 0.01328125
0 0.140625 0.89609375 0.0453125 0.01484375
0 0.5953125 0.89609375 0.03828125 0.01328125
0 0.86953125 0.89609375 0.0640625 0.01484375
0 0.61953125 0.92109375 0.0890625 0.01328125
0 0.36796875 0.92109375 0.090625 0.0140625
0 0.86953125 0.921875 0.0640625 0.01328125
0 0.57109375 0.96640625 0.2 0.0125
0 0.42578125 0.96640625 0.05703125 0.01171875
0 0.8390625 0.96640625 0.06328125 0.0125
0 0.3546875 0.96640625 0.05703125 0.0125
0 0.27421875 0.96640625 0.07890625 0.0125
0 0.159375 0.96640625 0.115625 0.0125
0 0.74375 0.9671875 0.090625 0.01171875