0 0.24921875 0.1265625 0.14296875 0.0171875
0 0.42109375 0.12734375 0.159375 0.01640625
0 0.57265625 0.12890625 0.10859375 0.01640625
0 0.72890625 0.12890625 0.16953125 0.0171875
0 0.4953125 0.146875 0.2671875 0.01484375
0 0.3125 0.16796875 0.0671875 0.0125
0 0.38828125 0.16875 0.0578125 0.0125
0 0.48359375 0.16875 0.11015625 0.01328125
0 0.6328125 0.16953125 0.15703125 0.01328125
0 0.29921875 0.18984375 0.1 0.0125
0 0.4453125 0.19140625 0.1640625 0.0140625
0 0.64375 0.19140625 0.2078125 0.01328125
0 0.18828125 0.225 0.06484375 0.0125
0 0.359375 0.2265625 0.21640625 0.01328125
0 0.55234375 0.22734375 0.065625 0.0125
0 0.715625 0.22734375 0.2328125 0.01328125
0 0.33359375 0.25 0.071875 0.01328125
0 0.39921875 0.25 0.03359375 0.0125
0 0.56875 0.25 0.246875 0.01328125
0 0.40546875 0.2765625 0.071875 0.01328125
0 0.5375 0.27734375 0.1609375 0.01328125
0 0.06875 0.29609375 0.040625 0.0125
0 0.12265625 0.29609375 0.03984375 0.0125
0 0.08828125 0.3203125 0.08203125 0.0125
0 0.1921875 0.32109375 0.10234375 0.0125
0 0.30546875 0.32109375 0.0984375 0.0125
0 0.4796875 0.321875 0.22734375 0.0140625
0 0.0734375 0.340625 0.05078125 0.0125
0 0.19765625 0.34140625 0.10859375 0.0125
0 0.12265625 0.34140625 0.0140625 0.01328125
0 0.315625 0.34140625 0.103125 0.0125
0 0.38984375 0.34140625 0.0171875 0.0125
0 0.10859375 0.36015625 0.12265625 0.01328125
0 0.23125 0.36171875 0.09609375 0.0125
0 0.34140625 0.36171875 0.1015625 0.0125
0 0.1265625 0.38359375 0.15625 0.01328125
0 0.3171875 0.384375 0.1984375 0.01328125
0 0.1546875 0.40546875 0.21640625 0.01328125
0 0.1453125 0.42578125 0.0453125 0.01328125
0 0.0796875 0.42578125 0.0625 0.01328125
0 0.4140625 0.42734375 0.2109375 0.0125
0 0.68984375 0.428125 0.08203125 0.01328125
0 0.8484375 0.42890625 0.18203125 0.0125
0 0.10859375 0.45 0.12734375 0.01484375
0 0.3578125 0.45078125 0.09453125 0.01328125
0 0.6859375 0.4515625 0.08515625 0.01328125
0 0.82890625 0.45234375 0.13671875 0.0125
0 0.1453125 0.47421875 0.1984375 0.01640625
0 0.6921875 0.47578125 0.071875 0.0125
0 0.60859375 0.5078125 0.0859375 0.01484375
0 0.796875 0.50859375 0.08515625 0.01484375
0 0.07578125 0.521875 0.0625 0.0125
0 0.46640625 0.52265625 0.1046875 0.0125
0 0.609375 0.52265625 0.1046875 0.0125
0 0.78203125 0.52421875 0.1140625 0.0125
0 0.33046875 0.52421875 0.0546875 0.01484375
0 0.91953125 0.525 0.0515625 0.0109375
0 0.09921875 0.54140625 0.09921875 0.0109375
0 0.4671875 0.5421875 0.07421875 0.01171875
0 0.3328125 0.5421875 0.0171875 0.0125
0 0.61015625 0.54375 0.0765625 0.01328125
0 0.7953125 0.54375 0.09296875 0.01171875
0 0.92578125 0.54375 0.0390625 0.0109375
0 0.09609375 0.56328125 0.09921875 0.0109375
0 0.20859375 0.5640625 0.09609375 0.0109375
0 0.296875 0.5640625 0.053125 0.0109375
0 0.353125 0.565625 0.040625 0.0125
0 0.12734375 0.5859375 0.07890625 0.0140625
0 0.33046875 0.5859375 0.0171875 0.0125
0 0.2078125 0.58828125 0.0625 0.01640625
0 0.79453125 0.58828125 0.1078125 0.01328125
0 0.31015625 0.6234375 0.08046875 0.0125
0 0.21328125 0.6234375 0.07578125 0.0125
0 0.44453125 0.62578125 0.1609375 0.01640625
0 0.7921875 0.62578125 0.1046875 0.0125
0 0.58046875 0.6265625 0.08515625 0.015625
0 0.5546875 0.65234375 0.1390625 0.0125
0 0.81171875 0.653125 0.06796875 0.0125
0 0.5875 0.67890625 0.071875 0.0125
0 0.50234375 0.67890625 0.07890625 0.01328125
0 0.8125 0.6796875 0.06875 0.0125
0 0.8125 0.70546875 0.06875 0.0125
0 0.54921875 0.70703125 0.14765625 0.015625
0 0.1484375 0.73125 0.0859375 0.01328125
0 0.25234375 0.73203125 0.09375 0.0125
0 0.51015625 0.7328125 0.03359375 0.0125
0 0.396875 0.734375 0.17109375 0.015625
0 0.790625 0.734375 0.1078125 0.0125
0 0.5828125 0.73515625 0.0859375 0.015625
0 0.571875 0.7609375 0.1015625 0.01328125
0 0.790625 0.7609375 0.1078125 0.0125
0 0.81015625 0.78203125 0.06796875 0.0125
0 0.55546875 0.7828125 0.13671875 0.01640625
0 0.14765625 0.8265625 0.0734375 0.01328125
0 0.2890625 0.82734375 0.18515625 0.0140625
0 0.1453125 0.853125 0.06015625 0.0125
0 0.2328125 0.853125 0.090625 0.01328125
0 0.78046875 0.85546875 0.059375 0.01328125
0 0.39609375 0.85546875 0.02890625 0.015625
0 0.5875 0.85625 0.1640625 0.01640625
0 0.8640625 0.85703125 0.0796875 0.01484375
0 0.140625 0.8734375 0.04609375 0.0125
0 0.39609375 0.87421875 0.01796875 0.0125
0 0.61484375 0.875 0.10703125 0.0125
0 0.86953125 0.87578125 0.06875 0.0125
0 0.37421875 0.89765625 0.10703125 0.0140625
0 0.61015625 0.89765625 0.1109375 0.0125
0 0.86875 0.8984375 0.06796875 0.0125
0 0.15859375 0.9359375 0.11640625 0.0109375
0 0.27109375 0.93671875 0.0828125 0.0109375
0 0.353125 0.93671875 0.0625 0.0109375
0 0.4296875 0.93671875 0.06328125 0.0109375
0 0.74375 0.93828125 0.1 0.0109375
0 0.578125 0.93828125 0.2078125 0.01328125
0 0.8390625 0.93828125 0.0671875 0.0109375
0 0.49140625 0.9640625 0.2109375 0.01484375