0 0.07109375 0.09296875 0.09296875 0.015625
0 0.52890625 0.09375 0.05546875 0.015625
0 0.60703125 0.09375 0.05546875 0.015625
0 0.18515625 0.09453125 0.09296875 0.015625
0 0.29140625 0.09453125 0.07578125 0.015625
0 0.43515625 0.09453125 0.09453125 0.015625
0 0.35703125 0.0953125 0.01640625 0.0140625
0 0.11640625 0.115625 0.18203125 0.0203125
0 0.1 0.1359375 0.15078125 0.01640625
0 0.490625 0.1390625 0.09140625 0.015625
0 0.375 0.1390625 0.09296875 0.015625
0 0.25234375 0.1390625 0.11484375 0.015625
0 0.04921875 0.159375 0.05 0.0140625
0 0.18515625 0.159375 0.09296875 0.01640625
0 0.11015625 0.159375 0.0125 0.015625
0 0.35625 0.1609375 0.0125 0.01328125
0 0.29140625 0.16015625 0.0703125 0.015625
0 0.05078125 0.18046875 0.05234375 0.015625
0 0.1484375 0.18125 0.09140625 0.015625
0 0.2515625 0.18203125 0.07421875 0.015625
0 0.346875 0.1828125 0.07421875 0.01796875
0 0.71796875 0.20234375 0.09296875 0.015625
0 0.20390625 0.20390625 0.09296875 0.015625
0 0.51796875 0.203125 0.07421875 0.015625
0 0.44140625 0.20390625 0.03671875 0.0140625
0 0.6203125 0.20390625 0.0875 0.01796875
0 0.07734375 0.20390625 0.10625 0.01796875
0 0.3375 0.2046875 0.128125 0.01796875
0 0.25078125 0.22578125 0.45546875 0.01875
0 0.0515625 0.246875 0.0515625 0.01484375
0 0.2375 0.24765625 0.20234375 0.015625
0 0.0515625 0.26796875 0.05390625 0.0140625
0 0.24140625 0.26796875 0.21015625 0.01484375
0 0.04765625 0.3109375 0.05546875 0.0140625
0 0.115625 0.31171875 0.03203125 0.01484375
0 0.30625 0.3125 0.2265625 0.01484375
0 0.33359375 0.35546875 0.05546875 0.015625
0 0.44921875 0.35546875 0.128125 0.015625
0 0.0953125 0.39765625 0.14921875 0.015625
0 0.32421875 0.39921875 0.17890625 0.01796875
0 0.0546875 0.41953125 0.06875 0.0140625
0 0.14375 0.4203125 0.05546875 0.0140625
0 0.228125 0.4203125 0.07265625 0.0140625
0 0.3234375 0.4203125 0.07578125 0.01484375
0 0.7453125 0.46171875 0.0671875 0.01484375
0 0.61796875 0.4625 0.13046875 0.015625
0 0.046875 0.4625 0.05546875 0.015625
0 0.4015625 0.4640625 0.1078125 0.015625
0 0.2671875 0.4640625 0.03515625 0.0140625
0 0.16171875 0.4640625 0.1296875 0.015625
0 0.8265625 0.4828125 0.20625 0.0171875
0 0.6171875 0.484375 0.1671875 0.015625
0 0.09296875 0.484375 0.1484375 0.01484375
0 0.49296875 0.484375 0.03515625 0.01484375
0 0.259375 0.48515625 0.12265625 0.0171875
0 0.4 0.48515625 0.1078125 0.01484375
0 0.7609375 0.50546875 0.03671875 0.015625
0 0.64609375 0.50546875 0.14921875 0.01484375
0 0.11328125 0.50703125 0.1890625 0.015625
0 0.703125 0.528125 0.0671875 0.0171875
0 0.03515625 0.5703125 0.03515625 0.01484375
0 0.18828125 0.5703125 0.225 0.01484375
0 0.36015625 0.5703125 0.07421875 0.01484375
0 0.4828125 0.5703125 0.09296875 0.01484375
0 0.76015625 0.590625 0.03515625 0.015625
0 0.67421875 0.59140625 0.0953125 0.015625
0 0.3703125 0.5921875 0.05546875 0.015625
0 0.15859375 0.5921875 0.246875 0.015625
0 0.090625 0.63515625 0.14921875 0.015625
0 0.3296875 0.63515625 0.0953125 0.015625
0 0.2453125 0.63515625 0.03515625 0.015625
0 0.0609375 0.67734375 0.0890625 0.01484375
0 0.7125 0.678125 0.13046875 0.015625
0 0.1765625 0.67890625 0.09140625 0.015625
0 0.40625 0.67890625 0.05546875 0.01484375
0 0.30078125 0.67890625 0.10234375 0.01796875
0 0.49140625 0.67890625 0.07109375 0.01796875
0 0.7203125 0.69921875 0.109375 0.015625
0 0.090625 0.7015625 0.14921875 0.0171875
0 0.28203125 0.7015625 0.1859375 0.0171875
0 0.7109375 0.7203125 0.128125 0.015625
0 0.13671875 0.72109375 0.090625 0.015625
0 0.03984375 0.721875 0.05 0.0140625
0 0.22265625 0.7421875 0.11484375 0.015625
0 0.7390625 0.7421875 0.07109375 0.015625
0 0.64375 0.74296875 0.07421875 0.0140625
0 0.0796875 0.74375 0.1296875 0.015625
0 0.671875 0.7859375 0.05546875 0.0140625
0 0.44140625 0.78671875 0.09296875 0.015625
0 0.53671875 0.7859375 0.05234375 0.0140625
0 0.74765625 0.7859375 0.05390625 0.0140625
0 0.06015625 0.78671875 0.05546875 0.015625
0 0.17578125 0.78671875 0.13046875 0.015625
0 0.7203125 0.80859375 0.06640625 0.0171875
0 0.528125 0.80859375 0.0671875 0.01796875
0 0.7390625 0.82890625 0.0765625 0.015625
0 0.51875 0.8296875 0.09140625 0.015625
0 0.0515625 0.8296875 0.0375 0.01484375
0 0.1265625 0.83046875 0.06484375 0.01796875
0 0.7375 0.85078125 0.07421875 0.015625
0 0.0515625 0.8515625 0.03359375 0.01484375
0 0.528125 0.8515625 0.07265625 0.01484375
0 0.1296875 0.85234375 0.0671875 0.01796875
0 0.203125 0.89453125 0.11015625 0.015625
0 0.440625 0.89453125 0.1296875 0.015625
0 0.0703125 0.89453125 0.11015625 0.015625
0 0.31875 0.8953125 0.07421875 0.0140625
0 0.21328125 0.915625 0.1296875 0.0140625
0 0.3265625 0.91640625 0.05234375 0.01484375
0 0.4421875 0.91640625 0.13203125 0.01484375
0 0.07109375 0.91640625 0.1078125 0.01484375
0 0.1671875 0.9375 0.07265625 0.015625
0 0.25078125 0.9375 0.0515625 0.015625
0 0.3265625 0.9375 0.05234375 0.015625
0 0.46953125 0.9375 0.1875 0.015625
0 0.0609375 0.9375 0.09296875 0.015625
0 0.06171875 0.98125 0.0890625 0.01484375
0 0.1578125 0.98125 0.05390625 0.01484375