0 0.38671875 0.1265625 0.19921875 0.0125
0 0.6265625 0.1265625 0.071875 0.0125
0 0.71796875 0.1265625 0.07890625 0.0125
0 0.1640625 0.12734375 0.20859375 0.01328125
0 0.928125 0.12734375 0.03515625 0.01640625
0 0.83203125 0.128125 0.1203125 0.01484375
0 0.53671875 0.12890625 0.07890625 0.01640625
0 0.5609375 0.14609375 0.1265625 0.01328125
0 0.43984375 0.14609375 0.08984375 0.015625
0 0.31328125 0.14609375 0.0515625 0.01484375
0 0.36640625 0.14609375 0.02734375 0.01640625
0 0.675 0.14609375 0.071875 0.015625
0 0.40859375 0.1640625 0.08203125 0.01328125
0 0.50703125 0.1640625 0.08671875 0.01328125
0 0.3078125 0.16484375 0.09296875 0.0125
0 0.65703125 0.165625 0.15234375 0.01796875
0 0.73125 0.18359375 0.14921875 0.0140625
0 0.23515625 0.1828125 0.053125 0.01328125
0 0.2921875 0.1828125 0.03515625 0.01328125
0 0.4125 0.1828125 0.14765625 0.01328125
0 0.57421875 0.1828125 0.1078125 0.01484375
0 0.5796875 0.203125 0.225 0.0140625
0 0.3484375 0.203125 0.0671875 0.01328125
0 0.42890625 0.203125 0.0515625 0.01484375
0 0.465625 0.24140625 0.01640625 0.02109375
0 0.58671875 0.24140625 0.184375 0.021875
0 0.73828125 0.24140625 0.0703125 0.021875
0 0.259375 0.2421875 0.046875 0.02109375
0 0.37109375 0.24296875 0.125 0.02265625
0 0.43984375 0.2875 0.07421875 0.0234375
0 0.52421875 0.28828125 0.053125 0.02265625
0 0.60703125 0.28828125 0.0671875 0.02265625
0 0.74140625 0.28828125 0.15078125 0.02265625
0 0.11484375 0.3140625 0.1265625 0.01328125
0 0.7296875 0.315625 0.184375 0.0125
0 0.565625 0.31640625 0.08828125 0.0125
0 0.56796875 0.34375 0.0578125 0.0234375
0 0.4953125 0.34453125 0.053125 0.021875
0 0.3890625 0.34453125 0.1140625 0.0234375
0 0.1234375 0.3453125 0.14765625 0.0234375
0 0.26640625 0.3453125 0.08984375 0.0234375
0 0.4734375 0.371875 0.01953125 0.01328125
0 0.228125 0.371875 0.08984375 0.0125
0 0.33046875 0.371875 0.03515625 0.0125
0 0.43515625 0.371875 0.01640625 0.01015625
0 0.10390625 0.37265625 0.1078125 0.01171875
0 0.39921875 0.37265625 0.02109375 0.0125
0 0.09765625 0.3921875 0.08359375 0.01171875
0 0.26796875 0.3921875 0.09296875 0.01484375
0 0.18046875 0.3921875 0.03359375 0.01328125
0 0.0953125 0.409375 0.09140625 0.0125
0 0.21875 0.409375 0.1078125 0.0125
0 0.4828125 0.409375 0.14453125 0.0125
0 0.3421875 0.41171875 0.07734375 0.0140625
0 0.23515625 0.42734375 0.13359375 0.0125
0 0.1 0.42734375 0.09765625 0.0125
0 0.3765625 0.428125 0.1171875 0.01484375
0 0.575 0.4453125 0.1671875 0.0125
0 0.746875 0.44609375 0.07890625 0.0140625
0 0.446875 0.44609375 0.0625 0.0140625
0 0.6109375 0.46875 0.071875 0.0140625
0 0.46796875 0.46875 0.05625 0.0140625
0 0.38984375 0.46875 0.0515625 0.01328125
0 0.5421875 0.46875 0.01953125 0.01328125
0 0.315625 0.46875 0.05625 0.01328125
0 0.7484375 0.46875 0.1296875 0.01640625
0 0.14609375 0.4703125 0.20859375 0.015625
0 0.41015625 0.4984375 0.0140625 0.0125
0 0.7703125 0.4984375 0.08984375 0.01328125
0 0.6359375 0.4984375 0.0125 0.009375
0 0.5421875 0.4984375 0.01953125 0.01328125
0 0.48671875 0.49921875 0.01953125 0.01171875
0 0.30703125 0.49921875 0.071875 0.0125
0 0.1828125 0.49921875 0.08984375 0.0125
0 0.06953125 0.50078125 0.053125 0.01328125
0 0.35234375 0.53046875 0.09140625 0.02421875
0 0.7703125 0.53046875 0.08984375 0.0234375
0 0.43984375 0.53203125 0.03828125 0.02421875
0 0.56015625 0.5328125 0.16015625 0.0296875
0 0.771875 0.565625 0.08359375 0.01171875
0 0.4765625 0.565625 0.03515625 0.01328125
0 0.5421875 0.565625 0.01953125 0.01171875
0 0.41015625 0.565625 0.02109375 0.01328125
0 0.621875 0.565625 0.04296875 0.01171875
0 0.3046875 0.565625 0.07421875 0.0125
0 0.10859375 0.565625 0.1296875 0.01171875
0 0.403125 0.58359375 0.03515625 0.01171875
0 0.5421875 0.58359375 0.01953125 0.01171875
0 0.771875 0.58359375 0.08984375 0.01171875
0 0.628125 0.584375 0.03671875 0.01328125
0 0.48671875 0.584375 0.01953125 0.009375
0 0.30546875 0.58515625 0.071875 0.01171875
0 0.14609375 0.58515625 0.20546875 0.01171875
0 0.125 0.615625 0.08984375 0.0234375
0 0.78046875 0.61640625 0.0703125 0.02421875
0 0.2140625 0.6171875 0.03671875 0.02265625
0 0.59609375 0.6171875 0.08515625 0.0296875
0 0.325 0.61796875 0.14921875 0.03203125
0 0.4734375 0.61796875 0.10625 0.03203125
0 0.60703125 0.65390625 0.0671875 0.02421875
0 0.7765625 0.65390625 0.07421875 0.02421875
0 0.7765625 0.69453125 0.07421875 0.02421875
0 0.14296875 0.69453125 0.08984375 0.02421875
0 0.23046875 0.69453125 0.03671875 0.02421875
0 0.48359375 0.696875 0.08515625 0.03125
0 0.3421875 0.696875 0.14765625 0.03125
0 0.59609375 0.696875 0.08515625 0.02890625
0 0.7703125 0.73125 0.08984375 0.025
0 0.35078125 0.73125 0.09140625 0.025
0 0.43984375 0.73203125 0.03828125 0.02578125
0 0.56015625 0.73515625 0.16015625 0.03125
0 0.771875 0.7734375 0.08984375 0.0234375
0 0.42890625 0.77421875 0.08984375 0.0234375
0 0.56796875 0.77578125 0.14140625 0.0328125
0 0.1203125 0.81953125 0.14140625 0.01171875
0 0.2640625 0.8375 0.09140625 0.0125
0 0.12265625 0.8375 0.14609375 0.0125
0 0.64296875 0.8375 0.09140625 0.0125
0 0.7984375 0.8375 0.16875 0.0125
0 0.4671875 0.83984375 0.03203125 0.00859375
0 0.37734375 0.83984375 0.08984375 0.015625
0 0.53984375 0.83984375 0.07578125 0.015625
0 0.33203125 0.85703125 0.03515625 0.0125
0 0.4640625 0.85703125 0.1828125 0.0125
0 0.07578125 0.8578125 0.0546875 0.01171875
0 0.653125 0.85859375 0.14765625 0.01640625
0 0.7671875 0.85859375 0.02578125 0.00703125
0 0.20703125 0.86015625 0.1640625 0.01328125
0 0.87265625 0.875 0.05 0.01015625
0 0.31328125 0.875 0.07421875 0.01171875
0 0.80546875 0.8765625 0.03203125 0.00859375
0 0.2375 0.87578125 0.03203125 0.009375
0 0.6609375 0.8765625 0.20234375 0.01484375
0 0.12265625 0.87734375 0.14609375 0.01484375
0 0.45546875 0.87734375 0.1671875 0.009375
0 0.6546875 0.89375 0.03515625 0.0125
0 0.72109375 0.89453125 0.0484375 0.0125
0 0.475 0.89453125 0.0515625 0.0125
0 0.56484375 0.89453125 0.08671875 0.0125
0 0.30078125 0.8953125 0.1234375 0.01640625
0 0.18984375 0.8953125 0.046875 0.00859375
0 0.409375 0.89609375 0.03515625 0.00703125
0 0.09609375 0.89765625 0.08359375 0.0125
0 0.77734375 0.91171875 0.0109375 0.00859375
0 0.48359375 0.91328125 0.06875 0.01328125
0 0.56796875 0.9140625 0.0546875 0.01171875
0 0.68203125 0.9140625 0.125 0.01171875
0 0.32421875 0.91484375 0.08984375 0.0125
0 0.15 0.91484375 0.20390625 0.01484375
0 0.41171875 0.915625 0.03046875 0.009375
0 0.29453125 0.934375 0.071875 0.01171875
0 0.1421875 0.93515625 0.184375 0.01484375
0 0.44296875 0.95390625 0.25703125 0.0140625
0 0.63671875 0.95390625 0.1046875 0.0140625