0 0.25859375 0.16875 0.05703125 0.0140625
0 0.38046875 0.16875 0.12109375 0.01484375
0 0.59453125 0.16875 0.06015625 0.0140625
0 0.6828125 0.16875 0.0609375 0.01484375
0 0.50546875 0.16953125 0.05390625 0.0171875
0 0.46171875 0.18828125 0.32578125 0.015625
0 0.12890625 0.2078125 0.05859375 0.01484375
0 0.25234375 0.2078125 0.12109375 0.015625
0 0.35234375 0.20859375 0.00859375 0.01328125
0 0.61640625 0.20859375 0.10390625 0.01484375
0 0.72578125 0.20859375 0.06171875 0.015625
0 0.7953125 0.20859375 0.02109375 0.015625
0 0.46015625 0.20859375 0.1390625 0.0171875
0 0.4375 0.228125 0.28359375 0.015625
0 0.19375 0.228125 0.15 0.01484375
0 0.7015625 0.22890625 0.1875 0.01640625
0 0.19453125 0.24765625 0.10625 0.01484375
0 0.39375 0.24765625 0.01484375 0.01484375
0 0.31484375 0.2484375 0.08125 0.01484375
0 0.71484375 0.2484375 0.17109375 0.01484375
0 0.50703125 0.24921875 0.17890625 0.0171875
0 0.31640625 0.26796875 0.0375 0.01484375
0 0.3828125 0.26796875 0.0375 0.01484375
0 0.2296875 0.26875 0.078125 0.01640625
0 0.584375 0.26875 0.29453125 0.0171875
0 0.3734375 0.2875 0.1015625 0.015625
0 0.48203125 0.2875 0.05859375 0.015625
0 0.646875 0.2875 0.21171875 0.01640625
0 0.22890625 0.28828125 0.12421875 0.0171875
0 0.51640625 0.30703125 0.16796875 0.015625
0 0.36171875 0.30703125 0.07890625 0.015625
0 0.090625 0.346875 0.1359375 0.015625
0 0.32734375 0.346875 0.0578125 0.01484375
0 0.22734375 0.346875 0.08046875 0.015625
0 0.890625 0.346875 0.03828125 0.01484375
0 0.0703125 0.36796875 0.084375 0.015625
0 0.22734375 0.36796875 0.0828125 0.01796875
0 0.103125 0.38671875 0.14453125 0.01484375
0 0.5484375 0.38671875 0.06015625 0.01484375
0 0.65859375 0.38671875 0.1046875 0.01484375
0 0.81328125 0.38671875 0.10390625 0.01484375
0 0.4921875 0.40625 0.03984375 0.015625
0 0.12734375 0.40625 0.19296875 0.015625
0 0.2828125 0.40625 0.0578125 0.015625
0 0.3921875 0.40625 0.1015625 0.015625
0 0.890625 0.40703125 0.03828125 0.01484375
0 0.43125 0.409375 0.03984375 0.0234375
0 0.2046875 0.42578125 0.0375 0.015625
0 0.06875 0.4265625 0.08125 0.015625
0 0.17109375 0.44609375 0.2828125 0.015625
0 0.55 0.44609375 0.05703125 0.01484375
0 0.66953125 0.44609375 0.0828125 0.015625
0 0.8234375 0.44609375 0.08359375 0.015625
0 0.09453125 0.465625 0.1265625 0.015625
0 0.27109375 0.46640625 0.17109375 0.01484375
0 0.890625 0.46640625 0.03828125 0.01484375
0 0.07109375 0.4859375 0.084375 0.015625
0 0.25234375 0.48671875 0.12109375 0.0171875
0 0.1046875 0.50546875 0.14765625 0.01484375
0 0.5484375 0.50625 0.06015625 0.0140625
0 0.8140625 0.50625 0.103125 0.01640625
0 0.67265625 0.50703125 0.0890625 0.01796875
0 0.24921875 0.52578125 0.0828125 0.015625
0 0.890625 0.52578125 0.03984375 0.01484375
0 0.10546875 0.52578125 0.1484375 0.015625
0 0.8234375 0.5453125 0.08359375 0.01484375
0 0.0828125 0.5453125 0.10625 0.015625
0 0.6671875 0.5453125 0.08671875 0.015625
0 0.553125 0.54609375 0.06328125 0.015625
0 0.890625 0.56484375 0.03828125 0.01484375
0 0.2390625 0.565625 0.14765625 0.015625
0 0.3734375 0.565625 0.0546875 0.01484375
0 0.4703125 0.565625 0.08359375 0.01484375
0 0.0828125 0.565625 0.10390625 0.01484375
0 0.071875 0.58515625 0.08359375 0.01484375
0 0.25703125 0.5859375 0.14140625 0.0171875
0 0.82421875 0.6046875 0.08359375 0.01484375
0 0.66953125 0.6046875 0.0828125 0.01484375
0 0.5484375 0.6046875 0.05703125 0.01484375
0 0.16953125 0.60625 0.2859375 0.0171875
0 0.8921875 0.64375 0.03515625 0.015625
0 0.2609375 0.64453125 0.01484375 0.01484375
0 0.10546875 0.6453125 0.1421875 0.01640625
0 0.73359375 0.6453125 0.1234375 0.01796875
0 0.21796875 0.646875 0.003125 0.01015625
0 0.75859375 0.68359375 0.03984375 0.01484375
0 0.859375 0.68359375 0.1046875 0.01484375
0 0.359375 0.68359375 0.128125 0.015625
0 0.0828125 0.68359375 0.10390625 0.01484375
0 0.21484375 0.68359375 0.09765625 0.01484375
0 0.76015625 0.703125 0.03671875 0.01484375
0 0.859375 0.703125 0.1046875 0.01484375
0 0.07265625 0.703125 0.08359375 0.015625
0 0.86953125 0.72265625 0.0828125 0.015625
0 0.09453125 0.7234375 0.1265625 0.01484375
0 0.78125 0.7234375 0.03984375 0.0140625
0 0.0609375 0.7625 0.06015625 0.01484375
0 0.19375 0.7625 0.15 0.015625
0 0.503125 0.76328125 0.1453125 0.01640625
0 0.725 0.76328125 0.1453125 0.01640625
0 0.80390625 0.78125 0.08125 0.01484375
0 0.57109375 0.78125 0.10625 0.01484375
0 0.1546875 0.78125 0.06953125 0.01484375
0 0.06171875 0.78203125 0.0609375 0.01484375
0 0.80390625 0.840625 0.2171875 0.015625
0 0.646875 0.840625 0.034375 0.015625
0 0.284375 0.840625 0.10390625 0.015625
0 0.403125 0.840625 0.078125 0.015625
0 0.51640625 0.840625 0.0828125 0.015625
0 0.11953125 0.84140625 0.17578125 0.015625
0 0.5484375 0.86015625 0.10625 0.015625
0 0.11953125 0.86015625 0.1703125 0.015625
0 0.27265625 0.86015625 0.08359375 0.015625
0 0.42734375 0.8609375 0.0828125 0.015625
0 0.353125 0.86171875 0.00625 0.00234375
0 0.25234375 0.9 0.16796875 0.01484375
0 0.39375 0.9 0.05859375 0.0140625
0 0.52734375 0.9 0.1484375 0.01484375
0 0.69375 0.9 0.128125 0.01484375
0 0.26484375 0.91953125 0.009375 0.0140625
0 0.32734375 0.91953125 0.0578125 0.01484375
0 0.57890625 0.91953125 0.16796875 0.01484375
0 0.42734375 0.91953125 0.0828125 0.01484375
0 0.29375 0.9390625 0.1703125 0.015625
0 0.42734375 0.9390625 0.0375 0.015625
0 0.51484375 0.9390625 0.084375 0.015625
0 0.65 0.9390625 0.1328125 0.01640625