0 0.5984375 0.046875 0.128125 0.01640625
0 0.4640625 0.04921875 0.10546875 0.0140625
0 0.53203125 0.0640625 0.24375 0.01640625
0 0.7328125 0.0765625 0.16796875 0.01640625
0 0.5765625 0.08203125 0.11796875 0.0125
0 0.48359375 0.08359375 0.04140625 0.0109375
0 0.29765625 0.084375 0.09765625 0.01015625
0 0.40234375 0.084375 0.08984375 0.01015625
0 0.77890625 0.0921875 0.19609375 0.01875
0 0.6078125 0.0984375 0.1234375 0.0125
0 0.484375 0.1015625 0.09765625 0.0109375
0 0.2375 0.10234375 0.10546875 0.01015625
0 0.36328125 0.103125 0.121875 0.0109375
0 0.60234375 0.1296875 0.2359375 0.01484375
0 0.37578125 0.13203125 0.06953125 0.01015625
0 0.440625 0.13203125 0.03203125 0.01015625
0 0.5703125 0.15234375 0.15390625 0.0140625
0 0.4453125 0.1546875 0.07578125 0.0109375
0 0.86171875 0.16484375 0.15859375 0.01953125
0 0.71640625 0.171875 0.0796875 0.0109375
0 0.13125 0.17421875 0.06015625 0.0109375
0 0.4515625 0.17578125 0.20625 0.0109375
0 0.1953125 0.17578125 0.04453125 0.01015625
0 0.84296875 0.18671875 0.1296875 0.01640625
0 0.71328125 0.19140625 0.08046875 0.01015625
0 0.15859375 0.19375 0.11796875 0.01015625
0 0.390625 0.1953125 0.078125 0.01015625
0 0.71875 0.2109375 0.0703125 0.0109375
0 0.19453125 0.2140625 0.18984375 0.0140625
0 0.390625 0.21484375 0.078125 0.01015625
0 0.81328125 0.2359375 0.08046875 0.01328125
0 0.6375 0.2390625 0.08203125 0.0125
0 0.909375 0.2453125 0.04765625 0.0109375
0 0.7984375 0.24921875 0.10390625 0.01171875
0 0.6375 0.2515625 0.1015625 0.01015625
0 0.1234375 0.2515625 0.0578125 0.01015625
0 0.496875 0.25390625 0.1015625 0.009375
0 0.36953125 0.2546875 0.05234375 0.0109375
0 0.91484375 0.2609375 0.034375 0.01015625
0 0.81796875 0.2640625 0.071875 0.01171875
0 0.2 0.2671875 0.2078125 0.0109375
0 0.634375 0.26796875 0.05859375 0.01015625
0 0.496875 0.26875 0.05546875 0.00859375
0 0.36796875 0.26875 0.028125 0.00859375
0 0.1515625 0.28515625 0.1140625 0.009375
0 0.309375 0.2859375 0.18359375 0.01015625
0 0.44921875 0.28828125 0.07578125 0.0109375
0 0.9015625 0.3015625 0.05 0.0109375
0 0.821875 0.30390625 0.05390625 0.01015625
0 0.19609375 0.3046875 0.20546875 0.01015625
0 0.63125 0.30546875 0.0578125 0.00859375
0 0.36640625 0.30703125 0.00859375 0.00859375
0 0.4953125 0.30703125 0.05546875 0.00859375
0 0.16796875 0.32265625 0.1515625 0.01015625
0 0.32421875 0.32421875 0.14375 0.00859375
0 0.59609375 0.32421875 0.10234375 0.00859375
0 0.703125 0.32421875 0.09140625 0.0125
0 0.4703125 0.325 0.12578125 0.00859375
0 0.90859375 0.34140625 0.034375 0.01015625
0 0.821875 0.34296875 0.0515625 0.01015625
0 0.19453125 0.34375 0.2078125 0.01171875
0 0.63046875 0.34453125 0.0578125 0.00859375
0 0.36328125 0.3453125 0.01171875 0.00859375
0 0.49296875 0.34609375 0.05 0.0109375
0 0.10625 0.36015625 0.0359375 0.00859375
0 0.21640625 0.36171875 0.02578125 0.00859375
0 0.2765625 0.36171875 0.06796875 0.00859375
0 0.3484375 0.3625 0.05390625 0.009375
0 0.19140625 0.38125 0.20859375 0.0109375
0 0.90546875 0.38203125 0.03203125 0.009375
0 0.8171875 0.3828125 0.05 0.01015625
0 0.35859375 0.3828125 0.0078125 0.00859375
0 0.62578125 0.38359375 0.0515625 0.009375
0 0.49140625 0.38359375 0.05390625 0.01015625
0 0.1640625 0.39921875 0.15390625 0.01015625
0 0.30859375 0.39921875 0.11640625 0.01015625
0 0.40703125 0.40078125 0.0578125 0.00859375
0 0.4765625 0.4015625 0.05234375 0.00859375
0 0.18984375 0.41953125 0.2078125 0.0109375
0 0.35546875 0.42109375 0.01171875 0.01015625
0 0.9015625 0.42109375 0.03203125 0.009375
0 0.8140625 0.421875 0.0515625 0.00859375
0 0.48828125 0.421875 0.05390625 0.00859375
0 0.6234375 0.421875 0.05 0.00859375
0 0.1625 0.4359375 0.15 0.01015625
0 0.30546875 0.4375 0.11640625 0.01015625
0 0.40390625 0.4390625 0.05859375 0.00859375
0 0.4734375 0.4390625 0.05234375 0.00859375
0 0.18671875 0.45703125 0.20859375 0.01015625
0 0.3546875 0.459375 0.00859375 0.00859375
0 0.48359375 0.459375 0.05546875 0.009375
0 0.621875 0.46015625 0.05390625 0.00859375
0 0.8125 0.46171875 0.05546875 0.00859375
0 0.89921875 0.46171875 0.0296875 0.01015625
0 0.1375 0.47421875 0.10390625 0.00859375
0 0.23984375 0.475 0.071875 0.00859375
0 0.3328125 0.47578125 0.09609375 0.009375
0 0.44453125 0.478125 0.1015625 0.0125
0 0.559375 0.4796875 0.10859375 0.0125
0 0.12109375 0.49375 0.078125 0.00859375
0 0.3515625 0.496875 0.0078125 0.00859375
0 0.48125 0.4984375 0.05546875 0.01640625
0 0.6203125 0.4984375 0.05625 0.009375
0 0.80859375 0.50078125 0.05390625 0.00859375
0 0.896875 0.5015625 0.0296875 0.01015625
0 0.13359375 0.51171875 0.10234375 0.00859375
0 0.4328125 0.515625 0.11640625 0.01015625
0 0.55703125 0.51796875 0.10859375 0.0125
0 0.35 0.53515625 0.0078125 0.00703125
0 0.4578125 0.53671875 0.0078125 0.00859375
0 0.61875 0.5375 0.05546875 0.00859375
0 0.80859375 0.540625 0.05234375 0.01015625
0 0.89453125 0.5421875 0.0296875 0.01015625
0 0.24453125 0.55078125 0.06953125 0.00859375
0 0.33359375 0.55234375 0.0859375 0.00859375
0 0.43671875 0.55390625 0.08828125 0.009375
0 0.16328125 0.5703125 0.1734375 0.01015625
0 0.47578125 0.57421875 0.05625 0.00859375
0 0.615625 0.57578125 0.05625 0.009375
0 0.8046875 0.57890625 0.05546875 0.01015625
0 0.89140625 0.58203125 0.03046875 0.01015625
0 0.0984375 0.5875 0.04453125 0.00859375
0 0.1828125 0.58828125 0.10390625 0.01171875
0 0.27109375 0.5890625 0.03984375 0.01015625
0 0.1484375 0.60625 0.07421875 0.0125
0 0.221875 0.6078125 0.0515625 0.0125
0 0.34296875 0.60859375 0.03984375 0.0109375
0 0.79296875 0.61640625 0.0859375 0.0125
0 0.23046875 0.6296875 0.071875 0.01015625
0 0.31953125 0.63125 0.084375 0.01171875
0 0.45078125 0.63359375 0.15546875 0.01484375
0 0.58046875 0.6359375 0.08203125 0.0140625
0 0.79140625 0.6390625 0.08203125 0.0125
0 0.55390625 0.65625 0.13359375 0.0125
0 0.79921875 0.66328125 0.065625 0.0125
0 0.5015625 0.67734375 0.07578125 0.01171875
0 0.584375 0.6796875 0.06953125 0.0125
0 0.7984375 0.68671875 0.05859375 0.0109375
0 0.54609375 0.7015625 0.14375 0.01640625
0 0.7953125 0.7078125 0.065625 0.0125
0 0.16328125 0.71796875 0.08046875 0.0109375
0 0.26171875 0.71875 0.0875 0.01015625
0 0.3984375 0.7203125 0.1640625 0.0125
0 0.50859375 0.72265625 0.0359375 0.0109375
0 0.5765625 0.725 0.08359375 0.01484375
0 0.784375 0.73125 0.08203125 0.01328125
0 0.56640625 0.74609375 0.0984375 0.01328125
0 0.78203125 0.75390625 0.084375 0.01328125
0 0.54921875 0.7640625 0.1296875 0.01640625
0 0.7921875 0.771875 0.0640625 0.0125
0 0.15390625 0.796875 0.06953125 0.01015625
0 0.290625 0.79921875 0.178125 0.0125
0 0.1515625 0.8171875 0.05546875 0.01015625
0 0.23671875 0.81875 0.08359375 0.0109375
0 0.39140625 0.821875 0.0265625 0.0125
0 0.53125 0.825 0.065625 0.0140625
0 0.61640625 0.828125 0.0765625 0.01484375
0 0.75859375 0.83359375 0.05625 0.0125
0 0.14921875 0.83359375 0.034375 0.01015625
0 0.38984375 0.83671875 0.01796875 0.01015625
0 0.8328125 0.83828125 0.0734375 0.01640625
0 0.60859375 0.84296875 0.0859375 0.0125
0 0.15390625 0.85234375 0.0640625 0.01015625
0 0.3890625 0.8546875 0.01640625 0.01015625
0 0.840625 0.85546875 0.05546875 0.01484375
0 0.61875 0.86171875 0.065625 0.0125
0 0.3578125 0.8734375 0.084375 0.0125
0 0.8375 0.87421875 0.06015625 0.01484375
0 0.60234375 0.88046875 0.084375 0.0140625
0 0.8375 0.89296875 0.05859375 0.01484375
0 0.15859375 0.903125 0.1125 0.01015625
0 0.26640625 0.90390625 0.08046875 0.0109375
0 0.3453125 0.90625 0.06015625 0.0109375
0 0.4171875 0.90703125 0.065625 0.01015625
0 0.55546875 0.91171875 0.19765625 0.01796875
0 0.71953125 0.91875 0.09609375 0.01484375
0 0.80703125 0.92578125 0.06015625 0.01328125