0 0.18125 0.09921875 0.19609375 0.01953125
0 0.478125 0.09921875 0.37265625 0.01953125
0 0.75078125 0.1 0.15234375 0.01953125
0 0.1109375 0.12578125 0.0546875 0.01015625
0 0.378125 0.12578125 0.09765625 0.0109375
0 0.4890625 0.12734375 0.09453125 0.01015625
0 0.60546875 0.12734375 0.10234375 0.0109375
0 0.23359375 0.12734375 0.1625 0.0140625
0 0.73984375 0.12890625 0.13828125 0.01328125
0 0.13125 0.14140625 0.10234375 0.01171875
0 0.24296875 0.14140625 0.09453125 0.01171875
0 0.34609375 0.14140625 0.08515625 0.01171875
0 0.5578125 0.16015625 0.27109375 0.0109375
0 0.23203125 0.16171875 0.303125 0.015625
0 0.10859375 0.1796875 0.05625 0.0109375
0 0.3859375 0.18125 0.08203125 0.0109375
0 0.24375 0.18125 0.1765625 0.0109375
0 0.175 0.1984375 0.03515625 0.01171875
0 0.1140625 0.1984375 0.0609375 0.01171875
0 0.40078125 0.1984375 0.2390625 0.01015625
0 0.23515625 0.19921875 0.05 0.01015625
0 0.86328125 0.2078125 0.1796875 0.0140625
0 0.7125 0.2078125 0.08671875 0.0140625
0 0.11484375 0.21796875 0.09453125 0.01015625
0 0.1890625 0.21796875 0.03515625 0.0125
0 0.11484375 0.234375 0.09453125 0.01015625
0 0.33125 0.234375 0.059375 0.01015625
0 0.23359375 0.234375 0.1140625 0.01015625
0 0.40390625 0.234375 0.059375 0.01015625
0 0.52421875 0.2359375 0.1625 0.0125
0 0.121875 0.26953125 0.09609375 0.0109375
0 0.24140625 0.26953125 0.1140625 0.01171875
0 0.39921875 0.26953125 0.16875 0.01171875
0 0.10234375 0.31015625 0.0125 0.0109375
0 0.22265625 0.3109375 0.16875 0.01171875
0 0.54609375 0.3109375 0.20234375 0.01171875
0 0.7390625 0.31171875 0.1625 0.0109375
0 0.8765625 0.31171875 0.03828125 0.01171875
0 0.24609375 0.3484375 0.21328125 0.01171875
0 0.80703125 0.34921875 0.08984375 0.01171875
0 0.91875 0.35 0.04296875 0.01171875
0 0.1 0.36875 0.02109375 0.01171875
0 0.22421875 0.36875 0.171875 0.01171875
0 0.51796875 0.36875 0.14921875 0.01171875
0 0.6796875 0.3703125 0.15234375 0.01171875
0 0.1453125 0.3890625 0.0140625 0.01015625
0 0.2546875 0.38984375 0.1140625 0.0125
0 0.17734375 0.38984375 0.02109375 0.0109375
0 0.91875 0.390625 0.03984375 0.01015625
0 0.81328125 0.390625 0.071875 0.01171875
0 0.09140625 0.4125 0.08359375 0.01171875
0 0.18671875 0.41328125 0.08203125 0.0109375
0 0.31015625 0.41328125 0.14140625 0.0125
0 0.42109375 0.4140625 0.0625 0.01171875
0 0.50859375 0.41484375 0.08359375 0.01484375
0 0.80546875 0.41640625 0.08984375 0.01171875
0 0.4640625 0.434375 0.13515625 0.01328125
0 0.81328125 0.43671875 0.071875 0.0125
0 0.434375 0.46171875 0.08203125 0.01171875
0 0.8078125 0.4640625 0.08828125 0.0125
0 0.44609375 0.4828125 0.10234375 0.0125
0 0.534375 0.484375 0.0515625 0.01484375
0 0.8171875 0.48515625 0.0703125 0.0125
0 0.43125 0.509375 0.071875 0.01171875
0 0.5171875 0.509375 0.08046875 0.01171875
0 0.8078125 0.5109375 0.09140625 0.0109375
0 0.43828125 0.546875 0.09296875 0.0109375
0 0.8078125 0.5484375 0.08828125 0.0109375
0 0.4625 0.5671875 0.13828125 0.01171875
0 0.81640625 0.56796875 0.071875 0.0125
0 0.08828125 0.59375 0.0640625 0.01328125
0 0.2046875 0.596875 0.14921875 0.01484375
0 0.52109375 0.596875 0.20078125 0.0140625
0 0.84375 0.596875 0.13671875 0.01484375
0 0.07734375 0.615625 0.04140625 0.01171875
0 0.18125 0.615625 0.0546875 0.01171875
0 0.578125 0.615625 0.08359375 0.0109375
0 0.12421875 0.6171875 0.03046875 0.01328125
0 0.878125 0.6171875 0.0703125 0.0125
0 0.0859375 0.66796875 0.059375 0.0125
0 0.15625 0.66796875 0.059375 0.0125
0 0.3421875 0.66796875 0.25078125 0.01171875
0 0.55703125 0.66796875 0.07421875 0.01171875
0 0.7421875 0.66953125 0.1875 0.0140625
0 0.275 0.76171875 0.071875 0.01171875
0 0.6859375 0.76171875 0.02421875 0.01171875
0 0.17421875 0.76171875 0.1140625 0.01171875
0 0.5609375 0.76171875 0.19765625 0.01171875
0 0.41953125 0.76171875 0.05625 0.01015625
0 0.815625 0.7625 0.20234375 0.01171875
0 0.35078125 0.7625 0.059375 0.00859375
0 0.25625 0.79609375 0.1265625 0.01015625
0 0.4546875 0.79609375 0.06875 0.01015625
0 0.5546875 0.79609375 0.10078125 0.01015625
0 0.37109375 0.79609375 0.07734375 0.01015625
0 0.73125 0.79609375 0.2234375 0.01015625
0 0.64296875 0.81640625 0.1171875 0.01171875
0 0.52109375 0.81640625 0.1078125 0.01015625
0 0.3875 0.81640625 0.1265625 0.01015625
0 0.26953125 0.85078125 0.14140625 0.01015625
0 0.61875 0.85078125 0.0625 0.009375
0 0.4078125 0.85078125 0.10234375 0.0109375
0 0.5359375 0.8515625 0.0703125 0.01015625
0 0.70234375 0.85234375 0.071875 0.01015625
0 0.79375 0.85234375 0.07890625 0.01015625
0 0.5703125 0.88515625 0.14296875 0.01015625
0 0.44921875 0.8859375 0.07421875 0.01015625
0 0.3578125 0.8859375 0.08359375 0.01015625
0 0.2328125 0.8859375 0.128125 0.01015625
0 0.69296875 0.88671875 0.06875 0.01015625
0 0.79921875 0.88671875 0.121875 0.0109375
0 0.89609375 0.88671875 0.046875 0.01171875
0 0.18828125 0.90625 0.190625 0.01015625
0 0.5109375 0.90625 0.03046875 0.01015625
0 0.4390625 0.90625 0.071875 0.01015625
0 0.346875 0.90625 0.09296875 0.01015625
0 0.6359375 0.90703125 0.1765625 0.01015625
0 0.83984375 0.90703125 0.20859375 0.01015625
0 0.48984375 0.9265625 0.1671875 0.01015625
0 0.46015625 0.96015625 0.171875 0.01171875
0 0.2140625 0.96015625 0.1171875 0.01171875
0 0.346875 0.96015625 0.02890625 0.01171875
0 0.30234375 0.9625 0.03671875 0.009375
0 0.73125 0.9625 0.31015625 0.0140625