0 0.48203125 0.12578125 0.2921875 0.0203125
0 0.48515625 0.15546875 0.2078125 0.021875
0 0.290625 0.184375 0.040625 0.01953125
0 0.3671875 0.184375 0.06015625 0.0203125
0 0.5265625 0.184375 0.209375 0.02109375
0 0.66484375 0.18515625 0.01640625 0.01953125
0 0.290625 0.21328125 0.12421875 0.0203125
0 0.47265625 0.2140625 0.1859375 0.02109375
0 0.66484375 0.21484375 0.146875 0.0203125
0 0.3234375 0.24296875 0.059375 0.01953125
0 0.5375 0.24375 0.23203125 0.01953125
0 0.07890625 0.33046875 0.0375 0.01953125
0 0.85859375 0.33359375 0.1 0.01953125
0 0.10859375 0.37109375 0.1015625 0.040625
0 0.88984375 0.37421875 0.0375 0.04296875
0 0.1203125 0.43515625 0.12421875 0.0203125
0 0.26953125 0.4359375 0.12109375 0.01953125
0 0.846875 0.43828125 0.0796875 0.01953125
0 0.1203125 0.46484375 0.12421875 0.02109375
0 0.2390625 0.46484375 0.059375 0.01953125
0 0.84765625 0.4671875 0.07734375 0.0203125
0 0.09765625 0.49375 0.0796875 0.01953125
0 0.2171875 0.49453125 0.1015625 0.01953125
0 0.3875 0.4953125 0.18984375 0.01953125
0 0.846875 0.49609375 0.0828125 0.01953125
0 0.09921875 0.52265625 0.0828125 0.02109375
0 0.22578125 0.5234375 0.12578125 0.0203125
0 0.846875 0.52578125 0.0828125 0.01953125
0 0.11015625 0.5515625 0.1015625 0.01953125
0 0.2609375 0.55234375 0.0578125 0.01953125
0 0.3453125 0.55234375 0.0578125 0.01953125
0 0.19375 0.55234375 0.01796875 0.021875
0 0.846875 0.55390625 0.0828125 0.01796875
0 0.22421875 0.61953125 0.334375 0.040625
0 0.78046875 0.621875 0.20703125 0.03828125
0 0.0953125 0.6546875 0.0796875 0.02109375
0 0.24609375 0.6546875 0.165625 0.0203125
0 0.8421875 0.659375 0.13984375 0.021875
0 0.1203125 0.68359375 0.12421875 0.02109375
0 0.83671875 0.68671875 0.1015625 0.01953125
0 0.0890625 0.7421875 0.0578125 0.01953125
0 0.1625 0.7421875 0.03984375 0.01953125
0 0.2375 0.7421875 0.059375 0.01953125
0 0.8484375 0.74375 0.07734375 0.01953125
0 0.38671875 0.80078125 0.059375 0.0203125
0 0.51640625 0.8 0.14296875 0.01953125
0 0.26640625 0.828125 0.37578125 0.01953125
0 0.796875 0.83046875 0.140625 0.01953125
0 0.59140625 0.8328125 0.215625 0.028125
0 0.3234375 0.88671875 0.0609375 0.01953125
0 0.54765625 0.88671875 0.25234375 0.01953125
0 0.3875 0.88984375 0.00546875 0.01484375
0 0.39296875 0.915625 0.19765625 0.02109375
0 0.58984375 0.91640625 0.1203125 0.01953125