0 0.3890625 0.0703125 0.2 0.01484375
0 0.53359375 0.07109375 0.06484375 0.01875
0 0.93125 0.07109375 0.03671875 0.01875
0 0.72265625 0.071875 0.08046875 0.01796875
0 0.83515625 0.071875 0.12578125 0.01640625
0 0.16796875 0.07265625 0.21328125 0.01875
0 0.62265625 0.07265625 0.096875 0.015625
0 0.44296875 0.08984375 0.08515625 0.0171875
0 0.3140625 0.08984375 0.05625 0.0140625
0 0.6796875 0.090625 0.06640625 0.01484375
0 0.56640625 0.090625 0.12578125 0.01484375
0 0.36640625 0.090625 0.02578125 0.01875
0 0.40703125 0.109375 0.08203125 0.01640625
0 0.31015625 0.109375 0.0953125 0.015625
0 0.5140625 0.11171875 0.0984375 0.0171875
0 0.65859375 0.11171875 0.15 0.01953125
0 0.73359375 0.1296875 0.1515625 0.015625
0 0.575 0.1296875 0.1109375 0.015625
0 0.4140625 0.1296875 0.15 0.015625
0 0.3 0.1296875 0.0484375 0.015625
0 0.23125 0.1296875 0.06328125 0.015625
0 0.4296875 0.14921875 0.05 0.015625
0 0.353125 0.15 0.07421875 0.0140625
0 0.58125 0.15078125 0.22734375 0.015625
0 0.46640625 0.19140625 0.01640625 0.0265625
0 0.5890625 0.19140625 0.190625 0.02578125
0 0.73984375 0.19140625 0.07578125 0.02578125
0 0.37109375 0.1921875 0.12890625 0.0265625
0 0.2546875 0.1921875 0.0546875 0.0265625
0 0.4390625 0.240625 0.07421875 0.02734375
0 0.74609375 0.24296875 0.15 0.02578125
0 0.528125 0.24296875 0.05 0.02578125
0 0.60859375 0.24296875 0.06640625 0.02578125
0 0.1140625 0.26953125 0.12421875 0.01640625
0 0.56796875 0.271875 0.08671875 0.01328125
0 0.73125 0.271875 0.1890625 0.0140625
0 0.3890625 0.3015625 0.11328125 0.02578125
0 0.26484375 0.3015625 0.09375 0.02578125
0 0.1234375 0.3015625 0.15 0.02578125
0 0.49609375 0.30234375 0.053125 0.025
0 0.57109375 0.303125 0.0546875 0.02578125
0 0.1046875 0.33046875 0.109375 0.0140625
0 0.3390625 0.33046875 0.0484375 0.0140625
0 0.43671875 0.33203125 0.01953125 0.0109375
0 0.39765625 0.3328125 0.02109375 0.01171875
0 0.23671875 0.3328125 0.103125 0.01875
0 0.48125 0.3328125 0.03046875 0.01875
0 0.09609375 0.3515625 0.0921875 0.0140625
0 0.18203125 0.3515625 0.03203125 0.0140625
0 0.26953125 0.3515625 0.090625 0.01953125
0 0.09453125 0.37109375 0.0953125 0.01484375
0 0.21953125 0.37109375 0.109375 0.0140625
0 0.48515625 0.37109375 0.1484375 0.0140625
0 0.34140625 0.3734375 0.08515625 0.01640625
0 0.2296875 0.38984375 0.12421875 0.015625
0 0.1 0.38984375 0.1 0.015625
0 0.3765625 0.38984375 0.12109375 0.01796875
0 0.75 0.409375 0.08046875 0.015625
0 0.43984375 0.4109375 0.053125 0.01796875
0 0.5765625 0.4109375 0.17265625 0.01640625
0 0.7515625 0.434375 0.13203125 0.01875
0 0.39140625 0.434375 0.059375 0.015625
0 0.31484375 0.43515625 0.0609375 0.01796875
0 0.47109375 0.4359375 0.0578125 0.01640625
0 0.60859375 0.4359375 0.07890625 0.01796875
0 0.14453125 0.4359375 0.21484375 0.01640625
0 0.54609375 0.4359375 0.01796875 0.01875
0 0.63671875 0.46640625 0.01953125 0.01484375
0 0.13515625 0.46640625 0.18359375 0.01484375
0 0.41015625 0.46640625 0.01484375 0.01328125
0 0.4890625 0.46640625 0.01328125 0.01484375
0 0.54453125 0.46640625 0.01796875 0.01484375
0 0.30625 0.4671875 0.07421875 0.0140625
0 0.78125 0.4671875 0.07890625 0.01875
0 0.30625 0.48671875 0.07109375 0.01328125
0 0.40859375 0.48671875 0.01484375 0.01328125
0 0.54453125 0.48671875 0.01796875 0.01328125
0 0.6390625 0.48671875 0.009375 0.01328125
0 0.125 0.48671875 0.16640625 0.01484375
0 0.78125 0.48671875 0.07578125 0.0140625
0 0.48671875 0.48671875 0.01953125 0.0140625
0 0.353125 0.51953125 0.090625 0.028125
0 0.4390625 0.5203125 0.0390625 0.028125
0 0.55625 0.521875 0.1578125 0.0359375
0 0.77265625 0.521875 0.096875 0.02734375
0 0.6296875 0.55703125 0.03671875 0.0140625
0 0.403125 0.55703125 0.03203125 0.0140625
0 0.3046875 0.55703125 0.07109375 0.0140625
0 0.14609375 0.55703125 0.2046875 0.0140625
0 0.48671875 0.5578125 0.02578125 0.0140625
0 0.7734375 0.55859375 0.0921875 0.01640625
0 0.54453125 0.55859375 0.02421875 0.015625
0 0.12265625 0.59140625 0.090625 0.02734375
0 0.21171875 0.5921875 0.03671875 0.0265625
0 0.5890625 0.5921875 0.06796875 0.03203125
0 0.77265625 0.5921875 0.09375 0.025
0 0.46640625 0.59375 0.09375 0.03515625
0 0.325 0.59765625 0.15 0.03828125
0 0.7796875 0.63046875 0.07890625 0.028125
0 0.60859375 0.63203125 0.06640625 0.02734375
0 0.14296875 0.67421875 0.0890625 0.0265625
0 0.23125 0.67421875 0.03671875 0.02578125
0 0.77265625 0.67578125 0.09375 0.025
0 0.48359375 0.67734375 0.08671875 0.03359375
0 0.34453125 0.678125 0.146875 0.0328125
0 0.59765625 0.678125 0.0890625 0.0328125
0 0.4390625 0.71484375 0.0421875 0.02578125
0 0.353125 0.71484375 0.090625 0.02734375
0 0.77265625 0.71640625 0.09375 0.02578125
0 0.56015625 0.7171875 0.16328125 0.03515625
0 0.428125 0.75859375 0.0890625 0.0296875
0 0.76953125 0.76015625 0.1 0.02734375
0 0.57109375 0.76171875 0.1421875 0.034375
0 0.11953125 0.80625 0.1421875 0.0140625
0 0.64609375 0.828125 0.0890625 0.0140625
0 0.378125 0.828125 0.0921875 0.0171875
0 0.53984375 0.82890625 0.07578125 0.01796875
0 0.8 0.82890625 0.18046875 0.01484375
0 0.1234375 0.82890625 0.15 0.01484375
0 0.26640625 0.82890625 0.09375 0.01640625
0 0.46640625 0.8296875 0.03203125 0.01015625
0 0.075 0.84765625 0.053125 0.01328125
0 0.4640625 0.84765625 0.18515625 0.0140625
0 0.33125 0.84765625 0.03671875 0.0140625
0 0.20703125 0.8484375 0.16640625 0.01796875
0 0.6546875 0.84921875 0.1453125 0.01640625
0 0.76640625 0.85 0.03203125 0.01015625
0 0.31171875 0.8671875 0.07578125 0.01484375
0 0.12265625 0.86953125 0.1484375 0.01640625
0 0.87265625 0.86953125 0.0484375 0.0109375
0 0.80703125 0.86953125 0.03359375 0.0109375
0 0.2390625 0.86953125 0.03203125 0.01171875
0 0.6640625 0.86953125 0.2046875 0.01875
0 0.4546875 0.87109375 0.16796875 0.0140625
0 0.6546875 0.8875 0.03515625 0.01640625
0 0.56953125 0.8875 0.090625 0.01640625
0 0.72265625 0.88828125 0.0515625 0.0140625
0 0.475 0.88828125 0.053125 0.0140625
0 0.1890625 0.88828125 0.0515625 0.01171875
0 0.3015625 0.8890625 0.12265625 0.01796875
0 0.09453125 0.88984375 0.0890625 0.015625
0 0.40625 0.890625 0.0390625 0.01015625
0 0.32265625 0.90390625 0.090625 0.02421875
0 0.48359375 0.9078125 0.06796875 0.01484375
0 0.775 0.9078125 0.01796875 0.01328125
0 0.68203125 0.90859375 0.12890625 0.0140625
0 0.56953125 0.90859375 0.0515625 0.0140625
0 0.15 0.90859375 0.209375 0.01796875
0 0.40703125 0.91015625 0.03359375 0.01015625
0 0.13984375 0.9296875 0.1953125 0.01796875
0 0.29296875 0.9296875 0.07890625 0.015625
0 0.44296875 0.9515625 0.26328125 0.0171875
0 0.63671875 0.95234375 0.10625 0.01953125