0 0.31796875 0.09453125 0.14453125 0.01328125
0 0.49609375 0.0953125 0.1203125 0.01328125
0 0.68203125 0.096875 0.08046875 0.0125
0 0.77890625 0.096875 0.07890625 0.0125
0 0.1875 0.09609375 0.08828125 0.0171875
0 0.4125 0.096875 0.01484375 0.01015625
0 0.59921875 0.096875 0.053125 0.01640625
0 0.31328125 0.11875 0.0453125 0.01015625
0 0.56796875 0.11953125 0.13046875 0.01015625
0 0.446875 0.11953125 0.03515625 0.01171875
0 0.37890625 0.11953125 0.053125 0.0140625
0 0.28828125 0.13671875 0.0625 0.01015625
0 0.60234375 0.13671875 0.20390625 0.01015625
0 0.4296875 0.13671875 0.053125 0.01015625
0 0.36328125 0.1375 0.0609375 0.0140625
0 0.40703125 0.15625 0.0421875 0.0125
0 0.2734375 0.15625 0.0421875 0.0125
0 0.5765625 0.15625 0.065625 0.01171875
0 0.34296875 0.15625 0.053125 0.01328125
0 0.4546875 0.15625 0.02578125 0.01171875
0 0.51015625 0.15703125 0.03984375 0.0109375
0 0.6625 0.15703125 0.07734375 0.01328125
0 0.31875 0.17421875 0.053125 0.01171875
0 0.61484375 0.17421875 0.09453125 0.0125
0 0.453125 0.17421875 0.18359375 0.0125
0 0.609375 0.19375 0.08046875 0.01015625
0 0.7125 0.19375 0.09609375 0.0125
0 0.2453125 0.19375 0.1203125 0.015625
0 0.36640625 0.19453125 0.07109375 0.01484375
0 0.4875 0.19453125 0.13828125 0.01640625
0 0.196875 0.2296875 0.05 0.01171875
0 0.3203125 0.2296875 0.13203125 0.0125
0 0.43828125 0.23046875 0.07578125 0.01171875
0 0.5796875 0.23046875 0.1234375 0.01171875
0 0.696875 0.23125 0.07578125 0.0109375
0 0.19296875 0.253125 0.1796875 0.01171875
0 0.43359375 0.2546875 0.0625 0.01328125
0 0.5484375 0.25546875 0.13515625 0.0125
0 0.60859375 0.27421875 0.04375 0.0109375
0 0.7671875 0.27578125 0.2125 0.01171875
0 0.5171875 0.27578125 0.0109375 0.0109375
0 0.15078125 0.29921875 0.09296875 0.01328125
0 0.25 0.3 0.08515625 0.015625
0 0.3421875 0.3015625 0.07421875 0.015625
0 0.46171875 0.3015625 0.12890625 0.0171875
0 0.13046875 0.33125 0.0515625 0.0125
0 0.2625 0.33125 0.14296875 0.0125
0 0.3921875 0.33125 0.08671875 0.0125
0 0.1375 0.3515625 0.0625 0.0125
0 0.26640625 0.3515625 0.14296875 0.0125
0 0.39296875 0.3515625 0.08515625 0.0125
0 0.1359375 0.371875 0.0625 0.01171875
0 0.55234375 0.3734375 0.1140625 0.0125
0 0.803125 0.3734375 0.0046875 0.0015625
0 0.41875 0.37421875 0.053125 0.0125
0 0.16015625 0.396875 0.1140625 0.01171875
0 0.56875 0.396875 0.08359375 0.01328125
0 0.42890625 0.3984375 0.0640625 0.0125
0 0.83515625 0.3984375 0.13359375 0.0125
0 0.20078125 0.41875 0.08671875 0.01015625
0 0.12421875 0.42109375 0.03984375 0.0140625
0 0.28515625 0.42109375 0.05625 0.0140625
0 0.3609375 0.42109375 0.065625 0.0140625
0 0.1625 0.453125 0.121875 0.01171875
0 0.58203125 0.45390625 0.0640625 0.01484375
0 0.8453125 0.45390625 0.1125 0.0125
0 0.43125 0.4546875 0.0671875 0.0140625
0 0.15390625 0.475 0.1015625 0.0109375
0 0.16015625 0.509375 0.1203125 0.0125
0 0.4265625 0.509375 0.0625 0.01015625
0 0.56796875 0.509375 0.08828125 0.01015625
0 0.8078125 0.509375 0.08828125 0.0125
0 0.88125 0.509375 0.03515625 0.01015625
0 0.1421875 0.52890625 0.07890625 0.01015625
0 0.2953125 0.5296875 0.178125 0.01015625
0 0.59609375 0.53125 0.0515625 0.0125
0 0.4671875 0.53125 0.13984375 0.0125
0 0.16484375 0.5625 0.1171875 0.0125
0 0.8828125 0.5625 0.03515625 0.0109375
0 0.4265625 0.56328125 0.0625 0.01171875
0 0.81796875 0.5640625 0.0671875 0.0125
0 0.57734375 0.5640625 0.07109375 0.0125
0 0.14765625 0.584375 0.08671875 0.01171875
0 0.2328125 0.584375 0.0578125 0.01015625
0 0.8078125 0.63203125 0.08828125 0.0125
0 0.42578125 0.63125 0.07421875 0.01484375
0 0.17265625 0.63203125 0.08515625 0.0125
0 0.3421875 0.63203125 0.0671875 0.01171875
0 0.53125 0.6328125 0.02109375 0.015625
0 0.565625 0.63359375 0.02578125 0.0171875
0 0.2671875 0.63359375 0.0671875 0.0140625
0 0.4921875 0.63359375 0.03203125 0.015625
0 0.81796875 0.65234375 0.0671875 0.01171875
0 0.33203125 0.65390625 0.14609375 0.015625
0 0.49765625 0.65390625 0.1625 0.015625
0 0.39765625 0.67421875 0.065625 0.0125
0 0.3078125 0.67421875 0.08515625 0.0125
0 0.8078125 0.67421875 0.08828125 0.0125
0 0.5109375 0.6765625 0.13203125 0.015625
0 0.35234375 0.69375 0.07421875 0.0125
0 0.5234375 0.69375 0.1109375 0.0125
0 0.84375 0.69453125 0.01953125 0.01171875
0 0.42734375 0.69609375 0.0515625 0.015625
0 0.15234375 0.7265625 0.07421875 0.0140625
0 0.27421875 0.72890625 0.14609375 0.015625
0 0.50625 0.72890625 0.209375 0.01484375
0 0.76015625 0.72890625 0.1703125 0.015625
0 0.2296875 0.7484375 0.08671875 0.01171875
0 0.13828125 0.7484375 0.0453125 0.01171875
0 0.81171875 0.74921875 0.0671875 0.01171875
0 0.56875 0.75 0.08984375 0.01484375
0 0.3703125 0.78125 0.1046875 0.0125
0 0.4953125 0.78125 0.0671875 0.01015625
0 0.28359375 0.8109375 0.07265625 0.01171875
0 0.5546875 0.8109375 0.1796875 0.0125
0 0.4265625 0.8109375 0.053125 0.0109375
0 0.17890625 0.81171875 0.1203125 0.0125
0 0.359375 0.81171875 0.053125 0.01015625
0 0.3015625 0.8390625 0.1015625 0.0125
0 0.4640625 0.8390625 0.03671875 0.0125
0 0.690625 0.8390625 0.03046875 0.01171875
0 0.58125 0.84140625 0.159375 0.01484375
0 0.39765625 0.84296875 0.0625 0.0125
0 0.1984375 0.859375 0.09453125 0.0125
0 0.49609375 0.859375 0.1140625 0.0125
0 0.67265625 0.859375 0.065625 0.0125
0 0.340625 0.859375 0.1671875 0.01171875
0 0.76640625 0.859375 0.06875 0.01328125
0 0.59609375 0.86171875 0.0546875 0.015625