0 0.25234375 0.0296875 0.1046875 0.0109375
0 0.36953125 0.03046875 0.08046875 0.0109375
0 0.5 0.03046875 0.1234375 0.0109375
0 0.62890625 0.03203125 0.08203125 0.00859375
0 0.7609375 0.03203125 0.121875 0.01328125
0 0.2515625 0.0484375 0.109375 0.0109375
0 0.37109375 0.04921875 0.08515625 0.0109375
0 0.46640625 0.04921875 0.05859375 0.0109375
0 0.55703125 0.04921875 0.0703125 0.0109375
0 0.72421875 0.04921875 0.2328125 0.0109375
0 0.1203125 0.06640625 0.06328125 0.0109375
0 0.8765625 0.0671875 0.103125 0.0109375
0 0.26328125 0.0671875 0.16953125 0.01171875
0 0.390625 0.06953125 0.03984375 0.0078125
0 0.73671875 0.06953125 0.1265625 0.0140625
0 0.53984375 0.07109375 0.20703125 0.01640625
0 0.45546875 0.0875 0.16640625 0.01171875
0 0.60625 0.0875 0.08359375 0.0109375
0 0.18671875 0.10390625 0.146875 0.0109375
0 0.846875 0.10390625 0.17421875 0.0109375
0 0.67265625 0.1046875 0.1296875 0.0109375
0 0.36015625 0.1046875 0.15078125 0.0109375
0 0.521875 0.10546875 0.1203125 0.0109375
0 0.390625 0.30234375 0.0859375 0.0109375
0 0.67109375 0.30234375 0.07734375 0.0109375
0 0.74765625 0.30234375 0.05625 0.0109375
0 0.46640625 0.30234375 0.01875 0.01015625
0 0.2828125 0.30390625 0.0890625 0.01328125
0 0.553125 0.30390625 0.103125 0.01328125
0 0.52265625 0.321875 0.20234375 0.01328125
0 0.57578125 0.33828125 0.1453125 0.0109375
0 0.3890625 0.33984375 0.16640625 0.01328125
0 0.7015625 0.340625 0.06171875 0.0140625
0 0.40234375 0.35625 0.103125 0.01015625
0 0.5203125 0.35625 0.08359375 0.0109375
0 0.63828125 0.3578125 0.10078125 0.01328125
0 0.53125 0.37421875 0.10234375 0.01015625
0 0.36953125 0.37421875 0.175 0.0109375
0 0.66875 0.37421875 0.125 0.0109375
0 0.2515625 0.3921875 0.06328125 0.01015625
0 0.67109375 0.3921875 0.25859375 0.0109375
0 0.44453125 0.3921875 0.053125 0.01015625
0 0.346875 0.39375 0.07578125 0.01328125
0 0.5109375 0.39375 0.01015625 0.0078125
0 0.284375 0.44609375 0.03984375 0.0140625
0 0.4671875 0.44609375 0.09765625 0.01015625
0 0.16640625 0.446875 0.14921875 0.0109375
0 0.38203125 0.44765625 0.00859375 0.00703125
0 0.134375 0.4640625 0.08515625 0.0109375
0 0.5109375 0.4640625 0.05625 0.01015625
0 0.43515625 0.4640625 0.0375 0.01015625
0 0.6046875 0.46484375 0.08046875 0.0109375
0 0.74765625 0.465625 0.14765625 0.01328125
0 0.38203125 0.465625 0.00859375 0.00703125
0 0.16484375 0.48203125 0.146875 0.0109375
0 0.43515625 0.48203125 0.0375 0.01015625
0 0.38203125 0.48359375 0.00859375 0.00703125
0 0.1546875 0.5171875 0.125 0.0109375
0 0.30546875 0.5171875 0.125 0.01015625
0 0.43359375 0.51796875 0.08359375 0.0109375
0 0.54375 0.51796875 0.08203125 0.0109375
0 0.23125 0.5359375 0.09765625 0.0109375
0 0.125 0.5359375 0.0546875 0.01015625
0 0.85234375 0.5359375 0.09609375 0.0109375
0 0.94140625 0.53671875 0.0203125 0.0109375
0 0.1140625 0.571875 0.0390625 0.0109375
0 0.2828125 0.571875 0.11796875 0.0109375
0 0.1765625 0.57265625 0.03984375 0.01015625
0 0.38125 0.57265625 0.01328125 0.01015625
0 0.36953125 0.58984375 0.16640625 0.0109375
0 0.5296875 0.590625 0.09609375 0.01015625
0 0.66875 0.590625 0.128125 0.0109375
0 0.89765625 0.590625 0.09921875 0.0109375
0 0.71875 0.60859375 0.03125 0.0109375
0 0.8953125 0.60859375 0.103125 0.0109375
0 0.5921875 0.61015625 0.18671875 0.01328125
0 0.40234375 0.625 0.103125 0.01015625
0 0.5296875 0.625 0.09609375 0.01015625
0 0.66875 0.62578125 0.128125 0.0109375
0 0.8984375 0.62578125 0.10234375 0.01015625
0 0.71484375 0.64375 0.0359375 0.0109375
0 0.63359375 0.64375 0.10078125 0.01015625
0 0.89765625 0.64375 0.1046875 0.0109375
0 0.71484375 0.66171875 0.0359375 0.0109375
0 0.8984375 0.66171875 0.10234375 0.01015625
0 0.60234375 0.66328125 0.11953125 0.01328125
0 0.68203125 0.66328125 0.0046875 0.00703125
0 0.15625 0.67890625 0.125 0.01015625
0 0.29375 0.67890625 0.1046875 0.01015625
0 0.5421875 0.67890625 0.0328125 0.0109375
0 0.43359375 0.68046875 0.1203125 0.0125
0 0.3578125 0.696875 0.10625 0.0109375
0 0.1546875 0.696875 0.125 0.01015625
0 0.5203125 0.696875 0.16640625 0.01015625
0 0.6890625 0.696875 0.125 0.0109375
0 0.2609375 0.6984375 0.0390625 0.0125
0 0.44453125 0.7328125 0.05859375 0.01015625
0 0.5734375 0.734375 0.140625 0.0125
0 0.12265625 0.75 0.05859375 0.01015625
0 0.2203125 0.75078125 0.08203125 0.0109375
0 0.60234375 0.75078125 0.121875 0.0109375
0 0.71328125 0.75234375 0.0734375 0.0125
0 0.8328125 0.75234375 0.09375 0.01640625
0 0.91875 0.75234375 0.05 0.01328125
0 0.10078125 0.76875 0.02265625 0.01015625
0 0.18671875 0.76875 0.103125 0.01015625
0 0.7015625 0.76953125 0.1046875 0.01015625
0 0.909375 0.7703125 0.0890625 0.01171875
0 0.509375 0.8234375 0.3609375 0.0109375
0 0.24921875 0.859375 0.1046875 0.01015625
0 0.36796875 0.859375 0.08046875 0.01015625
0 0.49765625 0.859375 0.121875 0.0109375
0 0.62734375 0.8609375 0.07890625 0.00703125
0 0.75703125 0.8609375 0.1234375 0.0125
0 0.37109375 0.8765625 0.08515625 0.01015625
0 0.2515625 0.87734375 0.109375 0.0109375
0 0.553125 0.87734375 0.0578125 0.0109375
0 0.46875 0.87734375 0.05859375 0.01015625
0 0.72421875 0.87734375 0.2296875 0.0109375
0 0.1203125 0.8953125 0.06328125 0.01015625
0 0.2609375 0.8953125 0.16796875 0.0109375
0 0.875 0.89609375 0.09765625 0.0109375
0 0.39296875 0.89609375 0.0390625 0.00703125
0 0.5390625 0.89609375 0.20390625 0.0140625
0 0.73515625 0.896875 0.128125 0.01328125
0 0.45390625 0.91328125 0.16953125 0.0109375
0 0.60625 0.91328125 0.07734375 0.01015625
0 0.18671875 0.93125 0.14921875 0.01015625
0 0.35859375 0.93125 0.1453125 0.0109375
0 0.5203125 0.93125 0.1203125 0.0109375
0 0.66875 0.93125 0.125 0.01015625
0 0.84375 0.93203125 0.17109375 0.0109375