0 0.23671875 0.18671875 0.0578125 0.015625
0 0.35390625 0.18671875 0.121875 0.0171875
0 0.66015625 0.18671875 0.0578125 0.0171875
0 0.746875 0.1875 0.06171875 0.0171875
0 0.525 0.18984375 0.1578125 0.0203125
0 0.40625 0.21484375 0.14296875 0.0171875
0 0.5703125 0.21484375 0.15390625 0.01796875
0 0.175 0.2421875 0.059375 0.01640625
0 0.29375 0.2421875 0.11953125 0.01796875
0 0.63984375 0.24296875 0.1046875 0.01796875
0 0.3875 0.24296875 0.01796875 0.01640625
0 0.74609375 0.24296875 0.059375 0.01796875
0 0.490625 0.24453125 0.1375 0.0203125
0 0.81953125 0.24609375 0.0359375 0.0203125
0 0.2390625 0.2703125 0.14296875 0.01640625
0 0.47265625 0.2703125 0.26953125 0.01640625
0 0.72265625 0.27265625 0.18125 0.021875
0 0.23828125 0.29765625 0.1046875 0.01640625
0 0.35390625 0.29765625 0.07890625 0.01640625
0 0.73671875 0.2984375 0.16796875 0.0171875
0 0.5234375 0.29921875 0.20390625 0.02109375
0 0.35703125 0.325 0.0359375 0.0171875
0 0.41875 0.32578125 0.03828125 0.0171875
0 0.27109375 0.3265625 0.07890625 0.01953125
0 0.60859375 0.32734375 0.28515625 0.02109375
0 0.503125 0.3546875 0.16015625 0.021875
0 0.396875 0.3796875 0.0796875 0.01796875
0 0.54609375 0.38046875 0.1625 0.01796875
0 0.153125 0.4359375 0.14453125 0.015625
0 0.28125 0.4359375 0.0578125 0.0171875
0 0.40703125 0.43671875 0.09765625 0.0171875
0 0.903125 0.43671875 0.03828125 0.0171875
0 0.378125 0.46328125 0.03828125 0.0171875
0 0.1859375 0.4640625 0.2046875 0.01796875
0 0.32265625 0.46484375 0.0171875 0.003125
0 0.21875 0.4921875 0.27109375 0.01796875
0 0.57734375 0.4921875 0.059375 0.01640625
0 0.684375 0.4921875 0.1 0.01796875
0 0.83046875 0.4921875 0.10234375 0.01796875
0 0.30234375 0.54765625 0.01015625 0.0171875
0 0.91484375 0.5484375 0.01484375 0.01640625
0 0.15234375 0.55 0.13984375 0.02109375
0 0.25859375 0.55 0.01015625 0.01171875
0 0.775 0.55 0.115625 0.021875
0 0.871875 0.55078125 0.01015625 0.0125
0 0.1328125 0.60234375 0.09921875 0.01796875
0 0.259375 0.60234375 0.09453125 0.01796875
0 0.3984375 0.603125 0.12265625 0.01640625
0 0.77734375 0.603125 0.03828125 0.01640625
0 0.87421875 0.603125 0.09921875 0.01796875
0 0.1234375 0.6296875 0.0796875 0.01640625
0 0.7765625 0.6296875 0.0390625 0.01640625
0 0.87421875 0.63046875 0.09921875 0.01796875
0 0.1421875 0.65703125 0.12265625 0.01640625
0 0.7984375 0.65703125 0.03828125 0.0171875
0 0.884375 0.6578125 0.07890625 0.015625
0 0.19609375 0.71171875 0.05625 0.015625
0 0.11171875 0.7125 0.05859375 0.01640625
0 0.33359375 0.7125 0.16796875 0.01640625
0 0.46171875 0.7125 0.03828125 0.01640625
0 0.553125 0.7125 0.10234375 0.01640625
0 0.73359375 0.7125 0.0390625 0.01640625
0 0.81953125 0.7125 0.08125 0.0171875
0 0.325 0.76640625 0.10234375 0.01796875
0 0.54375 0.76640625 0.08359375 0.01796875
0 0.165625 0.76640625 0.16640625 0.0171875
0 0.4375 0.76640625 0.07734375 0.0171875
0 0.81953125 0.76640625 0.20859375 0.0171875
0 0.66875 0.76640625 0.0359375 0.0171875
0 0.47265625 0.79375 0.1 0.01640625
0 0.1625 0.79453125 0.165625 0.01796875
0 0.31328125 0.79453125 0.07890625 0.01796875
0 0.38828125 0.79453125 0.015625 0.003125
0 0.60703125 0.79453125 0.121875 0.01796875
0 0.7359375 0.79453125 0.0796875 0.01796875
0 0.29140625 0.84921875 0.16640625 0.01640625
0 0.7140625 0.84921875 0.12578125 0.01796875
0 0.5546875 0.84921875 0.1453125 0.01796875
0 0.428125 0.84921875 0.05625 0.01796875
0 0.36640625 0.8765625 0.059375 0.0171875
0 0.3015625 0.8765625 0.01953125 0.015625
0 0.4625 0.8765625 0.0796875 0.0171875
0 0.60625 0.8765625 0.15859375 0.0171875
0 0.46171875 0.9046875 0.03828125 0.01640625
0 0.33359375 0.9046875 0.16796875 0.0171875
0 0.54453125 0.9046875 0.08203125 0.0171875
0 0.68046875 0.9046875 0.1421875 0.0171875