0 0.48671875 0.04140625 0.1921875 0.01953125
0 0.35703125 0.06875 0.1125 0.01640625
0 0.54921875 0.0609375 0.2359375 0.02265625
0 0.2328125 0.09375 0.14140625 0.01640625
0 0.36015625 0.08984375 0.1046875 0.0171875
0 0.46484375 0.08671875 0.05703125 0.01796875
0 0.50234375 0.0859375 0.0203125 0.01875
0 0.6078125 0.08359375 0.17421875 0.025
0 0.74375 0.0796875 0.053125 0.01875
0 0.30390625 0.115625 0.22421875 0.01328125
0 0.621875 0.1046875 0.02734375 0.0203125
0 0.70546875 0.10234375 0.1203125 0.0171875
0 0.35859375 0.134375 0.1640625 0.0140625
0 0.47890625 0.13125 0.02578125 0.01640625
0 0.58515625 0.12890625 0.140625 0.0140625
0 0.2328125 0.1578125 0.1921875 0.015625
0 0.40546875 0.1546875 0.10234375 0.0171875
0 0.6421875 0.15 0.2984375 0.01328125
0 0.09609375 0.19375 0.13359375 0.01484375
0 0.340625 0.18984375 0.009375 0.01796875
0 0.51875 0.1859375 0.26953125 0.0125
0 0.08359375 0.21953125 0.10859375 0.01796875
0 0.3390625 0.21328125 0.0140625 0.0171875
0 0.4953125 0.209375 0.21796875 0.0125
0 0.16328125 0.2421875 0.05859375 0.021875
0 0.340625 0.2375 0.015625 0.01640625
0 0.4390625 0.234375 0.1171875 0.0125
0 0.109375 0.28203125 0.15703125 0.02109375
0 0.746875 0.26875 0.02265625 0.021875
0 0.815625 0.26796875 0.11171875 0.0203125
0 0.56015625 0.27265625 0.02109375 0.01875
0 0.59609375 0.27265625 0.04296875 0.01875
0 0.14453125 0.3375 0.21328125 0.01875
0 0.14765625 0.36328125 0.21015625 0.01484375
0 0.696875 0.3265625 0.03671875 0.021875
0 0.78515625 0.32421875 0.14375 0.01953125
0 0.65703125 0.353125 0.0359375 0.02265625
0 0.76328125 0.35078125 0.1828125 0.01953125
0 0.78828125 0.40234375 0.134375 0.01875
0 0.1109375 0.4140625 0.13203125 0.01484375
0 0.10234375 0.4375 0.04921875 0.0171875
0 0.24453125 0.43515625 0.18125 0.0140625
0 0.4375 0.4546875 0.09453125 0.0171875
0 0.14765625 0.49296875 0.17578125 0.015625
0 0.28671875 0.490625 0.05 0.01796875
0 0.325 0.490625 0.021875 0.01796875
0 0.121875 0.515625 0.075 0.015625
0 0.10078125 0.546875 0.07578125 0.01796875
0 0.18671875 0.54453125 0.05078125 0.01875
0 0.2234375 0.54453125 0.01171875 0.01875
0 0.2859375 0.54296875 0.09765625 0.0171875
0 0.64453125 0.53515625 0.02578125 0.01796875
0 0.70703125 0.53359375 0.05078125 0.01796875
0 0.74375 0.5328125 0.01328125 0.01796875
0 0.80546875 0.53125 0.0984375 0.01640625
0 0.11875 0.59921875 0.1078125 0.0140625
0 0.2421875 0.59609375 0.009375 0.01640625
0 0.334375 0.59453125 0.1671875 0.0125
0 0.58359375 0.58828125 0.06953125 0.0140625
0 0.10859375 0.615625 0.09453125 0.01484375
0 0.17421875 0.6140625 0.01953125 0.015625
0 0.4265625 0.60859375 0.0578125 0.01484375
0 0.15546875 0.63046875 0.18515625 0.0125
0 0.7953125 0.61640625 0.0890625 0.01328125
0 0.46171875 0.6390625 0.090625 0.0125
0 0.315625 0.65703125 0.0578125 0.01484375
0 0.35390625 0.65703125 0.0109375 0.01640625
0 0.50859375 0.65390625 0.2609375 0.01796875
0 0.315625 0.6734375 0.0578125 0.01484375
0 0.40703125 0.67109375 0.090625 0.0140625
0 0.534375 0.66796875 0.09296875 0.01328125
0 0.6171875 0.66640625 0.03984375 0.01484375
0 0.7203125 0.6859375 0.12421875 0.015625
0 0.36171875 0.7109375 0.0625 0.01484375
0 0.403125 0.71015625 0.0140625 0.01640625
0 0.45859375 0.70859375 0.0578125 0.015625
0 0.55390625 0.70625 0.05859375 0.015625
0 0.2265625 0.73125 0.0203125 0.0140625
0 0.31875 0.72890625 0.125 0.01171875
0 0.4171875 0.7265625 0.0390625 0.0140625
0 0.496875 0.72421875 0.08984375 0.01328125
0 0.60703125 0.721875 0.09375 0.01328125
0 0.68203125 0.7203125 0.02265625 0.0140625
0 0.26640625 0.74609375 0.1296875 0.01328125
0 0.4296875 0.7421875 0.12578125 0.01328125
0 0.50078125 0.740625 0.0140625 0.01484375
0 0.65234375 0.7375 0.190625 0.0109375
0 0.1484375 0.7703125 0.14140625 0.01171875
0 0.2296875 0.76953125 0.00546875 0.0109375
0 0.7421875 0.75546875 0.0421875 0.0140625
0 0.77578125 0.75390625 0.01171875 0.01484375
0 0.1078125 0.7859375 0.0734375 0.0125
0 0.18203125 0.784375 0.03984375 0.01328125
0 0.209375 0.78359375 0.0109375 0.0140625
0 0.3109375 0.78125 0.14609375 0.015625
0 0.57265625 0.77421875 0.096875 0.0109375
0 0.65 0.771875 0.04140625 0.01328125
0 0.67734375 0.77109375 0.0140625 0.0140625
0 0.77578125 0.76796875 0.11328125 0.0125
0 0.096875 0.80234375 0.05390625 0.01328125
0 0.27890625 0.79765625 0.21953125 0.01640625
0 0.63203125 0.7875 0.07265625 0.01171875
0 0.76484375 0.78359375 0.15234375 0.009375
0 0.2921875 0.8125 0.04140625 0.01328125
0 0.39140625 0.809375 0.128125 0.0109375
0 0.56640625 0.8046875 0.184375 0.009375
0 0.3296875 0.825 0.07578125 0.01171875
0 0.36796875 0.8390625 0.0765625 0.01171875
0 0.496875 0.83671875 0.1484375 0.009375
0 0.34765625 0.85625 0.04921875 0.01328125
0 0.521875 0.8515625 0.04453125 0.01328125
0 0.55078125 0.85078125 0.015625 0.01484375
0 0.57578125 0.85 0.03203125 0.0140625
0 0.315625 0.8859375 0.2078125 0.02109375
0 0.615625 0.87890625 0.2171875 0.021875
0 0.4484375 0.915625 0.165625 0.01171875
0 0.60234375 0.9125 0.11328125 0.00859375
0 0.67734375 0.94765625 0.03671875 0.01640625
0 0.7390625 0.94453125 0.0515625 0.01640625
0 0.78515625 0.94296875 0.0234375 0.0171875
0 0.8484375 0.940625 0.10625 0.0140625
0 0.1046875 0.96328125 0.0859375 0.0140625
0 0.19609375 0.9609375 0.05390625 0.01484375
0 0.2359375 0.959375 0.0171875 0.015625
0 0.30390625 0.96015625 0.1140625 0.015625
0 0.3390625 0.99140625 0.0640625 0.01640625
0 0.4234375 0.990625 0.05859375 0.01796875
0 0.58203125 0.9875 0.21796875 0.02109375
0 0.5234375 0.10859375 0.15703125 0.01953125
0 0.07109375 0.24609375 0.0890625 0.02265625
0 0.7078125 0.40078125 0.02109375 0.00859375
0 0.2109375 0.59765625 0.04140625 0.01171875
0 0.225 0.6125 0.078125 0.01328125
0 0.3328125 0.6109375 0.09140625 0.0125
0 0.65546875 0.58828125 0.0359375 0.01328125
0 0.76875 0.584375 0.146875 0.0171875
0 0.5546875 0.7609375 0.30625 0.01796875
0 0.3203125 0.76484375 0.1234375 0.01484375
0 0.80078125 0.75390625 0.046875 0.009375
0 0.44296875 0.8234375 0.11171875 0.01484375
0 0.58046875 0.81875 0.140625 0.01484375
0 0.4328125 0.85234375 0.10234375 0.01484375