0 0.61796875 0.0890625 0.08046875 0.01171875
0 0.77265625 0.0890625 0.2 0.015625
0 0.51015625 0.08984375 0.08046875 0.0109375
0 0.3078125 0.09140625 0.01953125 0.0109375
0 0.23359375 0.0921875 0.08359375 0.01171875
0 0.3953125 0.0921875 0.10390625 0.0125
0 0.1265625 0.09453125 0.08359375 0.0140625
0 0.70703125 0.10546875 0.08359375 0.0109375
0 0.59765625 0.10625 0.08359375 0.0109375
0 0.41796875 0.10859375 0.0609375 0.0109375
0 0.5015625 0.10859375 0.0578125 0.01328125
0 0.28828125 0.109375 0.14453125 0.01171875
0 0.61796875 0.1234375 0.25703125 0.0125
0 0.40390625 0.12578125 0.0421875 0.01015625
0 0.45859375 0.12734375 0.0125 0.0078125
0 0.24296875 0.12734375 0.0609375 0.01171875
0 0.3296875 0.12734375 0.0609375 0.0125
0 0.4359375 0.17734375 0.10390625 0.01171875
0 0.25625 0.17890625 0.04375 0.0109375
0 0.1390625 0.1796875 0.14453125 0.01171875
0 0.7171875 0.19375 0.14921875 0.01171875
0 0.575 0.1953125 0.08359375 0.01171875
0 0.47890625 0.1953125 0.0609375 0.0109375
0 0.4046875 0.1953125 0.03828125 0.0109375
0 0.35 0.196875 0.01015625 0.00859375
0 0.10390625 0.19765625 0.08359375 0.0109375
0 0.4046875 0.21328125 0.04140625 0.01171875
0 0.13671875 0.21484375 0.14921875 0.0109375
0 0.35234375 0.21484375 0.0125 0.0078125
0 0.48046875 0.24921875 0.0625 0.01171875
0 0.3953125 0.24921875 0.0609375 0.01171875
0 0.265625 0.25 0.14921875 0.01171875
0 0.1171875 0.25 0.10390625 0.01171875
0 0.9078125 0.2640625 0.01953125 0.0109375
0 0.8265625 0.26484375 0.10625 0.01171875
0 0.20390625 0.26796875 0.10390625 0.01171875
0 0.07421875 0.26875 0.015625 0.01015625
0 0.1171875 0.26953125 0.01875 0.0078125
0 0.49140625 0.28515625 0.08359375 0.0109375
0 0.37265625 0.28515625 0.10390625 0.01171875
0 0.265625 0.28515625 0.0609375 0.01171875
0 0.17890625 0.28671875 0.059375 0.01171875
0 0.09453125 0.28671875 0.0609375 0.0109375
0 0.9078125 0.3 0.01953125 0.01015625
0 0.8359375 0.30078125 0.08359375 0.0109375
0 0.1921875 0.30390625 0.08359375 0.0109375
0 0.078125 0.3046875 0.0171875 0.0125
0 0.11953125 0.30625 0.02109375 0.009375
0 0.61015625 0.31953125 0.1046875 0.0109375
0 0.5015625 0.31953125 0.0609375 0.01171875
0 0.3953125 0.3203125 0.10625 0.01015625
0 0.25625 0.32109375 0.12890625 0.01171875
0 0.1171875 0.321875 0.10625 0.01171875
0 0.9078125 0.334375 0.01953125 0.0109375
0 0.8265625 0.33515625 0.10234375 0.01171875
0 0.20390625 0.33828125 0.10234375 0.0109375
0 0.07421875 0.3390625 0.015625 0.01015625
0 0.1171875 0.340625 0.01875 0.00859375
0 0.43671875 0.35546875 0.10234375 0.0109375
0 0.31953125 0.35546875 0.08359375 0.0109375
0 0.2015625 0.35625 0.1046875 0.0109375
0 0.09765625 0.35703125 0.05703125 0.01171875
0 0.9078125 0.36953125 0.0171875 0.01015625
0 0.8265625 0.37109375 0.10234375 0.01171875
0 0.20390625 0.37265625 0.10234375 0.01171875
0 0.07578125 0.37421875 0.0125 0.0109375
0 0.1171875 0.375 0.01875 0.0078125
0 0.43984375 0.390625 0.09921875 0.0109375
0 0.31953125 0.390625 0.08359375 0.01171875
0 0.2015625 0.39140625 0.1046875 0.01171875
0 0.09765625 0.3921875 0.05703125 0.01171875
0 0.9078125 0.40625 0.01953125 0.0109375
0 0.8265625 0.40703125 0.10234375 0.01171875
0 0.20390625 0.409375 0.10234375 0.0109375
0 0.09765625 0.41015625 0.05703125 0.01015625
0 0.43984375 0.42578125 0.09921875 0.01171875
0 0.31953125 0.42578125 0.08359375 0.01171875
0 0.20390625 0.4265625 0.10390625 0.01171875
0 0.09765625 0.42734375 0.05390625 0.01171875
0 0.9078125 0.440625 0.0171875 0.0109375
0 0.8265625 0.4421875 0.09921875 0.01171875
0 0.2046875 0.44453125 0.10078125 0.01171875
0 0.07578125 0.44453125 0.0125 0.0109375
0 0.11796875 0.446875 0.01953125 0.0078125
0 0.31953125 0.46171875 0.08359375 0.01171875
0 0.4390625 0.46171875 0.10078125 0.01015625
0 0.20390625 0.4625 0.10234375 0.0109375
0 0.09765625 0.4625 0.05703125 0.01171875
0 0.9078125 0.47578125 0.0171875 0.01015625
0 0.8265625 0.4765625 0.09921875 0.01171875
0 0.2046875 0.4796875 0.10078125 0.0109375
0 0.07578125 0.48046875 0.015625 0.01171875
0 0.11796875 0.48203125 0.0171875 0.01015625
0 0.43984375 0.4953125 0.09921875 0.0109375
0 0.31953125 0.49609375 0.08359375 0.01015625
0 0.20390625 0.49609375 0.10234375 0.0109375
0 0.09765625 0.496875 0.05703125 0.0109375
0 0.9078125 0.51015625 0.01953125 0.01015625
0 0.8265625 0.5109375 0.10234375 0.0109375
0 0.20390625 0.51328125 0.10234375 0.01015625
0 0.07890625 0.51328125 0.01875 0.0109375
0 0.11953125 0.515625 0.02109375 0.009375
0 0.4390625 0.5296875 0.10078125 0.01171875
0 0.09453125 0.53046875 0.0578125 0.0125
0 0.31953125 0.5296875 0.08359375 0.01015625
0 0.2015625 0.53046875 0.1046875 0.01015625
0 0.8265625 0.5453125 0.10234375 0.0109375
0 0.91015625 0.5453125 0.01875 0.0109375
0 0.20390625 0.54765625 0.09921875 0.0109375
0 0.11796875 0.54921875 0.02265625 0.0109375
0 0.07578125 0.54921875 0.0125 0.0125
0 0.43984375 0.56484375 0.09921875 0.01015625
0 0.31953125 0.565625 0.08359375 0.01171875
0 0.2015625 0.56640625 0.1046875 0.0109375
0 0.09453125 0.565625 0.0578125 0.01171875
0 0.91015625 0.58046875 0.01875 0.0109375
0 0.8296875 0.58125 0.09921875 0.0109375
0 0.20390625 0.58359375 0.09921875 0.01015625
0 0.07265625 0.58359375 0.0140625 0.01015625
0 0.1171875 0.58515625 0.015625 0.0078125
0 0.43984375 0.6 0.09921875 0.01171875
0 0.31953125 0.6015625 0.08359375 0.01171875
0 0.20078125 0.6015625 0.10625 0.0109375
0 0.09453125 0.6015625 0.0578125 0.01171875
0 0.9109375 0.61640625 0.01953125 0.01015625
0 0.8296875 0.61640625 0.09921875 0.01015625
0 0.20390625 0.61953125 0.09921875 0.0109375
0 0.071875 0.61953125 0.015625 0.01015625
0 0.11484375 0.62109375 0.01953125 0.0078125
0 0.43984375 0.63671875 0.09921875 0.0109375
0 0.31953125 0.63671875 0.08359375 0.0109375
0 0.20078125 0.63671875 0.10625 0.01171875
0 0.09453125 0.63671875 0.0578125 0.01171875
0 0.8296875 0.6515625 0.09921875 0.0109375
0 0.9109375 0.6515625 0.0171875 0.0109375
0 0.20390625 0.65390625 0.09921875 0.01015625
0 0.07265625 0.6546875 0.0140625 0.0109375
0 0.11484375 0.65625 0.01953125 0.0078125
0 0.365625 0.6890625 0.03515625 0.01015625
0 0.25234375 0.6890625 0.121875 0.0109375
0 0.15 0.68984375 0.03828125 0.0109375
0 0.08515625 0.68984375 0.03984375 0.01015625
0 0.85859375 0.7046875 0.1265625 0.01171875
0 0.64296875 0.70546875 0.1265625 0.01171875
0 0.5015625 0.70625 0.10078125 0.01171875
0 0.33984375 0.70625 0.171875 0.01171875
0 0.87578125 0.721875 0.078125 0.0109375
0 0.58828125 0.72421875 0.23515625 0.01328125
0 0.85703125 0.73984375 0.125 0.01171875
0 0.640625 0.740625 0.1265625 0.0109375
0 0.50078125 0.74140625 0.09609375 0.01171875
0 0.37421875 0.74140625 0.10234375 0.01171875
0 0.85703125 0.75703125 0.11953125 0.01171875
0 0.65234375 0.75859375 0.09921875 0.01171875
0 0.25625 0.759375 0.12890625 0.01015625
0 0.87890625 0.77421875 0.08046875 0.01171875
0 0.67578125 0.77578125 0.05546875 0.0109375
0 0.575 0.77734375 0.1234375 0.0125
0 0.52421875 0.79375 0.0578125 0.01015625
0 0.26796875 0.79453125 0.1046875 0.01015625
0 0.12734375 0.7953125 0.12734375 0.0109375
0 0.40390625 0.7953125 0.121875 0.01328125
0 0.46953125 0.8109375 0.16484375 0.01015625
0 0.31953125 0.8109375 0.08359375 0.0109375
0 0.1265625 0.81171875 0.1265625 0.01171875
0 0.234375 0.81328125 0.03984375 0.0125
0 0.41796875 0.846875 0.0578125 0.0109375
0 0.5453125 0.84765625 0.14921875 0.01328125
0 0.8421875 0.8640625 0.1421875 0.01328125
0 0.6171875 0.86484375 0.21015625 0.01328125
0 0.1921875 0.86484375 0.08359375 0.01015625
0 0.09453125 0.865625 0.0609375 0.0109375
0 0.87578125 0.8796875 0.08359375 0.01015625
0 0.665625 0.88046875 0.121875 0.01171875
0 0.159375 0.8828125 0.10625 0.01171875
0 0.07265625 0.88359375 0.01953125 0.01015625
0 0.87890625 0.89765625 0.08046875 0.01171875
0 0.675 0.89921875 0.09921875 0.01171875
0 0.15625 0.90078125 0.1046875 0.0109375
0 0.07265625 0.90078125 0.01953125 0.0109375
0 0.565625 0.95234375 0.36171875 0.01171875
0 0.3265625 0.95234375 0.0578125 0.0109375
0 0.24296875 0.953125 0.0609375 0.01015625
0 0.8140625 0.96875 0.034375 0.01015625
0 0.65 0.96953125 0.2296875 0.01015625
0 0.48046875 0.96953125 0.0625 0.0109375
0 0.3953125 0.9703125 0.0609375 0.01015625
0 0.18046875 0.9703125 0.10390625 0.0109375
0 0.2984375 0.9703125 0.08359375 0.0109375