0 0.159375 0.0265625 0.29609375 0.02734375
0 0.67578125 0.11328125 0.26875 0.02265625
0 0.3875 0.1171875 0.23671875 0.0265625
0 0.3671875 0.14609375 0.3453125 0.0203125
0 0.6453125 0.14609375 0.1171875 0.0203125
0 0.78125 0.14609375 0.090625 0.0203125
0 0.18984375 0.17734375 0.06328125 0.0203125
0 0.43828125 0.178125 0.06328125 0.0203125
0 0.31484375 0.178125 0.096875 0.0203125
0 0.72265625 0.17890625 0.27109375 0.021875
0 0.52578125 0.18125 0.009375 0.01484375
0 0.20625 0.21015625 0.096875 0.0203125
0 0.33515625 0.21015625 0.05625 0.0203125
0 0.6859375 0.21171875 0.41953125 0.021875
0 0.42109375 0.21484375 0.00703125 0.015625
0 0.1828125 0.275 0.18984375 0.021875
0 0.38515625 0.27421875 0.096875 0.0203125
0 0.58046875 0.275 0.203125 0.021875
0 0.81171875 0.27734375 0.16953125 0.01953125
0 0.15234375 0.30625 0.1328125 0.01796875
0 0.3484375 0.30625 0.16953125 0.0203125
0 0.56328125 0.30625 0.16484375 0.0203125
0 0.79140625 0.3078125 0.20546875 0.0203125
0 0.246875 0.3375 0.08359375 0.01796875
0 0.52578125 0.33828125 0.2390625 0.0203125
0 0.75703125 0.33828125 0.12890625 0.0203125
0 0.3484375 0.3390625 0.00703125 0.01484375
0 0.25546875 0.36796875 0.19375 0.0203125
0 0.54609375 0.36953125 0.253125 0.0203125
0 0.71640625 0.3703125 0.0203125 0.0203125
0 0.821875 0.3703125 0.121875 0.0203125
0 0.13515625 0.43046875 0.09453125 0.0203125
0 0.43984375 0.43203125 0.33828125 0.0203125
0 0.73671875 0.4328125 0.15546875 0.0203125
0 0.434375 0.46328125 0.0609375 0.01953125
0 0.825 0.46484375 0.20546875 0.0203125
0 0.55546875 0.46484375 0.090625 0.01796875
0 0.14921875 0.46640625 0.1265625 0.034375
0 0.13203125 0.5265625 0.096875 0.01953125
0 0.4515625 0.5265625 0.1671875 0.021875
0 0.27421875 0.5265625 0.096875 0.0203125
0 0.78125 0.5609375 0.1171875 0.0203125
0 0.37734375 0.56171875 0.0359375 0.021875
0 0.89765625 0.5625 0.05625 0.01796875
0 0.5578125 0.59296875 0.01328125 0.01796875
0 0.6453125 0.59296875 0.06328125 0.0203125
0 0.23359375 0.65 0.08828125 0.01796875
0 0.365625 0.65 0.05390625 0.01796875
0 0.48203125 0.65 0.08359375 0.01796875
0 0.89765625 0.6515625 0.05625 0.0203125
0 0.78125 0.65390625 0.1171875 0.0265625
0 0.23046875 0.68125 0.090625 0.01796875
0 0.3609375 0.68125 0.06328125 0.02265625
0 0.77734375 0.68125 0.11953125 0.02265625
0 0.89375 0.68203125 0.05859375 0.0203125
0 0.27109375 0.74140625 0.1578125 0.01953125
0 0.71015625 0.74375 0.40859375 0.01953125
0 0.253125 0.77109375 0.13515625 0.0203125
0 0.77734375 0.77421875 0.11953125 0.01953125
0 0.8953125 0.77421875 0.05625 0.01953125
0 0.2 0.834375 0.0921875 0.01796875
0 0.4140625 0.83515625 0.228125 0.021875
0 0.6015625 0.83515625 0.05625 0.0203125
0 0.7265625 0.8375 0.0859375 0.01953125
0 0.23359375 0.896875 0.16953125 0.01796875
0 0.428125 0.896875 0.1328125 0.01796875
0 0.58671875 0.8984375 0.09453125 0.0203125
0 0.73046875 0.8984375 0.096875 0.0203125
0 0.46171875 0.92890625 0.3453125 0.0203125