0 0.39453125 0.08203125 0.0546875 0.01171875
0 0.503125 0.08203125 0.11171875 0.01171875
0 0.5984375 0.08203125 0.03671875 0.01171875
0 0.31796875 0.08203125 0.05390625 0.0109375
0 0.66640625 0.0828125 0.05546875 0.0125
0 0.4921875 0.1 0.09296875 0.01171875
0 0.328125 0.10078125 0.03515625 0.0109375
0 0.6140625 0.1015625 0.10859375 0.0140625
0 0.3921875 0.1015625 0.05078125 0.0140625
0 0.38671875 0.11875 0.11484375 0.01171875
0 0.55625 0.1203125 0.1859375 0.01484375
0 0.3578125 0.13671875 0.09296875 0.01171875
0 0.47265625 0.13671875 0.0953125 0.01171875
0 0.60703125 0.1390625 0.12578125 0.0140625
0 0.28359375 0.15546875 0.07109375 0.0140625
0 0.40234375 0.15546875 0.12890625 0.01171875
0 0.6140625 0.15546875 0.24375 0.01328125
0 0.2046875 0.19921875 0.034375 0.01171875
0 0.36015625 0.19921875 0.07421875 0.01171875
0 0.475 0.19921875 0.1140625 0.01171875
0 0.115625 0.2 0.08828125 0.01171875
0 0.271875 0.2 0.059375 0.0109375
0 0.35 0.21796875 0.09453125 0.01171875
0 0.2484375 0.21875 0.05078125 0.01015625
0 0.1359375 0.21953125 0.1296875 0.0140625
0 0.12734375 0.2359375 0.1125 0.01171875
0 0.3515625 0.23671875 0.134375 0.01171875
0 0.23203125 0.23828125 0.046875 0.0140625
0 0.17578125 0.2546875 0.01484375 0.01171875
0 0.10703125 0.2546875 0.06796875 0.01171875
0 0.184375 0.28046875 0.22421875 0.0234375
0 0.39140625 0.28046875 0.06953125 0.02265625
0 0.184375 0.32890625 0.075 0.01171875
0 0.90703125 0.32890625 0.02265625 0.01171875
0 0.8296875 0.3296875 0.09765625 0.0125
0 0.6125 0.3296875 0.14140625 0.0125
0 0.11875 0.3296875 0.01484375 0.01015625
0 0.321875 0.33125 0.15234375 0.01484375
0 0.46484375 0.33125 0.0953125 0.00859375
0 0.2921875 0.34765625 0.0546875 0.01171875
0 0.8296875 0.34765625 0.09296875 0.01171875
0 0.90703125 0.34765625 0.01484375 0.01171875
0 0.11875 0.3484375 0.01484375 0.01015625
0 0.19453125 0.34921875 0.0953125 0.01484375
0 0.90703125 0.365625 0.01484375 0.01171875
0 0.3109375 0.365625 0.0921875 0.01171875
0 0.83125 0.365625 0.09296875 0.01171875
0 0.428125 0.36640625 0.0921875 0.01015625
0 0.11875 0.36640625 0.01484375 0.01015625
0 0.19453125 0.3671875 0.09296875 0.01484375
0 0.28359375 0.384375 0.115625 0.01171875
0 0.90703125 0.384375 0.01484375 0.01171875
0 0.178125 0.384375 0.05546875 0.0125
0 0.83125 0.384375 0.09296875 0.0125
0 0.11875 0.38515625 0.01484375 0.0109375
0 0.409375 0.38515625 0.09296875 0.0109375
0 0.90703125 0.403125 0.01484375 0.0109375
0 0.3484375 0.403125 0.09453125 0.01171875
0 0.83125 0.403125 0.09140625 0.01171875
0 0.2140625 0.403125 0.134375 0.01171875
0 0.44609375 0.40390625 0.05546875 0.0109375
0 0.11875 0.40390625 0.01484375 0.0109375
0 0.23359375 0.421875 0.09453125 0.0109375
0 0.3125 0.421875 0.0125 0.0109375
0 0.36875 0.421875 0.05546875 0.0109375
0 0.15546875 0.42265625 0.01953125 0.00859375
0 0.44765625 0.42265625 0.0578125 0.0140625
0 0.471875 0.4609375 0.16640625 0.01171875
0 0.85859375 0.4609375 0.11171875 0.01171875
0 0.50078125 0.47890625 0.109375 0.01171875
0 0.79765625 0.4875 0.2328125 0.02421875
0 0.85859375 0.5140625 0.11171875 0.01171875
0 0.51171875 0.5140625 0.08828125 0.01171875
0 0.49296875 0.534375 0.12578125 0.01484375
0 0.8375 0.54140625 0.153125 0.02265625
0 0.41015625 0.59453125 0.05703125 0.01171875
0 0.525 0.5953125 0.13203125 0.0140625
0 0.1875 0.6125 0.0765625 0.0109375
0 0.1 0.6125 0.0546875 0.0109375
0 0.6046875 0.6125 0.1125 0.0109375
0 0.88828125 0.6125 0.05546875 0.0109375
0 0.08125 0.63046875 0.01796875 0.01171875
0 0.615625 0.63046875 0.0921875 0.01171875
0 0.87890625 0.63046875 0.07421875 0.01171875
0 0.13671875 0.63125 0.059375 0.01328125
0 0.4171875 0.69140625 0.1515625 0.01171875
0 0.55234375 0.69140625 0.07421875 0.01015625
0 0.61875 0.69296875 0.00625 0.00859375
0 0.3296875 0.71015625 0.134375 0.0109375
0 0.48515625 0.71015625 0.13125 0.0109375
0 0.64921875 0.71171875 0.1546875 0.01484375
0 0.33984375 0.72734375 0.1328125 0.01171875
0 0.57421875 0.7296875 0.28671875 0.01484375
0 0.5421875 0.76328125 0.21015625 0.01171875
0 0.37421875 0.7640625 0.07109375 0.01015625
0 0.24921875 0.78203125 0.10625 0.01015625
0 0.41484375 0.78203125 0.1640625 0.01015625
0 0.76953125 0.7828125 0.0515625 0.00859375
0 0.62109375 0.78359375 0.21875 0.01484375
0 0.3671875 0.79921875 0.165625 0.01171875
0 0.59296875 0.79921875 0.22734375 0.01171875
0 0.60234375 0.81796875 0.23046875 0.01171875
0 0.36796875 0.8203125 0.18203125 0.01484375
0 0.64140625 0.8359375 0.22734375 0.0109375
0 0.27109375 0.8359375 0.07734375 0.0109375
0 0.41484375 0.83671875 0.16640625 0.01015625
0 0.26171875 0.87265625 0.096875 0.01015625
0 0.48671875 0.87265625 0.1125 0.01015625
0 0.60234375 0.8734375 0.0765625 0.00859375
0 0.3671875 0.8734375 0.06875 0.0125
0 0.71328125 0.87421875 0.10703125 0.0140625
0 0.19453125 0.91640625 0.13203125 0.01171875
0 0.46796875 0.91640625 0.0546875 0.01171875
0 0.37734375 0.91640625 0.075 0.01171875
0 0.6890625 0.91640625 0.3359375 0.01171875
0 0.303125 0.91796875 0.03515625 0.0140625