0 0.1546875 0.06328125 0.2125 0.0140625
0 0.71171875 0.0640625 0.0796875 0.0140625
0 0.46796875 0.06484375 0.378125 0.01640625
0 0.82734375 0.065625 0.125 0.01640625
0 0.9203125 0.065625 0.0390625 0.0171875
0 0.30390625 0.0828125 0.05546875 0.01484375
0 0.4328125 0.0828125 0.0859375 0.015625
0 0.5515625 0.0828125 0.1203125 0.0140625
0 0.3578125 0.08359375 0.02734375 0.0171875
0 0.67109375 0.084375 0.0734375 0.01640625
0 0.30078125 0.10234375 0.09609375 0.0140625
0 0.4015625 0.10234375 0.0828125 0.0140625
0 0.50390625 0.10390625 0.09921875 0.0171875
0 0.65234375 0.1046875 0.15546875 0.0171875
0 0.69375 0.11953125 0.21953125 0.0171875
0 0.221875 0.11953125 0.06015625 0.01484375
0 0.2890625 0.12109375 0.0515625 0.0140625
0 0.4046875 0.1203125 0.15078125 0.01484375
0 0.5453125 0.121875 0.06171875 0.0140625
0 0.3421875 0.1390625 0.075 0.0140625
0 0.57421875 0.1390625 0.22578125 0.0171875
0 0.42109375 0.1390625 0.05390625 0.01484375
0 0.4578125 0.178125 0.01640625 0.02421875
0 0.36171875 0.17734375 0.1296875 0.0234375
0 0.2453125 0.17734375 0.0515625 0.0234375
0 0.58203125 0.17890625 0.18984375 0.02421875
0 0.7328125 0.17890625 0.0734375 0.02421875
0 0.4328125 0.22421875 0.0734375 0.02421875
0 0.5875 0.22421875 0.0390625 0.02421875
0 0.51953125 0.22578125 0.0515625 0.0234375
0 0.7375 0.225 0.14765625 0.02421875
0 0.10546875 0.25234375 0.13671875 0.01171875
0 0.55390625 0.25390625 0.078125 0.01171875
0 0.725 0.2546875 0.18984375 0.01171875
0 0.25703125 0.28203125 0.0921875 0.02421875
0 0.38203125 0.28203125 0.115625 0.0234375
0 0.48671875 0.28203125 0.0515625 0.0234375
0 0.1109375 0.28203125 0.15078125 0.0234375
0 0.5640625 0.2828125 0.05703125 0.02421875
0 0.0921875 0.31015625 0.11328125 0.0125
0 0.3296875 0.31015625 0.0484375 0.0109375
0 0.41015625 0.31015625 0.05390625 0.0109375
0 0.475 0.3109375 0.02734375 0.0140625
0 0.225 0.3109375 0.10546875 0.01484375
0 0.1734375 0.32734375 0.0328125 0.01171875
0 0.08671875 0.32734375 0.0890625 0.01171875
0 0.26484375 0.328125 0.10390625 0.01484375
0 0.084375 0.34609375 0.09453125 0.01171875
0 0.209375 0.34609375 0.11015625 0.01171875
0 0.47734375 0.346875 0.14296875 0.01171875
0 0.334375 0.34765625 0.08125 0.01484375
0 0.0890625 0.36328125 0.10078125 0.0140625
0 0.36015625 0.3640625 0.10078125 0.0140625
0 0.23203125 0.36484375 0.14609375 0.01640625
0 0.7484375 0.38359375 0.10078125 0.01796875
0 0.571875 0.384375 0.1703125 0.01875
0 0.43671875 0.38671875 0.06484375 0.02109375
0 0.4015625 0.40703125 0.06640625 0.0171875
0 0.634375 0.40625 0.01953125 0.01328125
0 0.4828125 0.4078125 0.05390625 0.015625
0 0.8421875 0.4078125 0.1296875 0.0171875
0 0.559375 0.40703125 0.05 0.01328125
0 0.70703125 0.409375 0.0859375 0.0171875
0 0.1734375 0.43671875 0.090625 0.0125
0 0.06484375 0.43671875 0.06484375 0.01171875
0 0.728125 0.43671875 0.02109375 0.01328125
0 0.634375 0.4375 0.02265625 0.0125
0 0.39609375 0.4375 0.06484375 0.0125
0 0.50078125 0.4375 0.01796875 0.01328125
0 0.86328125 0.43828125 0.090625 0.0125
0 0.58046875 0.4390625 0.02109375 0.0140625
0 0.50078125 0.45546875 0.01796875 0.01328125
0 0.06328125 0.4546875 0.06484375 0.0125
0 0.7265625 0.45625 0.02109375 0.01484375
0 0.63359375 0.45546875 0.02109375 0.0140625
0 0.1546875 0.45546875 0.0859375 0.0125
0 0.3953125 0.45546875 0.06953125 0.0125
0 0.57734375 0.45703125 0.02109375 0.01328125
0 0.86328125 0.45625 0.090625 0.0125
0 0.05859375 0.475 0.0515625 0.01171875
0 0.15859375 0.47421875 0.0890625 0.0125
0 0.5734375 0.47578125 0.02578125 0.01640625
0 0.39765625 0.47578125 0.07109375 0.01171875
0 0.5015625 0.47578125 0.01953125 0.01328125
0 0.6328125 0.475 0.01640625 0.0125
0 0.72890625 0.475 0.02578125 0.0125
0 0.8640625 0.47578125 0.0859375 0.0140625
0 0.34609375 0.50703125 0.0875 0.025
0 0.76796875 0.50859375 0.09453125 0.0234375
0 0.43359375 0.50859375 0.0390625 0.021875
0 0.55546875 0.51015625 0.159375 0.03046875
0 0.5796875 0.53984375 0.02578125 0.01640625
0 0.7265625 0.54140625 0.02109375 0.0140625
0 0.49921875 0.540625 0.01796875 0.01484375
0 0.3953125 0.540625 0.06640625 0.01328125
0 0.18359375 0.540625 0.30546875 0.01328125
0 0.63125 0.5421875 0.02265625 0.0140625
0 0.8625 0.5421875 0.0921875 0.01640625
0 0.1171875 0.55859375 0.171875 0.0125
0 0.3921875 0.559375 0.0734375 0.0125
0 0.72734375 0.559375 0.01953125 0.015625
0 0.57578125 0.559375 0.01796875 0.0125
0 0.63125 0.5609375 0.01953125 0.01328125
0 0.8703125 0.56171875 0.078125 0.01328125
0 0.49765625 0.56171875 0.04375 0.01328125
0 0.07421875 0.57734375 0.0859375 0.0125
0 0.1875 0.57890625 0.10859375 0.01328125
0 0.63125 0.57890625 0.02265625 0.01328125
0 0.3921875 0.578125 0.0734375 0.0125
0 0.49375 0.57890625 0.02890625 0.0125
0 0.72890625 0.57890625 0.01328125 0.0125
0 0.87109375 0.58046875 0.0734375 0.01328125
0 0.5796875 0.58046875 0.01640625 0.0140625
0 0.39453125 0.59765625 0.078125 0.0125
0 0.63125 0.59765625 0.02578125 0.0125
0 0.12578125 0.59765625 0.18984375 0.0125
0 0.57890625 0.5984375 0.02109375 0.0125
0 0.7203125 0.59921875 0.0375 0.0140625
0 0.5 0.59921875 0.01640625 0.00703125
0 0.8625 0.59921875 0.0921875 0.0125
0 0.11328125 0.628125 0.090625 0.02578125
0 0.2046875 0.62890625 0.0390625 0.02421875
0 0.76796875 0.63125 0.090625 0.02421875
0 0.31640625 0.6328125 0.14921875 0.03203125
0 0.46796875 0.6328125 0.10546875 0.0328125
0 0.59140625 0.63359375 0.0859375 0.03125
0 0.7765625 0.67109375 0.06953125 0.02421875
0 0.60078125 0.67421875 0.06796875 0.0328125
0 0.13359375 0.709375 0.0890625 0.025
0 0.22265625 0.71015625 0.0359375 0.0234375
0 0.48828125 0.7109375 0.06484375 0.0234375
0 0.76796875 0.7109375 0.09453125 0.0234375
0 0.59140625 0.71328125 0.0859375 0.03203125
0 0.35625 0.71328125 0.18671875 0.03046875
0 0.34453125 0.74609375 0.090625 0.02421875
0 0.76484375 0.74609375 0.10390625 0.02421875
0 0.43359375 0.746875 0.0390625 0.02265625
0 0.546875 0.74921875 0.14609375 0.03125
0 0.76640625 0.7890625 0.10390625 0.0265625
0 0.421875 0.7890625 0.090625 0.028125
0 0.55703125 0.78984375 0.1328125 0.03046875
0 0.11015625 0.8328125 0.14296875 0.01328125
0 0.25625 0.85390625 0.09453125 0.01328125
0 0.63984375 0.85390625 0.090625 0.01328125
0 0.1125 0.85390625 0.15078125 0.01171875
0 0.79921875 0.8546875 0.18046875 0.01171875
0 0.37109375 0.85546875 0.0890625 0.01484375
0 0.53515625 0.85546875 0.0734375 0.01484375
0 0.459375 0.85546875 0.0328125 0.009375
0 0.06484375 0.87109375 0.0515625 0.0125
0 0.32421875 0.87265625 0.0375 0.01328125
0 0.45703125 0.8734375 0.18671875 0.01328125
0 0.19921875 0.8734375 0.1640625 0.0140625
0 0.646875 0.875 0.14765625 0.01640625
0 0.7640625 0.87578125 0.03046875 0.009375
0 0.303125 0.890625 0.0765625 0.0125
0 0.22734375 0.89140625 0.0359375 0.0109375
0 0.1140625 0.89140625 0.15078125 0.015625
0 0.80078125 0.89375 0.034375 0.01171875
0 0.6578125 0.89296875 0.2046875 0.0140625
0 0.86953125 0.89296875 0.05 0.0109375
0 0.446875 0.89296875 0.1703125 0.0109375
0 0.29296875 0.91015625 0.125 0.0140625
0 0.178125 0.909375 0.05 0.009375
0 0.56171875 0.909375 0.090625 0.01328125
0 0.7171875 0.9109375 0.0515625 0.0125
0 0.46953125 0.9109375 0.0515625 0.0125
0 0.65 0.9109375 0.0375 0.01328125
0 0.08671875 0.91171875 0.0859375 0.0140625
0 0.4765625 0.9296875 0.0734375 0.0140625
0 0.56171875 0.92890625 0.0515625 0.01328125
0 0.14296875 0.92890625 0.2046875 0.01640625
0 0.34609375 0.93046875 0.15546875 0.015625
0 0.678125 0.93046875 0.128125 0.01328125
0 0.28828125 0.94921875 0.0828125 0.01328125
0 0.13046875 0.94921875 0.18984375 0.02109375
0 0.6328125 0.96953125 0.10703125 0.01796875
0 0.4375 0.97109375 0.2578125 0.01796875