0 0.2171875 0.1015625 0.0953125 0.01484375
0 0.31796875 0.1015625 0.07109375 0.01484375
0 0.39921875 0.1015625 0.05390625 0.01484375
0 0.4921875 0.1015625 0.09765625 0.01484375
0 0.7015625 0.10234375 0.28359375 0.01484375
0 0.40859375 0.12734375 0.296875 0.015625
0 0.61796875 0.12734375 0.0859375 0.01484375
0 0.7265625 0.128125 0.08828125 0.01484375
0 0.51171875 0.14921875 0.2078125 0.01328125
0 0.39140625 0.16875 0.0296875 0.01328125
0 0.44296875 0.16875 0.04375 0.01328125
0 0.31953125 0.16953125 0.0828125 0.01484375
0 0.6234375 0.1703125 0.25546875 0.01640625
0 0.46015625 0.18828125 0.103125 0.0125
0 0.59453125 0.18828125 0.12890625 0.0125
0 0.3765625 0.190625 0.0453125 0.021875
0 0.4171875 0.20703125 0.12109375 0.01328125
0 0.58203125 0.20703125 0.17890625 0.01328125
0 0.35546875 0.22578125 0.17265625 0.01328125
0 0.60078125 0.22578125 0.29375 0.01328125
0 0.39921875 0.24609375 0.11171875 0.01328125
0 0.6203125 0.24609375 0.12890625 0.01328125
0 0.7203125 0.246875 0.0484375 0.01171875
0 0.50390625 0.246875 0.071875 0.01484375
0 0.30078125 0.24765625 0.03984375 0.01640625
0 0.18828125 0.28671875 0.1359375 0.01875
0 0.31953125 0.2875 0.04921875 0.01875
0 0.18203125 0.31328125 0.1265625 0.01328125
0 0.15546875 0.33125 0.07265625 0.0125
0 0.38984375 0.33203125 0.13984375 0.01328125
0 0.5609375 0.3328125 0.13515625 0.01171875
0 0.6671875 0.33203125 0.04609375 0.0125
0 0.521875 0.3625 0.078125 0.01328125
0 0.1515625 0.36328125 0.0625 0.0109375
0 0.75546875 0.3640625 0.115625 0.01171875
0 0.36015625 0.36484375 0.05234375 0.02109375
0 0.14140625 0.3890625 0.04609375 0.015625
0 0.39453125 0.390625 0.12421875 0.01640625
0 0.18125 0.41328125 0.12421875 0.0125
0 0.31328125 0.4140625 0.109375 0.01171875
0 0.42890625 0.4140625 0.096875 0.01328125
0 0.1484375 0.4390625 0.0578125 0.01328125
0 0.37578125 0.43984375 0.00859375 0.0125
0 0.771875 0.440625 0.0828125 0.01171875
0 0.88359375 0.440625 0.04375 0.01171875
0 0.5171875 0.440625 0.0859375 0.01328125
0 0.13984375 0.46328125 0.04609375 0.01484375
0 0.39453125 0.4625 0.12421875 0.01640625
0 0.146875 0.51171875 0.0578125 0.0125
0 0.3765625 0.51171875 0.00859375 0.01171875
0 0.51796875 0.5125 0.0828125 0.01171875
0 0.771875 0.5125 0.0828125 0.0125
0 0.88359375 0.51328125 0.04375 0.0125
0 0.1421875 0.5359375 0.05078125 0.0140625
0 0.22265625 0.53671875 0.0828125 0.01484375
0 0.4953125 0.53671875 0.12578125 0.01640625
0 0.20625 0.56015625 0.17578125 0.01328125
0 0.3734375 0.5609375 0.13515625 0.0125
0 0.50078125 0.5609375 0.09140625 0.01328125
0 0.1484375 0.5859375 0.0578125 0.0125
0 0.37578125 0.58671875 0.00859375 0.01171875
0 0.51640625 0.58671875 0.084375 0.01171875
0 0.77109375 0.5875 0.084375 0.01328125
0 0.8828125 0.58671875 0.04375 0.0125
0 0.165625 0.61015625 0.09765625 0.01484375
0 0.3984375 0.61015625 0.10859375 0.01484375
0 0.209375 0.63359375 0.10078125 0.01328125
0 0.13125 0.63359375 0.02578125 0.0125
0 0.30078125 0.63359375 0.05390625 0.0125
0 0.3765625 0.63359375 0.06640625 0.01328125
0 0.146875 0.6578125 0.0578125 0.01328125
0 0.37578125 0.659375 0.0109375 0.01171875
0 0.525 0.659375 0.06796875 0.01171875
0 0.7796875 0.659375 0.06796875 0.0125
0 0.88359375 0.66015625 0.04375 0.0125
0 0.13984375 0.6828125 0.04609375 0.01484375
0 0.3109375 0.68359375 0.10546875 0.01640625
0 0.16796875 0.70625 0.09765625 0.01328125
0 0.27421875 0.70625 0.0828125 0.01328125
0 0.37578125 0.73125 0.0171875 0.0125
0 0.146875 0.73203125 0.0578125 0.0140625
0 0.7796875 0.7328125 0.06796875 0.01171875
0 0.88359375 0.73359375 0.04375 0.01171875
0 0.5265625 0.73359375 0.06328125 0.0203125
0 0.48046875 0.76171875 0.096875 0.01328125
0 0.57109375 0.7625 0.059375 0.01171875
0 0.8625 0.76328125 0.0890625 0.01328125
0 0.50625 0.7796875 0.05078125 0.0125
0 0.57265625 0.7796875 0.05703125 0.0125
0 0.8734375 0.78046875 0.0640625 0.01171875
0 0.47578125 0.79765625 0.06953125 0.0125
0 0.56328125 0.79921875 0.075 0.01484375
0 0.8734375 0.79921875 0.06640625 0.01171875
0 0.4015625 0.82890625 0.0796875 0.01875
0 0.509375 0.82890625 0.0984375 0.01875
0 0.84140625 0.8296875 0.12890625 0.01875
0 0.59296875 0.83125 0.00625 0.01328125
0 0.1515625 0.87265625 0.0640625 0.01015625
0 0.4640625 0.8734375 0.1234375 0.01171875
0 0.56796875 0.8734375 0.05390625 0.01171875
0 0.2625 0.875 0.1328125 0.0140625
0 0.73984375 0.875 0.1296875 0.01328125
0 0.19453125 0.89765625 0.04375 0.0109375
0 0.50078125 0.8984375 0.05546875 0.01640625
0 0.14296875 0.89921875 0.03125 0.01640625
0 0.740625 0.89921875 0.0609375 0.0109375
0 0.14140625 0.921875 0.03984375 0.01171875
0 0.23984375 0.921875 0.04609375 0.0109375
0 0.50234375 0.921875 0.06953125 0.01171875
0 0.7421875 0.921875 0.0546875 0.0109375
0 0.1890625 0.92265625 0.02890625 0.01328125
0 0.4703125 0.95390625 0.12109375 0.01171875
0 0.5796875 0.95390625 0.071875 0.0125
0 0.39453125 0.97265625 0.134375 0.0125
0 0.5265625 0.9734375 0.10390625 0.01328125
0 0.6453125 0.9734375 0.10859375 0.01171875