0 0.1859375 0.18203125 0.0890625 0.0203125
0 0.40703125 0.1828125 0.30625 0.021875
0 0.72578125 0.184375 0.29765625 0.021875
0 0.50859375 0.21171875 0.2296875 0.01796875
0 0.3796875 0.23359375 0.03515625 0.0171875
0 0.43359375 0.23359375 0.04765625 0.0171875
0 0.30390625 0.234375 0.0890625 0.02109375
0 0.62421875 0.2359375 0.265625 0.02109375
0 0.47109375 0.25625 0.11875 0.0171875
0 0.359375 0.25703125 0.08359375 0.01953125
0 0.62109375 0.25859375 0.15859375 0.02109375
0 0.43125 0.27890625 0.2421875 0.0171875
0 0.6359375 0.28203125 0.14375 0.02109375
0 0.34765625 0.30078125 0.1078125 0.01640625
0 0.50859375 0.3015625 0.1890625 0.0171875
0 0.66875 0.3046875 0.10390625 0.02109375
0 0.509375 0.32421875 0.22265625 0.0171875
0 0.38984375 0.3484375 0.06640625 0.01484375
0 0.52734375 0.34921875 0.1140625 0.01640625
0 0.63046875 0.34921875 0.0703125 0.01484375
0 0.44375 0.35078125 0.0375 0.0109375
0 0.403125 0.39140625 0.09375 0.02421875
0 0.56640625 0.3921875 0.19375 0.0234375
0 0.1421875 0.42734375 0.11171875 0.01640625
0 0.3984375 0.4296875 0.196875 0.01796875
0 0.37421875 0.45234375 0.14453125 0.01640625
0 0.12734375 0.45234375 0.08046875 0.025
0 0.54375 0.453125 0.12578125 0.0171875
0 0.6484375 0.453125 0.05859375 0.01640625
0 0.1515625 0.4734375 0.13359375 0.0171875
0 0.36171875 0.47421875 0.1234375 0.01796875
0 0.34453125 0.496875 0.08671875 0.015625
0 0.1609375 0.49765625 0.15234375 0.0203125
0 0.121875 0.53203125 0.0765625 0.01875
0 0.7625 0.5359375 0.13125 0.01640625
0 0.515625 0.5359375 0.08515625 0.01640625
0 0.3453125 0.5359375 0.065625 0.02421875
0 0.13203125 0.56953125 0.09921875 0.0171875
0 0.2734375 0.5703125 0.15234375 0.01796875
0 0.4109375 0.57109375 0.0953125 0.0171875
0 0.5234375 0.571875 0.0984375 0.01875
0 0.640625 0.5734375 0.11328125 0.0203125
0 0.1625 0.5921875 0.1546875 0.01796875
0 0.3640625 0.59296875 0.01796875 0.01640625
0 0.521875 0.5953125 0.07109375 0.01875
0 0.790625 0.5953125 0.0703125 0.01640625
0 0.90234375 0.59609375 0.05234375 0.01640625
0 0.1484375 0.62265625 0.13359375 0.01640625
0 0.26875 0.62265625 0.07578125 0.015625
0 0.38359375 0.6234375 0.1265625 0.0171875
0 0.50703125 0.62421875 0.09375 0.01796875
0 0.63515625 0.6265625 0.13203125 0.01953125
0 0.17109375 0.6421875 0.171875 0.0203125
0 0.3640625 0.64609375 0.01796875 0.01640625
0 0.51171875 0.64609375 0.09140625 0.0171875
0 0.7796875 0.64765625 0.09296875 0.01640625
0 0.903125 0.6484375 0.053125 0.015625
0 0.55546875 0.68359375 0.09921875 0.0171875
0 0.88046875 0.68515625 0.0953125 0.01640625
0 0.65234375 0.6859375 0.07265625 0.01953125
0 0.55625 0.70703125 0.078125 0.01640625
0 0.646875 0.70859375 0.08046875 0.0203125
0 0.8921875 0.70859375 0.0703125 0.015625
0 0.415625 0.7421875 0.09140625 0.0234375
0 0.53359375 0.74296875 0.11875 0.025
0 0.85703125 0.7453125 0.14140625 0.0234375
0 0.878125 0.7828125 0.0953125 0.01640625
0 0.603125 0.78359375 0.1640625 0.0234375
0 0.8921875 0.80625 0.06875 0.01640625
0 0.61953125 0.80625 0.13125 0.02109375
0 0.5546875 0.84140625 0.11796875 0.02109375
0 0.65078125 0.84140625 0.0625 0.021875
0 0.8921875 0.84296875 0.0734375 0.01640625
0 0.12421875 0.87578125 0.08125 0.01640625
0 0.2578125 0.878125 0.16328125 0.02109375
0 0.4984375 0.8796875 0.21796875 0.021875
0 0.746875 0.88125 0.14140625 0.0203125
0 0.11171875 0.90625 0.0546875 0.01640625
0 0.4984375 0.9078125 0.09140625 0.015625
0 0.20625 0.90859375 0.09296875 0.0203125
0 0.74609375 0.909375 0.06640625 0.01640625
0 0.46171875 0.9375 0.13828125 0.015625
0 0.57890625 0.93828125 0.08515625 0.015625
0 0.38046875 0.96015625 0.140625 0.015625
0 0.51484375 0.96015625 0.115625 0.015625
0 0.6421875 0.9609375 0.1234375 0.01484375
0 0.30703125 0.98125 0.1078125 0.015625
0 0.47421875 0.98203125 0.05078125 0.0140625
0 0.40234375 0.98203125 0.07265625 0.0171875
0 0.5421875 0.9828125 0.05625 0.01640625
0 0.665625 0.98359375 0.1734375 0.01796875