0 0.35546875 0.12109375 0.09765625 0.01171875
0 0.5171875 0.12109375 0.18046875 0.01328125
0 0.16796875 0.1375 0.1 0.01328125
0 0.4984375 0.13828125 0.05703125 0.01328125
0 0.57890625 0.13828125 0.059375 0.01328125
0 0.7203125 0.13828125 0.1703125 0.01328125
0 0.34453125 0.1390625 0.19921875 0.01484375
0 0.49765625 0.1546875 0.1 0.0125
0 0.62890625 0.1546875 0.11484375 0.0125
0 0.3328125 0.1546875 0.18125 0.0125
0 0.66484375 0.171875 0.1703125 0.01328125
0 0.28359375 0.17265625 0.2015625 0.0140625
0 0.48359375 0.17265625 0.15234375 0.0140625
0 0.49375 0.18984375 0.0515625 0.0140625
0 0.33203125 0.1890625 0.221875 0.0140625
0 0.61953125 0.190625 0.13828125 0.01640625
0 0.3234375 0.20546875 0.065625 0.0125
0 0.41484375 0.20546875 0.059375 0.0125
0 0.61015625 0.20546875 0.078125 0.0125
0 0.50859375 0.20546875 0.07734375 0.0125
0 0.2921875 0.22265625 0.0546875 0.01328125
0 0.49765625 0.22265625 0.30390625 0.01328125
0 0.06640625 0.2546875 0.05546875 0.0125
0 0.375 0.25546875 0.13828125 0.0140625
0 0.190625 0.25625 0.13828125 0.01484375
0 0.10703125 0.27265625 0.13828125 0.01328125
0 0.62734375 0.27265625 0.11015625 0.01328125
0 0.375 0.27265625 0.140625 0.01328125
0 0.50703125 0.27265625 0.078125 0.0125
0 0.0765625 0.2890625 0.078125 0.01328125
0 0.58984375 0.28984375 0.0765625 0.0125
0 0.40625 0.290625 0.1984375 0.01328125
0 0.75625 0.290625 0.07265625 0.01171875
0 0.06640625 0.30625 0.0578125 0.01328125
0 0.334375 0.30625 0.0515625 0.01328125
0 0.59765625 0.30625 0.09453125 0.01171875
0 0.13671875 0.30625 0.0375 0.01171875
0 0.7234375 0.30703125 0.0078125 0.01171875
0 0.22890625 0.32265625 0.09453125 0.01328125
0 0.096875 0.32265625 0.1203125 0.01328125
0 0.0765625 0.33984375 0.078125 0.01328125
0 0.33359375 0.33984375 0.05546875 0.01328125
0 0.41484375 0.33984375 0.059375 0.01171875
0 0.48515625 0.33984375 0.03203125 0.01171875
0 0.334375 0.35703125 0.05546875 0.01171875
0 0.08515625 0.35703125 0.09765625 0.01328125
0 0.10546875 0.38984375 0.1359375 0.01171875
0 0.240625 0.390625 0.078125 0.0109375
0 0.0765625 0.40703125 0.078125 0.01328125
0 0.4640625 0.40703125 0.11484375 0.01328125
0 0.61875 0.40703125 0.0546875 0.01328125
0 0.8578125 0.4078125 0.065625 0.01328125
0 0.3734375 0.4078125 0.0171875 0.01171875
0 0.76484375 0.4078125 0.0828125 0.01328125
0 0.31328125 0.409375 0.05546875 0.0140625
0 0.10546875 0.440625 0.14375 0.01328125
0 0.7953125 0.440625 0.1984375 0.01328125
0 0.63125 0.440625 0.06796875 0.01328125
0 0.26171875 0.440625 0.11796875 0.01171875
0 0.384375 0.440625 0.078125 0.01328125
0 0.50859375 0.440625 0.11796875 0.01328125
0 0.3328125 0.45625 0.01796875 0.01171875
0 0.1171875 0.45703125 0.16015625 0.01328125
0 0.37578125 0.4578125 0.0125 0.01328125
0 0.44765625 0.4578125 0.07734375 0.01328125
0 0.61015625 0.4578125 0.03515625 0.01328125
0 0.8453125 0.45859375 0.0984375 0.01328125
0 0.43515625 0.47421875 0.1875 0.01484375
0 0.1046875 0.47421875 0.13203125 0.01328125
0 0.60390625 0.475 0.09140625 0.0125
0 0.7875 0.475 0.21484375 0.0125
0 0.2625 0.4765625 0.115625 0.0140625
0 0.44609375 0.490625 0.0796875 0.01171875
0 0.1171875 0.490625 0.16015625 0.01328125
0 0.61015625 0.490625 0.0375 0.01328125
0 0.85703125 0.49140625 0.078125 0.01328125
0 0.33203125 0.4921875 0.00546875 0.01171875
0 0.3734375 0.4921875 0.0171875 0.0109375
0 0.075 0.50703125 0.07734375 0.01328125
0 0.17890625 0.5078125 0.07734375 0.01328125
0 0.29609375 0.5078125 0.10703125 0.01328125
0 0.5171875 0.50859375 0.0984375 0.01171875
0 0.41484375 0.50859375 0.0546875 0.01171875
0 0.8578125 0.525 0.0765625 0.01171875
0 0.61015625 0.525 0.0375 0.01171875
0 0.3734375 0.525 0.02109375 0.015625
0 0.1171875 0.525 0.16015625 0.01328125
0 0.44765625 0.525 0.07421875 0.01328125
0 0.334375 0.52578125 0.02578125 0.0140625
0 0.8453125 0.54140625 0.0984375 0.0140625
0 0.290625 0.54140625 0.0984375 0.01328125
0 0.12734375 0.54140625 0.18046875 0.01328125
0 0.384375 0.54140625 0.03515625 0.01328125
0 0.465625 0.54140625 0.07734375 0.01328125
0 0.58515625 0.54140625 0.11015625 0.01328125
0 0.7171875 0.54296875 0.084375 0.0140625
0 0.12734375 0.55859375 0.18046875 0.0140625
0 0.45625 0.55859375 0.0984375 0.0125
0 0.3734375 0.55859375 0.0171875 0.0125
0 0.33203125 0.55859375 0.01640625 0.01171875
0 0.83671875 0.55859375 0.11796875 0.0125
0 0.61015625 0.55859375 0.0375 0.0125
0 0.16484375 0.59140625 0.09140625 0.01328125
0 0.06640625 0.5921875 0.0578125 0.01328125
0 0.83671875 0.5921875 0.11796875 0.01328125
0 0.08828125 0.609375 0.08828125 0.01328125
0 0.84765625 0.60859375 0.096875 0.01328125
0 0.85703125 0.6265625 0.078125 0.01328125
0 0.11796875 0.62734375 0.1609375 0.01484375
0 0.08203125 0.65859375 0.09140625 0.01171875
0 0.35390625 0.65859375 0.0546875 0.0125
0 0.23046875 0.65859375 0.13984375 0.0125
0 0.83671875 0.659375 0.11796875 0.0125
0 0.075 0.675 0.0796875 0.01328125
0 0.83671875 0.67578125 0.11796875 0.01171875
0 0.846875 0.6921875 0.0984375 0.01328125
0 0.09765625 0.69296875 0.12265625 0.0140625
0 0.4046875 0.725 0.07734375 0.01328125
0 0.4984375 0.725 0.05703125 0.01328125
0 0.1171875 0.72578125 0.16171875 0.0109375
0 0.8578125 0.72578125 0.078125 0.01328125
0 0.28359375 0.7265625 0.11796875 0.01484375
0 0.08671875 0.7578125 0.09765625 0.0125
0 0.2515625 0.75859375 0.18125 0.0125
0 0.38359375 0.75859375 0.03515625 0.0125
0 0.47734375 0.75859375 0.0984375 0.0125
0 0.46484375 0.775 0.1125 0.01171875
0 0.5734375 0.775 0.0609375 0.01171875
0 0.8578125 0.77578125 0.06796875 0.01171875
0 0.78515625 0.77578125 0.0515625 0.01328125
0 0.1890625 0.7765625 0.13828125 0.01484375
0 0.0625 0.77734375 0.04921875 0.00703125
0 0.0765625 0.7921875 0.06953125 0.01328125
0 0.1625 0.7921875 0.071875 0.01328125
0 0.5484375 0.79296875 0.11875 0.01171875
0 0.84765625 0.7921875 0.096875 0.0125
0 0.190625 0.825 0.0953125 0.01328125
0 0.29375 0.825 0.05703125 0.01328125
0 0.73203125 0.82578125 0.11171875 0.01328125
0 0.37265625 0.82578125 0.0515625 0.01171875
0 0.63046875 0.8265625 0.03515625 0.0109375
0 0.50703125 0.82734375 0.16171875 0.01328125
0 0.084375 0.840625 0.1015625 0.01484375
0 0.2 0.84140625 0.078125 0.01328125
0 0.37265625 0.84140625 0.0640625 0.0140625
0 0.775 0.8421875 0.203125 0.01328125
0 0.53984375 0.84296875 0.22109375 0.01484375
0 0.29375 0.84296875 0.05703125 0.01875