0 0.4390625 0.06328125 0.075 0.015625
0 0.27265625 0.0640625 0.03828125 0.01640625
0 0.19609375 0.06484375 0.06015625 0.01640625
0 0.346875 0.065625 0.053125 0.0203125
0 0.675 0.06640625 0.2 0.02109375
0 0.525 0.0671875 0.07265625 0.025
0 0.3875 0.0921875 0.103125 0.015625
0 0.515625 0.0921875 0.103125 0.015625
0 0.6328125 0.09140625 0.08046875 0.01484375
0 0.25703125 0.09296875 0.10078125 0.0203125
0 0.7140625 0.09453125 0.0359375 0.02109375
0 0.325 0.11875 0.103125 0.015625
0 0.4296875 0.11875 0.05625 0.015625
0 0.578125 0.1203125 0.18359375 0.02109375
0 0.5984375 0.14609375 0.13828125 0.01640625
0 0.32421875 0.14609375 0.10078125 0.01640625
0 0.453125 0.14609375 0.10078125 0.01640625
0 0.2625 0.1734375 0.05859375 0.01640625
0 0.34609375 0.1734375 0.0609375 0.01640625
0 0.43125 0.1734375 0.0546875 0.01640625
0 0.603125 0.1734375 0.26484375 0.01640625
0 0.24921875 0.22734375 0.03984375 0.01640625
0 0.43046875 0.22734375 0.103125 0.01640625
0 0.13359375 0.22734375 0.1421875 0.01640625
0 0.1015625 0.25390625 0.07890625 0.01640625
0 0.571875 0.25390625 0.08046875 0.01640625
0 0.47421875 0.2546875 0.05859375 0.01640625
0 0.40234375 0.2546875 0.0375 0.01640625
0 0.70859375 0.25703125 0.14140625 0.0203125
0 0.13203125 0.28046875 0.14453125 0.01640625
0 0.40859375 0.28203125 0.0546875 0.015625
0 0.1984375 0.33515625 0.275 0.015625
0 0.45390625 0.33515625 0.1875 0.015625
0 0.8265625 0.33515625 0.08046875 0.01484375
0 0.896875 0.33515625 0.01796875 0.01484375
0 0.1984375 0.36171875 0.27265625 0.01640625
0 0.45390625 0.3625 0.18671875 0.015625
0 0.82265625 0.3625 0.08046875 0.015625
0 0.8984375 0.3625 0.015625 0.015625
0 0.19921875 0.3890625 0.271875 0.01640625
0 0.89921875 0.38984375 0.015625 0.01484375
0 0.42265625 0.38984375 0.12109375 0.015625
0 0.58125 0.38984375 0.14140625 0.015625
0 0.8265625 0.38984375 0.08046875 0.015625
0 0.1984375 0.41640625 0.27265625 0.0171875
0 0.453125 0.41640625 0.18671875 0.01640625
0 0.82421875 0.41640625 0.08046875 0.01640625
0 0.8984375 0.41640625 0.015625 0.015625
0 0.1984375 0.4421875 0.275 0.01640625
0 0.45390625 0.4421875 0.1875 0.015625
0 0.8265625 0.44296875 0.08046875 0.01484375
0 0.89921875 0.44296875 0.015625 0.01484375
0 0.08125 0.49609375 0.03984375 0.01484375
0 0.14453125 0.49609375 0.03828125 0.01484375
0 0.24921875 0.496875 0.12109375 0.01640625
0 0.3484375 0.496875 0.01796875 0.01640625
0 0.3671875 0.5234375 0.10078125 0.01640625
0 0.63203125 0.5234375 0.12421875 0.01640625
0 0.85625 0.5234375 0.1015625 0.01640625
0 0.49375 0.525 0.09375 0.01484375
0 0.62421875 0.55078125 0.14453125 0.01640625
0 0.85859375 0.55078125 0.09765625 0.01640625
0 0.86875 0.57734375 0.0765625 0.01640625
0 0.60234375 0.5796875 0.18671875 0.01953125
0 0.1234375 0.60390625 0.121875 0.015625
0 0.32578125 0.60390625 0.1015625 0.015625
0 0.48671875 0.60390625 0.16484375 0.015625
0 0.2296875 0.60625 0.0359375 0.01953125
0 0.40859375 0.65703125 0.05859375 0.01640625
0 0.5375 0.66015625 0.14453125 0.0203125
0 0.09140625 0.684375 0.06015625 0.01640625
0 0.18828125 0.684375 0.08046875 0.01640625
0 0.61171875 0.68671875 0.20234375 0.01953125
0 0.83515625 0.68671875 0.13828125 0.02109375
0 0.0703125 0.71015625 0.0171875 0.015625
0 0.153125 0.71015625 0.103125 0.015625
0 0.66484375 0.71015625 0.10078125 0.015625
0 0.8671875 0.7109375 0.08046875 0.01484375
0 0.2390625 0.790625 0.06015625 0.015625
0 0.3234375 0.790625 0.0546875 0.015625
0 0.55859375 0.79140625 0.3578125 0.01640625
0 0.27265625 0.81640625 0.1671875 0.015625
0 0.4109375 0.81640625 0.05859375 0.015625
0 0.6953125 0.81640625 0.121875 0.01640625
0 0.53828125 0.8171875 0.14453125 0.01796875
0 0.28203125 0.84296875 0.015625 0.01484375
0 0.58828125 0.84296875 0.15859375 0.0171875
0 0.44140625 0.84296875 0.08125 0.01484375
0 0.3453125 0.84375 0.06015625 0.01640625
0 0.3140625 0.8703125 0.16640625 0.01640625
0 0.44296875 0.8703125 0.0375 0.01640625
0 0.5265625 0.87109375 0.08046875 0.01640625
0 0.66171875 0.87109375 0.13828125 0.01640625
0 0.43125 0.89765625 0.09921875 0.015625
0 0.54375 0.89765625 0.07578125 0.015625
0 0.41015625 0.92421875 0.14375 0.01640625
0 0.56796875 0.92421875 0.11796875 0.015625