0 0.3 0.1109375 0.1421875 0.0171875
0 0.4703125 0.1109375 0.1625 0.0171875
0 0.66640625 0.1109375 0.1921875 0.0171875
0 0.49609375 0.13984375 0.25859375 0.01796875
0 0.5296875 0.1609375 0.04296875 0.0140625
0 0.4328125 0.16171875 0.11953125 0.0171875
0 0.5921875 0.1625 0.0484375 0.0171875
0 0.321875 0.1859375 0.08046875 0.01328125
0 0.48125 0.18671875 0.20859375 0.0140625
0 0.65390625 0.18671875 0.1046875 0.01640625
0 0.35859375 0.21015625 0.1078125 0.0140625
0 0.47578125 0.209375 0.09921875 0.0140625
0 0.6125 0.2109375 0.1390625 0.01640625
0 0.49609375 0.2328125 0.2140625 0.0140625
0 0.546875 0.2546875 0.23046875 0.0140625
0 0.3625 0.2546875 0.06875 0.0140625
0 0.334375 0.278125 0.0703125 0.0140625
0 0.39921875 0.278125 0.03203125 0.0140625
0 0.56953125 0.278125 0.24140625 0.0140625
0 0.3640625 0.31328125 0.2203125 0.0140625
0 0.52421875 0.31328125 0.0734375 0.0140625
0 0.6546875 0.31328125 0.1578125 0.0140625
0 0.0953125 0.33359375 0.09609375 0.0140625
0 0.37890625 0.37265625 0.21015625 0.0140625
0 0.63515625 0.37265625 0.090625 0.0140625
0 0.765625 0.37265625 0.0375 0.01328125
0 0.1328125 0.37421875 0.15625 0.01796875
0 0.0921875 0.39453125 0.0765625 0.0171875
0 0.62890625 0.39609375 0.07890625 0.0140625
0 0.33671875 0.39609375 0.13046875 0.0140625
0 0.834375 0.39609375 0.1796875 0.0140625
0 0.1171875 0.41640625 0.128125 0.0171875
0 0.62578125 0.41640625 0.0765625 0.01640625
0 0.33671875 0.41640625 0.13046875 0.01328125
0 0.81640625 0.41640625 0.13359375 0.01328125
0 0.68671875 0.4359375 0.0671875 0.0109375
0 0.825 0.4359375 0.0546875 0.0109375
0 0.15234375 0.4484375 0.2 0.0140625
0 0.5359375 0.44921875 0.0265625 0.01484375
0 0.9078125 0.44921875 0.06015625 0.0140625
0 0.8203125 0.45234375 0.05859375 0.01328125
0 0.6859375 0.45234375 0.06015625 0.01328125
0 0.10390625 0.46796875 0.10546875 0.01328125
0 0.3875 0.46796875 0.121875 0.0125
0 0.2421875 0.46796875 0.1453125 0.0125
0 0.67421875 0.46875 0.06015625 0.01328125
0 0.54375 0.46953125 0.00859375 0.01171875
0 0.81953125 0.46953125 0.0578125 0.01171875
0 0.91640625 0.46953125 0.0375 0.01171875
0 0.10390625 0.48984375 0.10546875 0.01328125
0 0.24296875 0.48984375 0.1421875 0.0125
0 0.3875 0.490625 0.121875 0.01328125
0 0.54296875 0.49140625 0.0078125 0.01171875
0 0.81953125 0.49140625 0.0578125 0.01171875
0 0.91640625 0.49140625 0.0375 0.0125
0 0.675 0.4921875 0.05625 0.01953125
0 0.10859375 0.51171875 0.1109375 0.01171875
0 0.2375 0.5125 0.121875 0.01171875
0 0.54375 0.5125 0.00859375 0.0109375
0 0.675 0.51328125 0.05625 0.01171875
0 0.81953125 0.51328125 0.0578125 0.0109375
0 0.91640625 0.5140625 0.0375 0.01171875
0 0.81640625 0.53359375 0.08515625 0.01328125
0 0.34453125 0.53359375 0.084375 0.015625
0 0.54609375 0.53359375 0.0203125 0.0140625
0 0.2578125 0.56171875 0.075 0.01328125
0 0.35390625 0.56171875 0.0765625 0.01328125
0 0.81640625 0.56171875 0.06484375 0.0140625
0 0.62109375 0.56328125 0.08359375 0.015625
0 0.4875 0.56328125 0.159375 0.0171875
0 0.81640625 0.5859375 0.06875 0.0140625
0 0.5953125 0.58671875 0.13671875 0.0140625
0 0.47578125 0.61171875 0.11875 0.01328125
0 0.81640625 0.6125 0.06875 0.01328125
0 0.60546875 0.61484375 0.115625 0.0171875
0 0.81640625 0.6375 0.06875 0.01328125
0 0.58359375 0.6375 0.159375 0.01328125
0 0.81640625 0.66328125 0.06875 0.0125
0 0.5890625 0.66484375 0.14453125 0.0171875
0 0.19140625 0.68828125 0.08515625 0.0140625
0 0.29375 0.6890625 0.09375 0.0140625
0 0.5515625 0.68828125 0.0328125 0.0140625
0 0.81640625 0.6890625 0.06875 0.0140625
0 0.43828125 0.68984375 0.16875 0.0171875
0 0.62109375 0.690625 0.08515625 0.0171875
0 0.815625 0.71484375 0.0671875 0.01328125
0 0.61171875 0.715625 0.09921875 0.01328125
0 0.58359375 0.7375 0.15625 0.0140625
0 0.815625 0.73828125 0.0671875 0.01328125
0 0.2171875 0.7890625 0.07890625 0.0171875
0 0.36875 0.78984375 0.1984375 0.01796875
0 0.4140625 0.825 0.02890625 0.01484375
0 0.3 0.82578125 0.090625 0.01640625
0 0.2140625 0.82578125 0.06484375 0.01484375
0 0.540625 0.82578125 0.16640625 0.01484375
0 0.7703125 0.82734375 0.07890625 0.015625
0 0.690625 0.82734375 0.06328125 0.01484375
0 0.2625 0.84375 0.04453125 0.01328125
0 0.41328125 0.84453125 0.0171875 0.01328125
0 0.584375 0.8453125 0.06875 0.01328125
0 0.77421875 0.8453125 0.0671875 0.01328125
0 0.3765625 0.8734375 0.10546875 0.0140625
0 0.584375 0.8734375 0.06875 0.0140625
0 0.77421875 0.87421875 0.0671875 0.0140625
0 0.27421875 0.94609375 0.08203125 0.01171875
0 0.16328125 0.94609375 0.11328125 0.01171875
0 0.74296875 0.946875 0.09921875 0.01171875
0 0.8421875 0.946875 0.0703125 0.01171875
0 0.43046875 0.946875 0.0640625 0.01171875
0 0.35703125 0.946875 0.06015625 0.01171875
0 0.578125 0.94765625 0.20703125 0.01328125
0 0.49375 0.97421875 0.20703125 0.01640625