0 0.45078125 0.09921875 0.74453125 0.01953125
0 0.10546875 0.12578125 0.053125 0.01015625
0 0.3703125 0.12578125 0.09765625 0.0109375
0 0.48359375 0.12578125 0.09453125 0.0109375
0 0.59609375 0.12734375 0.1046875 0.01015625
0 0.67578125 0.12734375 0.01953125 0.01015625
0 0.2296875 0.12734375 0.16015625 0.01328125
0 0.75234375 0.128125 0.1078125 0.0140625
0 0.12421875 0.14140625 0.10078125 0.01171875
0 0.23828125 0.14140625 0.09453125 0.01171875
0 0.34140625 0.14140625 0.08828125 0.01171875
0 0.12890625 0.159375 0.09765625 0.01171875
0 0.28515625 0.1609375 0.190625 0.01484375
0 0.553125 0.16171875 0.27421875 0.0140625
0 0.1015625 0.1796875 0.05625 0.01171875
0 0.2375 0.1796875 0.1765625 0.01171875
0 0.37890625 0.1796875 0.08046875 0.0109375
0 0.1078125 0.19765625 0.0609375 0.01015625
0 0.16953125 0.19765625 0.03671875 0.01015625
0 0.2296875 0.19765625 0.0484375 0.01015625
0 0.39453125 0.1984375 0.2375 0.01171875
0 0.70703125 0.2078125 0.08828125 0.0140625
0 0.8578125 0.2078125 0.178125 0.0140625
0 0.1078125 0.21796875 0.09609375 0.01171875
0 0.1859375 0.21953125 0.03515625 0.01484375
0 0.1109375 0.234375 0.09921875 0.01015625
0 0.2296875 0.234375 0.1125 0.01015625
0 0.32578125 0.234375 0.0609375 0.01015625
0 0.3953125 0.234375 0.059375 0.01015625
0 0.51953125 0.2359375 0.1625 0.0140625
0 0.23671875 0.2703125 0.1140625 0.0125
0 0.11640625 0.2703125 0.09765625 0.0109375
0 0.39296875 0.2703125 0.1703125 0.0125
0 0.09609375 0.31015625 0.02265625 0.0109375
0 0.2140625 0.3109375 0.178125 0.01171875
0 0.6515625 0.3109375 0.0453125 0.01015625
0 0.75703125 0.31171875 0.15234375 0.0140625
0 0.5171875 0.31171875 0.15390625 0.01171875
0 0.88828125 0.31171875 0.07578125 0.01015625
0 0.49296875 0.32890625 0.109375 0.01484375
0 0.76328125 0.33046875 0.3546875 0.0140625
0 0.553125 0.34765625 0.2265625 0.01484375
0 0.13984375 0.36640625 0.0125 0.01015625
0 0.17265625 0.36640625 0.01796875 0.01015625
0 0.2609375 0.36640625 0.1296875 0.01171875
0 0.8 0.36640625 0.09140625 0.01015625
0 0.9125 0.3671875 0.03984375 0.0109375
0 0.30546875 0.390625 0.13671875 0.01171875
0 0.0875 0.390625 0.07890625 0.01171875
0 0.1828125 0.390625 0.08046875 0.01171875
0 0.41640625 0.390625 0.0625 0.01015625
0 0.5046875 0.39140625 0.08515625 0.01328125
0 0.8 0.39296875 0.09140625 0.01015625
0 0.459375 0.4109375 0.13515625 0.0109375
0 0.809375 0.41484375 0.0703125 0.01015625
0 0.43046875 0.4390625 0.08046875 0.01171875
0 0.80234375 0.44140625 0.08984375 0.01171875
0 0.44140625 0.459375 0.09921875 0.01171875
0 0.52890625 0.4609375 0.05 0.01484375
0 0.8109375 0.4625 0.0703125 0.0109375
0 0.42890625 0.48671875 0.0703125 0.0125
0 0.51640625 0.4875 0.08828125 0.01171875
0 0.80234375 0.4890625 0.09921875 0.0140625
0 0.434375 0.52265625 0.08515625 0.01015625
0 0.80234375 0.525 0.08984375 0.01015625
0 0.45859375 0.54375 0.13359375 0.0109375
0 0.80546875 0.5453125 0.08671875 0.0109375
0 0.084375 0.57109375 0.0625 0.01171875
0 0.20390625 0.571875 0.15390625 0.01640625
0 0.5125 0.571875 0.20390625 0.0140625
0 0.8375 0.5734375 0.13515625 0.01484375
0 0.071875 0.59296875 0.03828125 0.0109375
0 0.17578125 0.59296875 0.05 0.0109375
0 0.121875 0.59375 0.02890625 0.0140625
0 0.571875 0.59375 0.09140625 0.01015625
0 0.8734375 0.59375 0.0671875 0.01171875
0 0.0828125 0.6453125 0.05625 0.01015625
0 0.153125 0.6453125 0.053125 0.01015625
0 0.33671875 0.6453125 0.246875 0.01015625
0 0.3734375 0.6640625 0.18125 0.01484375
0 0.08984375 0.665625 0.07421875 0.01015625
0 0.14609375 0.6671875 0.003125 0.00859375
0 0.0875 0.684375 0.07890625 0.01171875
0 0.28984375 0.6859375 0.02109375 0.01015625
0 0.17265625 0.6859375 0.0625 0.01328125
0 0.08984375 0.71171875 0.0703125 0.01015625
0 0.46875 0.71171875 0.03515625 0.01015625
0 0.725 0.71171875 0.07890625 0.0109375
0 0.353125 0.7125 0.15703125 0.01484375
0 0.8515625 0.7125 0.14296875 0.01015625
0 0.17734375 0.71328125 0.08515625 0.0125
0 0.58359375 0.71328125 0.16875 0.0140625
0 0.1703125 0.7546875 0.1125 0.01171875
0 0.27109375 0.7546875 0.0703125 0.01171875
0 0.4171875 0.75546875 0.0578125 0.01015625
0 0.55625 0.75546875 0.20078125 0.0109375
0 0.68046875 0.75546875 0.02578125 0.0109375
0 0.81171875 0.75546875 0.20390625 0.0109375
0 0.3484375 0.75625 0.0546875 0.0078125
0 0.25390625 0.78828125 0.125 0.01015625
0 0.36484375 0.78828125 0.07890625 0.01015625
0 0.45234375 0.78828125 0.0671875 0.01015625
0 0.5515625 0.78828125 0.10078125 0.0109375
0 0.72578125 0.7890625 0.225 0.01015625
0 0.51640625 0.81015625 0.1078125 0.01015625
0 0.3828125 0.81015625 0.1265625 0.01015625
0 0.64375 0.81015625 0.128125 0.01171875
0 0.2640625 0.84453125 0.14296875 0.01171875
0 0.4 0.84453125 0.10234375 0.01171875
0 0.5296875 0.84453125 0.07421875 0.01171875
0 0.790625 0.8453125 0.07890625 0.0109375
0 0.6578125 0.8453125 0.15390625 0.0109375
0 0.23125 0.87890625 0.125 0.01015625
0 0.34921875 0.87890625 0.08515625 0.01015625
0 0.44296875 0.87890625 0.08046875 0.0109375
0 0.56640625 0.87890625 0.14453125 0.0109375
0 0.68671875 0.88046875 0.0703125 0.01015625
0 0.79609375 0.88046875 0.121875 0.01015625
0 0.890625 0.88046875 0.0453125 0.01015625
0 0.18359375 0.90078125 0.190625 0.01015625
0 0.34296875 0.90078125 0.09140625 0.01015625
0 0.43515625 0.90078125 0.0703125 0.01015625
0 0.51015625 0.90078125 0.03828125 0.01015625
0 0.6296875 0.90078125 0.178125 0.01171875
0 0.83515625 0.90078125 0.21015625 0.01015625
0 0.4828125 0.9203125 0.1671875 0.01015625
0 0.2078125 0.953125 0.1140625 0.01015625
0 0.31875 0.95390625 0.07578125 0.0109375
0 0.465625 0.95390625 0.1859375 0.0109375
0 0.725 0.95703125 0.31015625 0.0140625