0 0.084375 0.54140625 0.0296875 0.02734375
0 0.13359375 0.54140625 0.06953125 0.0203125
0 0.22734375 0.53828125 0.07265625 0.0203125
0 0.33515625 0.53359375 0.10859375 0.021875
0 0.121875 0.56953125 0.07265625 0.021875
0 0.10234375 0.59921875 0.0328125 0.0171875
0 0.146875 0.625 0.12890625 0.0234375
0 0.86640625 0.5296875 0.10859375 0.01328125
0 0.13671875 0.6828125 0.1484375 0.02734375
0 0.115625 0.71015625 0.0921875 0.021875
0 0.87421875 0.665625 0.1125 0.0203125
0 0.8765625 0.69296875 0.115625 0.0234375
0 0.1125 0.78046875 0.07265625 0.04609375
0 0.16484375 0.82109375 0.171875 0.05625
0 0.8828125 0.75703125 0.121875 0.04453125
0 0.89453125 0.80234375 0.09921875 0.04609375