0 0.81953125 0.478125 0.12734375 0.021875
0 0.81953125 0.50703125 0.12421875 0.02265625
0 0.8203125 0.5375 0.12578125 0.021875
0 0.81171875 0.56484375 0.14375 0.021875
0 0.821875 0.59453125 0.12578125 0.021875
0 0.82421875 0.6234375 0.12421875 0.02421875
0 0.0703125 0.478125 0.0625 0.01875
0 0.2234375 0.47734375 0.10625 0.01640625
0 0.34375 0.4765625 0.08515625 0.0171875
0 0.06953125 0.50703125 0.0640625 0.0171875
0 0.23515625 0.50625 0.12890625 0.01796875
0 0.35703125 0.50625 0.05859375 0.01640625
0 0.46484375 0.50546875 0.103125 0.01796875
0 0.06953125 0.5375 0.06171875 0.0171875
0 0.24375 0.53515625 0.15 0.01875
0 0.39765625 0.53515625 0.10625 0.01796875
0 0.06953125 0.565625 0.06171875 0.01640625
0 0.3 0.5640625 0.25859375 0.01875
0 0.06640625 0.5953125 0.06171875 0.0171875
0 0.26484375 0.59375 0.19453125 0.01796875
0 0.41953125 0.59296875 0.05859375 0.01640625
0 0.528125 0.59296875 0.1046875 0.0171875
0 0.06875 0.62578125 0.0625 0.01796875
0 0.22109375 0.62421875 0.10625 0.01953125
0 0.3328125 0.6234375 0.06171875 0.01953125
0 0.4421875 0.6234375 0.10625 0.01875
0 0.81328125 0.68359375 0.1484375 0.02421875
0 0.82578125 0.7140625 0.12734375 0.02265625
0 0.26484375 0.684375 0.0625 0.01796875
0 0.375 0.68359375 0.103125 0.01953125
0 0.26328125 0.71328125 0.0625 0.0171875
0 0.28671875 0.78359375 0.109375 0.03515625
0 0.81484375 0.784375 0.15390625 0.0484375
0 0.1 0.9078125 0.08671875 0.01875
0 0.178125 0.90703125 0.01796875 0.0171875
0 0.309375 0.90859375 0.1453125 0.0234375