0 0.4828125 0.2921875 0.859375 0.01796875
0 0.08671875 0.4234375 0.01953125 0.015625
0 0.171875 0.4234375 0.103125 0.01875
0 0.28984375 0.42578125 0.08125 0.01796875
0 0.384375 0.42578125 0.0609375 0.01796875
0 0.46015625 0.42578125 0.0359375 0.01796875
0 0.0890625 0.446875 0.015625 0.01484375
0 0.1515625 0.446875 0.0609375 0.0171875
0 0.26796875 0.446875 0.12421875 0.0171875
0 0.384375 0.44765625 0.053125 0.0171875
0 0.0890625 0.46875 0.0078125 0.01328125
0 0.17109375 0.46953125 0.096875 0.0171875
0 0.3015625 0.4703125 0.10078125 0.0171875
0 0.10078125 0.4921875 0.02734375 0.01953125
0 0.1515625 0.4921875 0.0609375 0.0171875
0 0.22109375 0.4921875 0.03125 0.01484375
0 0.28984375 0.4921875 0.0375 0.015625
0 0.3625 0.49296875 0.05703125 0.0171875
0 0.44375 0.49375 0.053125 0.0171875
0 0.8578125 0.42890625 0.11875 0.01640625
0 0.8515625 0.4734375 0.11875 0.01640625
0 0.1984375 0.53828125 0.16015625 0.01640625
0 0.13671875 0.56015625 0.03984375 0.015625
0 0.19140625 0.5609375 0.01171875 0.01640625
0 0.8390625 0.540625 0.13671875 0.0171875
0 0.8515625 0.56484375 0.11875 0.0171875
0 0.05078125 0.59375 0.03359375 0.03203125
0 0.21875 0.59453125 0.19921875 0.03515625
0 0.76796875 0.596875 0.27890625 0.03359375
0 0.16328125 0.6703125 0.1046875 0.021875
0 0.8421875 0.6734375 0.13828125 0.0171875
0 0.178125 0.73203125 0.13828125 0.0171875
0 0.8578125 0.73515625 0.0984375 0.01953125
0 0.90625 0.453125 0.021875 0.01796875
0 0.9 0.496875 0.021875 0.01875