0 0.14609375 0.59453125 0.24296875 0.05078125
0 0.34140625 0.59296875 0.09140625 0.04296875
0 0.5609375 0.58125 0.29296875 0.05390625
0 0.765625 0.571875 0.059375 0.040625
0 0.85234375 0.56796875 0.0578125 0.0421875
0 0.9265625 0.5640625 0.0359375 0.0375
0 0.0390625 0.653125 0.03046875 0.04453125
0 0.2859375 0.70234375 0.11328125 0.05703125
0 0.52890625 0.68984375 0.2265625 0.05859375
0 0.84296875 0.675 0.2140625 0.05859375
0 0.8453125 0.771875 0.21796875 0.04921875
0 0.8484375 0.82265625 0.2125 0.05234375
0 0.9125 0.86953125 0.08984375 0.04921875
0 0.48046875 0.7890625 0.1296875 0.04453125
0 0.48046875 0.84375 0.1328125 0.04921875
0 0.45703125 0.8875 0.1765625 0.04609375