0 0.1515625 0.48125 0.16015625 0.03125
0 0.340625 0.48203125 0.17109375 0.03046875
0 0.5359375 0.4765625 0.0640625 0.028125
0 0.63984375 0.47421875 0.0921875 0.03046875
0 0.10625 0.52109375 0.04765625 0.02578125
0 0.2234375 0.5203125 0.01640625 0.025
0 0.10859375 0.55859375 0.04765625 0.028125
0 0.2078125 0.55625 0.0953125 0.028125
0 0.33359375 0.55390625 0.09375 0.02578125
0 0.4671875 0.5515625 0.01484375 0.02421875
0 0.76953125 0.51328125 0.1375 0.0296875
0 0.76875 0.55 0.13984375 0.025
0 0.146875 0.63125 0.12109375 0.03046875
0 0.76484375 0.6203125 0.13984375 0.02578125
0 0.76484375 0.69140625 0.13984375 0.025
0 0.1765625 0.7015625 0.17265625 0.03125
0 0.1765625 0.7375 0.165625 0.03125
0 0.3734375 0.80234375 0.040625 0.0203125
0 0.58984375 0.7953125 0.040625 0.0171875
0 0.825 0.725 0.021875 0.0296875