0 0.45 0.55625 0.10625 0.01640625
0 0.88125 0.55703125 0.1171875 0.01796875
0 0.14375 0.5953125 0.2078125 0.0171875
0 0.30390625 0.5953125 0.07890625 0.0171875
0 0.428125 0.5953125 0.1375 0.0171875
0 0.5625 0.5953125 0.1046875 0.0171875
0 0.18203125 0.6859375 0.209375 0.01640625
0 0.84375 0.6875 0.02421875 0.01640625
0 0.91171875 0.6875 0.0875 0.01875
0 0.5375 0.73046875 0.0546875 0.0171875
0 0.88515625 0.73203125 0.1203125 0.0171875
0 0.36953125 0.771875 0.19921875 0.0171875
0 0.5359375 0.771875 0.0484375 0.01640625
0 0.37578125 0.81640625 0.19453125 0.01796875
0 0.5359375 0.81640625 0.0515625 0.01640625
0 0.425 0.86328125 0.0875 0.01796875
0 0.88203125 0.8640625 0.11875 0.01796875
0 0.4140625 0.9078125 0.11015625 0.01640625
0 0.53203125 0.90703125 0.05 0.01640625
0 0.88125 0.90625 0.1171875 0.015625
0 0.38671875 0.953125 0.16484375 0.0171875
0 0.53515625 0.953125 0.053125 0.0171875
0 0.13203125 0.55 0.175 0.028125
0 0.19921875 0.6390625 0.0171875 0.01875
0 0.503125 0.6390625 0.02734375 0.02265625
0 0.93828125 0.63984375 0.02421875 0.02109375
0 0.93203125 0.775 0.02578125 0.01796875
0 0.9328125 0.81796875 0.02421875 0.01953125
0 0.93203125 0.953125 0.02265625 0.01796875