0 0.09375 0.4640625 0.10625 0.0171875
0 0.23203125 0.465625 0.1046875 0.01640625
0 0.0609375 0.49375 0.04765625 0.0140625
0 0.2859375 0.4953125 0.15234375 0.01640625
0 0.83203125 0.49765625 0.1609375 0.01796875
0 0.13984375 0.55390625 0.21171875 0.01875
0 0.8296875 0.55703125 0.1609375 0.01796875
0 0.07109375 0.5859375 0.07421875 0.01875
0 0.2375 0.5875 0.17734375 0.0234375
0 0.8453125 0.5875 0.13359375 0.01796875
0 0.0953125 0.6484375 0.1265625 0.01875
0 0.8296875 0.6484375 0.1609375 0.01875
0 0.07578125 0.71015625 0.10859375 0.0203125
0 0.82890625 0.709375 0.159375 0.01875
0 0.10234375 0.74453125 0.1671875 0.0265625
0 0.84609375 0.73984375 0.12890625 0.01875