0 0.77890625 0.440625 0.2390625 0.03515625
0 0.68359375 0.48359375 0.20390625 0.03359375
0 0.68203125 0.52734375 0.04609375 0.03984375
0 0.7984375 0.5265625 0.184375 0.040625
0 0.653125 0.56953125 0.47890625 0.0375
0 0.7625 0.6125 0.26484375 0.0328125
0 0.7734375 0.659375 0.23828125 0.0375
0 0.221875 0.43828125 0.34140625 0.03046875
0 0.25546875 0.4828125 0.06171875 0.02734375
0 0.14765625 0.525 0.20390625 0.02890625
0 0.37890625 0.52578125 0.16796875 0.02890625
0 0.18359375 0.5703125 0.0625 0.03046875
0 0.21875 0.6140625 0.134375 0.02890625
0 0.18359375 0.65625 0.0640625 0.03125