0 0.8390625 0.4453125 0.1515625 0.02421875
0 0.14453125 0.4453125 0.090625 0.0234375
0 0.28359375 0.4453125 0.121875 0.0234375
0 0.11796875 0.47890625 0.0484375 0.02265625
0 0.14375 0.5125 0.1 0.02421875
0 0.246875 0.5125 0.0484375 0.0234375
0 0.36015625 0.51171875 0.125 0.02421875
0 0.11953125 0.5453125 0.04453125 0.02265625
0 0.1703125 0.578125 0.1453125 0.02265625
0 0.30859375 0.578125 0.071875 0.02265625
0 0.396875 0.57734375 0.04609375 0.021875
0 0.5765625 0.4796875 0.1484375 0.02421875
0 0.83359375 0.5140625 0.15078125 0.02421875
0 0.55390625 0.54609375 0.1375 0.02578125
0 0.83203125 0.58125 0.1484375 0.02578125
0 0.42421875 0.609375 0.1 0.02421875
0 0.56171875 0.61171875 0.11875 0.025
0 0.29375 0.64375 0.38984375 0.02109375
0 0.13203125 0.6765625 0.06875 0.0234375
0 0.23671875 0.6765625 0.06640625 0.0234375
0 0.15703125 0.7109375 0.11875 0.0234375
0 0.190625 0.74375 0.1921875 0.02578125
0 0.1671875 0.7765625 0.14609375 0.025
0 0.82734375 0.6484375 0.1515625 0.028125
0 0.8390625 0.68125 0.121875 0.025
0 0.8265625 0.715625 0.1515625 0.02890625
0 0.8140625 0.74765625 0.171875 0.0265625
0 0.8234375 0.78203125 0.1484375 0.025