0 0.08671875 0.46875 0.1015625 0.028125
0 0.22421875 0.47109375 0.11953125 0.02890625
0 0.33515625 0.47265625 0.05546875 0.028125
0 0.46171875 0.475 0.1453125 0.028125
0 0.565625 0.47890625 0.01328125 0.021875
0 0.61171875 0.47578125 0.03046875 0.02578125
0 0.746875 0.4765625 0.15859375 0.03125
0 0.0765625 0.51484375 0.121875 0.02734375
0 0.47890625 0.51796875 0.109375 0.02734375
0 0.6109375 0.5171875 0.03125 0.0265625
0 0.065625 0.6078125 0.1 0.028125
0 0.19609375 0.609375 0.13984375 0.03125
0 0.746875 0.60390625 0.15859375 0.02578125
0 0.13828125 0.74296875 0.16875 0.0375
0 0.28515625 0.73984375 0.0765625 0.03125
0 0.37265625 0.73984375 0.04609375 0.03125
0 0.4796875 0.73671875 0.14765625 0.03359375
0 0.74765625 0.73046875 0.16015625 0.03046875