0 0.2 0.496875 0.02890625 0.03046875
0 0.309375 0.49453125 0.175 0.03046875
0 0.45 0.490625 0.08359375 0.028125
0 0.52109375 0.4875 0.02109375 0.0265625
0 0.83671875 0.48125 0.1359375 0.0390625
0 0.84453125 0.56875 0.12734375 0.03515625
0 0.85703125 0.6125 0.10234375 0.03359375
0 0.50546875 0.57265625 0.140625 0.028125
0 0.54609375 0.615625 0.06484375 0.02578125
0 0.5234375 0.66875 0.1125 0.03203125
0 0.50078125 0.7125 0.15546875 0.03359375
0 0.83046875 0.66640625 0.16015625 0.03671875
0 0.83359375 0.71171875 0.15859375 0.03828125