0 0.49296875 0.1765625 0.86953125 0.01953125
0 0.11015625 0.21640625 0.03046875 0.01875
0 0.18515625 0.21640625 0.08125 0.01875
0 0.30546875 0.21640625 0.1046875 0.01875
0 0.11640625 0.23828125 0.0234375 0.01875
0 0.190625 0.23828125 0.07890625 0.01875
0 0.31875 0.2390625 0.12578125 0.01796875
0 0.1046875 0.259375 0.0234375 0.01796875
0 0.18984375 0.25859375 0.1 0.0171875
0 0.309375 0.25859375 0.07890625 0.0171875
0 0.1078125 0.28046875 0.02109375 0.01484375
0 0.21875 0.28125 0.14921875 0.015625
0 0.38046875 0.28125 0.1234375 0.015625
0 0.10078125 0.3015625 0.02109375 0.0140625
0 0.209375 0.30078125 0.14921875 0.0171875
0 0.36015625 0.30078125 0.10234375 0.0171875
0 0.10703125 0.32109375 0.01875 0.01875
0 0.21640625 0.32109375 0.14921875 0.01484375
0 0.3765625 0.32109375 0.12578125 0.015625
0 0.096875 0.34140625 0.02578125 0.01875
0 0.2 0.34140625 0.09765625 0.0203125
0 0.3046875 0.34140625 0.08359375 0.01484375
0 0.10234375 0.36171875 0.01875 0.01796875
0 0.19921875 0.36171875 0.1328125 0.0203125
0 0.340625 0.36484375 0.1140625 0.0203125
0 0.09453125 0.38359375 0.02109375 0.0203125
0 0.18046875 0.38359375 0.109375 0.0171875
0 0.3046875 0.38359375 0.08359375 0.0171875
0 0.1 0.40546875 0.0234375 0.01875
0 0.1765625 0.40390625 0.08828125 0.015625
0 0.29921875 0.40390625 0.1046875 0.015625
0 0.090625 0.42578125 0.0234375 0.0203125
0 0.1921875 0.42578125 0.1328125 0.0171875
0 0.31015625 0.42578125 0.0578125 0.0171875
0 0.421875 0.42578125 0.1046875 0.0171875
0 0.1 0.4453125 0.0234375 0.01875
0 0.1828125 0.44609375 0.109375 0.015625
0 0.31875 0.44609375 0.10234375 0.015625
0 0.09296875 0.46953125 0.0234375 0.0203125
0 0.17109375 0.46953125 0.0953125 0.0203125
0 0.29921875 0.4671875 0.128125 0.0171875
0 0.09296875 0.48984375 0.028125 0.01796875
0 0.171875 0.48984375 0.08828125 0.01484375
0 0.3078125 0.48984375 0.1375 0.0171875
0 0.08515625 0.51171875 0.02578125 0.0203125
0 0.1625 0.509375 0.09296875 0.01484375
0 0.26484375 0.509375 0.06953125 0.0171875
0 0.08828125 0.53203125 0.01875 0.015625
0 0.18046875 0.53359375 0.109375 0.0171875
0 0.3359375 0.53125 0.15078125 0.0171875
0 0.0828125 0.55390625 0.02578125 0.01953125
0 0.15 0.55390625 0.0625 0.015625
0 0.08828125 0.57734375 0.0234375 0.01953125
0 0.190625 0.57734375 0.13046875 0.01875
0 0.36015625 0.57578125 0.1578125 0.0203125
0 0.08046875 0.6 0.02578125 0.0203125
0 0.14921875 0.59921875 0.06484375 0.015625
0 0.2625 0.59921875 0.10703125 0.01796875
0 0.08828125 0.6234375 0.028125 0.0203125
0 0.18828125 0.621875 0.13515625 0.01875
0 0.859375 0.21953125 0.128125 0.0171875
0 0.86640625 0.240625 0.128125 0.015625
0 0.85703125 0.259375 0.1328125 0.015625
0 0.859375 0.28046875 0.1328125 0.0171875
0 0.85703125 0.30078125 0.1328125 0.0171875
0 0.86484375 0.31953125 0.13515625 0.01953125
0 0.85703125 0.34140625 0.1328125 0.015625
0 0.86015625 0.36171875 0.13046875 0.01796875
0 0.8546875 0.38359375 0.1375 0.01875
0 0.8640625 0.40703125 0.1328125 0.0203125
0 0.859375 0.425 0.1328125 0.01796875
0 0.86484375 0.44765625 0.13984375 0.0171875
0 0.86015625 0.4671875 0.13515625 0.015625
0 0.86875 0.48984375 0.1421875 0.0171875
0 0.86484375 0.509375 0.13515625 0.01484375
0 0.87421875 0.53125 0.13515625 0.0171875
0 0.871875 0.55390625 0.13515625 0.01796875
0 0.88125 0.57578125 0.13984375 0.01875
0 0.878125 0.59921875 0.1375 0.015625
0 0.88359375 0.62265625 0.13984375 0.02109375
0 0.2078125 0.66875 0.18828125 0.0203125
0 0.19296875 0.6921875 0.1671875 0.01875
0 0.3328125 0.6921875 0.06484375 0.01875
0 0.06640625 0.715625 0.03984375 0.0171875
0 0.17421875 0.715625 0.11171875 0.01875
0 0.8765625 0.66953125 0.171875 0.02265625
0 0.8859375 0.6921875 0.13984375 0.0171875
0 0.88359375 0.7171875 0.1671875 0.01875
0 0.11484375 0.7640625 0.18359375 0.0203125
0 0.8046875 0.765625 0.33046875 0.01875