0 0.26171875 0.4140625 0.1234375 0.02109375
0 0.38671875 0.4125 0.08671875 0.02109375
0 0.76015625 0.40546875 0.10625 0.025
0 0.175 0.44453125 0.01953125 0.02734375
0 0.26171875 0.4421875 0.1234375 0.02109375
0 0.3875 0.440625 0.08671875 0.02109375
0 0.47578125 0.4390625 0.05390625 0.01953125
0 0.56640625 0.43828125 0.0890625 0.02109375
0 0.759375 0.43515625 0.11015625 0.02578125
0 0.70859375 0.50703125 0.225 0.0484375
0 0.30625 0.56015625 0.21640625 0.05
0 0.6125 0.55390625 0.26484375 0.04765625
0 0.71015625 0.603125 0.221875 0.04609375
0 0.290625 0.5109375 0.17890625 0.04375
0 0.171875 0.4125 0.01640625 0.0203125