0 0.12109375 0.44921875 0.0203125 0.0296875
0 0.2421875 0.4515625 0.1296875 0.025
0 0.1203125 0.490625 0.01953125 0.02421875
0 0.24296875 0.49296875 0.1359375 0.0296875
0 0.43984375 0.49140625 0.16875 0.025
0 0.11484375 0.5296875 0.0140625 0.02578125
0 0.3796875 0.53125 0.41484375 0.0359375
0 0.115625 0.571875 0.0203125 0.02890625
0 0.24453125 0.571875 0.1296875 0.02578125
0 0.42109375 0.57265625 0.13671875 0.0265625
0 0.834375 0.4546875 0.17265625 0.02890625
0 0.81875 0.49453125 0.20625 0.028125
0 0.82578125 0.534375 0.1953125 0.02734375
0 0.8375 0.575 0.17421875 0.02890625
0 0.8375 0.61640625 0.17421875 0.02890625
0 0.8390625 0.6578125 0.17578125 0.0328125
0 0.8390625 0.6984375 0.17421875 0.0296875
0 0.70703125 0.7375 0.41796875 0.02890625
0 0.8046875 0.778125 0.23515625 0.02890625
0 0.81796875 0.8171875 0.20703125 0.02578125
0 0.1140625 0.6125 0.015625 0.0265625
0 0.24453125 0.61328125 0.1265625 0.0234375
0 0.43828125 0.61328125 0.17265625 0.025
0 0.11328125 0.6546875 0.0171875 0.02734375
0 0.2234375 0.653125 0.09296875 0.02578125
0 0.4 0.6546875 0.16796875 0.025
0 0.1140625 0.6953125 0.0171875 0.02734375
0 0.28671875 0.69453125 0.234375 0.02890625
0 0.51015625 0.69765625 0.09921875 0.03125
0 0.20078125 0.73515625 0.06171875 0.02890625
0 0.2390625 0.77265625 0.13671875 0.0265625
0 0.20625 0.80859375 0.065625 0.025