0 0.14609375 0.47109375 0.0796875 0.0296875
0 0.26796875 0.471875 0.1015625 0.02734375
0 0.8671875 0.46171875 0.165625 0.03515625
0 0.44375 0.51171875 0.09609375 0.02890625
0 0.58828125 0.5078125 0.13125 0.02890625
0 0.3109375 0.5546875 0.409375 0.03984375
0 0.15078125 0.603125 0.0859375 0.03203125
0 0.26484375 0.59921875 0.07265625 0.03359375
0 0.17890625 0.646875 0.13984375 0.03671875
0 0.21640625 0.68828125 0.22578125 0.0484375
0 0.1921875 0.73515625 0.17734375 0.0453125
0 0.8765625 0.54140625 0.165625 0.03515625
0 0.89296875 0.5828125 0.13828125 0.03203125
0 0.8859375 0.6234375 0.1703125 0.03515625
0 0.88828125 0.66640625 0.1703125 0.03203125
0 0.89765625 0.709375 0.1671875 0.03515625