0 0.17578125 0.48359375 0.15859375 0.021875
0 0.13828125 0.51484375 0.07109375 0.01875
0 0.3453125 0.51328125 0.153125 0.01953125
0 0.86953125 0.5109375 0.17890625 0.0203125
0 0.1796875 0.5578125 0.1609375 0.0203125
0 0.13984375 0.5890625 0.06953125 0.01953125
0 0.346875 0.58671875 0.15234375 0.01953125
0 0.87265625 0.58359375 0.18046875 0.01953125
0 0.2 0.65078125 0.21328125 0.0234375
0 0.87578125 0.646875 0.1859375 0.01875
0 0.13125 0.684375 0.07421875 0.01953125
0 0.29921875 0.684375 0.1765625 0.0234375
0 0.89296875 0.678125 0.16015625 0.021875
0 0.1515625 0.75 0.13046875 0.021875
0 0.88828125 0.7453125 0.1953125 0.021875
0 0.1203125 0.78515625 0.0828125 0.0203125
0 0.89140625 0.7796875 0.196875 0.02265625
0 0.16015625 0.81953125 0.16953125 0.02109375