0 0.18984375 0.471875 0.01875 0.025
0 0.246875 0.47109375 0.06015625 0.02421875
0 0.3109375 0.47109375 0.040625 0.02421875
0 0.378125 0.4703125 0.059375 0.02421875
0 0.48515625 0.4703125 0.12734375 0.021875
0 0.6125 0.46875 0.08671875 0.01953125
0 0.790625 0.46953125 0.1046875 0.0203125
0 0.1875 0.50078125 0.01796875 0.0203125
0 0.26328125 0.49921875 0.08828125 0.02109375
0 0.3765625 0.4984375 0.08828125 0.02265625
0 0.79140625 0.49765625 0.1046875 0.021875
0 0.31015625 0.56796875 0.18671875 0.04140625
0 0.25625 0.60390625 0.0765625 0.0234375
0 0.7359375 0.56953125 0.215625 0.04765625
0 0.7921875 0.6015625 0.1109375 0.0234375
0 0.3265625 0.64453125 0.22265625 0.04765625
0 0.740625 0.64296875 0.21171875 0.04609375