0 0.86484375 0.08046875 0.0640625 0.04375
0 0.8109375 0.3921875 0.1546875 0.03203125
0 0.21015625 0.4109375 0.2234375 0.046875
0 0.41875 0.40546875 0.0296875 0.03515625
0 0.23828125 0.45625 0.27890625 0.04375
0 0.4703125 0.44765625 0.0125 0.03203125
0 0.8109375 0.434375 0.1546875 0.040625
0 0.171875 0.540625 0.1203125 0.03828125
0 0.8109375 0.5265625 0.14609375 0.03203125
0 0.81796875 0.61640625 0.15 0.03203125
0 0.178125 0.6328125 0.115625 0.040625
0 0.20625 0.66875 0.171875 0.04375
0 0.8859375 0.66171875 0.0296875 0.03515625