0 0.04609375 0.33046875 0.09140625 0.015625
0 0.1578125 0.33203125 0.11484375 0.0125
0 0.0609375 0.35234375 0.12109375 0.01796875
0 0.359375 0.3328125 0.05390625 0.0109375
0 0.53515625 0.33203125 0.13046875 0.01328125
0 0.796875 0.3296875 0.1328125 0.01640625
0 0.0546875 0.38203125 0.09375 0.01484375
0 0.1875 0.38203125 0.1328125 0.01171875
0 0.1078125 0.40390625 0.21484375 0.0171875
0 0.359375 0.38203125 0.05390625 0.0125
0 0.54140625 0.38203125 0.115625 0.0140625
0 0.80859375 0.3796875 0.11953125 0.01328125
0 0.071875 0.4328125 0.1390625 0.01640625
0 0.19140625 0.4328125 0.08359375 0.0109375
0 0.3578125 0.43359375 0.053125 0.0109375
0 0.54296875 0.43359375 0.1171875 0.01328125
0 0.8109375 0.43046875 0.11875 0.01328125
0 0.0375 0.46875 0.0671875 0.01640625
0 0.11171875 0.46875 0.08671875 0.0125
0 0.3578125 0.46953125 0.05546875 0.0109375
0 0.54296875 0.4703125 0.1171875 0.01328125
0 0.8109375 0.46796875 0.12109375 0.01328125
0 0.0375 0.50703125 0.06171875 0.01484375
0 0.12890625 0.5078125 0.071875 0.0109375
0 0.21875 0.5078125 0.0828125 0.0109375
0 0.05078125 0.52890625 0.09375 0.0125
0 0.1484375 0.5296875 0.06953125 0.0171875
0 0.35546875 0.5078125 0.05390625 0.0109375
0 0.54296875 0.5078125 0.1171875 0.0140625
0 0.8125 0.50703125 0.11953125 0.01484375
0 0.04765625 0.5609375 0.0953125 0.01328125
0 0.13671875 0.559375 0.05703125 0.01015625
0 0.22265625 0.5609375 0.0953125 0.01171875
0 0.35546875 0.5609375 0.05390625 0.0109375
0 0.54296875 0.5609375 0.11484375 0.01171875
0 0.81640625 0.5609375 0.11953125 0.0140625
0 0.04375 0.58125 0.0875 0.01015625
0 0.03203125 0.6140625 0.0640625 0.01328125
0 0.1484375 0.61328125 0.13125 0.01640625
0 0.35390625 0.61328125 0.05546875 0.0125
0 0.54140625 0.6140625 0.11875 0.0140625
0 0.81796875 0.61328125 0.1234375 0.0125
0 0.0234375 0.6359375 0.04609375 0.0125
0 0.140625 0.6359375 0.16015625 0.0125
0 0.04375 0.65703125 0.0875 0.0171875
0 0.09609375 0.65703125 0.01171875 0.0125
0 0.13828125 0.6578125 0.05546875 0.01328125
0 0.0453125 0.690625 0.08515625 0.0203125
0 0.8140625 0.69140625 0.14140625 0.01640625
0 0.828125 0.734375 0.13046875 0.0140625
0 0.08046875 0.77421875 0.1609375 0.0171875
0 0.81796875 0.7765625 0.14453125 0.0140625
0 0.065625 0.81640625 0.13125 0.0171875
0 0.83984375 0.81875 0.1109375 0.01328125
0 0.021875 0.8953125 0.04375 0.02109375
0 0.82578125 0.8984375 0.146875 0.01640625
0 0.05 0.96484375 0.09921875 0.0234375
0 0.83046875 0.965625 0.1484375 0.01640625