0 0.159375 0.4640625 0.11796875 0.0265625
0 0.27421875 0.4609375 0.07578125 0.02421875
0 0.38203125 0.4609375 0.09140625 0.02421875
0 0.4671875 0.46015625 0.0375 0.02421875
0 0.5734375 0.4609375 0.00859375 0.02421875
0 0.68125 0.46015625 0.07578125 0.025
0 0.87421875 0.45859375 0.09765625 0.025
0 0.57890625 0.50546875 0.01484375 0.03046875
0 0.6734375 0.50390625 0.08828125 0.025
0 0.5765625 0.546875 0.01640625 0.03125
0 0.68203125 0.54609375 0.0734375 0.02421875
0 0.15703125 0.50625 0.1125 0.02421875
0 0.2625 0.50546875 0.0546875 0.02421875
0 0.3609375 0.50546875 0.09453125 0.02421875
0 0.44765625 0.50390625 0.03359375 0.025
0 0.865625 0.50390625 0.1125 0.0296875
0 0.15703125 0.55078125 0.11640625 0.0296875
0 0.28359375 0.55 0.096875 0.025
0 0.42109375 0.5484375 0.13125 0.02421875
0 0.87578125 0.5484375 0.1 0.03046875
0 0.5375 0.63515625 0.09296875 0.02421875
0 0.6421875 0.63515625 0.078125 0.02421875
0 0.86796875 0.63671875 0.11796875 0.0296875
0 0.634375 0.72578125 0.096875 0.0296875
0 0.8703125 0.7296875 0.125 0.03125
0 0.63359375 0.7703125 0.09453125 0.0296875
0 0.8703125 0.77890625 0.125 0.034375
0 0.6125 0.81796875 0.13359375 0.0296875
0 0.5640625 0.8625 0.0765625 0.0296875
0 0.67578125 0.86640625 0.09765625 0.03359375
0 0.87265625 0.82578125 0.1203125 0.03046875