0 0.04921875 0.44609375 0.03671875 0.025
0 0.128125 0.44609375 0.071875 0.02578125
0 0.23046875 0.44765625 0.07890625 0.02421875
0 0.340625 0.44921875 0.01796875 0.0234375
0 0.5828125 0.44921875 0.13515625 0.0234375
0 0.0484375 0.4828125 0.03828125 0.02421875
0 0.128125 0.484375 0.07890625 0.025
0 0.2484375 0.48515625 0.1171875 0.025
0 0.38203125 0.48671875 0.01796875 0.025
0 0.590625 0.48515625 0.1203125 0.02265625
0 0.0765625 0.55234375 0.096875 0.02578125
0 0.5796875 0.553125 0.13828125 0.025
0 0.0734375 0.625 0.1 0.0265625
0 0.09375 0.65859375 0.140625 0.02578125
0 0.5765625 0.6234375 0.13359375 0.02421875
0 0.6375 0.65859375 0.0265625 0.0234375