0 0.1484375 0.6375 0.0203125 0.02265625
0 0.26015625 0.6359375 0.14609375 0.0234375
0 0.40546875 0.63515625 0.090625 0.02265625
0 0.19609375 0.6640625 0.06484375 0.021875
0 0.3234375 0.66328125 0.1171875 0.02265625
0 0.46796875 0.6625 0.1203125 0.0234375
0 0.84765625 0.6328125 0.14296875 0.0234375
0 0.2390625 0.7203125 0.1953125 0.02421875
0 0.2390625 0.75 0.1953125 0.02421875
0 0.20234375 0.77734375 0.115625 0.02421875
0 0.84921875 0.7171875 0.14296875 0.0203125
0 0.84921875 0.7734375 0.14296875 0.0203125
0 0.20625 0.834375 0.1203125 0.02421875
0 0.25625 0.8609375 0.2171875 0.02734375
0 0.85 0.83046875 0.14140625 0.02265625
0 0.9125 0.86015625 0.02578125 0.02265625