0 0.11171875 0.38671875 0.128125 0.0171875
0 0.05390625 0.42265625 0.0078125 0.0125
0 0.2296875 0.42265625 0.08828125 0.01875
0 0.37734375 0.42265625 0.1765625 0.0171875
0 0.5078125 0.42109375 0.05 0.01796875
0 0.69609375 0.44375 0.178125 0.01796875
0 0.21484375 0.47265625 0.0609375 0.0125
0 0.30390625 0.47421875 0.07890625 0.015625
0 0.37578125 0.47109375 0.034375 0.01328125
0 0.478125 0.47265625 0.13984375 0.01015625
0 0.2046875 0.49609375 0.05 0.01640625
0 0.70078125 0.5171875 0.1796875 0.0171875
0 0.2109375 0.5484375 0.0609375 0.0109375
0 0.31640625 0.54609375 0.103125 0.015625
0 0.41015625 0.546875 0.05390625 0.01875
0 0.7046875 0.56875 0.1796875 0.01875
0 0.05078125 0.60078125 0.0171875 0.015625
0 0.26171875 0.6 0.1515625 0.015625
0 0.3890625 0.59921875 0.07265625 0.0140625
0 0.740625 0.62109375 0.1203125 0.015625
0 0.29296875 0.6640625 0.1609375 0.01796875
0 0.71015625 0.66328125 0.2046875 0.01640625
0 0.296875 0.74140625 0.15703125 0.015625
0 0.7796875 0.73828125 0.08828125 0.01640625
0 0.2765625 0.78125 0.1203125 0.01875
0 0.69140625 0.7796875 0.26796875 0.01796875
0 0.725 0.83984375 0.20859375 0.01875
0 0.215625 0.84375 0.1625 0.01875
0 0.20390625 0.8703125 0.13984375 0.01640625
0 0.79296875 0.8640625 0.08046875 0.0140625
0 0.2171875 0.9078125 0.02109375 0.0140625
0 0.31875 0.90703125 0.1359375 0.02265625
0 0.45859375 0.903125 0.1171875 0.0171875
0 0.05234375 0.47421875 0.01328125 0.015625
0 0.046875 0.5484375 0.0171875 0.01484375
0 0.40234375 0.240625 0.1 0.0109375
0 0.58203125 0.2390625 0.1875 0.01015625