0 0.1421875 0.67265625 0.06875 0.02734375
0 0.26640625 0.67109375 0.12265625 0.0296875
0 0.41953125 0.6734375 0.12109375 0.0328125
0 0.5703125 0.67265625 0.1140625 0.03359375
0 0.83671875 0.6703125 0.1484375 0.028125
0 0.121875 0.715625 0.01484375 0.02890625
0 0.21875 0.71640625 0.12109375 0.03203125
0 0.35625 0.7140625 0.09609375 0.0296875
0 0.46875 0.71484375 0.0703125 0.02890625
0 0.83671875 0.7125 0.1390625 0.03125
0 0.21015625 0.79609375 0.18671875 0.0296875
0 0.178125 0.83671875 0.11640625 0.02890625
0 0.834375 0.7984375 0.14609375 0.0296875
0 0.83203125 0.83828125 0.14609375 0.02734375
0 0.19453125 0.91953125 0.13671875 0.034375
0 0.36328125 0.91953125 0.1390625 0.0296875
0 0.484375 0.921875 0.04765625 0.03203125
0 0.8296875 0.921875 0.14375 0.02890625