0 0.1328125 0.54375 0.0203125 0.02890625
0 0.21796875 0.54140625 0.09140625 0.02265625
0 0.3671875 0.54140625 0.11796875 0.025
0 0.90078125 0.53828125 0.13203125 0.02421875
0 0.22578125 0.60546875 0.21015625 0.02578125
0 0.18671875 0.63984375 0.12734375 0.02421875
0 0.90390625 0.60390625 0.1296875 0.02265625
0 0.90546875 0.6375 0.1359375 0.02578125
0 0.2 0.70625 0.15390625 0.025
0 0.38359375 0.7046875 0.15625 0.02421875
0 0.51328125 0.703125 0.04921875 0.02265625
0 0.90703125 0.7046875 0.13203125 0.021875