0 0.1796875 0.5390625 0.1484375 0.02578125
0 0.35 0.53203125 0.1109375 0.0234375
0 0.46640625 0.52890625 0.05234375 0.02578125
0 0.16328125 0.57578125 0.11640625 0.03203125
0 0.35 0.56328125 0.21015625 0.0359375
0 0.1578125 0.60546875 0.11640625 0.04375
0 0.2875 0.609375 0.090625 0.01953125
0 0.41875 0.603125 0.11953125 0.0359375
0 0.15859375 0.6484375 0.11953125 0.03203125
0 0.28984375 0.64375 0.09609375 0.03359375
0 0.42265625 0.6390625 0.12265625 0.03203125
0 0.15859375 0.68515625 0.11953125 0.0296875
0 0.365625 0.6828125 0.2421875 0.0359375
0 0.87578125 0.5171875 0.13671875 0.0296875
0 0.88046875 0.55390625 0.14609375 0.03203125
0 0.8859375 0.5890625 0.13984375 0.03203125
0 0.8890625 0.62578125 0.13984375 0.0296875
0 0.896875 0.66796875 0.14296875 0.0296875
0 0.8921875 0.76328125 0.16328125 0.06171875
0 0.55078125 0.78359375 0.11640625 0.028125
0 0.8921875 0.85390625 0.16328125 0.03359375
0 0.06015625 0.878125 0.09609375 0.02578125
0 0.09921875 0.909375 0.16875 0.02578125
0 0.02734375 0.5453125 0.0203125 0.028125
0 0.025 0.5796875 0.0203125 0.028125
0 0.0171875 0.61171875 0.01171875 0.02578125
0 0.01328125 0.653125 0.0203125 0.03203125
0 0.01484375 0.68984375 0.0171875 0.0296875
0 0.96171875 0.88828125 0.0234375 0.0296875