0 0.17265625 0.4125 0.1046875 0.025
0 0.3359375 0.4125 0.15546875 0.025
0 0.2046875 0.44765625 0.1578125 0.025
0 0.35390625 0.44765625 0.0734375 0.025
0 0.1859375 0.48203125 0.13203125 0.0234375
0 0.36328125 0.48125 0.15546875 0.025
0 0.18984375 0.5171875 0.128125 0.02578125
0 0.36796875 0.51484375 0.15546875 0.025
0 0.159375 0.5515625 0.0796875 0.025
0 0.2703125 0.5515625 0.07734375 0.025
0 0.39296875 0.55078125 0.10078125 0.0234375
0 0.21953125 0.58671875 0.1828125 0.025
0 0.38046875 0.5859375 0.07578125 0.025
0 0.4765625 0.5859375 0.04609375 0.025
0 0.74375 0.4109375 0.15546875 0.0265625
0 0.74609375 0.44765625 0.1515625 0.025
0 0.74296875 0.48125 0.153125 0.025
0 0.74609375 0.5140625 0.1515625 0.02578125
0 0.74375 0.55078125 0.1515625 0.0265625
0 0.75703125 0.58515625 0.128125 0.02578125
0 0.39296875 0.61953125 0.10078125 0.025
0 0.540625 0.61953125 0.12421875 0.025
0 0.19140625 0.6546875 0.12578125 0.025
0 0.22265625 0.68984375 0.20625 0.02578125
0 0.2046875 0.72421875 0.153125 0.025
0 0.74609375 0.6546875 0.15546875 0.02578125
0 0.73125 0.68984375 0.18046875 0.02578125
0 0.74609375 0.725 0.159375 0.028125