0 0.10546875 0.3625 0.015625 0.02421875
0 0.15390625 0.3625 0.04140625 0.0234375
0 0.21171875 0.36171875 0.03984375 0.021875
0 0.3046875 0.3609375 0.08984375 0.021875
0 0.41328125 0.3609375 0.08515625 0.02109375
0 0.48046875 0.359375 0.01640625 0.025
0 0.78828125 0.35859375 0.11796875 0.025
0 0.21640625 0.47109375 0.1578125 0.02265625
0 0.16640625 0.496875 0.05625 0.0234375
0 0.78828125 0.46953125 0.11796875 0.02578125
0 0.796875 0.49453125 0.09921875 0.02578125
0 0.2359375 0.5515625 0.18828125 0.0234375
0 0.17734375 0.578125 0.08046875 0.02421875
0 0.19765625 0.60625 0.11484375 0.025
0 0.73046875 0.55078125 0.23125 0.025
0 0.790625 0.578125 0.1203125 0.02578125
0 0.790625 0.6046875 0.11875 0.0265625
0 0.2984375 0.93125 0.1515625 0.02578125
0 0.415625 0.93125 0.0453125 0.02890625
0 0.5953125 0.9328125 0.2 0.025