0 0.17265625 0.4296875 0.01953125 0.0234375
0 0.2578125 0.42734375 0.11171875 0.028125
0 0.38203125 0.42578125 0.0921875 0.025
0 0.50859375 0.4234375 0.11171875 0.0234375
0 0.63515625 0.421875 0.0921875 0.0234375
0 0.8015625 0.421875 0.109375 0.0265625
0 0.175 0.4578125 0.01484375 0.021875
0 0.23984375 0.45859375 0.07578125 0.0234375
0 0.31484375 0.45625 0.03671875 0.021875
0 0.440625 0.45390625 0.1703125 0.0234375
0 0.175 0.48984375 0.009375 0.0203125
0 0.26796875 0.48828125 0.13125 0.0234375
0 0.40546875 0.4859375 0.08984375 0.025
0 0.8015625 0.45234375 0.109375 0.0265625
0 0.81171875 0.48203125 0.08984375 0.0265625
0 0.29921875 0.5625 0.18984375 0.04375
0 0.246875 0.5984375 0.08046875 0.0234375
0 0.746875 0.55859375 0.23359375 0.0515625
0 0.80625 0.5953125 0.1140625 0.0265625
0 0.3171875 0.6421875 0.22109375 0.0484375
0 0.75078125 0.63828125 0.2359375 0.053125