0 0.1328125 0.41015625 0.1140625 0.0171875
0 0.3140625 0.41015625 0.0546875 0.01640625
0 0.39296875 0.41015625 0.0171875 0.01640625
0 0.59375 0.409375 0.0375 0.01640625
0 0.79296875 0.4390625 0.11875 0.02421875
0 0.78203125 0.46875 0.13671875 0.02578125
0 0.36640625 0.43984375 0.1125 0.02421875
0 0.13984375 0.4671875 0.096875 0.01953125
0 0.24609375 0.4671875 0.075 0.01640625
0 0.34296875 0.4671875 0.034375 0.01640625
0 0.41015625 0.4671875 0.0171875 0.01796875
0 0.13046875 0.49453125 0.115625 0.01875
0 0.3140625 0.49453125 0.0578125 0.0171875
0 0.39296875 0.4953125 0.0171875 0.01484375
0 0.59765625 0.4953125 0.0390625 0.01796875
0 0.3609375 0.52734375 0.1140625 0.0234375
0 0.1375 0.55234375 0.0953125 0.0171875
0 0.2453125 0.553125 0.0734375 0.01796875
0 0.34296875 0.553125 0.034375 0.015625
0 0.4109375 0.553125 0.015625 0.015625
0 0.79296875 0.528125 0.11875 0.021875
0 0.7859375 0.55703125 0.13828125 0.02109375
0 0.12578125 0.58203125 0.11875 0.01796875
0 0.309375 0.58203125 0.0546875 0.01796875
0 0.38828125 0.58203125 0.0171875 0.01796875
0 0.59453125 0.58359375 0.0390625 0.01796875
0 0.36015625 0.61484375 0.115625 0.02421875
0 0.1359375 0.64140625 0.1015625 0.02421875
0 0.240625 0.64140625 0.0828125 0.02421875
0 0.36953125 0.6421875 0.09375 0.01796875
0 0.79453125 0.61640625 0.1125 0.02109375
0 0.7796875 0.64609375 0.14140625 0.021875
0 0.11015625 0.70078125 0.0953125 0.01796875
0 0.2578125 0.7015625 0.15703125 0.01875
0 0.79296875 0.70546875 0.115625 0.02109375
0 0.78828125 0.7359375 0.13359375 0.0234375
0 0.11015625 0.73203125 0.0984375 0.01796875
0 0.23046875 0.73203125 0.096875 0.01796875
0 0.09375 0.79453125 0.078125 0.01875
0 0.22421875 0.79765625 0.13671875 0.02578125
0 0.36484375 0.7953125 0.096875 0.01796875
0 0.7921875 0.80078125 0.14140625 0.0265625
0 0.1078125 0.43828125 0.021875 0.02109375
0 0.1015625 0.5234375 0.01875 0.0203125
0 0.1 0.61015625 0.021875 0.02109375