0 0.08125 0.5484375 0.08125 0.01875
0 0.18984375 0.5484375 0.08359375 0.021875
0 0.28828125 0.5484375 0.06796875 0.02421875
0 0.3734375 0.55234375 0.05703125 0.02734375
0 0.196875 0.5796875 0.0140625 0.01953125
0 0.48828125 0.584375 0.12421875 0.0265625
0 0.78515625 0.58515625 0.12265625 0.02265625
0 0.08984375 0.646875 0.13359375 0.0203125
0 0.22578125 0.64609375 0.0875 0.025
0 0.0578125 0.68046875 0.065625 0.0203125
0 0.17265625 0.6796875 0.1140625 0.0265625
0 0.0734375 0.7171875 0.11328125 0.028125
0 0.20859375 0.715625 0.11953125 0.0234375
0 0.075 0.7484375 0.1125 0.021875
0 0.209375 0.746875 0.115625 0.02734375
0 0.78671875 0.6796875 0.13515625 0.02421875
0 0.79765625 0.71171875 0.1125 0.02578125
0 0.790625 0.74453125 0.12578125 0.02578125
0 0.58046875 0.64609375 0.02109375 0.02265625