0 0.6671875 0.01484375 0.11796875 0.02890625
0 0.13203125 0.34609375 0.025 0.03046875
0 0.225 0.34453125 0.121875 0.0265625
0 0.42578125 0.33984375 0.24140625 0.02890625
0 0.59609375 0.33515625 0.0421875 0.02421875
0 0.13203125 0.38515625 0.025 0.02890625
0 0.234375 0.38359375 0.134375 0.02578125
0 0.39140625 0.38046875 0.1234375 0.02421875
0 0.5265625 0.37890625 0.0828125 0.02578125
0 0.134375 0.42265625 0.02109375 0.028125
0 0.22421875 0.42109375 0.1234375 0.0265625
0 0.35 0.41953125 0.0796875 0.02578125
0 0.45 0.41953125 0.06015625 0.0234375
0 0.54140625 0.41796875 0.06328125 0.0234375
0 0.134375 0.45859375 0.02109375 0.0265625
0 0.2078125 0.45625 0.07734375 0.02109375
0 0.3296875 0.45625 0.1234375 0.02109375
0 0.1375 0.496875 0.025 0.02421875
0 0.228125 0.4953125 0.12890625 0.02421875
0 0.34453125 0.49375 0.0546875 0.02109375
0 0.43125 0.49375 0.0578125 0.02109375
0 0.55390625 0.496875 0.12734375 0.02421875
0 0.1328125 0.5328125 0.02265625 0.02890625
0 0.21328125 0.5328125 0.109375 0.0265625
0 0.33984375 0.5328125 0.10078125 0.02421875
0 0.4578125 0.53359375 0.0828125 0.02421875
0 0.21015625 0.57421875 0.025 0.02421875
0 0.35859375 0.57421875 0.24140625 0.03125
0 0.56015625 0.57734375 0.1109375 0.028125
0 0.203125 0.6109375 0.02109375 0.02890625
0 0.2765625 0.6109375 0.09140625 0.0265625
0 0.39453125 0.61328125 0.10390625 0.028125
0 0.803125 0.3375 0.14296875 0.034375
0 0.7984375 0.37890625 0.1359375 0.034375
0 0.80390625 0.41796875 0.14453125 0.03359375
0 0.80625 0.4609375 0.1515625 0.034375
0 0.8109375 0.503125 0.14453125 0.03671875
0 0.809375 0.54453125 0.1484375 0.034375
0 0.45234375 0.69609375 0.18203125 0.034375
0 0.80078125 0.71171875 0.17265625 0.03828125
0 0.80859375 0.75703125 0.14609375 0.0328125
0 0.50234375 0.74140625 0.0671875 0.0265625
0 0.228125 0.8265625 0.203125 0.0671875
0 0.7 0.85390625 0.33828125 0.07421875