0 0.1359375 0.578125 0.078125 0.03125
0 0.2625 0.57734375 0.13515625 0.03359375
0 0.41484375 0.578125 0.12890625 0.03359375
0 0.5703125 0.57578125 0.12265625 0.0328125
0 0.85234375 0.57421875 0.16328125 0.03125
0 0.19296875 0.653125 0.196875 0.028125
0 0.15859375 0.69140625 0.12109375 0.028125
0 0.85703125 0.65078125 0.16484375 0.028125
0 0.859375 0.68984375 0.16484375 0.0296875
0 0.171875 0.765625 0.15859375 0.03125
0 0.35625 0.765625 0.1609375 0.03125
0 0.4859375 0.7640625 0.05 0.03046875
0 0.86328125 0.76875 0.16875 0.03125