0 0.134375 0.45859375 0.10078125 0.01875
0 0.23359375 0.45859375 0.05 0.01875
0 0.0921875 0.48203125 0.0703125 0.01875
0 0.07890625 0.50625 0.03046875 0.01484375
0 0.83046875 0.4609375 0.1109375 0.01484375
0 0.13125 0.55546875 0.10703125 0.0265625
0 0.0921875 0.5828125 0.07734375 0.021875
0 0.8390625 0.5609375 0.1140625 0.01484375
0 0.8390625 0.58828125 0.1140625 0.01875
0 0.0703125 0.63984375 0.0734375 0.03515625
0 0.1140625 0.6765625 0.16796875 0.03671875
0 0.840625 0.65078125 0.12421875 0.03671875
0 0.840625 0.690625 0.1171875 0.03828125
0 0.05390625 0.45859375 0.0203125 0.01875