0 0.034375 0.32109375 0.015625 0.0109375
0 0.17421875 0.31953125 0.1296875 0.01328125
0 0.3359375 0.31953125 0.1296875 0.01328125
0 0.46875 0.321875 0.06484375 0.01640625
0 0.68828125 0.31953125 0.1765625 0.0171875
0 0.26875 0.3421875 0.27265625 0.01328125
0 0.1734375 0.36484375 0.13203125 0.0140625
0 0.29609375 0.36328125 0.046875 0.01328125
0 0.37734375 0.36328125 0.0515625 0.01328125
0 0.46875 0.36328125 0.0734375 0.01328125
0 0.26640625 0.38515625 0.27734375 0.01796875
0 0.16015625 0.40625 0.10078125 0.0140625
0 0.2703125 0.40859375 0.04921875 0.01640625
0 0.40859375 0.40546875 0.1546875 0.01640625
0 0.68828125 0.36328125 0.1765625 0.01640625
0 0.68984375 0.40703125 0.1765625 0.01640625
0 0.26875 0.42890625 0.26875 0.01328125
0 0.17578125 0.4515625 0.12734375 0.01484375
0 0.3515625 0.4515625 0.1609375 0.0140625
0 0.48671875 0.4515625 0.046875 0.01484375
0 0.27265625 0.4734375 0.2640625 0.01484375
0 0.040625 0.453125 0.01328125 0.0140625
0 0.70390625 0.4515625 0.1546875 0.0171875
0 0.165625 0.4953125 0.10703125 0.0140625
0 0.3234375 0.4953125 0.16328125 0.01484375
0 0.4890625 0.49296875 0.10078125 0.0140625
0 0.275 0.51484375 0.2640625 0.01640625
0 0.7015625 0.4953125 0.15 0.01640625
0 0.70390625 0.5359375 0.1546875 0.01875
0 0.69453125 0.55546875 0.18125 0.01796875
0 0.15 0.5390625 0.08046875 0.0125
0 0.2609375 0.5375 0.06953125 0.0140625
0 0.43828125 0.5375 0.14765625 0.01640625
0 0.16328125 0.5578125 0.0984375 0.01171875
0 0.328125 0.5578125 0.15859375 0.0140625
0 0.47421875 0.5578125 0.07578125 0.0140625
0 0.17421875 0.578125 0.07578125 0.01328125
0 0.30234375 0.578125 0.103125 0.01328125
0 0.0359375 0.60390625 0.01796875 0.01640625
0 0.15546875 0.60078125 0.10078125 0.0140625
0 0.2703125 0.59921875 0.05390625 0.01328125
0 0.40859375 0.59921875 0.16796875 0.01640625
0 0.26875 0.62421875 0.27265625 0.0171875
0 0.0359375 0.65078125 0.01796875 0.01640625
0 0.14453125 0.64765625 0.0828125 0.01640625
0 0.2984375 0.6453125 0.16796875 0.02109375
0 0.465625 0.64453125 0.11171875 0.01796875
0 0.03671875 0.6734375 0.015625 0.0171875
0 0.1578125 0.6703125 0.10546875 0.01640625
0 0.28203125 0.66796875 0.08046875 0.01484375
0 0.0328125 0.696875 0.0203125 0.015625
0 0.19453125 0.69375 0.1921875 0.01875
0 0.3671875 0.6921875 0.08046875 0.015625
0 0.2296875 0.71796875 0.19453125 0.01875
0 0.03046875 0.7453125 0.02890625 0.0171875
0 0.15 0.74296875 0.103125 0.01484375
0 0.31171875 0.740625 0.13671875 0.01640625
0 0.528125 0.740625 0.1703125 0.02265625
0 0.7328125 0.73828125 0.1765625 0.02109375
0 0.7 0.59609375 0.18359375 0.0203125
0 0.71953125 0.640625 0.16796875 0.0203125
0 0.725 0.6640625 0.165625 0.01953125
0 0.725 0.6890625 0.17421875 0.02109375
0 0.725 0.78828125 0.2015625 0.02109375
0 0.7453125 0.8125 0.17421875 0.02265625
0 0.74609375 0.83828125 0.171875 0.01953125
0 0.70703125 0.86328125 0.259375 0.01953125
0 0.75703125 0.88515625 0.1765625 0.02109375
0 0.746875 0.90859375 0.2015625 0.0203125
0 0.18203125 0.93671875 0.10078125 0.02421875
0 0.56796875 0.9375 0.51875 0.03125
0 0.15546875 0.79140625 0.109375 0.01640625
0 0.23125 0.815625 0.253125 0.0171875
0 0.1890625 0.8390625 0.16328125 0.01640625
0 0.225 0.86328125 0.22578125 0.01484375
0 0.215625 0.8859375 0.19453125 0.01640625
0 0.42734375 0.88515625 0.1703125 0.01953125
0 0.1625 0.90859375 0.078125 0.01328125
0 0.26875 0.90859375 0.09375 0.0171875
0 0.0359375 0.36484375 0.02265625 0.01640625
0 0.0359375 0.40859375 0.02265625 0.01484375
0 0.04375 0.49765625 0.02421875 0.01640625
0 0.04609375 0.53828125 0.02890625 0.01484375
0 0.04140625 0.56015625 0.015625 0.0140625