0 0.13203125 0.303125 0.1453125 0.03046875
0 0.29453125 0.30234375 0.1578125 0.0265625
0 0.39765625 0.30234375 0.0171875 0.0296875
0 0.115625 0.3375 0.115625 0.028125
0 0.1171875 0.3703125 0.11171875 0.02578125
0 0.25390625 0.37109375 0.13984375 0.0296875
0 0.35078125 0.37109375 0.015625 0.02421875
0 0.1140625 0.40546875 0.10546875 0.02421875
0 0.1171875 0.43984375 0.11171875 0.02265625
0 0.2921875 0.4421875 0.21015625 0.03046875
0 0.1109375 0.4734375 0.09609375 0.021875
0 0.18046875 0.47421875 0.01015625 0.021875
0 0.253125 0.475 0.10703125 0.02578125
0 0.553125 0.3171875 0.11171875 0.02265625
0 0.553125 0.3875 0.10546875 0.028125
0 0.553125 0.4578125 0.10546875 0.02421875
0 0.0953125 0.55859375 0.06796875 0.021875
0 0.184375 0.55859375 0.07890625 0.021875
0 0.5421875 0.578125 0.128125 0.02578125
0 0.13984375 0.61171875 0.15078125 0.02578125
0 0.275 0.6140625 0.09453125 0.03046875
0 0.11328125 0.66015625 0.09296875 0.02578125
0 0.5421875 0.678125 0.12421875 0.02421875
0 0.15703125 0.74609375 0.18359375 0.021875
0 0.59296875 0.7453125 0.02265625 0.02578125