0 0.128125 0.48046875 0.1140625 0.0328125
0 0.23984375 0.478125 0.06328125 0.02421875
0 0.190625 0.5234375 0.2328125 0.03203125
0 0.12265625 0.56484375 0.1078125 0.03125
0 0.43828125 0.4796875 0.06484375 0.02578125
0 0.54375 0.48125 0.10703125 0.02890625
0 0.4328125 0.5265625 0.059375 0.03203125
0 0.65625 0.52421875 0.1109375 0.0265625
0 0.6453125 0.575 0.128125 0.034375
0 0.1171875 0.625 0.1078125 0.0578125
0 0.63671875 0.63046875 0.1640625 0.0609375
0 0.1078125 0.73828125 0.10703125 0.03125
0 0.42421875 0.7453125 0.059375 0.04296875
0 0.42109375 0.79921875 0.06171875 0.0390625
0 0.63671875 0.74921875 0.1640625 0.0328125
0 0.128125 0.7859375 0.15 0.03203125
0 0.67109375 0.79921875 0.0953125 0.03203125
0 0.42734375 0.63515625 0.0671875 0.0734375