0 0.09453125 0.29296875 0.07109375 0.03046875
0 0.296875 0.29296875 0.18125 0.028125
0 0.12734375 0.32890625 0.13203125 0.03125
0 0.09921875 0.36640625 0.08125 0.03125
0 0.29375 0.36640625 0.18125 0.02734375
0 0.12109375 0.40546875 0.13515625 0.0375
0 0.084375 0.44140625 0.07578125 0.03125
0 0.29140625 0.43984375 0.18125 0.028125
0 0.1140625 0.47734375 0.14453125 0.028125
0 0.19140625 0.51484375 0.29921875 0.03046875
0 0.7515625 0.32890625 0.1984375 0.02890625
0 0.75625 0.4015625 0.1984375 0.02734375
0 0.75390625 0.47734375 0.21796875 0.028125
0 0.75859375 0.51640625 0.20859375 0.03125
0 0.13359375 0.59296875 0.1890625 0.03515625
0 0.24609375 0.6359375 0.19375 0.03359375
0 0.19375 0.71640625 0.30390625 0.034375
0 0.1578125 0.75390625 0.21796875 0.034375
0 0.6546875 0.6734375 0.45625 0.03984375
0 0.7609375 0.7125 0.24765625 0.03515625
0 0.7796875 0.75546875 0.23046875 0.0375