0 0.434375 0.096875 0.203125 0.01796875
0 0.471875 0.1828125 0.2046875 0.01484375
0 0.54765625 0.2484375 0.01640625 0.01875
0 0.74609375 0.2484375 0.16796875 0.01875
0 0.7453125 0.27421875 0.1734375 0.01953125
0 0.0875 0.25625 0.128125 0.01875
0 0.26328125 0.2515625 0.19765625 0.01953125
0 0.13515625 0.28125 0.23046875 0.02265625
0 0.0875 0.3109375 0.13515625 0.02109375
0 0.23828125 0.30703125 0.1375 0.021875
0 0.12421875 0.3375 0.21953125 0.02265625
0 0.340625 0.334375 0.18828125 0.02265625
0 0.05703125 0.3640625 0.09140625 0.01796875
0 0.18828125 0.3640625 0.1390625 0.01953125
0 0.1234375 0.390625 0.2171875 0.0234375
0 0.33125 0.38984375 0.16484375 0.01953125
0 0.090625 0.41953125 0.1625 0.01953125
0 0.25234375 0.41875 0.128125 0.0234375
0 0.359375 0.41640625 0.0640625 0.0171875
0 0.428125 0.415625 0.03671875 0.01796875
0 0.071875 0.446875 0.1296875 0.01953125
0 0.25625 0.4453125 0.19765625 0.021875
0 0.7578125 0.30078125 0.1515625 0.021875
0 0.73984375 0.3265625 0.18125 0.02109375
0 0.546875 0.3015625 0.021875 0.0171875
0 0.7515625 0.3796875 0.15703125 0.0234375
0 0.74375 0.41015625 0.17890625 0.0265625
0 0.54453125 0.4421875 0.021875 0.0171875
0 0.72421875 0.43984375 0.22265625 0.02734375
0 0.54765625 0.38671875 0.0203125 0.01953125
0 0.54609375 0.4140625 0.0203125 0.01796875
0 0.09140625 0.47578125 0.16484375 0.01640625
0 0.11640625 0.50078125 0.23203125 0.01953125
0 0.14453125 0.528125 0.2890625 0.01640625
0 0.7421875 0.49765625 0.1828125 0.02265625
0 0.10859375 0.55703125 0.2171875 0.02109375
0 0.0578125 0.584375 0.11484375 0.01953125
0 0.19921875 0.58515625 0.128125 0.01796875
0 0.32109375 0.58671875 0.0859375 0.01875
0 0.0671875 0.61484375 0.134375 0.0265625
0 0.2265625 0.6140625 0.16796875 0.02109375
0 0.08359375 0.64609375 0.1671875 0.0265625
0 0.1296875 0.675 0.259375 0.02109375
0 0.53984375 0.5875 0.0234375 0.02265625
0 0.74375 0.5875 0.1828125 0.0234375
0 0.74609375 0.6171875 0.17890625 0.02265625
0 0.7453125 0.65 0.18125 0.02265625
0 0.534375 0.6171875 0.01640625 0.01953125
0 0.53359375 0.64765625 0.021875 0.01953125
0 0.034375 0.71953125 0.06875 0.0265625
0 0.12578125 0.72109375 0.0984375 0.02109375
0 0.065625 0.75234375 0.13125 0.01953125
0 0.0296875 0.77890625 0.059375 0.0203125
0 0.08359375 0.8078125 0.1671875 0.028125
0 0.72421875 0.72578125 0.2265625 0.0234375
0 0.74609375 0.7609375 0.1828125 0.0234375
0 0.7484375 0.78828125 0.17734375 0.0234375
0 0.7453125 0.81796875 0.18125 0.02265625
0 0.07578125 0.84921875 0.1515625 0.01953125
0 0.0546875 0.8703125 0.10625 0.01875
0 0.725 0.85703125 0.2171875 0.02265625
0 0.72265625 0.8859375 0.2140625 0.021875
0 0.13046875 0.90859375 0.246875 0.02890625
0 0.54765625 0.27421875 0.02734375 0.021875
0 0.54609375 0.32890625 0.0203125 0.01875
0 0.54296875 0.49921875 0.02578125 0.01953125
0 0.8140625 0.92578125 0.03125 0.01875