0 0.63203125 0.58125 0.12109375 0.02109375
0 0.63203125 0.61328125 0.125 0.01953125
0 0.1046875 0.6484375 0.05 0.02734375
0 0.19609375 0.65078125 0.09140625 0.021875
0 0.34140625 0.6484375 0.159375 0.021875
0 0.634375 0.6484375 0.125 0.021875
0 0.8734375 0.58125 0.1296875 0.0234375
0 0.87578125 0.61171875 0.134375 0.02578125
0 0.878125 0.6484375 0.1296875 0.02734375
0 0.878125 0.68515625 0.1296875 0.02734375
0 0.14453125 0.58046875 0.11171875 0.01953125
0 0.28671875 0.58125 0.13203125 0.02109375
0 0.14453125 0.61328125 0.11171875 0.01953125
0 0.2734375 0.61328125 0.1046875 0.021875
0 0.134375 0.68515625 0.109375 0.021875
0 0.89765625 0.7546875 0.1140625 0.02578125
0 0.88984375 0.79375 0.1390625 0.02734375
0 0.88359375 0.83046875 0.1640625 0.02578125
0 0.8953125 0.86796875 0.12734375 0.0296875
0 0.1046875 0.759375 0.06796875 0.021875
0 0.221875 0.75859375 0.11171875 0.02578125
0 0.315625 0.75859375 0.0296875 0.0234375
0 0.121875 0.79609375 0.11640625 0.021875
0 0.26171875 0.7953125 0.109375 0.0234375
0 0.11953125 0.83671875 0.12109375 0.02734375
0 0.134375 0.875 0.1640625 0.02578125
0 0.53671875 0.58125 0.0203125 0.0234375
0 0.53671875 0.615625 0.025 0.0234375
0 0.5375 0.65 0.02265625 0.02578125