0 0.1546875 0.346875 0.0765625 0.015625
0 0.24296875 0.34609375 0.05 0.0140625
0 0.34921875 0.346875 0.0953125 0.0140625
0 0.48203125 0.3453125 0.1 0.015625
0 0.68125 0.34609375 0.1765625 0.0171875
0 0.27109375 0.36796875 0.26015625 0.015625
0 0.1671875 0.390625 0.1015625 0.0140625
0 0.27265625 0.39140625 0.05 0.0140625
0 0.41796875 0.390625 0.17890625 0.0140625
0 0.68125 0.390625 0.17265625 0.01875
0 0.2703125 0.4140625 0.26171875 0.01328125
0 0.04453125 0.4375 0.02265625 0.01640625
0 0.27421875 0.4359375 0.0625 0.01875
0 0.40546875 0.4359375 0.15390625 0.0140625
0 0.27265625 0.459375 0.27421875 0.0171875
0 0.1765625 0.48125 0.1328125 0.015625
0 0.3515625 0.48046875 0.1578125 0.015625
0 0.48828125 0.48359375 0.05 0.01484375
0 0.6859375 0.43515625 0.175 0.01875
0 0.6984375 0.4828125 0.15 0.01796875
0 0.2703125 0.5046875 0.26640625 0.01484375
0 0.03984375 0.53046875 0.02109375 0.01640625
0 0.1703125 0.52890625 0.1453125 0.01484375
0 0.28515625 0.5296875 0.02109375 0.0140625
0 0.3953125 0.52734375 0.12890625 0.01484375
0 0.69765625 0.52734375 0.15625 0.01796875
0 0.2640625 0.55390625 0.27890625 0.0171875
0 0.1921875 0.57421875 0.1640625 0.01796875
0 0.3828125 0.57578125 0.1625 0.015625
0 0.50703125 0.575 0.025 0.0140625
0 0.1921875 0.60078125 0.11875 0.0171875
0 0.3390625 0.5984375 0.1328125 0.015625
0 0.0375 0.62734375 0.03359375 0.01640625
0 0.2046875 0.625 0.1890625 0.01640625
0 0.3578125 0.62421875 0.05390625 0.01640625
0 0.52421875 0.621875 0.15390625 0.0203125
0 0.70859375 0.61953125 0.15390625 0.0203125
0 0.26796875 0.6484375 0.27421875 0.01796875
0 0.1578125 0.675 0.1125 0.0171875
0 0.31015625 0.67265625 0.1328125 0.01796875
0 0.52578125 0.671875 0.1625 0.01953125
0 0.71015625 0.66875 0.15625 0.0203125
0 0.03203125 0.7 0.01875 0.01484375
0 0.14375 0.6984375 0.07890625 0.01640625
0 0.25546875 0.6984375 0.07890625 0.01484375
0 0.43828125 0.6984375 0.15390625 0.02109375
0 0.03125 0.72734375 0.02890625 0.0171875
0 0.16328125 0.725 0.10625 0.0171875
0 0.28515625 0.7234375 0.075 0.0171875
0 0.6890625 0.57421875 0.1765625 0.02109375
0 0.7171875 0.6953125 0.1625 0.01796875
0 0.47421875 0.7234375 0.16640625 0.0203125
0 0.71953125 0.71875 0.1578125 0.02109375
0 0.70546875 0.7703125 0.19296875 0.02109375
0 0.71484375 0.79765625 0.19140625 0.0234375
0 0.72734375 0.821875 0.16640625 0.021875
0 0.7171875 0.84921875 0.1953125 0.02265625
0 0.73203125 0.8734375 0.16640625 0.021875
0 0.73203125 0.89921875 0.16640625 0.02265625
0 0.15390625 0.775 0.1078125 0.01640625
0 0.2265625 0.8 0.24921875 0.01875
0 0.18828125 0.828125 0.16875 0.01796875
0 0.21015625 0.853125 0.22421875 0.01953125
0 0.20234375 0.88046875 0.19765625 0.01953125
0 0.4140625 0.878125 0.1703125 0.01796875
0 0.14140625 0.90546875 0.07890625 0.01484375
0 0.26015625 0.90390625 0.07890625 0.01640625
0 0.15390625 0.9390625 0.1078125 0.03046875
0 0.534375 0.93515625 0.503125 0.04375
0 0.04609375 0.34375 0.02109375 0.01640625
0 0.04140625 0.38984375 0.01640625 0.01484375
0 0.1671875 0.4375 0.11015625 0.01796875
0 0.04140625 0.484375 0.02109375 0.01640625
0 0.03828125 0.578125 0.01875 0.01484375
0 0.03515625 0.6515625 0.02890625 0.0171875
0 0.03671875 0.6765625 0.02734375 0.01640625