0 0.0046875 0.51171875 0.009375 0.0203125
0 0.13359375 0.51171875 0.1921875 0.01796875
0 0.3171875 0.51171875 0.10703125 0.01640625
0 0.44375 0.51328125 0.08359375 0.01640625
0 0.8046875 0.515625 0.165625 0.01328125
0 0.06796875 0.54140625 0.10234375 0.0140625
0 0.0390625 0.5703125 0.04375 0.01484375
0 0.090625 0.6 0.10234375 0.01484375
0 0.0765625 0.6296875 0.08125 0.01953125
0 0.23125 0.6296875 0.165625 0.01953125
0 0.8125 0.634375 0.13984375 0.01484375
0 0.0984375 0.6859375 0.18828125 0.01796875
0 0.796875 0.69453125 0.171875 0.01640625
0 0.075 0.7171875 0.07109375 0.0140625
0 0.8078125 0.72421875 0.13828125 0.01796875
0 0.79296875 0.75546875 0.1671875 0.01640625
0 0.0421875 0.80390625 0.08359375 0.01640625
0 0.7890625 0.81328125 0.1671875 0.01953125
0 0.1078125 0.834375 0.215625 0.0171875
0 0.78671875 0.84375 0.16328125 0.01796875