0 0.17734375 0.47265625 0.159375 0.04296875
0 0.36640625 0.4734375 0.18125 0.05390625
0 0.559375 0.47421875 0.15546875 0.04609375
0 0.2796875 0.5265625 0.17890625 0.04375
0 0.140625 0.578125 0.08984375 0.04296875
0 0.8703125 0.4734375 0.10859375 0.04140625
0 0.8734375 0.528125 0.1109375 0.04453125
0 0.875 0.578125 0.11015625 0.046875
0 0.9015625 0.63515625 0.0609375 0.04140625
0 0.3453125 0.63828125 0.14453125 0.0515625
0 0.47421875 0.63203125 0.06640625 0.04296875
0 0.2421875 0.68359375 0.115625 0.04765625
0 0.36875 0.6875 0.08828125 0.04296875
0 0.4953125 0.68515625 0.11171875 0.04296875
0 0.246875 0.74453125 0.11015625 0.04609375
0 0.4390625 0.74375 0.22109375 0.0453125
0 0.58984375 0.74375 0.0171875 0.04296875