0 0.22578125 0.3625 0.04140625 0.01875
0 0.29140625 0.36171875 0.0390625 0.01875
0 0.4046875 0.36015625 0.14453125 0.021875
0 0.609375 0.35390625 0.12109375 0.01953125
0 0.85625 0.35078125 0.140625 0.03046875
0 0.17890625 0.3953125 0.0171875 0.01875
0 0.2828125 0.3921875 0.1421875 0.021875
0 0.43984375 0.38984375 0.1234375 0.02109375
0 0.18125 0.42578125 0.02578125 0.01953125
0 0.28515625 0.425 0.15546875 0.021875
0 0.4296875 0.4203125 0.09921875 0.01953125
0 0.18671875 0.45390625 0.01484375 0.01953125
0 0.26484375 0.45390625 0.1015625 0.01953125
0 0.390625 0.45078125 0.0953125 0.01875
0 0.23828125 0.48203125 0.03671875 0.0171875
0 0.31171875 0.48046875 0.05859375 0.01953125
0 0.41484375 0.48046875 0.09921875 0.01953125
0 0.2578125 0.51171875 0.0796875 0.02109375
0 0.36640625 0.51171875 0.0796875 0.01875
0 0.87890625 0.471875 0.10390625 0.02421875
0 0.875 0.50078125 0.125 0.02578125
0 0.6359375 0.47421875 0.0796875 0.01875
0 0.62734375 0.50390625 0.1015625 0.021875
0 0.18984375 0.5734375 0.16015625 0.01875
0 0.86484375 0.56171875 0.14921875 0.0234375
0 0.22890625 0.60390625 0.2375 0.01953125
0 0.14140625 0.63046875 0.05390625 0.01953125
0 0.58203125 0.596875 0.0796875 0.021875
0 0.65625 0.5953125 0.0171875 0.01875
0 0.578125 0.62578125 0.1015625 0.02421875
0 0.65859375 0.625 0.0171875 0.0171875
0 0.8890625 0.58984375 0.1015625 0.02578125
0 0.878125 0.6203125 0.11875 0.02421875
0 0.22265625 0.68671875 0.19453125 0.01953125
0 0.8734375 0.67734375 0.14921875 0.0265625
0 0.215625 0.73515625 0.08671875 0.01875
0 0.54453125 0.73671875 0.1421875 0.02421875
0 0.22578125 0.76484375 0.175 0.01953125
0 0.89765625 0.765625 0.10546875 0.0265625
0 0.175 0.365625 0.021875 0.021875
0 0.66484375 0.38515625 0.02578125 0.02109375
0 0.9203125 0.3796875 0.02578125 0.021875
0 0.66484375 0.415625 0.02578125 0.01953125
0 0.91796875 0.41015625 0.021875 0.01953125
0 0.66640625 0.4453125 0.0234375 0.01875
0 0.921875 0.4390625 0.021875 0.021875
0 0.19140625 0.48515625 0.01953125 0.01875
0 0.19140625 0.51484375 0.01953125 0.01953125