0 0.1484375 0.5140625 0.14609375 0.03671875
0 0.309375 0.50859375 0.14140625 0.03203125
0 0.51484375 0.5078125 0.0171875 0.0296875
0 0.76796875 0.50625 0.13359375 0.02890625
0 0.153125 0.5578125 0.15546875 0.025
0 0.284375 0.55546875 0.0703125 0.025
0 0.75546875 0.553125 0.15546875 0.03125
0 0.1265625 0.60234375 0.09609375 0.02421875
0 0.5171875 0.596875 0.01640625 0.028125
0 0.76953125 0.5953125 0.14609375 0.03671875
0 0.75859375 0.66484375 0.15859375 0.03125
0 0.78828125 0.71015625 0.10859375 0.03359375
0 0.7765625 0.75625 0.13828125 0.034375
0 0.78125 0.79921875 0.1359375 0.03359375
0 0.115625 0.66796875 0.0765625 0.02265625
0 0.21484375 0.665625 0.0890625 0.025
0 0.140625 0.7125 0.13984375 0.02421875
0 0.10078125 0.75625 0.06484375 0.025
0 0.14921875 0.7984375 0.175 0.02890625
0 0.1453125 0.87421875 0.1796875 0.03671875
0 0.75703125 0.87578125 0.196875 0.04609375
0 0.51484375 0.5515625 0.01484375 0.03125