0 0.21953125 0.4015625 0.0171875 0.01953125
0 0.2921875 0.4 0.10078125 0.01953125
0 0.41171875 0.39921875 0.11640625 0.01796875
0 0.21875 0.42890625 0.01953125 0.01953125
0 0.275 0.42890625 0.06875 0.01953125
0 0.38359375 0.4265625 0.12421875 0.01953125
0 0.22109375 0.45703125 0.01953125 0.01796875
0 0.3125 0.45546875 0.07109375 0.01796875
0 0.4296875 0.45390625 0.1265625 0.01953125
0 0.31015625 0.4828125 0.13515625 0.01875
0 0.4515625 0.4796875 0.1125 0.0171875
0 0.8703125 0.39375 0.11015625 0.0203125
0 0.88359375 0.42109375 0.09296875 0.02265625
0 0.87265625 0.45 0.1125 0.0203125
0 0.87734375 0.5046875 0.1125 0.01953125
0 0.21875 0.5125 0.01875 0.01796875
0 0.28828125 0.51015625 0.09296875 0.01796875
0 0.4125 0.50859375 0.12109375 0.01796875
0 0.3296875 0.5375 0.16796875 0.01796875
0 0.21953125 0.56875 0.01953125 0.01875
0 0.26484375 0.5671875 0.04140625 0.01640625
0 0.35 0.565625 0.09921875 0.01796875
0 0.884375 0.5609375 0.125 0.0203125
0 0.88359375 0.61640625 0.115625 0.0203125
0 0.8984375 0.6453125 0.09609375 0.02109375
0 0.53515625 0.61796875 0.1328125 0.01953125
0 0.575 0.64765625 0.06015625 0.01796875
0 0.5578125 0.68046875 0.10390625 0.02265625
0 0.55390625 0.71015625 0.1140625 0.021875
0 0.87265625 0.68046875 0.14453125 0.0234375
0 0.8609375 0.7078125 0.1703125 0.02265625
0 0.86796875 0.7375 0.165625 0.02265625
0 0.36875 0.740625 0.096875 0.021875
0 0.521875 0.7390625 0.17265625 0.02109375
0 0.47734375 0.76796875 0.08125 0.01796875
0 0.57265625 0.76640625 0.075 0.01640625
0 0.4984375 0.796875 0.08359375 0.01953125
0 0.58203125 0.79765625 0.05546875 0.02109375
0 0.9453125 0.76484375 0.02109375 0.0203125
0 0.25546875 0.45546875 0.02421875 0.01953125
0 0.946875 0.7953125 0.01953125 0.0203125