0 0.1203125 0.43828125 0.096875 0.03203125
0 0.22578125 0.4359375 0.1 0.01953125
0 0.36484375 0.4328125 0.1546875 0.03359375
0 0.14296875 0.46953125 0.13515625 0.0234375
0 0.55625 0.44453125 0.10546875 0.02578125
0 0.11015625 0.55390625 0.06640625 0.02421875
0 0.1984375 0.5515625 0.08046875 0.0234375
0 0.56015625 0.56640625 0.10703125 0.021875
0 0.1515625 0.60703125 0.14921875 0.0234375
0 0.25234375 0.60703125 0.028125 0.028125
0 0.30546875 0.60703125 0.0421875 0.028125
0 0.12578125 0.65703125 0.096875 0.028125
0 0.5625 0.6703125 0.10703125 0.0265625
0 0.1703125 0.7421875 0.1828125 0.0296875
0 0.61171875 0.7453125 0.0265625 0.028125