0 0.15078125 0.5421875 0.17734375 0.0375
0 0.3671875 0.54140625 0.16796875 0.03671875
0 0.18359375 0.59375 0.246875 0.040625
0 0.16640625 0.646875 0.21484375 0.040625
0 0.384375 0.640625 0.1328125 0.0390625
0 0.23359375 0.69921875 0.346875 0.0453125
0 0.19375 0.75546875 0.27890625 0.04921875
0 0.82578125 0.5453125 0.16484375 0.03515625
0 0.825 0.59453125 0.16796875 0.03359375
0 0.82578125 0.64609375 0.1703125 0.03671875
0 0.73046875 0.6953125 0.33203125 0.0375
0 0.73046875 0.74765625 0.33203125 0.040625