0 0.0734375 0.4234375 0.0609375 0.02578125
0 0.22578125 0.42890625 0.20078125 0.03125
0 0.11875 0.46015625 0.14375 0.02890625
0 0.2671875 0.465625 0.1203125 0.02578125
0 0.0171875 0.49609375 0.03359375 0.03671875
0 0.103125 0.49765625 0.121875 0.02890625
0 0.23046875 0.50078125 0.0984375 0.02734375
0 0.31953125 0.503125 0.0390625 0.025
0 0.77734375 0.4421875 0.1265625 0.0296875
0 0.77421875 0.47734375 0.12578125 0.02734375
0 0.77109375 0.51328125 0.121875 0.02890625
0 0.26484375 0.6203125 0.059375 0.0265625
0 0.36640625 0.62109375 0.10234375 0.03046875
0 0.30625 0.65859375 0.171875 0.03203125
0 0.3234375 0.7 0.18359375 0.03125
0 0.3015625 0.740625 0.14453125 0.0296875
0 0.28671875 0.7796875 0.128125 0.0265625
0 0.78984375 0.63203125 0.14375 0.03125
0 0.7765625 0.67265625 0.1265625 0.03203125
0 0.78984375 0.71328125 0.14375 0.0359375
0 0.7859375 0.75625 0.1484375 0.03203125
0 0.7765625 0.79609375 0.12265625 0.0375
0 0.5203125 0.4359375 0.02421875 0.0265625
0 0.51953125 0.47265625 0.021875 0.02734375
0 0.51484375 0.50859375 0.0203125 0.0265625