0 0.50234375 0.5984375 0.025 0.03046875
0 0.60078125 0.59921875 0.13125 0.03203125
0 0.50625 0.6421875 0.0203125 0.028125
0 0.6125 0.64296875 0.11640625 0.03203125
0 0.10625 0.5953125 0.08828125 0.02421875
0 0.2171875 0.5953125 0.08125 0.02421875
0 0.83828125 0.6015625 0.134375 0.034375
0 0.84609375 0.64453125 0.1015625 0.034375
0 0.83984375 0.68515625 0.13984375 0.02890625
0 0.834375 0.7296875 0.128125 0.02734375
0 0.82734375 0.81171875 0.1265625 0.028125
0 0.82890625 0.84921875 0.1328125 0.02734375
0 0.85078125 0.88828125 0.06796875 0.02890625
0 0.15625 0.6375 0.20078125 0.025
0 0.33515625 0.63828125 0.1078125 0.02265625
0 0.11171875 0.68359375 0.09453125 0.0375
0 0.08828125 0.725 0.06796875 0.025
0 0.09140625 0.7671875 0.06484375 0.02421875
0 0.20390625 0.7671875 0.103125 0.02421875
0 0.29140625 0.7671875 0.01953125 0.02421875
0 0.11171875 0.81015625 0.109375 0.02421875
0 0.24375 0.81171875 0.109375 0.028125
0 0.115625 0.85078125 0.1078125 0.02265625
0 0.13671875 0.8890625 0.14609375 0.021875
0 0.4390625 0.9828125 0.16953125 0.02421875
0 0.84140625 0.77109375 0.1109375 0.02734375