0 0.12578125 0.4328125 0.07421875 0.0328125
0 0.24296875 0.4328125 0.0984375 0.0328125
0 0.1484375 0.48125 0.12578125 0.034375
0 0.29453125 0.4796875 0.0984375 0.0328125
0 0.81640625 0.42890625 0.1421875 0.0359375
0 0.8171875 0.47421875 0.14453125 0.03828125
0 0.42109375 0.5265625 0.10390625 0.0375
0 0.56171875 0.52421875 0.1234375 0.0375
0 0.8203125 0.57109375 0.14375 0.0390625
0 0.83203125 0.61875 0.1203125 0.03984375
0 0.821875 0.6671875 0.14609375 0.0390625
0 0.82109375 0.715625 0.14453125 0.03828125
0 0.290625 0.5765625 0.4015625 0.03984375
0 0.1265625 0.62890625 0.07421875 0.03515625
0 0.23203125 0.6265625 0.06953125 0.03515625
0 0.15234375 0.67734375 0.12578125 0.03828125
0 0.17890625 0.72578125 0.178125 0.03828125