0 0.72265625 0.65390625 0.10859375 0.03046875
0 0.72578125 0.68671875 0.109375 0.03203125
0 0.71875 0.7203125 0.12421875 0.03046875
0 0.7296875 0.75390625 0.10703125 0.03046875
0 0.734375 0.7875 0.10703125 0.02890625
0 0.73671875 0.821875 0.10625 0.028125
0 0.12265625 0.6671875 0.01328125 0.0265625
0 0.29140625 0.66484375 0.10390625 0.02421875
0 0.40390625 0.66328125 0.0828125 0.02421875
0 0.12421875 0.7 0.0125 0.02578125
0 0.2921875 0.69765625 0.10234375 0.02421875
0 0.40546875 0.69609375 0.08359375 0.025
0 0.221875 0.73125 0.06875 0.0234375
0 0.378125 0.728125 0.20390625 0.0296875
0 0.240625 0.76328125 0.10546875 0.0265625
0 0.2140625 0.7984375 0.06015625 0.028125
0 0.2875 0.79765625 0.059375 0.02890625
0 0.34765625 0.7953125 0.03359375 0.02421875
0 0.21484375 0.83203125 0.053125 0.02734375
0 0.28828125 0.83046875 0.0484375 0.02578125
0 0.2765625 0.89765625 0.1734375 0.02734375
0 0.6703125 0.8890625 0.24453125 0.03203125