0 0.11328125 0.6328125 0.07109375 0.02734375
0 0.24296875 0.63046875 0.12578125 0.03046875
0 0.4 0.6328125 0.1234375 0.03203125
0 0.55703125 0.6328125 0.11640625 0.034375
0 0.08359375 0.67265625 0.01796875 0.03203125
0 0.190625 0.6734375 0.1265625 0.0328125
0 0.334375 0.67109375 0.103125 0.0296875
0 0.45 0.67109375 0.07265625 0.02890625
0 0.83515625 0.63515625 0.1546875 0.03046875
0 0.8390625 0.6765625 0.15234375 0.02890625
0 0.1734375 0.75546875 0.2046875 0.03203125
0 0.1375 0.796875 0.13046875 0.03203125
0 0.83515625 0.76171875 0.1546875 0.0296875
0 0.83515625 0.8015625 0.1546875 0.0296875
0 0.11015625 0.87734375 0.0734375 0.02578125
0 0.83359375 0.88359375 0.15234375 0.028125