0 0.1984375 0.49296875 0.16015625 0.03046875
0 0.340625 0.49609375 0.09921875 0.02890625
0 0.4375 0.5015625 0.0578125 0.0328125
0 0.4984375 0.50625 0.0328125 0.03125
0 0.565625 0.5078125 0.059375 0.0265625
0 0.659375 0.5109375 0.0921875 0.02890625
0 0.75703125 0.5140625 0.05703125 0.03359375
0 0.8109375 0.515625 0.01953125 0.02578125
0 0.88046875 0.51796875 0.07890625 0.02578125
0 0.1484375 0.528125 0.0421875 0.02265625
0 0.1796875 0.55859375 0.01796875 0.025
0 0.2359375 0.5578125 0.06171875 0.02421875
0 0.196875 0.5921875 0.12734375 0.025
0 0.3265625 0.5953125 0.08359375 0.02734375
0 0.1859375 0.62265625 0.12265625 0.0265625
0 0.2984375 0.6234375 0.071875 0.0265625
0 0.38984375 0.628125 0.07890625 0.025
0 0.4578125 0.63046875 0.02890625 0.0203125
0 0.5421875 0.63203125 0.0875 0.02109375
0 0.23828125 0.653125 0.059375 0.021875
0 0.690625 0.571875 0.16875 0.02734375
0 0.69140625 0.6046875 0.16640625 0.0265625
0 0.4859375 0.56640625 0.128125 0.02578125
0 0.478125 0.6640625 0.1390625 0.02421875
0 0.7 0.665625 0.1296875 0.02578125
0 0.7015625 0.69453125 0.1296875 0.025
0 0.20703125 0.7203125 0.1515625 0.02734375
0 0.3453125 0.721875 0.08984375 0.028125
0 0.43203125 0.72421875 0.05234375 0.025
0 0.49609375 0.72734375 0.03671875 0.025
0 0.55703125 0.72890625 0.05703125 0.02578125
0 0.6640625 0.72890625 0.12109375 0.02421875
0 0.77421875 0.73203125 0.05234375 0.021875
0 0.828125 0.734375 0.0203125 0.02578125
0 0.86953125 0.7328125 0.0375 0.02578125
0 0.159375 0.75625 0.06171875 0.02421875
0 0.18046875 0.7890625 0.021875 0.0265625
0 0.23125 0.78984375 0.06328125 0.02734375
0 0.18984375 0.82421875 0.12265625 0.02734375
0 0.31875 0.83046875 0.0796875 0.028125
0 0.70078125 0.79921875 0.13359375 0.02734375
0 0.70078125 0.834375 0.13359375 0.025
0 0.4875 0.796875 0.13828125 0.02890625
0 0.17734375 0.88828125 0.0921875 0.0265625
0 0.27421875 0.89140625 0.06875 0.02734375
0 0.1796875 0.921875 0.0921875 0.028125
0 0.2671875 0.925 0.06171875 0.0265625
0 0.17734375 0.959375 0.08828125 0.02578125
0 0.29140625 0.96171875 0.1125 0.02578125
0 0.3984375 0.9640625 0.06875 0.0265625
0 0.69453125 0.965625 0.1671875 0.02890625
0 0.1828125 0.65390625 0.01796875 0.02421875
0 0.1984375 0.6875 0.12109375 0.02109375
0 0.3265625 0.6890625 0.08359375 0.025
0 0.76875 0.8984375 0.0265625 0.02421875
0 0.7609375 0.9328125 0.03359375 0.02265625