0 0.203125 0.42734375 0.13828125 0.01484375
0 0.3734375 0.42578125 0.1546875 0.01796875
0 0.22890625 0.4484375 0.17578125 0.01875
0 0.43515625 0.446875 0.18515625 0.01796875
0 0.18203125 0.47265625 0.07265625 0.01796875
0 0.3015625 0.47109375 0.11015625 0.0203125
0 0.42578125 0.46796875 0.09609375 0.015625
0 0.1828125 0.4921875 0.0796875 0.01484375
0 0.29375 0.4921875 0.0984375 0.0140625
0 0.17265625 0.51328125 0.05390625 0.01484375
0 0.3109375 0.5109375 0.17578125 0.01796875
0 0.5140625 0.509375 0.196875 0.01875
0 0.2109375 0.53359375 0.1359375 0.0171875
0 0.34765625 0.53046875 0.09375 0.0171875
0 0.4703125 0.53046875 0.09609375 0.01484375
0 0.20859375 0.553125 0.1359375 0.01796875
0 0.35 0.5515625 0.0984375 0.0171875
0 0.2078125 0.57421875 0.13359375 0.0203125
0 0.35 0.57421875 0.0984375 0.015625
0 0.3765625 0.5953125 0.4765625 0.02265625
0 0.20625 0.61875 0.140625 0.01875
0 0.3828125 0.6171875 0.159375 0.0203125
0 0.8171875 0.41953125 0.1546875 0.0203125
0 0.8171875 0.440625 0.15 0.01796875
0 0.8203125 0.46328125 0.15703125 0.01875
0 0.821875 0.484375 0.1546875 0.01875
0 0.825 0.50234375 0.15234375 0.01484375
0 0.82734375 0.52265625 0.15234375 0.0171875
0 0.83359375 0.5421875 0.15 0.01796875
0 0.83359375 0.5640625 0.15 0.015625
0 0.83671875 0.58515625 0.15703125 0.01796875
0 0.840625 0.60625 0.159375 0.015625
0 0.2125 0.6609375 0.15703125 0.02109375
0 0.203125 0.68671875 0.14296875 0.0171875
0 0.359375 0.68359375 0.1171875 0.0203125
0 0.4609375 0.68203125 0.03515625 0.01484375
0 0.5140625 0.68203125 0.0140625 0.00859375
0 0.83671875 0.65234375 0.18515625 0.0203125
0 0.853125 0.675 0.16171875 0.01875
0 0.35078125 0.73984375 0.10078125 0.03203125
0 0.84765625 0.71875 0.196875 0.0328125