0 0.2671875 0.2234375 0.16875 0.09453125
0 0.0953125 0.6140625 0.0234375 0.02109375
0 0.15546875 0.61171875 0.05859375 0.01796875
0 0.303125 0.6109375 0.11875 0.01875
0 0.421875 0.609375 0.07265625 0.01796875
0 0.15546875 0.63671875 0.05859375 0.01796875
0 0.22421875 0.63515625 0.0390625 0.01953125
0 0.271875 0.634375 0.01953125 0.01796875
0 0.14375 0.6609375 0.03984375 0.01796875
0 0.25234375 0.659375 0.13671875 0.01953125
0 0.80078125 0.6125 0.1703125 0.02109375
0 0.14609375 0.709375 0.1734375 0.02265625
0 0.10703125 0.73359375 0.09453125 0.0203125
0 0.209375 0.73125 0.05546875 0.01796875
0 0.34453125 0.728125 0.16875 0.02421875
0 0.7796875 0.70625 0.215625 0.025
0 0.78828125 0.73046875 0.19609375 0.02265625
0 0.7796875 0.7765625 0.21953125 0.0234375
0 0.11484375 0.7828125 0.1140625 0.0234375
0 0.1328125 0.83125 0.1609375 0.02265625
0 0.271875 0.82421875 0.08125 0.01953125
0 0.378125 0.821875 0.09765625 0.02109375
0 0.13046875 0.85625 0.16171875 0.02421875
0 0.29921875 0.84765625 0.134375 0.025
0 0.77890625 0.825 0.22265625 0.025
0 0.78828125 0.84921875 0.20078125 0.02421875