0 0.05234375 0.375 0.01796875 0.0390625
0 0.175 0.3765625 0.16640625 0.0328125
0 0.34140625 0.3765625 0.11015625 0.0328125
0 0.5203125 0.3765625 0.05 0.04140625
0 0.8171875 0.37734375 0.178125 0.03359375
0 0.03359375 0.48203125 0.06640625 0.04140625
0 0.125 0.48203125 0.01640625 0.0390625
0 0.3328125 0.484375 0.221875 0.0390625
0 0.8171875 0.4875 0.18203125 0.03984375
0 0.42265625 0.54140625 0.0546875 0.0390625
0 0.22734375 0.596875 0.08203125 0.0390625
0 0.3703125 0.59765625 0.13671875 0.03984375
0 0.86484375 0.5484375 0.08671875 0.03671875
0 0.8328125 0.60703125 0.1515625 0.0390625
0 0.1953125 0.73671875 0.146875 0.07734375
0 0.3703125 0.7390625 0.13359375 0.0828125
0 0.81484375 0.75 0.18671875 0.0828125