0 0.1609375 0.39453125 0.19453125 0.0328125
0 0.3484375 0.390625 0.1109375 0.028125
0 0.53203125 0.38984375 0.19296875 0.0328125
0 0.74375 0.38984375 0.15859375 0.03046875
0 0.87265625 0.38671875 0.01796875 0.02578125
0 0.940625 0.38515625 0.053125 0.02734375
0 0.1171875 0.434375 0.1 0.02890625
0 0.0875 0.47265625 0.03984375 0.02578125
0 0.51015625 0.46953125 0.13515625 0.028125
0 0.90859375 0.4640625 0.13125 0.028125
0 0.115625 0.5140625 0.121875 0.03046875
0 0.24375 0.51015625 0.0765625 0.02734375
0 0.37578125 0.51015625 0.10390625 0.02890625
0 0.6359375 0.50859375 0.21875 0.03515625
0 0.8296875 0.50703125 0.078125 0.02890625
0 0.93984375 0.50390625 0.08046875 0.02734375
0 0.08125 0.59609375 0.053125 0.02734375
0 0.49921875 0.59296875 0.1640625 0.028125
0 0.90625 0.5875 0.16953125 0.02734375
0 0.9125 0.67265625 0.1640625 0.03046875
0 0.16875 0.68125 0.23828125 0.0359375
0 0.12109375 0.728125 0.1515625 0.0375
0 0.11953125 0.76953125 0.140625 0.0328125
0 0.9171875 0.75859375 0.1546875 0.03125
0 0.1984375 0.90703125 0.30625 0.03828125
0 0.92421875 0.89609375 0.14375 0.0328125
0 0.07265625 0.55625 0.01796875 0.0375