0 0.22421875 0.37578125 0.19453125 0.025
0 0.178125 0.459375 0.01875 0.021875
0 0.24609375 0.46015625 0.0640625 0.02265625
0 0.34140625 0.46015625 0.071875 0.01875
0 0.4640625 0.46015625 0.12890625 0.01875
0 0.58515625 0.46015625 0.06953125 0.01875
0 0.79296875 0.459375 0.10625 0.021875
0 0.178125 0.4875 0.01484375 0.01875
0 0.2484375 0.4875 0.0671875 0.01875
0 0.35 0.4875 0.08984375 0.01796875
0 0.4828125 0.4875 0.12734375 0.01796875
0 0.6125 0.4875 0.0890625 0.01796875
0 0.1796875 0.515625 0.01640625 0.01796875
0 0.27734375 0.51484375 0.12578125 0.01875
0 0.42578125 0.51484375 0.1265625 0.01875
0 0.79140625 0.4859375 0.1125 0.02265625
0 0.79140625 0.51328125 0.11328125 0.0234375
0 0.3046875 0.5796875 0.17734375 0.0375
0 0.73515625 0.57890625 0.2234375 0.04453125
0 0.78125 0.61015625 0.1375 0.0234375
0 0.25 0.6140625 0.0671875 0.01875
0 0.3234375 0.65078125 0.21796875 0.03984375
0 0.7359375 0.65 0.22578125 0.0421875
0 0.1671875 0.76953125 0.065625 0.0203125
0 0.221875 0.76953125 0.0109375 0.0140625