0 0.04765625 0.3921875 0.0234375 0.015625
0 0.17734375 0.39296875 0.12734375 0.01484375
0 0.2953125 0.39296875 0.04609375 0.0140625
0 0.4625 0.3953125 0.1703125 0.01953125
0 0.6671875 0.3953125 0.175 0.01953125
0 0.0453125 0.4171875 0.02578125 0.01484375
0 0.26484375 0.4171875 0.25703125 0.01484375
0 0.15 0.4421875 0.075 0.0140625
0 0.23984375 0.4421875 0.04765625 0.0140625
0 0.3328125 0.44296875 0.0734375 0.0140625
0 0.45 0.44140625 0.096875 0.01328125
0 0.6625 0.44453125 0.175 0.01875
0 0.265625 0.46640625 0.25546875 0.0140625
0 0.0421875 0.49296875 0.0171875 0.01640625
0 0.16015625 0.490625 0.10234375 0.0140625
0 0.26953125 0.490625 0.04609375 0.01328125
0 0.41015625 0.490625 0.1765625 0.01328125
0 0.6671875 0.4921875 0.16875 0.01875
0 0.26484375 0.5140625 0.25703125 0.01875
0 0.03984375 0.53984375 0.021875 0.0140625
0 0.17265625 0.5390625 0.12421875 0.015625
0 0.278125 0.5390625 0.021875 0.0140625
0 0.4640625 0.540625 0.1703125 0.01953125
0 0.66484375 0.540625 0.1734375 0.01953125
0 0.26484375 0.56328125 0.25703125 0.0140625
0 0.6671875 0.5875 0.16875 0.0234375
0 0.18671875 0.58828125 0.13984375 0.02109375
0 0.36953125 0.58828125 0.1515625 0.01328125
0 0.4875 0.58828125 0.021875 0.01328125
0 0.18515625 0.6140625 0.10234375 0.0140625
0 0.3296875 0.615625 0.12578125 0.01875
0 0.0375 0.63984375 0.0171875 0.01640625
0 0.1703125 0.63828125 0.12890625 0.0171875
0 0.34296875 0.6375 0.1546875 0.015625
0 0.4703125 0.63671875 0.04609375 0.015625
0 0.26015625 0.66328125 0.25859375 0.01640625
0 0.0421875 0.58984375 0.0171875 0.01484375
0 0.6671875 0.6390625 0.171875 0.0203125
0 0.68046875 0.68828125 0.153125 0.01953125
0 0.0375 0.6890625 0.0171875 0.01328125
0 0.15703125 0.6890625 0.096875 0.01484375
0 0.275 0.6890625 0.0734375 0.01484375
0 0.44765625 0.690625 0.15 0.02109375
0 0.03515625 0.71328125 0.01875 0.01328125
0 0.15234375 0.71328125 0.096875 0.01328125
0 0.3 0.71328125 0.12421875 0.01484375
0 0.5 0.715625 0.14609375 0.01875
0 0.6828125 0.71484375 0.1546875 0.01875
0 0.6453125 0.76640625 0.2296875 0.025
0 0.6828125 0.78984375 0.1546875 0.02109375
0 0.68203125 0.815625 0.153125 0.01875
0 0.6421875 0.84140625 0.2296875 0.0203125
0 0.68046875 0.865625 0.15625 0.01953125
0 0.6703125 0.890625 0.18046875 0.02109375
0 0.1546875 0.765625 0.10234375 0.01953125
0 0.21796875 0.78828125 0.234375 0.0171875
0 0.17734375 0.81328125 0.1546875 0.01484375
0 0.2046875 0.8375 0.20546875 0.01484375
0 0.1921875 0.86328125 0.18359375 0.015625
0 0.390625 0.86328125 0.1546875 0.0140625
0 0.13515625 0.88828125 0.0734375 0.01484375
0 0.24453125 0.88828125 0.07109375 0.01484375
0 0.15078125 0.9203125 0.096875 0.028125
0 0.49765625 0.92421875 0.4609375 0.0390625
0 0.0421875 0.44296875 0.0203125 0.01875
0 0.03984375 0.56484375 0.02890625 0.01796875