0 0.1390625 0.46015625 0.22578125 0.03359375
0 0.309375 0.46640625 0.06015625 0.02421875
0 0.315625 0.50390625 0.13359375 0.02734375
0 0.14921875 0.5390625 0.27734375 0.034375
0 0.3453125 0.546875 0.0625 0.03125
0 0.459375 0.5453125 0.10859375 0.02734375
0 0.3625 0.58359375 0.02109375 0.02734375
0 0.48671875 0.584375 0.04296875 0.025
0 0.4890625 0.50625 0.0375 0.02109375
0 0.809375 0.5140625 0.13359375 0.0265625
0 0.05234375 0.66171875 0.1046875 0.03203125
0 0.184375 0.6625 0.10625 0.02890625
0 0.49453125 0.6671875 0.01953125 0.025
0 0.05546875 0.7484375 0.1109375 0.03125
0 0.03203125 0.78984375 0.0640625 0.0296875
0 0.08515625 0.8359375 0.1703125 0.034375
0 0.7640625 0.76328125 0.153125 0.0296875
0 0.8625 0.853125 0.140625 0.02734375
0 0.86953125 0.59453125 0.0234375 0.03125