0 0.1171875 0.4515625 0.16171875 0.0171875
0 0.0625 0.48203125 0.0453125 0.01953125
0 0.26875 0.48203125 0.18671875 0.01953125
0 0.83125 0.4796875 0.15546875 0.015625
0 0.090625 0.52265625 0.11328125 0.01796875
0 0.2265625 0.52109375 0.11328125 0.0171875
0 0.0578125 0.55078125 0.0484375 0.0171875
0 0.26875 0.55078125 0.18671875 0.01953125
0 0.8296875 0.5484375 0.1640625 0.01953125
0 0.7 0.6078125 0.05078125 0.0203125
0 0.83828125 0.60703125 0.1640625 0.0203125
0 0.7265625 0.63828125 0.05390625 0.0203125
0 0.85390625 0.6359375 0.1328125 0.021875
0 0.1375 0.6078125 0.2125 0.01796875
0 0.06796875 0.63828125 0.0734375 0.01796875
0 0.2390625 0.6390625 0.17265625 0.021875
0 0.70703125 0.69765625 0.05390625 0.025
0 0.846875 0.69453125 0.17578125 0.021875
0 0.70234375 0.72890625 0.05078125 0.021875
0 0.846875 0.72578125 0.1640625 0.0203125
0 0.09453125 0.6984375 0.12734375 0.021875
0 0.09453125 0.72890625 0.1390625 0.01953125