0 0.20625 0.41484375 0.16875 0.021875
0 0.33046875 0.41484375 0.05078125 0.021875
0 0.409375 0.4125 0.08359375 0.021875
0 0.13125 0.4546875 0.015625 0.02421875
0 0.31328125 0.453125 0.10078125 0.021875
0 0.8328125 0.446875 0.1046875 0.0265625
0 0.11640625 0.51015625 0.0734375 0.021875
0 0.22421875 0.5109375 0.109375 0.02265625
0 0.8359375 0.5015625 0.1078125 0.021875
0 0.140625 0.5921875 0.134375 0.0203125
0 0.27265625 0.58984375 0.11328125 0.021875
0 0.84296875 0.584375 0.11171875 0.0203125
0 0.11875 0.6515625 0.10078125 0.025
0 0.21328125 0.6515625 0.0578125 0.0203125
0 0.84609375 0.646875 0.11640625 0.021875
0 0.14609375 0.71640625 0.16015625 0.02265625
0 0.27265625 0.71484375 0.075 0.0203125
0 0.8515625 0.709375 0.11484375 0.021875