0 0.44921875 0.39921875 0.80625 0.040625
0 0.05859375 0.4359375 0.0265625 0.01796875
0 0.17265625 0.43828125 0.128125 0.02265625
0 0.3265625 0.4453125 0.090625 0.0265625
0 0.41640625 0.4453125 0.05078125 0.01796875
0 0.05390625 0.46015625 0.01484375 0.01796875
0 0.171875 0.4625 0.1265625 0.021875
0 0.37578125 0.47109375 0.19453125 0.0296875
0 0.053125 0.4875 0.02734375 0.02421875
0 0.171875 0.48671875 0.13046875 0.021875
0 0.3171875 0.490625 0.1015625 0.03125
0 0.0484375 0.50859375 0.0125 0.01640625
0 0.21484375 0.51171875 0.225 0.02109375
0 0.4 0.51484375 0.06015625 0.01796875
0 0.74765625 0.45546875 0.1953125 0.0234375
0 0.75859375 0.48046875 0.1609375 0.0234375
0 0.7375 0.503125 0.19375 0.0234375
0 0.7359375 0.52578125 0.18671875 0.0234375
0 0.04765625 0.53125 0.0203125 0.02109375
0 0.1953125 0.53359375 0.19140625 0.02265625
0 0.41171875 0.5390625 0.1609375 0.021875
0 0.59296875 0.54453125 0.13203125 0.02265625
0 0.72578125 0.5484375 0.06171875 0.0203125
0 0.72578125 0.57109375 0.18359375 0.02265625
0 0.72109375 0.59375 0.1828125 0.021875
0 0.04140625 0.60234375 0.02421875 0.02109375
0 0.1609375 0.60234375 0.1265625 0.01875
0 0.3328125 0.603125 0.14921875 0.01953125
0 0.51796875 0.609375 0.12890625 0.021875
0 0.70859375 0.615625 0.19296875 0.0203125
0 0.71171875 0.63828125 0.18046875 0.02109375
0 0.71953125 0.66015625 0.15390625 0.02109375
0 0.71484375 0.68203125 0.15859375 0.0234375
0 0.709375 0.70546875 0.159375 0.025
0 0.040625 0.57890625 0.0109375 0.01640625
0 0.20546875 0.5796875 0.2296875 0.02109375
0 0.42109375 0.584375 0.12734375 0.02265625
0 0.0375 0.62578125 0.01171875 0.0171875
0 0.1703125 0.62578125 0.15 0.01875
0 0.3609375 0.6265625 0.15234375 0.025
0 0.034375 0.64921875 0.0125 0.01640625
0 0.1375 0.6484375 0.0875 0.01796875
0 0.24765625 0.646875 0.06015625 0.01796875
0 0.03203125 0.671875 0.01328125 0.01796875
0 0.13359375 0.67109375 0.0890625 0.01796875
0 0.2921875 0.66953125 0.15703125 0.01953125
0 0.0296875 0.69609375 0.0125 0.01640625
0 0.1140625 0.69453125 0.059375 0.01796875
0 0.23984375 0.690625 0.1234375 0.01953125
0 0.13359375 0.7375 0.24296875 0.02578125
0 0.08515625 0.76015625 0.15859375 0.0234375
0 0.259375 0.7578125 0.11796875 0.0234375
0 0.4109375 0.7625 0.08359375 0.02109375
0 0.0375 0.79453125 0.05703125 0.034375
0 0.1765625 0.7890625 0.13828125 0.0390625
0 0.671875 0.74765625 0.2171875 0.028125
0 0.68125 0.77109375 0.1875 0.0265625
0 0.66015625 0.80078125 0.22109375 0.04453125
0 0.65703125 0.834375 0.21484375 0.0265625
0 0.04453125 0.84921875 0.0875 0.01953125
0 0.23671875 0.8453125 0.21328125 0.02421875
0 0.6625 0.8578125 0.19296875 0.0265625
0 0.059375 0.90078125 0.11796875 0.0375
0 0.6375 0.91015625 0.2203125 0.04453125
0 0.2375 0.82265625 0.21484375 0.0234375
0 0.0484375 0.8265625 0.09296875 0.0203125