0 0.17421875 0.55859375 0.0828125 0.02734375
0 0.2734375 0.55625 0.0734375 0.028125
0 0.15390625 0.59609375 0.04296875 0.02421875
0 0.2453125 0.59609375 0.09921875 0.0296875
0 0.5328125 0.54453125 0.025 0.02421875
0 0.61796875 0.54453125 0.1109375 0.02734375
0 0.5375 0.58046875 0.0203125 0.02578125
0 0.6265625 0.5796875 0.11484375 0.02734375
0 0.82890625 0.53671875 0.11015625 0.028125
0 0.83828125 0.57421875 0.11015625 0.0234375
0 0.18046875 0.6359375 0.10078125 0.0234375
0 0.85078125 0.6125 0.11328125 0.02421875
0 0.88203125 0.69375 0.0984375 0.02890625
0 0.15390625 0.7203125 0.0640625 0.0296875
0 0.259375 0.71796875 0.10625 0.03046875
0 0.34375 0.7125 0.025 0.02578125
0 0.16640625 0.7625 0.1171875 0.0359375
0 0.29921875 0.75859375 0.10390625 0.0375
0 0.16328125 0.8078125 0.10859375 0.0328125
0 0.8828125 0.7375 0.1234375 0.03828125
0 0.9015625 0.78203125 0.12890625 0.0359375
0 0.94296875 0.82578125 0.0640625 0.0296875
0 0.178125 0.85546875 0.16484375 0.03828125