0 0.0609375 0.67734375 0.06953125 0.0234375
0 0.15625 0.67578125 0.0703125 0.02265625
0 0.278125 0.67421875 0.128125 0.025
0 0.40859375 0.6734375 0.0140625 0.0203125
0 0.83125 0.67109375 0.10390625 0.021875
0 0.075 0.7390625 0.090625 0.02421875
0 0.83125 0.73125 0.10390625 0.01875
0 0.075 0.7984375 0.08828125 0.02265625
0 0.09453125 0.82734375 0.1265625 0.02265625
0 0.8328125 0.7921875 0.10546875 0.01875
0 0.8328125 0.821875 0.10546875 0.02265625
0 0.3890625 0.9390625 0.03203125 0.01328125
0 0.5515625 0.9390625 0.0296875 0.01328125