0 0.11640625 0.50078125 0.0609375 0.0359375
0 0.28828125 0.50234375 0.21875 0.0421875
0 0.396875 0.54140625 0.12421875 0.0390625
0 0.1328125 0.5859375 0.10859375 0.0328125
0 0.27265625 0.5859375 0.08203125 0.0328125
0 0.13671875 0.6328125 0.084375 0.0359375
0 0.259375 0.63359375 0.084375 0.034375
0 0.1515625 0.67890625 0.1453125 0.04140625
0 0.14375 0.7265625 0.12265625 0.0359375
0 0.775 0.5015625 0.1625 0.03828125
0 0.78359375 0.5875 0.1421875 0.034375
0 0.82890625 0.6390625 0.0890625 0.0421875
0 0.7796875 0.68359375 0.1578125 0.0453125
0 0.78984375 0.72890625 0.171875 0.0359375