0 0.18125 0.47265625 0.01328125 0.0203125
0 0.26328125 0.47109375 0.1109375 0.02109375
0 0.40390625 0.47109375 0.125 0.02109375
0 0.53515625 0.47265625 0.08828125 0.02109375
0 0.18125 0.50390625 0.0109375 0.02109375
0 0.2484375 0.50234375 0.07421875 0.021875
0 0.3515625 0.50234375 0.0921875 0.021875
0 0.44296875 0.50234375 0.0546875 0.021875
0 0.5421875 0.50234375 0.1046875 0.0203125
0 0.18125 0.534375 0.01328125 0.02421875
0 0.25546875 0.5328125 0.08828125 0.0234375
0 0.36640625 0.5328125 0.0859375 0.02265625
0 0.48671875 0.5328125 0.1078125 0.02265625
0 0.6171875 0.5328125 0.11015625 0.02265625
0 0.7875 0.53671875 0.1109375 0.025
0 0.79296875 0.47578125 0.10234375 0.025
0 0.78671875 0.50625 0.11015625 0.025
0 0.3 0.6046875 0.1796875 0.04296875
0 0.2796875 0.653125 0.14609375 0.04375
0 0.71484375 0.60703125 0.25390625 0.04609375
0 0.71328125 0.653125 0.25234375 0.0453125