0 0.09921875 0.4546875 0.07109375 0.02265625
0 0.19609375 0.45625 0.06875 0.0265625
0 0.3109375 0.45390625 0.10625 0.02734375
0 0.42890625 0.45703125 0.08828125 0.02734375
0 0.4984375 0.45859375 0.00859375 0.0359375
0 0.5515625 0.45546875 0.0484375 0.028125
0 0.64453125 0.45546875 0.009375 0.02421875
0 0.09921875 0.4921875 0.0796875 0.03125
0 0.196875 0.49375 0.075 0.0296875
0 0.28984375 0.49140625 0.075 0.040625
0 0.3921875 0.490625 0.0890625 0.03046875
0 0.48046875 0.49140625 0.04453125 0.03046875
0 0.5703125 0.490625 0.009375 0.0265625
0 0.09921875 0.52734375 0.0703125 0.0265625
0 0.20703125 0.52421875 0.09296875 0.02734375
0 0.3203125 0.525 0.015625 0.02578125
0 0.1 0.5640625 0.075 0.0265625
0 0.20546875 0.5625 0.09296875 0.02734375
0 0.32890625 0.56171875 0.10703125 0.02734375
0 0.878125 0.453125 0.1109375 0.02421875
0 0.8796875 0.48984375 0.1109375 0.02734375
0 0.8796875 0.52421875 0.11015625 0.02578125
0 0.87890625 0.56015625 0.10703125 0.02421875
0 0.465625 0.5625 0.0171875 0.03046875
0 0.87890625 0.6296875 0.11015625 0.02578125
0 0.8875 0.6671875 0.0890625 0.02578125
0 0.13515625 0.63671875 0.14921875 0.03125
0 0.078125 0.67421875 0.0359375 0.0265625
0 0.1296875 0.67421875 0.01328125 0.03125
0 0.2078125 0.671875 0.053125 0.0265625
0 0.10859375 0.74765625 0.09140625 0.03046875
0 0.87890625 0.73828125 0.11015625 0.02265625
0 0.8796875 0.809375 0.10859375 0.0265625
0 0.10859375 0.8234375 0.096875 0.028125
0 0.12265625 0.8578125 0.13125 0.0328125
0 0.92734375 0.84609375 0.0203125 0.0265625