0 0.41484375 0.07578125 0.35390625 0.05078125
0 0.43359375 0.11640625 0.0765625 0.0140625
0 0.828125 0.46015625 0.11015625 0.03046875
0 0.82265625 0.50078125 0.12890625 0.03125
0 0.19375 0.46015625 0.0109375 0.02109375
0 0.3015625 0.46015625 0.1546875 0.02265625
0 0.42421875 0.4578125 0.06171875 0.02578125
0 0.49921875 0.46015625 0.0515625 0.02421875
0 0.19375 0.49765625 0.0109375 0.0296875
0 0.3015625 0.4984375 0.15859375 0.021875
0 0.4421875 0.50078125 0.084375 0.02578125
0 0.5078125 0.496875 0.02109375 0.0234375
0 0.49375 0.575 0.14375 0.028125
0 0.8171875 0.578125 0.12265625 0.02890625
0 0.83125 0.61640625 0.10546875 0.034375
0 0.80234375 0.66328125 0.15234375 0.03046875
0 0.80390625 0.7015625 0.15390625 0.0296875
0 0.809375 0.740625 0.14609375 0.03046875
0 0.5296875 0.6140625 0.0640625 0.02578125
0 0.50703125 0.659375 0.1140625 0.0296875
0 0.50078125 0.69921875 0.12265625 0.02890625
0 0.3046875 0.73828125 0.1015625 0.02578125
0 0.46875 0.73828125 0.1890625 0.0296875