0 0.06171875 0.45390625 0.10703125 0.01796875
0 0.1953125 0.45703125 0.109375 0.0171875
0 0.03125 0.48125 0.0453125 0.015625
0 0.23203125 0.484375 0.17734375 0.01796875
0 0.78515625 0.48828125 0.1546875 0.0171875
0 0.08125 0.52109375 0.15703125 0.01796875
0 0.0265625 0.54921875 0.0421875 0.0171875
0 0.22890625 0.55234375 0.18828125 0.021875
0 0.78515625 0.55703125 0.1546875 0.01953125
0 0.10390625 0.6078125 0.2078125 0.02265625
0 0.03671875 0.63828125 0.07265625 0.0203125
0 0.1953125 0.6390625 0.17109375 0.021875
0 0.64765625 0.61328125 0.04765625 0.0203125
0 0.78203125 0.61328125 0.1546875 0.01796875
0 0.67265625 0.64375 0.04765625 0.021875
0 0.79609375 0.64453125 0.1265625 0.01796875
0 0.059375 0.69765625 0.11796875 0.02265625
0 0.059375 0.7265625 0.11796875 0.021875
0 0.64296875 0.70234375 0.05078125 0.02265625
0 0.78203125 0.7015625 0.165625 0.0171875
0 0.64296875 0.73125 0.05078125 0.021875
0 0.78203125 0.73125 0.16015625 0.01796875