0 0.134375 0.45703125 0.10078125 0.01640625
0 0.26328125 0.45703125 0.096875 0.0140625
0 0.0953125 0.484375 0.0234375 0.015625
0 0.315625 0.48359375 0.1421875 0.01640625
0 0.82109375 0.48125 0.14765625 0.0171875
0 0.18828125 0.52421875 0.209375 0.021875
0 0.3921875 0.52109375 0.14765625 0.01953125
0 0.31875 0.54921875 0.1421875 0.01875
0 0.0984375 0.54921875 0.0203125 0.01640625
0 0.8234375 0.54609375 0.14921875 0.01640625
0 0.7 0.60546875 0.046875 0.0203125
0 0.82890625 0.6015625 0.15078125 0.0203125
0 0.725 0.6328125 0.046875 0.0203125
0 0.8421875 0.63046875 0.12421875 0.01875
0 0.184375 0.60546875 0.19453125 0.01875
0 0.12109375 0.63359375 0.06875 0.015625
0 0.27734375 0.63359375 0.159375 0.0203125
0 0.14765625 0.68984375 0.1203125 0.01875
0 0.70703125 0.6875 0.05 0.0203125
0 0.83515625 0.6859375 0.15546875 0.02109375
0 0.6828125 0.74453125 0.0484375 0.01953125
0 0.82734375 0.74296875 0.17109375 0.01875
0 0.7078125 0.7734375 0.0484375 0.02109375
0 0.83828125 0.771875 0.15546875 0.02109375
0 0.1359375 0.74765625 0.10078125 0.0171875
0 0.16328125 0.77734375 0.15546875 0.02109375