0 0.15703125 0.5078125 0.090625 0.021875
0 0.35625 0.51015625 0.27265625 0.028125
0 0.20390625 0.54453125 0.17109375 0.028125
0 0.171875 0.57890625 0.13671875 0.02265625
0 0.1984375 0.6140625 0.16953125 0.02578125
0 0.28125 0.653125 0.35859375 0.03359375
0 0.1953125 0.68671875 0.17109375 0.02578125
0 0.14921875 0.72265625 0.11640625 0.0265625
0 0.2 0.7625 0.19921875 0.028125
0 0.1890625 0.7984375 0.20234375 0.028125
0 0.48046875 0.79921875 0.35546875 0.03359375
0 0.1859375 0.8359375 0.1765625 0.0296875
0 0.85625 0.5421875 0.10859375 0.02421875
0 0.85859375 0.61640625 0.10859375 0.0234375
0 0.8609375 0.68828125 0.11015625 0.025
0 0.853125 0.76640625 0.13125 0.0265625
0 0.86875 0.8421875 0.11015625 0.02578125
0 0.5921875 0.91796875 0.1046875 0.03046875
0 0.74140625 0.925 0.06640625 0.0375
0 0.85859375 0.92265625 0.1453125 0.0296875