0 0.1015625 0.55234375 0.084375 0.021875
0 0.2140625 0.5515625 0.08125 0.021875
0 0.3125 0.55 0.065625 0.021875
0 0.39609375 0.55078125 0.0640625 0.02578125
0 0.22109375 0.58359375 0.01328125 0.01953125
0 0.5140625 0.58359375 0.11875 0.02421875
0 0.8109375 0.58046875 0.125 0.02734375
0 0.12109375 0.65234375 0.13125 0.02265625
0 0.25625 0.6515625 0.084375 0.02265625
0 0.60859375 0.646875 0.03984375 0.0265625
0 0.09140625 0.6859375 0.06484375 0.02109375
0 0.2 0.684375 0.10546875 0.021875
0 0.10859375 0.7234375 0.11171875 0.028125
0 0.24140625 0.71796875 0.11015625 0.0234375
0 0.11171875 0.7546875 0.10859375 0.021875
0 0.24609375 0.753125 0.10390625 0.021875
0 0.81484375 0.67890625 0.12265625 0.0265625
0 0.8234375 0.7125 0.10078125 0.0265625
0 0.8140625 0.7453125 0.13125 0.028125