0 0.12109375 0.60625 0.0203125 0.03046875
0 0.21015625 0.6046875 0.0984375 0.02734375
0 0.34921875 0.6046875 0.1171875 0.02890625
0 0.8640625 0.60390625 0.12421875 0.025
0 0.21015625 0.67578125 0.19609375 0.028125
0 0.17421875 0.71328125 0.12109375 0.02890625
0 0.86171875 0.6765625 0.12421875 0.02421875
0 0.86015625 0.71171875 0.1265625 0.02578125
0 0.18046875 0.7921875 0.15 0.03203125
0 0.36171875 0.78984375 0.15 0.0296875
0 0.4921875 0.78984375 0.04765625 0.0296875
0 0.8640625 0.78828125 0.1265625 0.0296875