0 0.08515625 0.6078125 0.015625 0.028125
0 0.08359375 0.64765625 0.015625 0.03203125
0 0.08125 0.69140625 0.01875 0.0328125
0 0.07578125 0.73359375 0.0234375 0.03203125
0 0.30390625 0.62265625 0.11796875 0.034375
0 0.45546875 0.6296875 0.140625 0.03046875
0 0.64296875 0.63046875 0.18359375 0.03046875
0 0.89375 0.628125 0.1359375 0.03125
0 0.3171875 0.6609375 0.1421875 0.034375
0 0.51796875 0.6671875 0.2078125 0.0296875
0 0.7046875 0.66796875 0.1140625 0.02890625
0 0.9 0.665625 0.13671875 0.0328125
0 0.31328125 0.7015625 0.1359375 0.03828125
0 0.4265625 0.70546875 0.06953125 0.03125
0 0.53359375 0.7078125 0.0953125 0.03046875
0 0.68671875 0.70703125 0.1609375 0.03046875
0 0.9078125 0.70546875 0.1375 0.034375
0 0.34375 0.7421875 0.19375 0.03984375
0 0.5359375 0.7484375 0.14453125 0.03359375
0 0.66796875 0.74609375 0.07109375 0.0296875
0 0.24609375 0.7796875 0.1546875 0.03515625
0 0.203125 0.825 0.08359375 0.0375
0 0.309375 0.8265625 0.0765625 0.0328125
0 0.4 0.828125 0.046875 0.03203125
0 0.19765625 0.87265625 0.07265625 0.03359375
0 0.31171875 0.87265625 0.06953125 0.03203125
0 0.91484375 0.74453125 0.1390625 0.03515625
0 0.9078125 0.7875 0.16640625 0.03515625
0 0.9296875 0.82734375 0.13984375 0.0359375
0 0.93125 0.8703125 0.13515625 0.0359375
0 0.28828125 0.965625 0.26171875 0.0390625
0 0.83984375 0.96015625 0.31796875 0.04375