0 0.75078125 0.43359375 0.13515625 0.03125
0 0.11875 0.440625 0.11015625 0.03203125
0 0.26484375 0.4375 0.14921875 0.025
0 0.11171875 0.47578125 0.09921875 0.028125
0 0.2296875 0.47421875 0.1171875 0.0234375
0 0.315625 0.4734375 0.0234375 0.021875
0 0.11796875 0.5140625 0.11015625 0.0328125
0 0.2625 0.51015625 0.15390625 0.0296875
0 0.103125 0.55078125 0.08203125 0.03046875
0 0.20703125 0.54765625 0.11953125 0.0296875
0 0.29375 0.546875 0.0234375 0.02265625
0 0.11640625 0.5890625 0.11328125 0.0328125
0 0.2515625 0.584375 0.13125 0.0296875
0 0.10625 0.62265625 0.090625 0.025
0 0.49609375 0.4359375 0.0171875 0.0234375
0 0.49765625 0.51015625 0.015625 0.02578125
0 0.74296875 0.50703125 0.1625 0.0296875
0 0.49765625 0.584375 0.01484375 0.028125
0 0.75390625 0.584375 0.13515625 0.0296875
0 0.096875 0.68046875 0.0796875 0.025
0 0.19609375 0.67890625 0.08828125 0.02578125
0 0.7484375 0.678125 0.1640625 0.02734375
0 0.128125 0.72109375 0.140625 0.025
0 0.81640625 0.72265625 0.0234375 0.0265625
0 0.76015625 0.7640625 0.14296875 0.03203125
0 0.08984375 0.76171875 0.06953125 0.02578125
0 0.13984375 0.796875 0.17109375 0.0296875
0 0.140625 0.86171875 0.17734375 0.03359375
0 0.7359375 0.87265625 0.19921875 0.04453125
0 0.81875 0.80234375 0.0265625 0.02890625