0 0.428125 0.15546875 0.26328125 0.01796875
0 0.11484375 0.2328125 0.0625 0.015625
0 0.10078125 0.26484375 0.08125 0.0203125
0 0.12109375 0.3 0.1796875 0.01796875
0 0.33046875 0.3 0.20078125 0.0203125
0 0.09453125 0.32421875 0.13671875 0.01640625
0 0.25234375 0.3265625 0.13671875 0.01875
0 0.13046875 0.3515625 0.21328125 0.01875
0 0.3453125 0.3515625 0.1796875 0.01875
0 0.7453125 0.3 0.16484375 0.01875
0 0.74140625 0.328125 0.1625 0.0203125
0 0.7390625 0.35546875 0.1671875 0.0203125
0 0.55234375 0.32578125 0.0140625 0.01796875
0 0.0703125 0.3765625 0.08828125 0.01640625
0 0.19765625 0.378125 0.13125 0.01640625
0 0.10546875 0.40078125 0.1578125 0.01796875
0 0.2609375 0.40390625 0.11953125 0.01875
0 0.37109375 0.40625 0.0625 0.01875
0 0.4390625 0.40703125 0.040625 0.01796875
0 0.05 0.42890625 0.05234375 0.01875
0 0.1546875 0.42890625 0.121875 0.01640625
0 0.1484375 0.45625 0.26328125 0.02109375
0 0.24140625 0.4828125 0.4546875 0.02421875
0 0.08046875 0.5046875 0.13125 0.015625
0 0.22578125 0.50390625 0.1171875 0.0140625
0 0.34296875 0.50390625 0.08359375 0.0140625
0 0.10625 0.53125 0.0984375 0.01875
0 0.25234375 0.5296875 0.16015625 0.01796875
0 0.7515625 0.409375 0.1390625 0.0203125
0 0.734375 0.4359375 0.1625 0.01875
0 0.734375 0.5046875 0.1671875 0.015625
0 0.7390625 0.52890625 0.1671875 0.02109375
0 0.740625 0.5546875 0.175 0.0203125
0 0.1078125 0.584375 0.0953125 0.0203125
0 0.05234375 0.6109375 0.0671875 0.02265625
0 0.17734375 0.61171875 0.153125 0.01875
0 0.315625 0.61015625 0.0765625 0.01640625
0 0.05 0.6390625 0.08125 0.0203125
0 0.178125 0.6390625 0.15546875 0.02109375
0 0.34921875 0.63828125 0.1578125 0.0203125
0 0.06484375 0.6796875 0.0859375 0.01640625
0 0.16953125 0.67890625 0.0953125 0.01796875
0 0.0953125 0.7046875 0.1484375 0.02109375
0 0.06015625 0.73046875 0.0765625 0.01875
0 0.11328125 0.7578125 0.175 0.02109375
0 0.7234375 0.6734375 0.203125 0.01875
0 0.7390625 0.6984375 0.1671875 0.01875
0 0.73828125 0.7203125 0.16484375 0.02265625
0 0.73359375 0.78828125 0.2078125 0.025
0 0.7390625 0.82265625 0.20546875 0.0265625
0 0.10546875 0.80546875 0.1484375 0.01796875
0 0.08046875 0.8328125 0.0984375 0.01640625
0 0.1546875 0.88046875 0.23671875 0.025
0 0.55234375 0.29921875 0.0140625 0.01640625
0 0.5515625 0.3546875 0.021875 0.0203125
0 0.546875 0.40703125 0.021875 0.01796875
0 0.5453125 0.43515625 0.01875 0.01875
0 0.0296875 0.53125 0.0359375 0.01875
0 0.03125 0.559375 0.03359375 0.01875
0 0.12109375 0.55859375 0.121875 0.0203125
0 0.0265625 0.584375 0.03359375 0.01796875
0 0.25390625 0.584375 0.1671875 0.02109375
0 0.5453125 0.50546875 0.02890625 0.01640625
0 0.5453125 0.528125 0.02890625 0.01875
0 0.55234375 0.55546875 0.02890625 0.01875
0 0.55 0.58359375 0.01875 0.0203125
0 0.55 0.609375 0.02421875 0.01875
0 0.55 0.6375 0.01875 0.01875
0 0.815625 0.58203125 0.02890625 0.01796875
0 0.815625 0.60859375 0.02890625 0.0203125
0 0.815625 0.634375 0.02890625 0.0203125
0 0.81484375 0.7453125 0.021875 0.01875
0 0.83046875 0.8671875 0.02890625 0.025