0 0.15546875 0.56953125 0.0765625 0.02734375
0 0.2828125 0.56640625 0.12265625 0.02734375
0 0.42109375 0.5671875 0.11328125 0.028125
0 0.5765625 0.5609375 0.12421875 0.0296875
0 0.8734375 0.5546875 0.16875 0.028125
0 0.128125 0.60859375 0.021875 0.03125
0 0.23359375 0.6078125 0.1296875 0.0328125
0 0.36328125 0.6015625 0.08984375 0.02734375
0 0.471875 0.59765625 0.075 0.02734375
0 0.87890625 0.58828125 0.171875 0.03203125
0 0.21640625 0.68046875 0.2015625 0.0390625
0 0.18125 0.721875 0.13515625 0.034375
0 0.8921875 0.6625 0.17578125 0.03125
0 0.8953125 0.6984375 0.1796875 0.0328125
0 0.153125 0.803125 0.0859375 0.0328125
0 0.90625 0.77421875 0.1796875 0.03125