0 0.80390625 0.2484375 0.20390625 0.0328125
0 0.07578125 0.25625 0.0203125 0.02578125
0 0.2171875 0.2625 0.16875 0.03515625
0 0.359375 0.25859375 0.0125 0.02578125
0 0.07578125 0.2875 0.01640625 0.0265625
0 0.2171875 0.29375 0.16875 0.0328125
0 0.07109375 0.321875 0.01796875 0.0265625
0 0.23671875 0.32265625 0.2109375 0.03046875
0 0.44765625 0.32421875 0.13125 0.028125
0 0.06796875 0.3546875 0.0203125 0.0265625
0 0.26875 0.35546875 0.27265625 0.03046875
0 0.49609375 0.353125 0.0875 0.02578125
0 0.80390625 0.31484375 0.21484375 0.0328125
0 0.0609375 0.43671875 0.03125 0.05234375
0 0.20703125 0.43671875 0.17109375 0.05234375
0 0.80703125 0.43203125 0.2109375 0.0546875
0 0.12578125 0.52578125 0.17421875 0.028125
0 0.81640625 0.51875 0.21796875 0.02578125
0 0.15546875 0.63203125 0.25234375 0.02890625
0 0.84453125 0.628125 0.1796875 0.03046875
0 0.890625 0.2796875 0.0328125 0.028125
0 0.89765625 0.34609375 0.03125 0.03046875