0 0.18984375 0.47890625 0.2265625 0.03046875
0 0.36796875 0.47734375 0.071875 0.0265625
0 0.4953125 0.478125 0.12109375 0.0265625
0 0.140625 0.5109375 0.01875 0.02890625
0 0.29375 0.5125 0.12265625 0.02734375
0 0.1546875 0.5421875 0.175 0.03125
0 0.29140625 0.54375 0.07265625 0.0265625
0 0.3828125 0.540625 0.0484375 0.0234375
0 0.45625 0.54296875 0.05390625 0.01484375
0 0.57734375 0.540625 0.12578125 0.0265625
0 0.13671875 0.57421875 0.01796875 0.02734375
0 0.290625 0.5734375 0.12578125 0.0265625
0 0.83203125 0.5109375 0.1265625 0.028125
0 0.84375 0.571875 0.1296875 0.02734375
0 0.15546875 0.6359375 0.07734375 0.0265625
0 0.28984375 0.63671875 0.1296875 0.03046875
0 0.17734375 0.6703125 0.1359375 0.03046875
0 0.34375 0.67109375 0.1359375 0.02890625
0 0.509375 0.67109375 0.125 0.0328125
0 0.17265625 0.70390625 0.13515625 0.03515625
0 0.3421875 0.70703125 0.1375 0.03203125
0 0.15859375 0.74375 0.11171875 0.0328125
0 0.31328125 0.74375 0.13984375 0.03515625
0 0.86015625 0.6375 0.1375 0.03046875
0 0.89296875 0.67265625 0.0828125 0.028125
0 0.871875 0.70859375 0.1359375 0.03515625
0 0.86796875 0.7453125 0.1640625 0.0359375
0 0.15703125 0.81640625 0.1125 0.02890625
0 0.37265625 0.81796875 0.26015625 0.03203125
0 0.1671875 0.85546875 0.1375 0.03203125
0 0.35546875 0.85625 0.1625 0.03203125
0 0.49375 0.85859375 0.07109375 0.02109375
0 0.9203125 0.81640625 0.053125 0.02734375
0 0.87890625 0.85234375 0.12578125 0.03203125