0 0.48125 0.63515625 0.02109375 0.02421875
0 0.56796875 0.6328125 0.1171875 0.02265625
0 0.48125 0.66953125 0.01953125 0.02421875
0 0.57890625 0.66875 0.096875 0.02109375
0 0.12578125 0.6375 0.078125 0.02109375
0 0.22265625 0.63671875 0.07734375 0.02109375
0 0.7828125 0.63203125 0.11953125 0.02265625
0 0.1234375 0.671875 0.078125 0.02265625
0 0.23203125 0.67109375 0.09921875 0.0234375
0 0.79453125 0.66640625 0.0984375 0.021875
0 0.13515625 0.70703125 0.09765625 0.02265625
0 0.7921875 0.7015625 0.1203125 0.02265625
0 0.11328125 0.77890625 0.06015625 0.02109375
0 0.2125 0.77734375 0.09765625 0.02265625
0 0.29140625 0.77734375 0.02109375 0.021875
0 0.80390625 0.7734375 0.10078125 0.02265625
0 0.128125 0.81484375 0.1 0.021875
0 0.2515625 0.81484375 0.10390625 0.0265625
0 0.79296875 0.809375 0.11953125 0.02265625
0 0.13046875 0.85078125 0.09609375 0.02109375
0 0.796875 0.84296875 0.12109375 0.02265625
0 0.15 0.88515625 0.13203125 0.021875
0 0.8078125 0.8796875 0.1 0.02421875
0 0.14921875 0.98046875 0.12734375 0.01953125
0 0.2765625 0.9765625 0.09765625 0.02109375