0 0.0375 0.66484375 0.0234375 0.02890625
0 0.30859375 0.66953125 0.4796875 0.03984375
0 0.0421875 0.7 0.021875 0.0265625
0 0.13359375 0.7046875 0.1140625 0.034375
0 0.2703125 0.70546875 0.11953125 0.0328125
0 0.05390625 0.734375 0.01953125 0.0265625
0 0.128125 0.73515625 0.09140625 0.03046875
0 0.228125 0.7390625 0.07265625 0.02734375
0 0.8859375 0.67734375 0.16328125 0.0390625
0 0.88671875 0.715625 0.1578125 0.03828125
0 0.8890625 0.75 0.15859375 0.03828125
0 0.18671875 0.803125 0.17734375 0.0359375
0 0.178125 0.834375 0.15625 0.03359375
0 0.1390625 0.865625 0.06171875 0.02890625
0 0.87734375 0.815625 0.1796875 0.0359375
0 0.9 0.85078125 0.1265625 0.034375
0 0.8921875 0.88046875 0.15390625 0.03984375
0 0.2265625 0.934375 0.21796875 0.0375
0 0.178125 0.9625 0.11171875 0.02734375
0 0.3015625 0.96484375 0.09140625 0.02890625
0 0.4 0.96953125 0.02109375 0.02421875
0 0.79296875 0.94765625 0.334375 0.0390625
0 0.73046875 0.9765625 0.12265625 0.02578125
0 0.85234375 0.97578125 0.06875 0.03046875
0 0.9515625 0.96953125 0.02109375 0.02421875