0 0.0328125 0.36015625 0.0234375 0.01640625
0 0.1546875 0.3578125 0.09765625 0.01484375
0 0.3125 0.35625 0.15859375 0.0140625
0 0.4609375 0.35625 0.07421875 0.0140625
0 0.1640625 0.38046875 0.078125 0.01484375
0 0.2890625 0.38046875 0.09921875 0.01484375
0 0.0328125 0.40625 0.0234375 0.015625
0 0.1546875 0.40546875 0.10625 0.015625
0 0.2640625 0.40390625 0.0484375 0.01328125
0 0.3984375 0.403125 0.15703125 0.01484375
0 0.2625 0.428125 0.2671875 0.01640625
0 0.678125 0.35625 0.18203125 0.01875
0 0.6671875 0.4015625 0.190625 0.0203125
0 0.0359375 0.4546875 0.02109375 0.01640625
0 0.1546875 0.4515625 0.1015625 0.015625
0 0.259375 0.4515625 0.06171875 0.015625
0 0.4015625 0.45078125 0.15859375 0.01640625
0 0.68125 0.4484375 0.17578125 0.01875
0 0.2671875 0.47421875 0.2671875 0.015625
0 0.175 0.4984375 0.12890625 0.01640625
0 0.3 0.49765625 0.05703125 0.01875
0 0.375 0.496875 0.046875 0.015625
0 0.4703125 0.49609375 0.0765625 0.0140625
0 0.684375 0.49453125 0.178125 0.021875
0 0.26875 0.52265625 0.2671875 0.01640625
0 0.0359375 0.5484375 0.0171875 0.0140625
0 0.171875 0.54609375 0.13125 0.01640625
0 0.3125 0.54453125 0.0828125 0.01875
0 0.446875 0.54375 0.13125 0.01796875
0 0.7 0.54140625 0.15859375 0.02109375
0 0.2703125 0.56796875 0.2734375 0.015625
0 0.190625 0.59296875 0.165625 0.01640625
0 0.3390625 0.59140625 0.08046875 0.01640625
0 0.4609375 0.5890625 0.09921875 0.01484375
0 0.69453125 0.5875 0.178125 0.02109375
0 0.0359375 0.59609375 0.0171875 0.01328125
0 0.2734375 0.61640625 0.27109375 0.01875
0 0.0390625 0.64453125 0.02734375 0.015625
0 0.1640625 0.6421875 0.1125 0.01640625
0 0.3125 0.6375 0.1375 0.01796875
0 0.5203125 0.6375 0.1546875 0.01796875
0 0.7078125 0.63515625 0.15703125 0.01875
0 0.1484375 0.66484375 0.08046875 0.0203125
0 0.2609375 0.6640625 0.0765625 0.01484375
0 0.4375 0.66484375 0.15078125 0.01875
0 0.7109375 0.6609375 0.16328125 0.02109375
0 0.7140625 0.68515625 0.165625 0.0203125
0 0.7171875 0.71015625 0.16328125 0.02265625
0 0.7203125 0.734375 0.15703125 0.021875
0 0.0359375 0.6921875 0.0171875 0.015625
0 0.1609375 0.690625 0.10625 0.015625
0 0.03671875 0.71640625 0.0234375 0.01484375
0 0.165625 0.71484375 0.10625 0.0171875
0 0.2890625 0.7125 0.078125 0.01640625
0 0.4671875 0.7125 0.1546875 0.0203125
0 0.1671875 0.73984375 0.10625 0.015625
0 0.2890625 0.73828125 0.078125 0.01640625
0 0.7078125 0.78515625 0.190625 0.02109375
0 0.7234375 0.8109375 0.16328125 0.02109375
0 0.728125 0.83515625 0.1671875 0.02109375
0 0.7140625 0.86171875 0.190625 0.0234375
0 0.73125 0.8859375 0.165625 0.0203125
0 0.73125 0.9109375 0.165625 0.02265625
0 0.1640625 0.790625 0.1078125 0.01640625
0 0.234375 0.81484375 0.24765625 0.0203125
0 0.19375 0.840625 0.16328125 0.01640625
0 0.2265625 0.86640625 0.22890625 0.01796875
0 0.2109375 0.8921875 0.19296875 0.0171875
0 0.4203125 0.88828125 0.1671875 0.01796875
0 0.1546875 0.9171875 0.08046875 0.01484375
0 0.2703125 0.915625 0.078125 0.015625
0 0.16875 0.946875 0.10390625 0.028125
0 0.5421875 0.94609375 0.49140625 0.0421875
0 0.0390625 0.66796875 0.02734375 0.01640625
0 0.0359375 0.50078125 0.0171875 0.01640625
0 0.0390625 0.74296875 0.01875 0.01640625