0 0.1046875 0.35390625 0.0171875 0.021875
0 0.18359375 0.353125 0.10546875 0.02265625
0 0.2953125 0.35546875 0.07734375 0.021875
0 0.1828125 0.3875 0.0203125 0.02265625
0 0.26640625 0.3859375 0.09921875 0.0234375
0 0.34453125 0.3875 0.01875 0.01796875
0 0.43359375 0.3890625 0.11328125 0.02265625
0 0.54296875 0.39453125 0.05625 0.01953125
0 0.184375 0.4171875 0.01640625 0.0234375
0 0.2671875 0.4171875 0.09921875 0.02265625
0 0.34609375 0.41640625 0.01875 0.01796875
0 0.4328125 0.41953125 0.11328125 0.0234375
0 0.53984375 0.42421875 0.053125 0.01953125
0 0.1828125 0.4484375 0.0203125 0.01953125
0 0.3015625 0.446875 0.18046875 0.02109375
0 0.47734375 0.45 0.128125 0.02421875
0 0.59453125 0.45546875 0.05625 0.01953125
0 0.1828125 0.478125 0.0203125 0.02109375
0 0.253125 0.47734375 0.07890625 0.01875
0 0.371875 0.4765625 0.1125 0.01796875
0 0.47421875 0.48046875 0.05078125 0.01875
0 0.1828125 0.509375 0.0203125 0.01953125
0 0.25390625 0.50625 0.08828125 0.02265625
0 0.36796875 0.50390625 0.1109375 0.02265625
0 0.46953125 0.509375 0.05078125 0.01953125
0 0.1828125 0.5375 0.0203125 0.02109375
0 0.24375 0.5359375 0.0625 0.02109375
0 0.340625 0.53203125 0.09765625 0.0203125
0 0.44296875 0.53828125 0.06796875 0.025
0 0.525 0.540625 0.05234375 0.01875
0 0.1828125 0.565625 0.01484375 0.01953125
0 0.246875 0.56171875 0.046875 0.025
0 0.36328125 0.5609375 0.15390625 0.0234375
0 0.48125 0.56640625 0.053125 0.02109375
0 0.5609375 0.56796875 0.06015625 0.01953125
0 0.1796875 0.59140625 0.0203125 0.01953125
0 0.24453125 0.5890625 0.053125 0.025
0 0.321875 0.58671875 0.071875 0.01953125
0 0.4171875 0.59375 0.07734375 0.0203125
0 0.271875 0.615625 0.13203125 0.0234375
0 0.421875 0.61875 0.12421875 0.021875
0 0.53828125 0.6125 0.0765625 0.01796875
0 0.178125 0.6453125 0.0171875 0.01953125
0 0.26015625 0.6421875 0.11640625 0.0203125
0 0.365625 0.64609375 0.05234375 0.0171875
0 0.44453125 0.64453125 0.0578125 0.01796875
0 0.50703125 0.6375 0.053125 0.015625
0 0.09765625 0.678125 0.01875 0.01875
0 0.165625 0.67265625 0.053125 0.02421875
0 0.2671875 0.6703125 0.13125 0.021875
0 0.3984375 0.66953125 0.09609375 0.01953125
0 0.7078125 0.36953125 0.1296875 0.02421875
0 0.65078125 0.66171875 0.09921875 0.0265625
0 0.37890625 0.7109375 0.140625 0.025
0 0.425 0.73359375 0.0484375 0.0140625
0 0.63671875 0.71171875 0.11796875 0.02578125
0 0.6421875 0.73828125 0.09765625 0.02265625
0 0.215625 0.8109375 0.17890625 0.03515625
0 0.57109375 0.8 0.240625 0.04140625
0 0.178125 0.6203125 0.0171875 0.01640625