0 0.0875 0.43828125 0.02265625 0.02265625
0 0.17578125 0.43828125 0.096875 0.01953125
0 0.31015625 0.4390625 0.1015625 0.02109375
0 0.190625 0.4703125 0.1765625 0.02109375
0 0.08671875 0.5015625 0.0171875 0.02109375
0 0.175 0.50234375 0.0984375 0.0203125
0 0.30859375 0.50234375 0.1015625 0.0203125
0 0.828125 0.4390625 0.14296875 0.0203125
0 0.828125 0.503125 0.146875 0.02109375
0 0.190625 0.53125 0.1734375 0.01796875
0 0.08359375 0.5609375 0.0171875 0.02109375
0 0.175 0.56015625 0.0953125 0.01875
0 0.3328125 0.5609375 0.15625 0.02109375
0 0.1984375 0.58984375 0.19609375 0.02109375
0 0.08203125 0.62265625 0.0171875 0.02109375
0 0.19765625 0.62265625 0.153125 0.01953125
0 0.4078125 0.62265625 0.20390625 0.01953125
0 0.82421875 0.5609375 0.1515625 0.01875
0 0.8359375 0.62265625 0.12421875 0.02109375
0 0.16640625 0.6859375 0.20546875 0.02265625
0 0.8234375 0.68515625 0.153125 0.0203125
0 0.1234375 0.71796875 0.11953125 0.021875
0 0.8234375 0.7171875 0.153125 0.01953125
0 0.109375 0.77890625 0.103125 0.02109375
0 0.82734375 0.7765625 0.14453125 0.0203125
0 0.17578125 0.8125 0.240625 0.02265625
0 0.8359375 0.809375 0.12421875 0.0203125