0 0.0734375 0.515625 0.07421875 0.0171875
0 0.15625 0.515625 0.065625 0.01796875
0 0.525 0.51640625 0.015625 0.0171875
0 0.8703125 0.51796875 0.11875 0.01875
0 0.078125 0.5609375 0.08671875 0.01796875
0 0.20234375 0.5625 0.1296875 0.02109375
0 0.871875 0.56328125 0.11953125 0.0203125
0 0.10546875 0.6171875 0.14765625 0.0171875
0 0.871875 0.61875 0.11953125 0.01953125
0 0.1109375 0.6625 0.15859375 0.0171875
0 0.909375 0.665625 0.04375 0.0203125
0 0.1109375 0.7078125 0.1609375 0.021875
0 0.85703125 0.7109375 0.15 0.02421875
0 0.078125 0.7546875 0.103125 0.01796875
0 0.87421875 0.75625 0.11875 0.01953125
0 0.128125 0.8 0.196875 0.0171875
0 0.52734375 0.559375 0.01484375 0.015625
0 0.9265625 0.80234375 0.02265625 0.0203125