0 0.078125 0.52890625 0.02109375 0.0234375
0 0.22265625 0.528125 0.16328125 0.02265625
0 0.4015625 0.5265625 0.13984375 0.02109375
0 0.92421875 0.52421875 0.13515625 0.02890625
0 0.53671875 0.5984375 0.21015625 0.02578125
0 0.91328125 0.59296875 0.13671875 0.02578125
0 0.5953125 0.63671875 0.090625 0.0234375
0 0.5078125 0.7328125 0.175 0.0515625
0 0.9203125 0.7265625 0.15625 0.053125
0 0.63046875 0.79375 0.115625 0.0265625
0 0.94375 0.79140625 0.10703125 0.034375
0 0.9265625 0.63359375 0.11875 0.02890625