0 0.03359375 0.3609375 0.01640625 0.01640625
0 0.1390625 0.3609375 0.0734375 0.0140625
0 0.2296875 0.3609375 0.05 0.0140625
0 0.33359375 0.36171875 0.10078125 0.015625
0 0.46328125 0.36171875 0.096875 0.0140625
0 0.65859375 0.36171875 0.17265625 0.01953125
0 0.2546875 0.384375 0.2546875 0.01640625
0 0.1515625 0.40546875 0.10234375 0.0140625
0 0.25703125 0.40625 0.05 0.01328125
0 0.3984375 0.40625 0.17578125 0.0140625
0 0.65703125 0.40859375 0.17265625 0.0203125
0 0.2546875 0.42890625 0.2546875 0.015625
0 0.03125 0.453125 0.01953125 0.015625
0 0.259375 0.453125 0.0484375 0.0171875
0 0.38515625 0.453125 0.16015625 0.01640625
0 0.253125 0.47734375 0.2546875 0.0171875
0 0.1625 0.49765625 0.12734375 0.01328125
0 0.33125 0.4984375 0.15234375 0.01171875
0 0.4625 0.5 0.0484375 0.0140625
0 0.65703125 0.4546875 0.17265625 0.01875
0 0.66796875 0.5 0.15078125 0.01640625
0 0.253125 0.52109375 0.2546875 0.0125
0 0.028125 0.54453125 0.0234375 0.01484375
0 0.15625 0.54375 0.13984375 0.01328125
0 0.2671875 0.54453125 0.021875 0.01328125
0 0.37109375 0.54375 0.12421875 0.01328125
0 0.66796875 0.5453125 0.15078125 0.01875
0 0.253125 0.5671875 0.2546875 0.01328125
0 0.17421875 0.58984375 0.1546875 0.0140625
0 0.35703125 0.5890625 0.15078125 0.015625
0 0.475 0.5890625 0.0234375 0.01328125
0 0.65703125 0.5921875 0.17265625 0.0203125
0 0.17109375 0.6140625 0.10234375 0.01328125
0 0.31484375 0.6125 0.12734375 0.01484375
0 0.025 0.6359375 0.021875 0.0140625
0 0.1828125 0.6359375 0.1828125 0.015625
0 0.3296875 0.6359375 0.0484375 0.0140625
0 0.4875 0.6375 0.14921875 0.015625
0 0.66875 0.6390625 0.15234375 0.01953125
0 0.24765625 0.6609375 0.25859375 0.01640625
0 0.028125 0.684375 0.0265625 0.0171875
0 0.1421875 0.684375 0.096875 0.0140625
0 0.2875 0.684375 0.12890625 0.015625
0 0.48671875 0.68515625 0.15078125 0.01875
0 0.66796875 0.6859375 0.1546875 0.01875
0 0.02265625 0.7078125 0.01953125 0.01328125
0 0.12734375 0.70859375 0.07578125 0.01640625
0 0.23515625 0.7078125 0.07578125 0.015625
0 0.4078125 0.70859375 0.15078125 0.01796875
0 0.025 0.73046875 0.021875 0.01640625
0 0.14453125 0.73125 0.0953125 0.0140625
0 0.2625 0.73125 0.071875 0.0140625
0 0.434375 0.7328125 0.15078125 0.01875
0 0.66796875 0.70859375 0.1546875 0.01796875
0 0.66796875 0.7328125 0.1546875 0.01875
0 0.1421875 0.778125 0.10078125 0.01328125
0 0.65625 0.78125 0.178125 0.01953125
0 0.65703125 0.803125 0.17578125 0.01953125
0 0.66875 0.828125 0.16015625 0.01875
0 0.6546875 0.85078125 0.18515625 0.01953125
0 0.66796875 0.87421875 0.1546875 0.015625
0 0.66796875 0.89765625 0.1546875 0.01953125
0 0.20625 0.8015625 0.23671875 0.015625
0 0.16875 0.825 0.1546875 0.0140625
0 0.1953125 0.84765625 0.2046875 0.01484375
0 0.18046875 0.87109375 0.178125 0.015625
0 0.378125 0.871875 0.15234375 0.01484375
0 0.128125 0.8953125 0.0703125 0.01328125
0 0.234375 0.8953125 0.0703125 0.01484375
0 0.1390625 0.92578125 0.0953125 0.028125
0 0.48671875 0.9296875 0.459375 0.03671875
0 0.03046875 0.40625 0.01796875 0.01484375
0 0.15 0.453125 0.10234375 0.01484375
0 0.03125 0.49921875 0.01953125 0.015625
0 0.02890625 0.5921875 0.01796875 0.01640625
0 0.02578125 0.6609375 0.0265625 0.0171875