0 0.1125 0.61015625 0.0734375 0.028125
0 0.246875 0.60859375 0.13359375 0.0328125
0 0.4078125 0.6109375 0.13125 0.03125
0 0.57265625 0.609375 0.12109375 0.034375
0 0.85546875 0.60859375 0.15859375 0.0296875
0 0.1734375 0.69453125 0.21328125 0.034375
0 0.13671875 0.7375 0.1328125 0.03046875
0 0.86171875 0.69296875 0.16328125 0.02890625
0 0.86484375 0.7375 0.16484375 0.034375
0 0.14609375 0.82578125 0.16328125 0.0359375
0 0.3390625 0.8234375 0.1609375 0.03359375
0 0.4765625 0.8234375 0.04921875 0.03046875
0 0.86640625 0.825 0.16328125 0.0296875