0 0.11328125 0.44296875 0.1125 0.02578125
0 0.2359375 0.44296875 0.09140625 0.02578125
0 0.54140625 0.44140625 0.0125 0.02421875
0 0.6796875 0.44296875 0.109375 0.02578125
0 0.9078125 0.44140625 0.109375 0.02578125
0 0.08359375 0.50859375 0.053125 0.02421875
0 0.1796875 0.50859375 0.0921875 0.02890625
0 0.9078125 0.50859375 0.1125 0.0265625
0 0.48125 0.57578125 0.09140625 0.02578125
0 0.59609375 0.5765625 0.0921875 0.02578125
0 0.9125 0.5765625 0.1140625 0.0265625
0 0.1828125 0.64765625 0.07578125 0.02421875
0 0.91796875 0.64765625 0.1140625 0.02734375
0 0.58828125 0.753125 0.1140625 0.02578125
0 0.92421875 0.75703125 0.11796875 0.03046875