0 0.096875 0.371875 0.01875 0.028125
0 0.18671875 0.36875 0.109375 0.02890625
0 0.3109375 0.3671875 0.09609375 0.025
0 0.4375 0.3671875 0.0984375 0.02578125
0 0.603125 0.36328125 0.12578125 0.02734375
0 0.16796875 0.41171875 0.075 0.0296875
0 0.2984375 0.40859375 0.12109375 0.03203125
0 0.60546875 0.40546875 0.1359375 0.03359375
0 0.16875 0.45234375 0.0734375 0.028125
0 0.62265625 0.45 0.10234375 0.0265625
0 0.2 0.496875 0.1578125 0.0296875
0 0.34453125 0.496875 0.07109375 0.0265625
0 0.60859375 0.4953125 0.12578125 0.02890625
0 0.22578125 0.5921875 0.21328125 0.03125
0 0.603125 0.5875 0.1609375 0.03046875
0 0.19921875 0.6421875 0.159375 0.03125
0 0.62421875 0.6359375 0.1359375 0.03125