0 0.09921875 0.52265625 0.08515625 0.02109375
0 0.21484375 0.525 0.08671875 0.0234375
0 0.31328125 0.5265625 0.0703125 0.025
0 0.40546875 0.52890625 0.06015625 0.025
0 0.221875 0.55625 0.01640625 0.0203125
0 0.52890625 0.56015625 0.12890625 0.02578125
0 0.8359375 0.5625 0.1390625 0.028125
0 0.1171875 0.621875 0.13984375 0.02421875
0 0.25546875 0.6234375 0.08671875 0.021875
0 0.08671875 0.65546875 0.07109375 0.025
0 0.19765625 0.65625 0.11015625 0.021875
0 0.09921875 0.69296875 0.11796875 0.028125
0 0.2390625 0.690625 0.1140625 0.02265625
0 0.10390625 0.72421875 0.1140625 0.021875
0 0.24140625 0.7234375 0.10625 0.0234375
0 0.83984375 0.65859375 0.1359375 0.02578125
0 0.84765625 0.69296875 0.115625 0.02578125
0 0.8421875 0.72421875 0.13671875 0.025