0 0.0828125 0.5203125 0.01953125 0.02421875
0 0.16875 0.51953125 0.08046875 0.02109375
0 0.33359375 0.51796875 0.1875 0.02265625
0 0.86171875 0.51328125 0.16640625 0.0234375
0 0.1796875 0.58515625 0.21640625 0.02265625
0 0.14140625 0.61875 0.12890625 0.025
0 0.86328125 0.57734375 0.159375 0.02265625
0 0.86484375 0.61015625 0.159375 0.02265625
0 0.13125 0.68828125 0.109375 0.02109375
0 0.85625 0.6765625 0.184375 0.02421875
0 0.2 0.71953125 0.246875 0.02578125
0 0.86484375 0.7078125 0.15546875 0.0234375