0 0.08515625 0.43203125 0.01796875 0.025
0 0.1984375 0.43515625 0.1109375 0.02890625
0 0.2828125 0.4390625 0.03984375 0.02734375
0 0.35546875 0.4390625 0.07265625 0.02265625
0 0.79765625 0.44296875 0.09609375 0.02265625
0 0.18203125 0.4703125 0.07421875 0.02265625
0 0.275 0.471875 0.07109375 0.01953125
0 0.365625 0.47578125 0.0671875 0.01953125
0 0.80546875 0.47890625 0.0765625 0.02109375
0 0.1640625 0.54375 0.03828125 0.02265625
0 0.21953125 0.5453125 0.02890625 0.02265625
0 0.178125 0.58046875 0.0765625 0.02109375
0 0.26484375 0.58125 0.0578125 0.01875
0 0.03359375 0.653125 0.0453125 0.02265625
0 0.1125 0.65390625 0.0796875 0.02109375
0 0.79765625 0.66171875 0.0921875 0.0234375
0 0.040625 0.68984375 0.06015625 0.02109375
0 0.14375 0.6921875 0.10546875 0.02109375
0 0.79765625 0.6953125 0.0921875 0.02265625
0 0.79609375 0.76796875 0.0890625 0.02265625
0 0.04921875 0.7625 0.07265625 0.02265625
0 0.14375 0.76328125 0.07265625 0.0234375
0 0.04921875 0.7953125 0.07265625 0.02265625
0 0.14375 0.8 0.06875 0.0234375
0 0.0609375 0.82734375 0.0890625 0.0234375
0 0.15234375 0.8328125 0.06171875 0.0234375
0 0.0671875 0.8578125 0.0875 0.0265625
0 0.79921875 0.8390625 0.07421875 0.01953125
0 0.78984375 0.87109375 0.0875 0.01875
0 0.83671875 0.55078125 0.021875 0.02265625
0 0.83671875 0.58828125 0.021875 0.0234375
0 0.83203125 0.80546875 0.0125 0.02109375