0 0.1578125 0.3828125 0.12578125 0.0140625
0 0.2765625 0.3828125 0.0453125 0.0140625
0 0.44609375 0.38359375 0.17734375 0.0203125
0 0.6484375 0.38359375 0.1734375 0.0203125
0 0.03125 0.40703125 0.02578125 0.01796875
0 0.03125 0.43203125 0.02578125 0.01640625
0 0.03125 0.38203125 0.021875 0.0140625
0 0.25 0.40859375 0.2515625 0.0140625
0 0.13046875 0.43203125 0.078125 0.01640625
0 0.22265625 0.43203125 0.04765625 0.01640625
0 0.3140625 0.43203125 0.06953125 0.01640625
0 0.43046875 0.43203125 0.0984375 0.01484375
0 0.64453125 0.4328125 0.17890625 0.02109375
0 0.25 0.4578125 0.2515625 0.0140625
0 0.6515625 0.4828125 0.16796875 0.02109375
0 0.14453125 0.4828125 0.0984375 0.01484375
0 0.2515625 0.48125 0.04375 0.0140625
0 0.3921875 0.4828125 0.175 0.01640625
0 0.246875 0.50625 0.25390625 0.01875
0 0.02890625 0.53203125 0.021875 0.01484375
0 0.153125 0.53203125 0.12421875 0.01484375
0 0.2625 0.53125 0.02578125 0.015625
0 0.44375 0.5328125 0.175 0.01796875
0 0.63984375 0.53046875 0.18828125 0.02109375
0 0.246875 0.55625 0.25390625 0.0171875
0 0.16875 0.58125 0.15546875 0.015625
0 0.35234375 0.58203125 0.15 0.0171875
0 0.46796875 0.58046875 0.0234375 0.0140625
0 0.16875 0.60546875 0.1 0.01484375
0 0.31171875 0.60390625 0.128125 0.0171875
0 0.153125 0.63046875 0.128125 0.01484375
0 0.32265625 0.6296875 0.153125 0.0203125
0 0.45234375 0.63046875 0.04375 0.01640625
0 0.0265625 0.55625 0.0203125 0.01484375
0 0.6515625 0.5828125 0.175 0.02109375
0 0.6515625 0.6328125 0.17890625 0.0203125
0 0.025 0.63203125 0.0203125 0.01875
0 0.24296875 0.65546875 0.25546875 0.01796875
0 0.13984375 0.68203125 0.096875 0.01484375
0 0.25625 0.6828125 0.0671875 0.0140625
0 0.4296875 0.68515625 0.14765625 0.02109375
0 0.6625 0.68515625 0.153125 0.02109375
0 0.0171875 0.70859375 0.0234375 0.015625
0 0.1359375 0.70859375 0.096875 0.015625
0 0.2828125 0.70859375 0.12421875 0.015625
0 0.48203125 0.7109375 0.15 0.02109375
0 0.6640625 0.7109375 0.15703125 0.02109375
0 0.6296875 0.7640625 0.240625 0.02265625
0 0.6671875 0.790625 0.15859375 0.0203125
0 0.6671875 0.81640625 0.15546875 0.0203125
0 0.63125 0.84296875 0.23359375 0.02265625
0 0.671875 0.86875 0.1640625 0.02109375
0 0.6578125 0.89609375 0.18828125 0.021875
0 0.1296875 0.925 0.0984375 0.03125
0 0.48203125 0.93125 0.47109375 0.040625
0 0.1359375 0.76015625 0.1 0.01640625
0 0.19765625 0.78671875 0.23203125 0.01640625
0 0.1578125 0.81171875 0.15859375 0.0171875
0 0.18671875 0.8390625 0.20625 0.015625
0 0.1703125 0.86484375 0.18046875 0.01640625
0 0.371875 0.865625 0.153125 0.01640625
0 0.11796875 0.890625 0.075 0.01640625
0 0.225 0.890625 0.07109375 0.01796875
0 0.03125 0.4828125 0.01484375 0.01640625
0 0.0265625 0.58359375 0.0203125 0.01796875
0 0.021875 0.6828125 0.02578125 0.01875