0 0.09375 0.34609375 0.1140625 0.0328125
0 0.253125 0.3421875 0.18359375 0.03359375
0 0.4359375 0.3390625 0.14765625 0.02890625
0 0.56796875 0.3359375 0.08515625 0.0265625
0 0.696875 0.33359375 0.14921875 0.03046875
0 0.21953125 0.39609375 0.36796875 0.040625
0 0.54375 0.38828125 0.1890625 0.03125
0 0.840625 0.43515625 0.14765625 0.03046875
0 0.1078125 0.525 0.10859375 0.02734375
0 0.27890625 0.5203125 0.2140625 0.03125
0 0.50234375 0.51796875 0.20546875 0.028125
0 0.6875 0.5140625 0.14296875 0.0265625
0 0.23359375 0.57265625 0.35703125 0.03671875
0 0.54609375 0.56484375 0.18515625 0.028125
0 0.83515625 0.609375 0.1421875 0.0296875
0 0.115625 0.69296875 0.11171875 0.0265625
0 0.28828125 0.690625 0.20625 0.028125
0 0.50390625 0.6859375 0.19921875 0.02734375
0 0.671875 0.684375 0.10390625 0.0234375
0 0.7640625 0.6828125 0.04921875 0.0234375
0 0.840625 0.6796875 0.078125 0.0265625
0 0.171875 0.7390625 0.2140625 0.02734375
0 0.4765625 0.73671875 0.37109375 0.03359375
0 0.78984375 0.72890625 0.1796875 0.02734375
0 0.8296875 0.7734375 0.13671875 0.0265625
0 0.421875 0.8578125 0.071875 0.03203125
0 0.48359375 0.85390625 0.01953125 0.021875
0 0.578125 0.8515625 0.146875 0.02734375
0 0.83125 0.846875 0.1328125 0.02578125