0 0.2125 0.525 0.13671875 0.03046875
0 0.3703125 0.525 0.10859375 0.0296875
0 0.23359375 0.5640625 0.19375 0.03125
0 0.4046875 0.56328125 0.08046875 0.0296875
0 0.1984375 0.60234375 0.10625 0.0296875
0 0.32578125 0.60234375 0.0765625 0.0296875
0 0.80078125 0.5234375 0.1734375 0.03359375
0 0.79453125 0.56484375 0.171875 0.03203125
0 0.80859375 0.64375 0.14140625 0.03203125
0 0.82890625 0.68359375 0.10859375 0.03203125
0 0.19609375 0.68125 0.1078125 0.0296875
0 0.41953125 0.72109375 0.1078125 0.03203125
0 0.57890625 0.721875 0.1359375 0.03125
0 0.2109375 0.759375 0.134375 0.03125
0 0.24140625 0.7984375 0.21875 0.0328125
0 0.22265625 0.83828125 0.165625 0.0328125
0 0.80078125 0.76328125 0.1703125 0.03203125
0 0.78125 0.803125 0.19921875 0.03515625
0 0.79921875 0.84375 0.1734375 0.0328125