0 0.1375 0.27109375 0.140625 0.034375
0 0.30078125 0.275 0.1359375 0.034375
0 0.14921875 0.31328125 0.16328125 0.03515625
0 0.81875 0.32265625 0.125 0.03828125
0 0.09140625 0.35390625 0.04765625 0.034375
0 0.21015625 0.35625 0.1390625 0.03671875
0 0.08671875 0.39609375 0.04140625 0.03203125
0 0.19453125 0.3984375 0.1125 0.034375
0 0.2984375 0.39921875 0.04140625 0.03203125
0 0.4109375 0.39921875 0.12734375 0.03359375
0 0.090625 0.43828125 0.053125 0.034375
0 0.21015625 0.43984375 0.1390625 0.03359375
0 0.0859375 0.4828125 0.05078125 0.034375
0 0.20859375 0.4828125 0.1453125 0.03359375
0 0.3328125 0.48203125 0.071875 0.03359375
0 0.13515625 0.525 0.13828125 0.034375
0 0.29765625 0.52265625 0.1359375 0.03359375
0 0.109375 0.5671875 0.1 0.03359375
0 0.27109375 0.565625 0.184375 0.0359375
0 0.4328125 0.5640625 0.08828125 0.034375
0 0.13125 0.61015625 0.14609375 0.034375
0 0.296875 0.60625 0.134375 0.034375
0 0.115625 0.6515625 0.1203125 0.03359375
0 0.2609375 0.6484375 0.1203125 0.034375
0 0.8234375 0.4015625 0.125 0.03203125
0 0.8203125 0.4828125 0.12734375 0.034375
0 0.11875 0.6953125 0.11953125 0.0390625
0 0.2703125 0.69140625 0.14140625 0.0375
0 0.1140625 0.7375 0.125 0.03828125
0 0.2578125 0.7359375 0.11953125 0.03671875
0 0.128125 0.78359375 0.1453125 0.03671875
0 0.30625 0.77734375 0.16484375 0.0390625
0 0.8390625 0.728125 0.1140625 0.03515625
0 0.82734375 0.81328125 0.1359375 0.034375
0 0.14765625 0.87109375 0.190625 0.0390625
0 0.85546875 0.853125 0.12890625 0.0390625
0 0.834375 0.8984375 0.1296875 0.0375
0 0.83359375 0.98046875 0.1359375 0.03359375
0 0.15 0.99140625 0.09609375 0.015625
0 0.8328125 0.5640625 0.109375 0.03671875
0 0.834375 0.64453125 0.11015625 0.0375
0 0.1 0.82890625 0.0984375 0.03828125
0 0.246875 0.82421875 0.1484375 0.0390625
0 0.20234375 0.91328125 0.21015625 0.040625