0 0.1890625 0.39921875 0.02109375 0.02734375
0 0.28359375 0.3984375 0.140625 0.03125
0 0.45625 0.39921875 0.17890625 0.02734375
0 0.81796875 0.4015625 0.13203125 0.0296875
0 0.4875 0.4796875 0.14609375 0.0265625
0 0.81640625 0.48203125 0.121875 0.03046875
0 0.82734375 0.52421875 0.09609375 0.0328125
0 0.5203125 0.51953125 0.05703125 0.028125
0 0.5015625 0.56953125 0.11484375 0.03046875
0 0.49375 0.609375 0.1171875 0.028125
0 0.4171875 0.6484375 0.09296875 0.03046875
0 0.51484375 0.65 0.07890625 0.0265625
0 0.43515625 0.6875 0.09140625 0.034375
0 0.52578125 0.69375 0.06015625 0.03515625
0 0.8 0.57265625 0.15703125 0.0328125
0 0.80078125 0.61484375 0.15546875 0.03515625
0 0.87421875 0.653125 0.015625 0.0265625
0 0.875 0.69609375 0.01328125 0.02734375