0 0.059375 0.45859375 0.08828125 0.0296875
0 0.165625 0.46328125 0.06015625 0.0265625
0 0.3 0.46328125 0.14296875 0.0296875
0 0.446875 0.46484375 0.08515625 0.028125
0 0.87578125 0.4671875 0.1734375 0.03203125
0 0.40703125 0.503125 0.1109375 0.0296875
0 0.559375 0.5046875 0.153125 0.0265625
0 0.24140625 0.54140625 0.48203125 0.0375
0 0.04296875 0.58046875 0.08515625 0.03125
0 0.17109375 0.58125 0.08046875 0.0296875
0 0.0734375 0.6234375 0.146875 0.04375
0 0.11484375 0.66953125 0.2296875 0.0390625
0 0.88046875 0.54609375 0.178125 0.03359375
0 0.8984375 0.5890625 0.153125 0.03125
0 0.8859375 0.63046875 0.18359375 0.03359375
0 0.88828125 0.6734375 0.18359375 0.03125