0 0.15390625 0.49609375 0.20234375 0.02109375
0 0.35703125 0.496875 0.14765625 0.01953125
0 0.078125 0.52421875 0.04140625 0.01796875
0 0.28515625 0.525 0.15 0.0203125
0 0.79296875 0.52734375 0.14453125 0.01796875
0 0.15 0.5828125 0.19375 0.0171875
0 0.66015625 0.5875 0.04765625 0.01953125
0 0.790625 0.5859375 0.13984375 0.0171875
0 0.68515625 0.61640625 0.04765625 0.02109375
0 0.80078125 0.615625 0.11484375 0.01875
0 0.08671875 0.61171875 0.0640625 0.0171875
0 0.240625 0.6125 0.159375 0.01953125
0 0.109375 0.6703125 0.1203125 0.01796875
0 0.6578125 0.675 0.04609375 0.01953125
0 0.7875 0.67421875 0.14453125 0.01796875
0 0.0953125 0.72890625 0.0984375 0.0171875
0 0.65625 0.7328125 0.04296875 0.02109375
0 0.7828125 0.73359375 0.14765625 0.01875
0 0.65625 0.7625 0.04609375 0.02109375
0 0.7828125 0.7625 0.14765625 0.01953125
0 0.12265625 0.759375 0.15 0.02265625