0 0.12265625 0.4953125 0.015625 0.02265625
0 0.1796875 0.496875 0.05859375 0.025
0 0.26796875 0.496875 0.07421875 0.02265625
0 0.121875 0.525 0.02421875 0.02421875
0 0.19140625 0.525 0.07421875 0.02265625
0 0.2859375 0.5546875 0.30625 0.0234375
0 0.1234375 0.5859375 0.01484375 0.02265625
0 0.18125 0.5859375 0.05234375 0.02265625
0 0.2859375 0.58515625 0.1109375 0.0234375
0 0.3953125 0.58515625 0.0546875 0.0234375
0 0.121875 0.6171875 0.0171875 0.02421875
0 0.1890625 0.615625 0.07109375 0.02265625
0 0.29765625 0.615625 0.09296875 0.021875
0 0.12265625 0.646875 0.02109375 0.0234375
0 0.21875 0.646875 0.13203125 0.02421875
0 0.3765625 0.646875 0.1328125 0.02265625
0 0.51171875 0.646875 0.09296875 0.02265625
0 0.628125 0.6484375 0.09375 0.02421875
0 0.82578125 0.646875 0.1328125 0.02421875
0 0.21171875 0.678125 0.1453125 0.02265625
0 0.21015625 0.7078125 0.1125 0.0234375
0 0.221875 0.7390625 0.1328125 0.02578125
0 0.36953125 0.73984375 0.115625 0.0265625
0 0.1828125 0.76953125 0.0546875 0.02421875
0 0.83671875 0.4953125 0.1109375 0.02265625
0 0.834375 0.5265625 0.115625 0.0234375
0 0.7 0.5546875 0.11484375 0.0234375
0 0.8359375 0.5859375 0.11328125 0.02421875
0 0.83671875 0.615625 0.11484375 0.02421875
0 0.6890625 0.678125 0.1328125 0.02265625
0 0.82578125 0.7078125 0.1328125 0.0234375
0 0.8359375 0.7375 0.11328125 0.02265625
0 0.8359375 0.76796875 0.11328125 0.02265625
0 0.24921875 0.82734375 0.18828125 0.02265625
0 0.75625 0.82890625 0.2671875 0.02265625