0 0.175 0.4609375 0.209375 0.021875
0 0.384375 0.459375 0.153125 0.01953125
0 0.10234375 0.48828125 0.04609375 0.0171875
0 0.3109375 0.4859375 0.14765625 0.01640625
0 0.828125 0.4859375 0.14453125 0.01484375
0 0.11953125 0.52265625 0.1046875 0.01640625
0 0.253125 0.52265625 0.1015625 0.01484375
0 0.0921875 0.5484375 0.03984375 0.01640625
0 0.3046875 0.5484375 0.14921875 0.01640625
0 0.8375 0.54375 0.14921875 0.0171875
0 0.7078125 0.6 0.0515625 0.0203125
0 0.84375 0.59765625 0.16171875 0.01953125
0 0.73828125 0.6296875 0.05 0.021875
0 0.86171875 0.6265625 0.1359375 0.0203125
0 0.16015625 0.60234375 0.209375 0.01875
0 0.0921875 0.63125 0.07421875 0.0171875
0 0.25703125 0.63125 0.1734375 0.01953125
0 0.1109375 0.690625 0.121875 0.01953125
0 0.715625 0.6890625 0.05703125 0.02109375
0 0.85390625 0.68671875 0.16875 0.01953125
0 0.71640625 0.71875 0.0515625 0.021875
0 0.859375 0.715625 0.16484375 0.02109375
0 0.11015625 0.721875 0.1375 0.01875