0 0.20859375 0.4515625 0.01171875 0.021875
0 0.30859375 0.45078125 0.1359375 0.0234375
0 0.44453125 0.45078125 0.0921875 0.021875
0 0.20859375 0.4828125 0.01171875 0.021875
0 0.32890625 0.48125 0.1734375 0.02421875
0 0.503125 0.48046875 0.13046875 0.0234375
0 0.62578125 0.478125 0.07421875 0.0203125
0 0.84140625 0.44453125 0.0953125 0.02734375
0 0.8359375 0.475 0.109375 0.02578125
0 0.33984375 0.55390625 0.190625 0.04375
0 0.77734375 0.54765625 0.22109375 0.0515625
0 0.83984375 0.58203125 0.1140625 0.025
0 0.28359375 0.59296875 0.07890625 0.0234375
0 0.359375 0.63515625 0.2296875 0.0484375
0 0.78515625 0.62734375 0.225 0.0515625