0 0.075 0.27265625 0.053125 0.0296875
0 0.18203125 0.27734375 0.1171875 0.03125
0 0.075 0.31171875 0.053125 0.03125
0 0.16875 0.31328125 0.09140625 0.0296875
0 0.3 0.31640625 0.11171875 0.03125
0 0.09921875 0.35 0.09609375 0.03203125
0 0.26484375 0.35390625 0.18359375 0.03203125
0 0.071875 0.38828125 0.05625 0.03359375
0 0.184375 0.38828125 0.1171875 0.0296875
0 0.11015625 0.425 0.121875 0.03125
0 0.221875 0.425 0.04296875 0.02890625
0 0.36796875 0.4265625 0.2 0.02890625
0 0.09765625 0.4640625 0.109375 0.03515625
0 0.26484375 0.4625 0.18046875 0.03125
0 0.07734375 0.5 0.05625 0.03125
0 0.18515625 0.5 0.11796875 0.0296875
0 0.1453125 0.53828125 0.20703125 0.03828125
0 0.33828125 0.53515625 0.1328125 0.03125
0 0.45078125 0.534375 0.040625 0.02890625
0 0.1046875 0.578125 0.10234375 0.03515625
0 0.26796875 0.5734375 0.184375 0.03359375
0 0.084375 0.6140625 0.0625 0.0375
0 0.1984375 0.6125 0.14140625 0.03359375
0 0.125 0.65078125 0.153125 0.03125
0 0.24765625 0.64765625 0.04296875 0.03046875
0 0.35078125 0.6453125 0.11015625 0.03359375
0 0.15390625 0.69140625 0.19609375 0.0390625
0 0.10234375 0.73203125 0.10546875 0.0375
0 0.26796875 0.725 0.18984375 0.0375
0 0.2109375 0.7671875 0.21484375 0.0390625
0 0.834375 0.31640625 0.11328125 0.02890625
0 0.86796875 0.35 0.08984375 0.03203125
0 0.83828125 0.42421875 0.11328125 0.0296875
0 0.87421875 0.46015625 0.08984375 0.0296875
0 0.84453125 0.534375 0.115625 0.03359375
0 0.87421875 0.56953125 0.09765625 0.0296875
0 0.8375 0.6421875 0.14296875 0.03359375
0 0.8609375 0.68125 0.14296875 0.0328125
0 0.86484375 0.71953125 0.1375 0.03359375
0 0.84140625 0.75703125 0.14296875 0.03359375
0 0.8453125 0.83203125 0.140625 0.03671875
0 0.17578125 0.8453125 0.1375 0.03828125
0 0.84765625 0.9078125 0.14296875 0.0375
0 0.1578125 0.925 0.10234375 0.03671875
0 0.31171875 0.9140625 0.16796875 0.04140625
0 0.46484375 0.9078125 0.1 0.0375