0 0.146875 0.53359375 0.03671875 0.0328125
0 0.3109375 0.5296875 0.20703125 0.03359375
0 0.84921875 0.53359375 0.2109375 0.03359375
0 0.5765625 0.571875 0.0265625 0.0296875
0 0.665625 0.575 0.0609375 0.0296875
0 0.3375 0.61796875 0.26796875 0.0375
0 0.2515625 0.6640625 0.096875 0.03203125
0 0.290625 0.70625 0.16953125 0.03359375
0 0.27265625 0.75 0.1390625 0.034375
0 0.30703125 0.79609375 0.20703125 0.03359375
0 0.84921875 0.62265625 0.21328125 0.034375
0 0.86640625 0.6671875 0.17265625 0.03359375
0 0.734375 0.709375 0.41796875 0.0390625
0 0.83046875 0.7546875 0.23984375 0.03671875
0 0.84453125 0.79609375 0.20703125 0.0296875