0 0.178125 0.39453125 0.1953125 0.02109375
0 0.7703125 0.39765625 0.16171875 0.0265625
0 0.1921875 0.428125 0.22109375 0.02421875
0 0.10703125 0.459375 0.04921875 0.0203125
0 0.20859375 0.45859375 0.1171875 0.02421875
0 0.20859375 0.49140625 0.2515625 0.028125
0 0.29609375 0.52578125 0.4328125 0.02578125
0 0.171875 0.55703125 0.1859375 0.02578125
0 0.315625 0.55546875 0.08046875 0.0234375
0 0.5875 0.46015625 0.0171875 0.02109375
0 0.76640625 0.46015625 0.1578125 0.025
0 0.778125 0.55703125 0.13984375 0.0265625
0 0.76875 0.60546875 0.16171875 0.0265625
0 0.78203125 0.6421875 0.13671875 0.0265625
0 0.78359375 0.6734375 0.13671875 0.0265625
0 0.12421875 0.6046875 0.0796875 0.02109375
0 0.225 0.6046875 0.09765625 0.021875
0 0.15546875 0.6375 0.13984375 0.02265625
0 0.11875 0.6671875 0.0671875 0.02109375
0 0.16796875 0.70078125 0.165625 0.02109375
0 0.15390625 0.75625 0.14296875 0.02109375
0 0.7734375 0.75859375 0.16484375 0.02734375
0 0.1296875 0.7890625 0.09765625 0.02265625
0 0.77421875 0.7984375 0.16640625 0.02734375
0 0.1921875 0.84921875 0.22890625 0.03046875
0 0.84140625 0.8546875 0.02734375 0.0265625
0 0.58515625 0.39609375 0.0203125 0.02109375
0 0.83984375 0.70546875 0.0265625 0.02421875