0 0.82578125 0.42109375 0.12578125 0.0203125
0 0.825 0.44609375 0.12421875 0.01953125
0 0.825 0.4703125 0.12734375 0.02109375
0 0.828125 0.49609375 0.12265625 0.01953125
0 0.8296875 0.52109375 0.12578125 0.01953125
0 0.8296875 0.54609375 0.12578125 0.01953125
0 0.08671875 0.4203125 0.0609375 0.01484375
0 0.31328125 0.42109375 0.2546875 0.015625
0 0.084375 0.44609375 0.06328125 0.015625
0 0.28125 0.44609375 0.1890625 0.015625
0 0.45546875 0.4453125 0.10234375 0.015625
0 0.08828125 0.471875 0.0609375 0.015625
0 0.25 0.47109375 0.12578125 0.015625
0 0.37109375 0.47109375 0.05625 0.015625
0 0.47734375 0.4703125 0.1046875 0.01484375
0 0.084375 0.49609375 0.06328125 0.01640625
0 0.25 0.49609375 0.12578125 0.01484375
0 0.38984375 0.49453125 0.1046875 0.01484375
0 0.084375 0.52109375 0.06328125 0.0171875
0 0.2609375 0.5203125 0.15078125 0.01640625
0 0.4109375 0.5203125 0.10625 0.015625
0 0.08671875 0.54765625 0.0609375 0.01484375
0 0.31484375 0.546875 0.25859375 0.0171875
0 0.8203125 0.59609375 0.14765625 0.01796875
0 0.83046875 0.62265625 0.12734375 0.0203125
0 0.28125 0.59609375 0.06328125 0.01640625
0 0.3921875 0.59609375 0.10234375 0.01484375
0 0.28125 0.62265625 0.06328125 0.015625
0 0.303125 0.6828125 0.10625 0.03203125
0 0.825 0.684375 0.15078125 0.0390625
0 0.103125 0.80703125 0.1109375 0.0328125
0 0.2265625 0.80625 0.0890625 0.03125
0 0.82578125 0.8484375 0.14921875 0.04140625
0 0.115625 0.91796875 0.0828125 0.0140625
0 0.19453125 0.91640625 0.01484375 0.01328125
0 0.325 0.91640625 0.14375 0.02109375