0 0.10703125 0.36953125 0.07734375 0.02421875
0 0.2421875 0.36953125 0.12890625 0.0265625
0 0.45703125 0.37265625 0.23671875 0.03046875
0 0.4734375 0.40625 0.159375 0.02734375
0 0.15 0.4390625 0.15546875 0.0234375
0 0.309375 0.440625 0.1 0.0265625
0 0.45625 0.43984375 0.13671875 0.028125
0 0.4734375 0.4734375 0.15546875 0.025
0 0.08203125 0.40625 0.028125 0.025
0 0.8515625 0.4046875 0.15703125 0.02265625
0 0.08828125 0.47421875 0.0171875 0.0234375
0 0.85 0.4734375 0.15546875 0.02109375
0 0.14140625 0.509375 0.1265625 0.0265625
0 0.278125 0.509375 0.0796875 0.0265625
0 0.0890625 0.54296875 0.01875 0.0234375
0 0.4875 0.54140625 0.1234375 0.0234375
0 0.853125 0.54140625 0.15 0.0234375
0 0.103125 0.57734375 0.04375 0.0234375
0 0.2328125 0.578125 0.1515625 0.03046875
0 0.40703125 0.57578125 0.12890625 0.02421875
0 0.478125 0.60859375 0.15 0.0234375
0 0.15703125 0.64453125 0.1515625 0.02890625
0 0.3140625 0.64453125 0.09453125 0.0234375
0 0.4875 0.64453125 0.1796875 0.02890625
0 0.47890625 0.6765625 0.1515625 0.02109375
0 0.090625 0.6125 0.01484375 0.02109375
0 0.85390625 0.609375 0.1515625 0.02109375
0 0.85 0.675 0.15546875 0.02109375
0 0.8421875 0.74453125 0.17578125 0.025
0 0.1828125 0.7453125 0.20234375 0.028125
0 0.1421875 0.78515625 0.125 0.02890625
0 0.14140625 0.81796875 0.1234375 0.03125
0 0.84765625 0.815625 0.1796875 0.025
0 0.13828125 0.8921875 0.12109375 0.02421875
0 0.1953125 0.92578125 0.2421875 0.02890625
0 0.8515625 0.88828125 0.1796875 0.025
0 0.86484375 0.9234375 0.153125 0.025
0 0.0953125 0.67890625 0.0171875 0.02734375