0 0.05390625 0.4421875 0.0203125 0.028125
0 0.2078125 0.45234375 0.153125 0.03203125
0 0.34609375 0.45859375 0.08359375 0.025
0 0.44375 0.46171875 0.04921875 0.02421875
0 0.053125 0.475 0.01953125 0.028125
0 0.2015625 0.48203125 0.14609375 0.028125
0 0.3546875 0.4890625 0.10546875 0.02578125
0 0.465625 0.4921875 0.04921875 0.02421875
0 0.05 0.50703125 0.01640625 0.0265625
0 0.1828125 0.5125 0.10859375 0.0265625
0 0.325 0.51796875 0.1296875 0.0265625
0 0.44375 0.52109375 0.04921875 0.02421875
0 0.853125 0.4578125 0.134375 0.021875
0 0.85625 0.4875 0.1328125 0.02109375
0 0.85703125 0.51640625 0.1359375 0.021875
0 0.86015625 0.58828125 0.1328125 0.04609375
0 0.53359375 0.6 0.10625 0.02265625
0 0.07265625 0.66171875 0.08828125 0.025
0 0.1046875 0.69296875 0.15625 0.02265625
0 0.85078125 0.66328125 0.1546875 0.021875
0 0.8625 0.69453125 0.1328125 0.021875