0 0.15625 0.33359375 0.12890625 0.0140625
0 0.31484375 0.33359375 0.1265625 0.0140625
0 0.44765625 0.334375 0.0640625 0.01640625
0 0.653125 0.334375 0.1953125 0.01640625
0 0.246875 0.3546875 0.259375 0.01328125
0 0.0203125 0.37421875 0.01328125 0.01171875
0 0.15625 0.375 0.12890625 0.0140625
0 0.27578125 0.375 0.0484375 0.0125
0 0.35546875 0.375 0.0484375 0.0140625
0 0.44609375 0.37578125 0.07421875 0.0140625
0 0.6578125 0.37734375 0.17734375 0.01640625
0 0.24765625 0.396875 0.2609375 0.01328125
0 0.1421875 0.41796875 0.1015625 0.0125
0 0.2484375 0.41796875 0.0484375 0.0140625
0 0.38203125 0.415625 0.15234375 0.01640625
0 0.65859375 0.41875 0.17578125 0.01796875
0 0.2453125 0.43984375 0.25703125 0.0140625
0 0.15390625 0.46015625 0.12890625 0.01171875
0 0.32578125 0.46171875 0.15234375 0.0140625
0 0.45703125 0.4625 0.0484375 0.0125
0 0.01875 0.46171875 0.01328125 0.0125
0 0.66875 0.46328125 0.15234375 0.01640625
0 0.24375 0.48203125 0.2609375 0.0125
0 0.1390625 0.50390625 0.103125 0.0140625
0 0.29921875 0.5046875 0.15390625 0.01328125
0 0.45703125 0.503125 0.103125 0.01171875
0 0.24375 0.525 0.2609375 0.01328125
0 0.66875 0.5046875 0.15234375 0.01640625
0 0.66640625 0.54765625 0.15625 0.01796875
0 0.65859375 0.56953125 0.1796875 0.01640625
0 0.1234375 0.54609375 0.07578125 0.0140625
0 0.2328125 0.54609375 0.071875 0.0125
0 0.409375 0.54765625 0.15234375 0.0171875
0 0.0125 0.56796875 0.01328125 0.0125
0 0.1390625 0.56796875 0.09921875 0.0125
0 0.29609375 0.56796875 0.15625 0.0125
0 0.4421875 0.56796875 0.07421875 0.0125
0 0.15 0.58984375 0.08203125 0.0140625
0 0.271875 0.5890625 0.103125 0.01328125
0 0.13125 0.6109375 0.103125 0.01328125
0 0.24140625 0.6109375 0.05078125 0.01171875
0 0.37421875 0.6109375 0.16015625 0.01640625
0 0.65625 0.6125 0.17734375 0.01875
0 0.23984375 0.63359375 0.26875 0.01328125
0 0.115625 0.65625 0.07578125 0.0125
0 0.26328125 0.6546875 0.16015625 0.015625
0 0.42578125 0.65546875 0.103125 0.01328125
0 0.6703125 0.65625 0.1640625 0.01796875
0 0.66953125 0.67890625 0.15390625 0.0171875
0 0.6703125 0.70234375 0.16015625 0.01875
0 0.0078125 0.65625 0.015625 0.0140625
0 0.13046875 0.678125 0.1015625 0.01328125
0 0.2515625 0.67734375 0.07421875 0.0125
0 0.16796875 0.7 0.1875 0.01484375
0 0.3296875 0.7 0.07421875 0.01328125
0 0.15234375 0.721875 0.1171875 0.0171875
0 0.2640625 0.721875 0.04453125 0.0125
0 0.0078125 0.74453125 0.015625 0.01328125
0 0.12265625 0.74453125 0.09765625 0.01484375
0 0.27578125 0.74453125 0.13046875 0.01484375
0 0.4828125 0.746875 0.15390625 0.01796875
0 0.6703125 0.74765625 0.16015625 0.01796875
0 0.1234375 0.78828125 0.103125 0.0125
0 0.65625 0.7921875 0.1890625 0.01875
0 0.66953125 0.8140625 0.16171875 0.01796875
0 0.66875 0.8375 0.16015625 0.0171875
0 0.63046875 0.859375 0.23984375 0.01875
0 0.66875 0.88203125 0.16015625 0.0171875
0 0.65625 0.90390625 0.18515625 0.015625
0 0.1921875 0.8109375 0.23984375 0.01640625
0 0.15 0.83359375 0.16015625 0.01484375
0 0.17578125 0.85546875 0.21015625 0.01640625
0 0.1625 0.878125 0.1890625 0.01640625
0 0.3671875 0.87890625 0.16171875 0.0171875
0 0.10703125 0.89921875 0.07421875 0.0140625
0 0.21953125 0.9 0.071875 0.01484375
0 0.11875 0.9296875 0.1015625 0.02734375
0 0.47734375 0.93359375 0.4796875 0.03671875
0 0.0234375 0.3328125 0.01953125 0.01328125
0 0.02109375 0.41875 0.01953125 0.01328125
0 0.0171875 0.50390625 0.01953125 0.015625
0 0.01875 0.54609375 0.025 0.0140625
0 0.0109375 0.6109375 0.0171875 0.01484375
0 0.00625 0.678125 0.0125 0.015625
0 0.0078125 0.7 0.015625 0.01328125