0 0.06484375 0.34765625 0.01875 0.02109375
0 0.18984375 0.35 0.178125 0.01875
0 0.375 0.35 0.1515625 0.01875
0 0.0703125 0.371875 0.0203125 0.0203125
0 0.16796875 0.37265625 0.1375 0.02265625
0 0.2921875 0.37265625 0.05703125 0.02265625
0 0.38203125 0.3703125 0.06875 0.01953125
0 0.06484375 0.39296875 0.01875 0.01875
0 0.1421875 0.3953125 0.0859375 0.021875
0 0.23046875 0.39296875 0.04375 0.0203125
0 0.3125 0.3921875 0.0640625 0.0203125
0 0.39765625 0.39296875 0.0625 0.021875
0 0.06953125 0.41640625 0.01875 0.02265625
0 0.21484375 0.4171875 0.221875 0.02421875
0 0.36953125 0.41640625 0.03671875 0.02109375
0 0.8203125 0.35 0.12734375 0.02109375
0 0.825 0.36875 0.12734375 0.02421875
0 0.82265625 0.390625 0.1296875 0.021875
0 0.8265625 0.4109375 0.12734375 0.02109375
0 0.1953125 0.45859375 0.178125 0.01875
0 0.175 0.48046875 0.1515625 0.02109375
0 0.1375 0.49921875 0.0640625 0.0203125
0 0.8203125 0.45625 0.1515625 0.02421875
0 0.83046875 0.478125 0.134375 0.02421875
0 0.8328125 0.49921875 0.1296875 0.0234375
0 0.2125 0.54765625 0.2203125 0.0203125
0 0.1546875 0.56953125 0.1078125 0.0203125
0 0.27734375 0.56953125 0.090625 0.0203125
0 0.37734375 0.56796875 0.01171875 0.015625
0 0.7453125 0.5453125 0.30390625 0.02578125
0 0.690625 0.56640625 0.1078125 0.021875
0 0.80234375 0.56640625 0.0625 0.02265625
0 0.8921875 0.5640625 0.0234375 0.01796875