0 0.19921875 0.52421875 0.14375 0.0359375
0 0.33125 0.51796875 0.071875 0.02890625
0 0.4140625 0.5140625 0.040625 0.03125
0 0.82890625 0.49921875 0.10546875 0.0328125
0 0.46015625 0.553125 0.115625 0.03515625
0 0.32578125 0.60078125 0.38515625 0.04453125
0 0.16953125 0.6484375 0.0703125 0.03125
0 0.27109375 0.64375 0.0671875 0.03125
0 0.19921875 0.68984375 0.1203125 0.0328125
0 0.23671875 0.73046875 0.1921875 0.0375
0 0.8375 0.58046875 0.1109375 0.0328125
0 0.86640625 0.61953125 0.065625 0.02734375
0 0.83828125 0.66171875 0.1359375 0.0296875
0 0.84609375 0.7015625 0.14375 0.03203125