0 0.096875 0.55390625 0.084375 0.021875
0 0.24375 0.55078125 0.15546875 0.01875
0 0.4453125 0.55234375 0.1046875 0.0234375
0 0.88125 0.54921875 0.13671875 0.0265625
0 0.13984375 0.6109375 0.1828125 0.01796875
0 0.88828125 0.6078125 0.134375 0.028125
0 0.121875 0.67109375 0.159375 0.0203125
0 0.2671875 0.67109375 0.07109375 0.02421875
0 0.9046875 0.67109375 0.11171875 0.0265625
0 0.0765625 0.76484375 0.0734375 0.021875
0 0.18203125 0.76484375 0.09453125 0.02109375
0 0.31015625 0.7640625 0.115625 0.02109375
0 0.896875 0.7640625 0.13828125 0.025
0 0.096875 0.82890625 0.11328125 0.02734375
0 0.89921875 0.82578125 0.134375 0.025