0 0.22109375 0.5078125 0.090625 0.0390625
0 0.35 0.5078125 0.1078125 0.03515625
0 0.5265625 0.50859375 0.16640625 0.03671875
0 0.75078125 0.509375 0.221875 0.03515625
0 0.94296875 0.51171875 0.10625 0.03125
0 0.22265625 0.5609375 0.0125 0.02890625
0 0.5515625 0.56171875 0.16328125 0.03515625
0 0.91640625 0.5640625 0.159375 0.03125
0 0.1046875 0.67421875 0.1421875 0.0390625
0 0.3046875 0.671875 0.18828125 0.04453125
0 0.79765625 0.66953125 0.15625 0.02890625
0 0.1015625 0.859375 0.13671875 0.03671875
0 0.77109375 0.86953125 0.17734375 0.0328125
0 0.14453125 0.934375 0.17578125 0.01953125
0 0.78828125 0.94453125 0.12265625 0.02109375