0 0.0578125 0.571875 0.07578125 0.0234375
0 0.17734375 0.571875 0.1140625 0.0265625
0 0.3046875 0.571875 0.0171875 0.025
0 0.05390625 0.60546875 0.071875 0.025
0 0.165625 0.6046875 0.09609375 0.025
0 0.2859375 0.6046875 0.0140625 0.025
0 0.0453125 0.640625 0.05625 0.0234375
0 0.1453125 0.640625 0.09453125 0.0234375
0 0.27421875 0.640625 0.11171875 0.02578125
0 0.4046875 0.6390625 0.0140625 0.0234375
0 0.8734375 0.5671875 0.1140625 0.02421875
0 0.88359375 0.60078125 0.09453125 0.025
0 0.88359375 0.63515625 0.09453125 0.02265625
0 0.09296875 0.7109375 0.1578125 0.02890625
0 0.03828125 0.74609375 0.05078125 0.02578125
0 0.13984375 0.74765625 0.09140625 0.03125
0 0.109375 0.7828125 0.20078125 0.02890625
0 0.87734375 0.70390625 0.11171875 0.0234375
0 0.8890625 0.7390625 0.09375 0.02265625
0 0.93046875 0.7734375 0.01171875 0.02421875
0 0.05859375 0.8546875 0.1 0.02890625
0 0.88515625 0.8453125 0.11171875 0.025