0 0.13125 0.6296875 0.246875 0.02734375
0 0.328125 0.6265625 0.08828125 0.021875
0 0.28515625 0.67109375 0.190625 0.034375
0 0.490625 0.66640625 0.04296875 0.02578125
0 0.79375 0.66875 0.18203125 0.02890625
0 0.06328125 0.75234375 0.1046875 0.02578125
0 0.19609375 0.75234375 0.10703125 0.02578125
0 0.75078125 0.83359375 0.1765625 0.02734375
0 0.0734375 0.83359375 0.12578125 0.02734375
0 0.0578125 0.8734375 0.08828125 0.0234375
0 0.115625 0.9125 0.19296875 0.0328125
0 0.83515625 0.91640625 0.20078125 0.02890625
0 0.865625 0.95625 0.1390625 0.02890625
0 0.09765625 0.95234375 0.1578125 0.02578125
0 0.50390625 0.75078125 0.02109375 0.02890625