0 0.19140625 0.5109375 0.01640625 0.02734375
0 0.26796875 0.5109375 0.103125 0.02890625
0 0.39609375 0.50859375 0.13515625 0.02890625
0 0.79296875 0.5140625 0.12109375 0.034375
0 0.47890625 0.59296875 0.13515625 0.02734375
0 0.79296875 0.5984375 0.11640625 0.03203125
0 0.80390625 0.64140625 0.09453125 0.0328125
0 0.5125 0.6359375 0.06171875 0.0265625
0 0.48984375 0.6859375 0.10546875 0.0328125
0 0.46953125 0.7265625 0.146875 0.02890625
0 0.7765625 0.6921875 0.1484375 0.0359375
0 0.77734375 0.734375 0.15 0.0359375
0 0.4859375 0.50859375 0.02265625 0.02890625