0 0.7796875 0.44375 0.13359375 0.02578125
0 0.76796875 0.4828125 0.159375 0.02734375
0 0.78125 0.52109375 0.13359375 0.028125
0 0.1453125 0.44375 0.13828125 0.0234375
0 0.29765625 0.44375 0.13828125 0.025
0 0.525 0.44296875 0.015625 0.021875
0 0.10625 0.48203125 0.06328125 0.02109375
0 0.2171875 0.48203125 0.1203125 0.02109375
0 0.16640625 0.521875 0.18671875 0.021875
0 0.52734375 0.51953125 0.0203125 0.02421875
0 0.18046875 0.55625 0.2109375 0.02421875
0 0.146875 0.5921875 0.15234375 0.02421875
0 0.2515625 0.62734375 0.353125 0.02578125
0 0.52734375 0.6265625 0.0203125 0.02421875
0 0.784375 0.62734375 0.13828125 0.028125
0 0.775 0.7171875 0.1625 0.028125
0 0.7890625 0.75703125 0.13828125 0.02734375
0 0.78828125 0.79609375 0.1390625 0.02734375
0 0.10625 0.7203125 0.07734375 0.021875
0 0.21328125 0.7203125 0.09921875 0.025
0 0.140625 0.7609375 0.14921875 0.025
0 0.10234375 0.79765625 0.0734375 0.025
0 0.15390625 0.83125 0.175 0.021875
0 0.15625 0.8921875 0.1796875 0.03046875
0 0.7640625 0.89375 0.1921875 0.0359375
0 0.525 0.48203125 0.021875 0.02421875
0 0.084375 0.665625 0.0328125 0.02734375
0 0.846875 0.82890625 0.02421875 0.02734375