0 0.7640625 0.44453125 0.1265625 0.0265625
0 0.7546875 0.48125 0.14765625 0.02578125
0 0.18046875 0.4484375 0.125 0.02265625
0 0.3203125 0.44765625 0.12734375 0.021875
0 0.5265625 0.44765625 0.01875 0.01953125
0 0.14921875 0.4859375 0.0546875 0.0203125
0 0.25 0.4859375 0.1140625 0.02109375
0 0.52578125 0.484375 0.0171875 0.02109375
0 0.20625 0.52109375 0.16484375 0.02109375
0 0.52734375 0.51953125 0.0171875 0.021875
0 0.76640625 0.5171875 0.12890625 0.02578125
0 0.2171875 0.55390625 0.1875 0.021875
0 0.18828125 0.58671875 0.134375 0.02109375
0 0.2796875 0.61796875 0.31484375 0.025
0 0.52578125 0.61640625 0.01171875 0.0203125
0 0.775 0.615625 0.13046875 0.02734375
0 0.7703125 0.703125 0.159375 0.0265625
0 0.78359375 0.7421875 0.1359375 0.02734375
0 0.78828125 0.78203125 0.13671875 0.02734375
0 0.84609375 0.8140625 0.0203125 0.02265625
0 0.1453125 0.70546875 0.0734375 0.02109375
0 0.2390625 0.70390625 0.08359375 0.02265625
0 0.17265625 0.74140625 0.1328125 0.02265625
0 0.1390625 0.77890625 0.06484375 0.02421875
0 0.18359375 0.81171875 0.16484375 0.025
0 0.18203125 0.87421875 0.1703125 0.0328125
0 0.76640625 0.88359375 0.1984375 0.03984375
0 0.1296875 0.65390625 0.028125 0.02578125