0 0.83046875 0.52734375 0.14140625 0.03046875
0 0.10390625 0.53984375 0.025 0.02265625
0 0.19453125 0.53828125 0.08203125 0.02421875
0 0.28671875 0.5359375 0.05703125 0.021875
0 0.35 0.534375 0.02265625 0.01953125
0 0.41171875 0.534375 0.059375 0.02421875
0 0.20859375 0.575 0.0625 0.03046875
0 0.3 0.56796875 0.08046875 0.025
0 0.2109375 0.609375 0.05859375 0.02578125
0 0.30078125 0.6046875 0.08203125 0.025
0 0.2171875 0.6453125 0.05859375 0.028125
0 0.325 0.6359375 0.12265625 0.02578125
0 0.50390625 0.6984375 0.18359375 0.0296875
0 0.55390625 0.728125 0.075 0.021875
0 0.83125 0.7 0.125 0.02890625
0 0.83984375 0.73515625 0.103125 0.0296875
0 0.478125 0.8109375 0.15078125 0.0484375
0 0.83671875 0.81953125 0.15078125 0.0546875
0 0.85859375 0.86953125 0.10625 0.0296875
0 0.58359375 0.85859375 0.0953125 0.0203125
0 0.87265625 0.55859375 0.02265625 0.0234375
0 0.87265625 0.59140625 0.02265625 0.021875
0 0.87265625 0.62734375 0.02265625 0.02265625