0 0.1203125 0.746875 0.1140625 0.01796875
0 0.24453125 0.746875 0.096875 0.0171875
0 0.31328125 0.74609375 0.028125 0.01875
0 0.6546875 0.7484375 0.01640625 0.0171875
0 0.8859375 0.7515625 0.12109375 0.02109375
0 0.15390625 0.78125 0.07421875 0.0171875
0 0.2703125 0.78125 0.125 0.01875
0 0.6546875 0.78359375 0.01484375 0.0171875
0 0.94140625 0.784375 0.021875 0.01796875
0 0.2484375 0.815625 0.09921875 0.01875
0 0.36484375 0.8171875 0.10546875 0.01953125
0 0.94140625 0.81953125 0.02109375 0.0171875
0 0.11171875 0.86484375 0.12265625 0.01953125
0 0.2 0.86640625 0.01875 0.01640625
0 0.8859375 0.871875 0.12109375 0.021875
0 0.08203125 0.89921875 0.06171875 0.0171875
0 0.19921875 0.9015625 0.134375 0.01875
0 0.89453125 0.90546875 0.1 0.02421875
0 0.0921875 0.9328125 0.090625 0.0203125
0 0.88203125 0.9390625 0.12109375 0.01875
0 0.0921875 0.96484375 0.07890625 0.01640625
0 0.88046875 0.97109375 0.1203125 0.01875
0 0.6546875 0.81875 0.021875 0.01953125
0 0.13671875 0.81796875 0.04609375 0.025