0 0.20859375 0.4546875 0.0234375 0.02421875
0 0.28828125 0.4546875 0.09609375 0.02265625
0 0.41640625 0.45234375 0.1125 0.021875
0 0.54375 0.45234375 0.0953125 0.021875
0 0.66328125 0.453125 0.09609375 0.02265625
0 0.20859375 0.4859375 0.02109375 0.0234375
0 0.328125 0.484375 0.17265625 0.021875
0 0.484375 0.48359375 0.0921875 0.021875
0 0.20859375 0.515625 0.015625 0.021875
0 0.27734375 0.515625 0.0765625 0.02265625
0 0.42578125 0.51328125 0.17265625 0.021875
0 0.5765625 0.5140625 0.0765625 0.02265625
0 0.209375 0.54765625 0.01953125 0.021875
0 0.328125 0.5453125 0.17578125 0.02421875
0 0.496875 0.54453125 0.1171875 0.02265625
0 0.8625 0.4546875 0.125 0.02421875
0 0.86328125 0.48671875 0.125 0.025
0 0.8640625 0.51875 0.12109375 0.02421875
0 0.8625 0.55 0.1265625 0.0265625
0 0.33671875 0.61796875 0.19296875 0.04375
0 0.80234375 0.62421875 0.25078125 0.05078125
0 0.85703125 0.665625 0.14609375 0.028125
0 0.28046875 0.6578125 0.08046875 0.0234375
0 0.35625 0.69765625 0.23203125 0.04609375
0 0.82578125 0.71015625 0.20546875 0.05234375