0 0.0890625 0.50625 0.015625 0.0171875
0 0.184375 0.5046875 0.125 0.01875
0 0.31484375 0.50390625 0.084375 0.01640625
0 0.41796875 0.50234375 0.06953125 0.0171875
0 0.8390625 0.496875 0.134375 0.01640625
0 0.090625 0.53828125 0.0171875 0.01875
0 0.190625 0.5390625 0.13671875 0.021875
0 0.32578125 0.53515625 0.084375 0.01640625
0 0.4375 0.534375 0.084375 0.0171875
0 0.5390625 0.53125 0.06953125 0.0171875
0 0.840625 0.52890625 0.13515625 0.015625
0 0.0921875 0.56953125 0.015625 0.01875
0 0.1984375 0.57109375 0.15078125 0.021875
0 0.396875 0.56640625 0.1984375 0.01953125
0 0.57265625 0.5640625 0.103125 0.01875
0 0.8421875 0.55859375 0.13515625 0.0171875
0 0.196875 0.60078125 0.14296875 0.01875
0 0.3328125 0.5984375 0.08203125 0.0171875
0 0.50390625 0.59609375 0.21328125 0.0203125
0 0.09375 0.6140625 0.0140625 0.0171875
0 0.84375 0.603125 0.13515625 0.0171875
0 0.22578125 0.62734375 0.20390625 0.02421875
0 0.20546875 0.659375 0.15390625 0.02421875
0 0.37734375 0.65703125 0.1421875 0.02265625
0 0.546875 0.653125 0.1484375 0.02265625
0 0.096875 0.675 0.015625 0.01875
0 0.22734375 0.684375 0.196875 0.0203125
0 0.8453125 0.65859375 0.1375 0.0171875
0 0.12890625 0.7515625 0.0765625 0.01875
0 0.24375 0.7484375 0.10625 0.0171875
0 0.8359375 0.734375 0.16171875 0.01796875
0 0.18515625 0.78359375 0.184375 0.0203125
0 0.890625 0.76796875 0.05078125 0.0203125
0 0.17265625 0.8140625 0.15859375 0.01953125
0 0.8515625 0.796875 0.1375 0.01875
0 0.16796875 0.846875 0.14375 0.01796875
0 0.8515625 0.828125 0.1375 0.01875
0 0.8921875 0.85703125 0.06015625 0.015625
0 0.1953125 0.87890625 0.1921875 0.02734375
0 0.346875 0.871875 0.0625 0.01875
0 0.840625 0.91796875 0.16171875 0.01953125
0 0.18203125 0.93828125 0.15546875 0.0171875
0 0.35 0.934375 0.1375 0.0171875