0 0.46328125 0.22890625 0.2484375 0.0328125
0 0.1828125 0.41015625 0.121875 0.01796875
0 0.3203125 0.409375 0.1234375 0.01875
0 0.15078125 0.4421875 0.05703125 0.02109375
0 0.20546875 0.4734375 0.16015625 0.0203125
0 0.396875 0.47265625 0.18515625 0.021875
0 0.190625 0.5046875 0.134375 0.02109375
0 0.29609375 0.53515625 0.3421875 0.0234375
0 0.76796875 0.4078125 0.121875 0.02109375
0 0.590625 0.440625 0.0171875 0.01875
0 0.75625 0.440625 0.14609375 0.02421875
0 0.76796875 0.471875 0.121875 0.02421875
0 0.590625 0.47109375 0.0171875 0.02109375
0 0.7703125 0.53515625 0.1234375 0.02421875
0 0.1609375 0.58359375 0.07109375 0.0203125
0 0.25625 0.58359375 0.0875 0.021875
0 0.759375 0.58203125 0.14921875 0.025
0 0.18671875 0.61640625 0.1296875 0.01875
0 0.14921875 0.64609375 0.06015625 0.01875
0 0.77578125 0.61796875 0.13125 0.0234375
0 0.77578125 0.64765625 0.134375 0.0265625
0 0.190625 0.6796875 0.16640625 0.025
0 0.16484375 0.73203125 0.1359375 0.0203125
0 0.13203125 0.76640625 0.096875 0.02421875
0 0.771875 0.73046875 0.15859375 0.02421875
0 0.77578125 0.76796875 0.16640625 0.02734375
0 0.18125 0.8265625 0.2421875 0.03203125
0 0.5890625 0.4078125 0.0171875 0.0234375
0 0.590625 0.53515625 0.0171875 0.02421875
0 0.25234375 0.440625 0.1140625 0.0203125
0 0.834375 0.6796875 0.0265625 0.0234375
0 0.85 0.8265625 0.03359375 0.0296875