0 0.0734375 0.6140625 0.1125 0.01796875
0 0.2 0.6140625 0.0171875 0.01796875
0 0.0609375 0.63984375 0.0921875 0.01875
0 0.1765625 0.64375 0.0953125 0.0171875
0 0.275 0.640625 0.05546875 0.01796875
0 0.3765625 0.64140625 0.0921875 0.021875
0 0.4734375 0.64140625 0.04765625 0.02109375
0 0.57421875 0.64140625 0.01328125 0.01875
0 0.06640625 0.665625 0.11640625 0.01953125
0 0.1734375 0.66640625 0.05390625 0.01796875
0 0.30390625 0.66640625 0.15625 0.0203125
0 0.45234375 0.66640625 0.09453125 0.01953125
0 0.5703125 0.6671875 0.015625 0.01796875
0 0.03359375 0.69140625 0.0609375 0.01953125
0 0.1515625 0.69296875 0.13828125 0.02109375
0 0.2921875 0.69296875 0.0171875 0.01953125
0 0.86640625 0.61796875 0.1328125 0.01953125
0 0.87421875 0.64296875 0.11640625 0.0203125
0 0.8765625 0.66875 0.115625 0.01875
0 0.878125 0.6953125 0.1125 0.0203125
0 0.07734375 0.7453125 0.15234375 0.0203125
0 0.0296875 0.771875 0.059375 0.021875
0 0.11015625 0.771875 0.053125 0.01875
0 0.2078125 0.7734375 0.09140625 0.02265625
0 0.865625 0.74765625 0.13359375 0.01796875
0 0.87578125 0.7734375 0.1140625 0.01796875
0 0.046875 0.8234375 0.09375 0.025
0 0.86640625 0.8265625 0.13515625 0.01875
0 0.0484375 0.875 0.096875 0.02265625
0 0.06875 0.90078125 0.13515625 0.021875
0 0.86328125 0.87734375 0.13515625 0.01953125
0 0.921875 0.90234375 0.0234375 0.0203125