0 0.6796875 0.453125 0.15 0.02890625
0 0.6765625 0.4921875 0.16328125 0.0265625
0 0.67734375 0.528125 0.15234375 0.0265625
0 0.67734375 0.5640625 0.15234375 0.0265625
0 0.6765625 0.5984375 0.15078125 0.0296875
0 0.20390625 0.4546875 0.146875 0.021875
0 0.3421875 0.4546875 0.065625 0.021875
0 0.43828125 0.45390625 0.06796875 0.0203125
0 0.171875 0.490625 0.1109375 0.0265625
0 0.3015625 0.49140625 0.09765625 0.025
0 0.4359375 0.49140625 0.1203125 0.02578125
0 0.18359375 0.52578125 0.13359375 0.021875
0 0.30390625 0.525 0.0453125 0.01953125
0 0.41328125 0.52421875 0.11796875 0.02265625
0 0.19453125 0.56015625 0.1578125 0.0265625
0 0.20390625 0.59453125 0.15234375 0.021875
0 0.378125 0.59453125 0.146875 0.025
0 0.6609375 0.66953125 0.17890625 0.03046875
0 0.6765625 0.70625 0.14609375 0.0296875
0 0.6828125 0.74140625 0.1203125 0.0265625
0 0.22109375 0.66953125 0.2015625 0.02734375
0 0.16328125 0.70625 0.07265625 0.025
0 0.134375 0.7421875 0.028125 0.02421875
0 0.2484375 0.73984375 0.15546875 0.0265625
0 0.41328125 0.73671875 0.12265625 0.02734375
0 0.19609375 0.78671875 0.15234375 0.05
0 0.546875 0.784375 0.325 0.0515625
0 0.0625 0.453125 0.01796875 0.02265625
0 0.0625 0.48828125 0.0203125 0.02265625
0 0.06015625 0.52578125 0.01796875 0.0234375
0 0.06015625 0.5625 0.01796875 0.02421875
0 0.0609375 0.59765625 0.01953125 0.021875