0 0.0578125 0.44140625 0.10703125 0.02265625
0 0.2046875 0.4421875 0.10703125 0.01796875
0 0.40078125 0.44375 0.21796875 0.0203125
0 0.04296875 0.46953125 0.08125 0.0203125
0 0.0296875 0.4984375 0.04765625 0.01796875
0 0.2609375 0.50078125 0.15703125 0.01953125
0 0.82109375 0.5015625 0.1625 0.01875
0 0.10859375 0.559375 0.2171875 0.021875
0 0.82421875 0.56171875 0.15703125 0.01796875
0 0.03359375 0.58828125 0.0671875 0.01796875
0 0.2046875 0.590625 0.1828125 0.01953125
0 0.8390625 0.59140625 0.13515625 0.01796875
0 0.06171875 0.65078125 0.12265625 0.02265625
0 0.828125 0.65390625 0.16484375 0.0203125
0 0.04609375 0.715625 0.0921875 0.021875
0 0.8265625 0.7171875 0.17265625 0.0203125
0 0.07265625 0.7484375 0.14453125 0.02421875
0 0.82734375 0.75 0.17421875 0.02109375