0 0.18359375 0.40390625 0.14765625 0.02421875
0 0.35859375 0.40546875 0.146875 0.02265625
0 0.4703125 0.4046875 0.0328125 0.01875
0 0.1578125 0.43515625 0.096875 0.01953125
0 0.415625 0.4359375 0.03203125 0.01875
0 0.6171875 0.4375 0.10625 0.0203125
0 0.7984375 0.4421875 0.10078125 0.02421875
0 0.184375 0.46640625 0.1453125 0.021875
0 0.35703125 0.4671875 0.14375 0.01953125
0 0.46875 0.465625 0.0328125 0.0171875
0 0.15390625 0.4953125 0.08828125 0.01875
0 0.4125 0.496875 0.02890625 0.0171875
0 0.61484375 0.49921875 0.10625 0.0203125
0 0.7953125 0.50390625 0.10234375 0.02421875
0 0.18203125 0.52734375 0.1453125 0.02265625
0 0.35546875 0.52734375 0.14375 0.01953125
0 0.465625 0.5265625 0.034375 0.0171875
0 0.15 0.5578125 0.08984375 0.01953125
0 0.4109375 0.55703125 0.025 0.01484375
0 0.6109375 0.5609375 0.10625 0.02265625
0 0.79453125 0.56484375 0.109375 0.021875
0 0.17734375 0.590625 0.15078125 0.025
0 0.3515625 0.58984375 0.146875 0.0234375
0 0.46171875 0.58671875 0.0328125 0.01796875
0 0.14765625 0.6234375 0.09375 0.02109375
0 0.4078125 0.61953125 0.025 0.0171875
0 0.61015625 0.6203125 0.1078125 0.021875
0 0.79140625 0.62734375 0.1109375 0.021875
0 0.11171875 0.6890625 0.0390625 0.021875
0 0.171875 0.6875 0.0375 0.021875
0 0.2984375 0.6875 0.16875 0.02734375
0 0.51484375 0.68203125 0.14375 0.02734375
0 0.23046875 0.7546875 0.2171875 0.025
0 0.7578125 0.7546875 0.22421875 0.03203125
0 0.15390625 0.85390625 0.13515625 0.01953125
0 0.78671875 0.85 0.11328125 0.02265625
0 0.1 0.9921875 0.05703125 0.0125
0 0.21796875 0.99296875 0.13125 0.01171875
0 0.45625 0.99453125 0.05 0.0078125
0 0.5328125 0.9953125 0.05234375 0.00625