88 73 164 73 164 81 88 81 text 0
193 74 299 74 299 81 193 81 text 0
330 75 538 75 538 83 330 83 text 0
89 82 353 82 353 90 89 90 text 0
387 82 541 82 541 92 387 92 text 0
304 91 379 91 379 99 304 99 text 0
141 91 265 91 265 100 141 100 text 0
412 92 488 92 488 99 412 99 text 0
261 100 368 100 368 107 261 107 text 0
133 108 168 108 168 116 133 116 text 0
268 109 334 109 334 116 268 116 text 0
348 108 415 108 415 116 348 116 text 0
430 108 496 108 496 116 430 116 text 0
188 109 243 109 243 116 188 116 text 0
221 117 288 117 288 125 221 125 text 0
316 118 382 118 382 125 316 125 text 0
398 117 452 117 452 125 398 125 text 0
170 117 205 117 205 126 170 126 text 0
118 126 213 126 213 134 118 134 text 0
296 126 361 126 361 134 296 134 text 0
228 126 269 126 269 134 228 134 text 0
375 126 431 126 431 134 375 134 text 0
443 126 498 126 498 134 443 134 text 0
214 135 307 135 307 143 214 143 text 0
322 135 370 135 370 142 322 142 text 0
133 135 172 135 172 142 133 142 text 0
67 135 115 135 115 142 67 142 text 0
456 136 563 136 563 143 456 143 text 0
389 136 415 136 415 144 389 144 text 0
179 144 220 144 220 151 179 151 text 0
234 144 272 144 272 151 234 151 text 0
287 144 447 144 447 152 287 152 text 0
315 162 354 162 354 177 315 177 text 0
370 162 462 162 462 177 370 177 text 0
166 162 300 162 300 177 166 177 text 0
43 198 97 198 97 206 43 206 text 0
44 215 136 215 136 223 44 223 text 0
339 216 402 216 402 224 339 224 text 0
151 216 172 216 172 223 151 223 text 0
421 216 554 216 554 224 421 224 text 0
189 216 325 216 325 224 189 224 text 0
231 225 298 225 298 232 231 232 text 0
43 224 189 224 189 233 43 233 text 0
338 225 399 225 399 232 338 232 text 0
422 226 528 226 528 233 422 233 text 0
391 243 431 243 431 250 391 250 text 0
44 243 95 243 95 251 44 251 text 0
283 243 323 243 323 251 283 251 text 0
475 243 555 243 555 251 475 251 text 0
503 252 550 252 550 260 503 260 text 0
380 252 429 252 429 261 380 261 text 0
45 260 165 260 165 268 45 268 text 0
287 260 297 260 297 268 287 268 text 0
368 260 431 260 431 268 368 268 text 0
568 261 582 261 582 268 568 268 text 0
489 261 557 261 557 268 489 268 text 0
43 269 162 269 162 277 43 277 text 0
325 269 433 269 433 277 325 277 text 0
273 269 313 269 313 277 273 277 text 0
178 269 258 269 258 278 178 278 text 0
123 287 229 287 229 296 123 296 text 0
41 287 106 287 106 296 41 296 text 0
379 288 389 288 389 295 379 295 text 0
251 314 368 314 368 322 251 322 text 0
521 315 585 315 585 322 521 322 text 0
386 315 446 315 446 324 386 324 text 0
329 323 382 323 382 330 329 330 text 0
531 323 584 323 584 331 531 331 text 0
330 332 437 332 437 340 330 340 text 0
533 333 586 333 586 340 533 340 text 0
74 340 207 340 207 348 74 348 text 0
456 341 585 341 585 349 456 349 text 0
78 350 181 350 181 358 78 358 text 0
456 350 586 350 586 358 456 358 text 0
76 359 233 359 233 367 76 367 text 0
479 359 584 359 584 366 479 366 text 0
134 376 185 376 185 384 134 384 text 0
200 377 213 377 213 384 200 384 text 0
229 377 254 377 254 384 229 384 text 0
269 377 375 377 375 385 269 385 text 0
390 377 415 377 415 385 390 385 text 0
429 377 496 377 496 385 429 385 text 0
241 394 279 394 279 403 241 403 text 0
296 395 387 395 387 403 296 403 text 0
413 413 428 413 428 421 413 421 text 0
52 413 106 413 106 421 52 421 text 0
269 413 347 413 347 421 269 421 text 0
481 413 576 413 576 422 481 422 text 0
52 431 78 431 78 439 52 439 text 0
283 431 349 431 349 438 283 438 text 0
523 431 574 431 574 439 523 439 text 0
415 431 429 431 429 439 415 439 text 0
362 457 439 457 439 465 362 465 text 0
307 457 347 457 347 465 307 465 text 0
523 458 574 458 574 466 523 466 text 0
318 496 358 496 358 502 318 502 text 0
262 496 299 496 299 502 262 502 text 0
197 496 250 496 250 502 197 502 text 0
116 496 182 496 182 502 116 502 text 0
368 496 509 496 509 504 368 504 text 0
278 505 318 505 318 511 278 511 text 0
224 505 265 505 265 511 224 511 text 0
142 505 210 505 210 511 142 511 text 0
330 505 441 505 441 511 330 511 text 0
453 505 484 505 484 511 453 511 text 0
76 513 116 513 116 520 76 520 text 0
131 514 224 514 224 519 131 519 text 0
239 514 344 514 344 519 239 519 text 0
428 514 468 514 468 519 428 519 text 0
360 514 410 514 410 519 360 519 text 0
484 515 553 515 553 521 484 521 text 0
170 522 252 522 252 528 170 528 text 0
362 522 413 522 413 528 362 528 text 0
295 522 343 522 343 528 295 528 text 0
271 522 276 522 276 528 271 528 text 0
50 522 157 522 157 528 50 528 text 0
427 523 579 523 579 529 427 529 text 0
256 531 281 531 281 536 256 536 text 0
294 531 399 531 399 536 294 536 text 0
214 531 239 531 239 536 214 536 text 0
145 531 199 531 199 536 145 536 text 0
64 531 130 531 130 536 64 536 text 0
417 531 482 531 482 537 417 537 text 0
496 531 523 531 523 537 496 537 text 0
534 531 562 531 562 537 534 537 text 0
169 539 278 539 278 545 169 545 text 0
292 539 331 539 331 545 292 545 text 0
343 539 449 539 449 545 343 545 text 0