53 53 531 53 531 66 53 66 text 0
52 73 82 73 82 80 52 80 text 0
96 72 198 72 198 80 96 80 text 0
209 72 274 72 274 80 209 80 text 0
282 74 345 74 345 81 282 81 text 0
352 74 422 74 422 81 352 81 text 0
451 73 520 73 520 81 451 81 text 0
429 74 443 74 443 81 429 81 text 0
51 82 117 82 117 89 51 89 text 0
122 82 185 82 185 89 122 89 text 0
192 82 249 82 249 89 192 89 text 0
275 94 444 94 444 101 275 101 text 0
123 93 247 93 247 101 123 101 text 0
49 93 114 93 114 101 49 101 text 0
50 105 88 105 88 113 50 113 text 0
221 105 274 105 274 113 221 113 text 0
96 105 214 105 214 113 96 113 text 0
178 116 335 116 335 124 178 124 text 0
51 116 91 116 91 123 51 123 text 0
99 116 123 116 123 123 99 123 text 0
132 116 167 116 167 123 132 123 text 0
429 120 484 120 484 130 429 130 text 0
497 120 614 120 614 130 497 130 text 0
43 129 105 129 105 136 43 136 text 0
111 128 133 128 133 136 111 136 text 0
42 138 105 138 105 145 42 145 text 0
192 138 232 138 232 145 192 145 text 0
237 138 276 138 276 145 237 145 text 0
113 139 186 139 186 145 113 145 text 0
284 138 388 138 388 146 284 146 text 0
116 160 191 160 191 168 116 168 text 0
199 161 310 161 310 168 199 168 text 0
45 161 110 161 110 168 45 168 text 0
58 186 68 186 68 193 58 193 text 0
87 186 198 186 198 193 87 193 text 0
284 186 388 186 388 193 284 193 text 0
408 186 435 186 435 194 408 194 text 0
441 186 543 186 543 194 441 194 text 0
549 186 600 186 600 194 549 194 text 0
284 196 355 196 355 205 284 205 text 0
380 197 608 197 608 206 380 206 text 0
287 208 433 208 433 217 287 217 text 0
89 220 214 220 214 227 89 227 text 0
487 221 548 221 548 228 487 228 text 0
578 221 604 221 604 228 578 228 text 0
85 232 196 232 196 240 85 240 text 0
286 232 424 232 424 240 286 240 text 0
56 232 69 232 69 240 56 240 text 0
513 234 568 234 568 241 513 241 text 0
433 234 505 234 505 241 433 241 text 0
575 234 615 234 615 241 575 241 text 0
284 243 360 243 360 251 284 251 text 0
500 256 547 256 547 264 500 264 text 0
578 256 604 256 604 264 578 264 text 0
84 256 197 256 197 266 84 266 text 0
94 271 146 271 146 279 94 279 text 0
152 271 243 271 243 279 152 279 text 0
249 271 290 271 290 279 249 279 text 0
32 271 85 271 85 279 32 279 text 0
298 272 355 272 355 280 298 280 text 0
488 273 547 273 547 280 488 280 text 0
254 284 344 284 344 292 254 292 text 0
497 285 546 285 546 293 497 293 text 0
251 301 308 301 308 308 251 308 text 0
486 302 549 302 549 310 486 310 text 0
253 313 320 313 320 321 253 321 text 0
325 314 361 314 361 323 325 323 text 0
501 315 546 315 546 323 501 323 text 0
252 330 301 330 301 338 252 338 text 0
307 330 360 330 360 338 307 338 text 0
487 331 548 331 548 340 487 340 text 0
252 352 311 352 311 360 252 360 text 0
487 354 548 354 548 362 487 362 text 0
252 365 340 365 340 373 252 373 text 0
500 367 547 367 547 375 500 375 text 0
33 382 76 382 76 390 33 390 text 0
85 383 180 383 180 392 85 392 text 0
498 384 587 384 587 393 498 393 text 0
269 384 399 384 399 393 269 393 text 0
33 395 59 395 59 403 33 403 text 0
99 395 133 395 133 404 99 404 text 0
70 396 89 396 89 404 70 404 text 0
340 396 399 396 399 404 340 404 text 0
542 397 586 397 586 404 542 404 text 0
34 428 70 428 70 436 34 436 text 0
413 428 535 428 535 436 413 436 text 0
79 429 118 429 118 436 79 436 text 0
136 429 300 429 300 436 136 436 text 0
334 429 381 429 381 436 334 436 text 0
73 485 149 485 149 493 73 493 text 0
152 486 201 486 201 494 152 494 text 0
431 486 449 486 449 494 431 494 text 0
250 487 289 487 289 494 250 494 text 0
295 486 425 486 425 494 295 494 text 0
457 486 590 486 590 494 457 494 text 0
207 487 243 487 243 493 207 493 text 0
270 506 315 506 315 514 270 514 text 0
212 506 263 506 263 514 212 514 text 0
119 507 204 507 204 514 119 514 text 0
397 507 542 507 542 515 397 515 text 0
322 507 389 507 389 515 322 515 text 0
206 520 291 520 291 527 206 527 text 0
296 520 369 520 369 527 296 527 text 0
375 520 454 520 454 527 375 527 text 0
318 541 367 541 367 548 318 548 text 0
123 542 217 542 217 549 123 549 text 0
223 541 294 541 294 549 223 549 text 0
373 541 477 541 477 549 373 549 text 0
484 541 538 541 538 550 484 550 text 0
108 562 191 562 191 569 108 569 text 0
200 562 255 562 255 569 200 569 text 0
258 562 310 562 310 570 258 570 text 0
316 562 413 562 413 570 316 570 text 0
418 562 464 562 464 569 418 569 text 0
472 563 551 563 551 571 472 571 text 0
558 564 588 564 588 571 558 571 text 0
187 574 250 574 250 582 187 582 text 0
58 575 182 575 182 582 58 582 text 0
257 575 302 575 302 582 257 582 text 0
315 575 342 575 342 582 315 582 text 0
349 575 464 575 464 582 349 582 text 0
467 576 606 576 606 583 467 583 text 0
257 587 367 587 367 595 257 595 text 0
96 608 173 608 173 615 96 615 text 0
210 608 230 608 230 616 210 616 text 0
178 609 205 609 205 615 178 615 text 0
237 608 348 608 348 617 237 617 text 0
367 609 568 609 568 618 367 618 text 0