279 86 517 86 517 103 279 103 text 0
85 93 151 93 151 104 85 104 text 0
183 94 249 94 249 104 183 104 text 0
510 101 534 101 534 111 510 111 text 0
410 102 496 102 496 114 410 114 text 0
324 105 388 105 388 116 324 116 text 0
291 106 312 106 312 116 291 116 text 0
72 106 95 106 95 116 72 116 text 0
218 107 278 107 278 118 218 118 text 0
106 107 120 107 120 117 106 117 text 0
145 108 203 108 203 119 145 119 text 0
362 117 459 117 459 129 362 129 text 0
290 119 340 119 340 129 290 129 text 0
229 120 276 120 276 130 229 130 text 0
157 120 217 120 217 130 157 130 text 0
363 132 410 132 410 142 363 142 text 0
266 132 349 132 349 144 266 144 text 0
206 134 249 134 249 144 206 144 text 0
400 145 446 145 446 156 400 156 text 0
338 146 385 146 385 157 338 157 text 0
278 147 325 147 325 157 278 157 text 0
216 147 261 147 261 158 216 158 text 0
181 148 203 148 203 158 181 158 text 0
292 160 372 160 372 171 292 171 text 0
242 161 277 161 277 171 242 171 text 0
35 188 92 188 92 199 35 199 text 0
145 187 188 187 188 198 145 198 text 0
33 215 80 215 80 226 33 226 text 0
279 215 334 215 334 225 279 225 text 0
96 215 127 215 127 225 96 225 text 0
141 216 239 216 239 226 141 226 text 0
253 216 263 216 263 226 253 226 text 0
32 229 128 229 128 239 32 239 text 0
144 229 299 229 299 239 144 239 text 0
571 239 595 239 595 249 571 249 text 0
387 241 409 241 409 251 387 251 text 0
276 242 373 242 373 252 276 252 text 0
31 241 77 241 77 253 31 253 text 0
93 242 127 242 127 253 93 253 text 0
140 242 261 242 261 254 140 254 text 0
572 266 594 266 594 277 572 277 text 0
498 267 557 267 557 277 498 277 text 0
460 269 471 269 471 278 460 278 text 0
387 268 446 268 446 278 387 278 text 0
326 269 372 269 372 279 326 279 text 0
254 270 313 270 313 280 254 280 text 0
33 270 43 270 43 280 33 280 text 0
192 269 238 269 238 280 192 280 text 0
70 269 154 269 154 280 70 280 text 0
291 283 322 283 322 294 291 294 text 0
69 283 103 283 103 294 69 294 text 0
570 295 594 295 594 305 570 305 text 0
500 294 557 294 557 305 500 305 text 0
448 295 470 295 470 306 448 306 text 0
362 296 434 296 434 306 362 306 text 0
301 297 347 297 347 307 301 307 text 0
228 297 287 297 287 307 228 307 text 0
166 297 212 297 212 307 166 307 text 0
36 297 42 297 42 307 36 307 text 0
69 297 153 297 153 307 69 307 text 0
69 311 103 311 103 321 69 321 text 0
254 311 284 311 284 322 254 322 text 0
572 322 594 322 594 332 572 332 text 0
510 322 556 322 556 333 510 333 text 0
217 324 275 324 275 334 217 334 text 0
168 324 201 324 201 334 168 334 text 0
31 324 43 324 43 334 31 334 text 0
69 324 128 324 128 334 69 334 text 0
141 324 152 324 152 336 141 336 text 0
570 350 594 350 594 360 570 360 text 0
509 350 557 350 557 360 509 360 text 0
31 352 43 352 43 362 31 362 text 0
179 352 238 352 238 362 179 362 text 0
67 352 114 352 114 362 67 362 text 0
131 352 162 352 162 362 131 362 text 0
131 367 162 367 162 376 131 376 text 0
534 390 594 390 594 401 534 401 text 0
30 393 42 393 42 402 30 402 text 0
67 393 103 393 103 403 67 403 text 0
118 393 176 393 176 403 118 403 text 0
546 404 593 404 593 415 546 415 text 0
65 406 102 406 102 416 65 416 text 0
117 406 139 406 139 416 117 416 text 0
545 418 591 418 591 429 545 429 text 0
176 420 212 420 212 430 176 430 text 0
67 420 163 420 163 430 67 430 text 0
531 446 594 446 594 466 531 466 text 0
65 456 99 456 99 466 65 466 text 0
115 456 175 456 175 467 115 467 text 0
524 468 594 468 594 479 524 479 text 0
65 469 114 469 114 479 65 479 text 0
531 483 594 483 594 503 531 503 text 0
65 491 136 491 136 502 65 502 text 0
25 531 61 531 61 542 25 542 text 0
74 531 160 531 160 544 74 544 text 0
559 533 593 533 593 543 559 543 text 0
408 534 479 534 479 544 408 544 text 0
23 545 49 545 49 556 23 556 text 0
62 545 94 545 94 556 62 556 text 0
112 546 135 546 135 556 112 556 text 0
544 547 593 547 593 558 544 558 text 0
421 547 482 547 482 558 421 558 text 0
136 574 195 574 195 585 136 585 text 0
271 576 343 576 343 586 271 586 text 0
211 576 254 576 254 587 211 587 text 0
358 575 406 575 406 586 358 586 text 0
418 575 480 575 480 586 418 586 text 0