315 61 356 61 356 69 315 69 text 0
59 61 134 61 134 70 59 70 text 0
265 62 303 62 303 70 265 70 text 0
148 62 248 62 248 71 148 71 text 0
60 71 159 71 159 81 60 81 text 0
210 82 370 82 370 92 210 92 text 0
59 82 146 82 146 92 59 92 text 0
159 84 194 84 194 93 159 93 text 0
554 91 578 91 578 99 554 99 text 0
463 91 542 91 542 100 463 100 text 0
421 92 449 92 449 101 421 101 text 0
317 93 409 93 409 102 317 102 text 0
58 93 81 93 81 101 58 101 text 0
238 92 293 92 293 102 238 102 text 0
171 94 225 94 225 103 171 103 text 0
96 95 159 95 159 104 96 104 text 0
344 102 488 102 488 112 344 112 text 0
275 104 324 104 324 112 275 112 text 0
56 104 102 104 102 113 56 113 text 0
120 104 264 104 264 114 120 114 text 0
159 116 317 116 317 125 159 125 text 0
57 116 94 116 94 124 57 124 text 0
105 116 141 116 141 124 105 124 text 0
57 137 94 137 94 145 57 145 text 0
107 138 197 138 197 146 107 146 text 0
55 158 92 158 92 167 55 167 text 0
226 159 238 159 238 166 226 166 text 0
107 158 186 158 186 166 107 166 text 0
423 176 552 176 552 186 423 186 text 0
341 178 404 178 404 186 341 186 text 0
197 178 330 178 330 187 197 187 text 0
159 180 180 180 180 187 159 187 text 0
55 180 147 180 147 187 55 187 text 0
475 198 554 198 554 207 475 207 text 0
380 199 448 199 448 207 380 207 text 0
330 199 370 199 370 208 330 208 text 0
59 199 108 199 108 208 59 208 text 0
224 199 263 199 263 208 224 208 text 0
568 218 582 218 582 226 568 226 text 0
501 219 554 219 554 226 501 226 text 0
409 220 462 220 462 227 409 227 text 0
332 220 384 220 384 228 332 228 text 0
240 221 248 221 248 229 240 229 text 0
57 221 223 221 223 229 57 229 text 0
58 232 121 232 121 241 58 241 text 0
55 242 134 242 134 249 55 249 text 0
566 249 581 249 581 258 566 258 text 0
501 250 554 250 554 259 501 259 text 0
409 250 462 250 462 259 409 259 text 0
332 251 384 251 384 260 332 260 text 0
242 252 250 252 250 260 242 260 text 0
57 253 224 253 224 261 57 261 text 0
58 262 121 262 121 270 58 270 text 0
55 272 134 272 134 281 55 281 text 0
383 293 396 293 396 301 383 301 text 0
60 294 119 294 119 302 60 302 text 0
132 293 238 293 238 303 132 303 text 0
191 313 247 313 247 322 191 322 text 0
320 314 383 314 383 322 320 322 text 0
58 315 171 315 171 323 58 323 text 0
252 325 304 325 304 332 252 332 text 0
57 325 110 325 110 334 57 334 text 0
251 335 305 335 305 343 251 343 text 0
58 335 96 335 96 343 58 343 text 0
226 345 278 345 278 353 226 353 text 0
107 345 148 345 148 353 107 353 text 0
58 346 96 346 96 354 58 354 text 0
240 355 303 355 303 363 240 363 text 0
56 356 163 356 163 364 56 364 text 0
240 366 305 366 305 374 240 374 text 0
56 366 119 366 119 374 56 374 text 0
239 376 306 376 306 384 239 384 text 0
58 377 110 377 110 384 58 384 text 0
239 387 306 387 306 395 239 395 text 0
57 387 132 387 132 395 57 395 text 0
110 419 198 419 198 426 110 426 text 0
59 419 95 419 95 426 59 426 text 0
474 438 567 438 567 447 474 447 text 0
408 439 421 439 421 447 408 447 text 0
266 439 344 439 344 447 266 447 text 0
57 440 106 440 106 448 57 448 text 0
514 460 566 460 566 468 514 468 text 0
410 460 423 460 423 468 410 468 text 0
279 460 343 460 343 467 279 467 text 0
58 462 81 462 81 469 58 469 text 0
515 491 567 491 567 499 515 499 text 0
356 491 431 491 431 499 356 499 text 0
305 491 343 491 343 499 305 499 text 0
394 543 463 543 463 551 394 551 text 0
292 543 384 543 384 551 292 551 text 0
120 543 226 543 226 552 120 552 text 0
58 544 81 544 81 552 58 552 text 0
241 543 270 543 270 552 241 552 text 0
134 554 177 554 177 561 134 561 text 0
57 554 121 554 121 561 57 561 text 0
161 564 319 564 319 572 161 572 text 0
59 564 95 564 95 572 59 572 text 0
107 564 142 564 142 572 107 572 text 0
58 605 122 605 122 613 58 613 text 0
133 605 213 605 213 613 133 613 text 0
252 605 266 605 266 613 252 613 text 0
57 615 94 615 94 624 57 624 text 0
106 617 187 617 187 624 106 624 text 0
226 617 239 617 239 624 226 624 text 0