39 55 176 55 176 66 39 66 text 0
184 55 314 55 314 66 184 66 text 0
379 56 427 56 427 65 379 65 text 0
437 57 488 57 488 66 437 66 text 0
320 56 373 56 373 68 320 68 text 0
495 56 576 56 576 67 495 67 text 0
583 57 609 57 609 67 583 67 text 0
226 68 240 68 240 77 226 77 text 0
184 67 220 67 220 78 184 78 text 0
411 68 450 68 450 78 411 78 text 0
321 68 401 68 401 78 321 78 text 0
256 69 313 69 313 79 256 79 text 0
170 79 229 79 229 90 170 90 text 0
236 79 291 79 291 90 236 90 text 0
374 80 474 80 474 92 374 92 text 0
299 81 360 81 360 91 299 91 text 0
177 91 205 91 205 102 177 102 text 0
130 91 168 91 168 102 130 102 text 0
333 92 413 92 413 103 333 103 text 0
218 92 315 92 315 103 218 103 text 0
421 93 518 93 518 103 421 103 text 0
299 105 445 105 445 116 299 116 text 0
258 106 292 106 292 115 258 115 text 0
203 106 251 106 251 115 203 115 text 0
293 127 306 127 306 144 293 144 text 0
147 127 182 127 182 143 147 143 text 0
198 127 279 127 279 143 198 143 text 0
450 129 498 129 498 144 450 144 text 0
317 129 439 129 439 144 317 144 text 0
259 157 307 157 307 174 259 174 text 0
322 158 356 158 356 174 322 174 text 0
368 159 413 159 413 174 368 174 text 0
430 158 526 158 526 175 430 175 text 0
33 177 115 177 115 187 33 187 text 0
337 180 392 180 392 188 337 188 text 0
412 179 529 179 529 189 412 189 text 0
144 195 202 195 202 210 144 210 text 0
31 195 127 195 127 210 31 210 text 0
349 194 384 194 384 210 349 210 text 0
302 194 336 194 336 210 302 210 text 0
214 194 287 194 287 210 214 210 text 0
118 216 177 216 177 224 118 224 text 0
33 216 103 216 103 224 33 224 text 0
203 216 235 216 235 224 203 224 text 0
299 216 313 216 313 224 299 224 text 0
275 216 287 216 287 225 275 225 text 0
251 216 263 216 263 225 251 225 text 0
37 227 91 227 91 236 37 236 text 0
106 228 127 228 127 236 106 236 text 0
145 227 203 227 203 236 145 236 text 0
32 240 91 240 91 248 32 248 text 0
108 240 178 240 178 249 108 249 text 0
264 240 359 240 359 249 264 249 text 0
189 240 247 240 247 251 189 251 text 0
33 250 97 250 97 260 33 260 text 0
108 249 274 249 274 262 108 262 text 0
266 263 307 263 307 273 266 273 text 0
319 263 426 263 426 273 319 273 text 0
451 263 508 263 508 273 451 273 text 0
238 278 270 278 270 287 238 287 text 0
343 278 356 278 356 287 343 287 text 0
186 278 221 278 221 287 186 287 text 0
284 278 319 278 319 287 284 287 text 0
28 278 161 278 161 288 28 288 text 0
369 278 417 278 417 288 369 288 text 0
442 278 524 278 524 288 442 288 text 0
307 298 319 298 319 307 307 307 text 0
27 298 71 298 71 307 27 307 text 0
175 298 220 298 220 307 175 307 text 0
259 298 271 298 271 307 259 307 text 0
403 298 417 298 417 307 403 307 text 0
90 298 148 298 148 307 90 307 text 0
345 299 356 299 356 307 345 307 text 0
476 299 524 299 524 308 476 308 text 0
26 310 136 310 136 319 26 319 text 0
175 310 220 310 220 319 175 319 text 0
343 310 356 310 356 319 343 319 text 0
259 310 271 310 271 319 259 319 text 0
307 310 319 310 319 319 307 319 text 0
405 311 413 311 413 319 405 319 text 0
467 312 525 312 525 321 467 321 text 0
78 322 137 322 137 330 78 330 text 0
28 323 63 323 63 331 28 331 text 0
173 323 221 323 221 332 173 332 text 0
258 324 269 324 269 330 258 330 text 0
309 323 317 323 317 332 309 332 text 0
345 323 354 323 354 332 345 332 text 0
408 323 417 323 417 331 408 331 text 0
476 322 524 322 524 332 476 332 text 0
270 340 297 340 297 357 270 357 text 0
198 340 256 340 256 357 198 357 text 0
467 340 525 340 525 357 467 357 text 0
309 339 411 339 411 360 309 360 text 0
27 365 112 365 112 374 27 374 text 0
172 365 220 365 220 374 172 374 text 0
246 366 271 366 271 375 246 375 text 0
344 367 355 367 355 375 344 375 text 0
307 367 319 367 319 375 307 375 text 0
467 367 525 367 525 376 467 376 text 0
392 367 416 367 416 376 392 376 text 0
51 382 106 382 106 399 51 399 text 0
124 383 150 383 150 399 124 399 text 0
467 384 525 384 525 401 467 401 text 0
273 382 340 382 340 403 273 403 text 0
162 382 256 382 256 403 162 403 text 0
355 382 412 382 412 404 355 404 text 0
367 408 412 408 412 425 367 425 text 0
476 409 524 409 524 424 476 424 text 0
136 434 162 434 162 449 136 449 text 0
64 433 123 433 123 450 64 450 text 0
467 434 525 434 525 451 467 451 text 0
174 432 270 432 270 454 174 454 text 0
284 434 339 434 339 455 284 455 text 0
355 434 412 434 412 455 355 455 text 0
201 457 255 457 255 475 201 475 text 0
270 459 297 459 297 475 270 475 text 0
467 459 525 459 525 476 467 476 text 0
309 458 411 458 411 479 309 479 text 0
246 484 305 484 305 502 246 502 text 0
466 485 524 485 524 502 466 502 text 0
320 484 411 484 411 506 320 506 text 0
33 518 113 518 113 527 33 527 text 0
33 530 127 530 127 539 33 539 text 0
289 530 311 530 311 539 289 539 text 0
141 530 200 530 200 539 141 539 text 0
459 531 567 531 567 541 459 541 text 0
385 531 444 531 444 540 385 540 text 0
214 530 273 530 273 541 214 541 text 0
325 531 372 531 372 542 325 542 text 0
31 542 67 542 67 551 31 551 text 0
200 542 226 542 226 551 200 551 text 0
81 543 188 543 188 554 81 554 text 0
238 544 359 544 359 553 238 553 text 0
374 543 467 543 467 553 374 553 text 0
485 546 504 546 504 552 485 552 text 0
177 555 225 555 225 564 177 564 text 0
33 555 129 555 129 566 33 566 text 0
142 556 164 556 164 564 142 564 text 0
360 554 493 554 493 566 360 566 text 0
508 557 529 557 529 565 508 565 text 0
545 558 577 558 577 566 545 566 text 0
237 557 347 557 347 566 237 566 text 0
154 567 223 567 223 576 154 576 text 0
104 567 139 567 139 576 104 576 text 0
289 568 323 568 323 577 289 577 text 0
336 568 396 568 396 577 336 577 text 0
410 568 431 568 431 577 410 577 text 0
445 568 480 568 480 577 445 577 text 0
33 567 92 567 92 578 33 578 text 0
252 569 273 569 273 576 252 576 text 0
29 579 160 579 160 590 29 590 text 0
206 581 237 581 237 588 206 588 text 0
347 580 380 580 380 589 347 589 text 0
288 580 333 580 333 589 288 589 text 0
494 581 504 581 504 589 494 589 text 0
399 580 480 580 480 589 399 589 text 0
178 583 192 583 192 589 178 589 text 0
254 583 273 583 273 589 254 589 text 0
31 591 152 591 152 602 31 602 text 0
166 592 213 592 213 601 166 601 text 0
203 605 369 605 369 615 203 615 text 0
374 605 444 605 444 615 374 615 text 0