146 80 488 80 488 100 146 100 text 0
202 102 319 102 319 109 202 109 text 0
329 102 435 102 435 109 329 109 text 0
105 117 197 117 197 125 105 125 text 0
213 117 361 117 361 125 213 125 text 0
377 117 483 117 483 126 377 126 text 0
171 127 211 127 211 134 171 134 text 0
226 127 265 127 265 134 226 134 text 0
160 137 252 137 252 145 160 145 text 0
293 137 347 137 347 145 293 145 text 0
269 137 277 137 277 145 269 145 text 0
360 137 429 137 429 145 360 145 text 0
171 147 225 147 225 154 171 154 text 0
103 147 153 147 153 155 103 155 text 0
349 147 415 147 415 155 349 155 text 0
252 147 334 147 334 155 252 155 text 0
445 148 495 148 495 155 445 155 text 0
157 157 197 157 197 165 157 165 text 0
212 157 279 157 279 165 212 165 text 0
309 157 360 157 360 165 309 165 text 0
377 158 442 158 442 166 377 166 text 0
172 167 239 167 239 175 172 175 text 0
254 167 319 167 319 175 254 175 text 0
336 168 415 168 415 177 336 177 text 0
49 177 98 177 98 185 49 185 text 0
120 178 278 178 278 185 120 185 text 0
294 178 344 178 344 185 294 185 text 0
361 178 471 178 471 185 361 185 text 0
487 178 538 178 538 185 487 185 text 0
211 188 251 188 251 195 211 195 text 0
268 188 361 188 361 195 268 195 text 0
157 197 197 197 197 205 157 205 text 0
214 197 415 197 415 205 214 205 text 0
21 207 33 207 33 214 21 214 text 0
50 207 142 207 142 214 50 214 text 0
418 208 442 208 442 215 418 215 text 0
457 208 539 208 539 216 457 216 text 0
554 209 566 209 566 216 554 216 text 0
20 226 60 226 60 234 20 234 text 0
76 227 128 227 128 234 76 234 text 0
485 228 565 228 565 235 485 235 text 0
172 237 196 237 196 244 172 244 text 0
311 237 415 237 415 244 311 244 text 0
270 237 292 237 292 244 270 244 text 0
211 237 251 237 251 244 211 244 text 0
23 256 31 256 31 263 23 263 text 0
74 256 181 256 181 263 74 263 text 0
199 256 238 256 238 263 199 263 text 0
526 257 537 257 537 264 526 264 text 0
459 257 512 257 512 264 459 264 text 0
21 265 33 265 33 273 21 273 text 0
130 266 265 266 265 274 130 274 text 0
281 266 361 266 361 273 281 273 text 0
77 266 114 266 114 274 77 274 text 0
444 266 511 266 511 274 444 274 text 0
527 267 539 267 539 274 527 274 text 0
21 275 33 275 33 283 21 283 text 0
92 275 156 275 156 284 92 284 text 0
527 277 539 277 539 284 527 284 text 0
88 285 207 285 207 293 88 293 text 0
21 286 33 286 33 293 21 293 text 0
227 286 348 286 348 294 227 294 text 0
526 287 537 287 537 294 526 294 text 0
101 295 238 295 238 304 101 304 text 0
101 305 238 305 238 314 101 314 text 0
103 315 239 315 239 324 103 324 text 0
103 325 239 325 239 334 103 334 text 0
130 335 265 335 265 343 130 343 text 0
21 335 33 335 33 343 21 343 text 0
79 335 116 335 116 344 79 344 text 0
281 335 361 335 361 343 281 343 text 0
444 336 511 336 511 343 444 343 text 0
526 336 537 336 537 343 526 343 text 0
21 345 33 345 33 353 21 353 text 0
92 345 156 345 156 353 92 353 text 0
526 345 537 345 537 353 526 353 text 0
20 355 32 355 32 362 20 362 text 0
88 355 278 355 278 364 88 364 text 0
526 356 537 356 537 363 526 363 text 0
62 374 101 374 101 382 62 382 text 0
117 374 180 374 180 382 117 382 text 0
434 375 511 375 511 383 434 383 text 0
62 385 138 385 138 399 62 399 text 0
171 385 250 385 250 399 171 399 text 0
339 386 495 386 495 399 339 399 text 0
62 400 101 400 101 407 62 407 text 0
116 400 156 400 156 408 116 408 text 0
459 402 512 402 512 409 459 409 text 0
309 421 347 421 347 428 309 428 text 0
268 421 292 421 292 428 268 428 text 0
157 421 197 421 197 428 157 428 text 0
364 421 416 421 416 429 364 429 text 0
211 422 251 422 251 428 211 428 text 0
103 430 156 430 156 437 103 437 text 0
171 430 278 430 278 438 171 438 text 0
297 431 320 431 320 438 297 438 text 0
338 430 455 430 455 438 338 438 text 0
184 439 264 439 264 448 184 448 text 0
280 440 389 440 389 449 280 449 text 0
143 442 169 442 169 448 143 448 text 0
403 442 444 442 444 448 403 448 text 0
185 450 442 450 442 458 185 458 text 0
130 452 180 452 180 458 130 458 text 0
103 459 114 459 114 467 103 467 text 0
198 460 238 460 238 468 198 468 text 0
130 460 180 460 180 468 130 468 text 0
308 461 319 461 319 468 308 468 text 0
337 460 360 460 360 468 337 468 text 0
377 460 470 460 470 468 377 468 text 0
252 462 293 462 293 469 252 469 text 0
268 470 307 470 307 478 268 478 text 0
188 470 210 470 210 477 188 477 text 0
321 470 389 470 389 478 321 478 text 0
227 472 252 472 252 478 227 478 text 0
268 489 416 489 416 497 268 497 text 0
172 489 251 489 251 498 172 498 text 0
227 499 265 499 265 506 227 506 text 0
282 499 358 499 358 507 282 507 text 0
158 518 211 518 211 525 158 525 text 0
105 518 142 518 142 525 105 525 text 0
295 518 334 518 334 525 295 525 text 0
348 518 457 518 457 526 348 526 text 0
226 518 280 518 280 526 226 526 text 0
48 527 101 527 101 535 48 535 text 0
157 527 210 527 210 535 157 535 text 0
119 527 142 527 142 535 119 535 text 0
226 527 335 527 335 535 226 535 text 0
350 528 430 528 430 536 350 536 text 0
473 528 539 528 539 536 473 536 text 0
445 529 457 529 457 536 445 536 text 0
62 557 198 557 198 565 62 565 text 0
227 557 359 557 359 565 227 565 text 0
390 557 482 557 482 565 390 565 text 0
62 567 129 567 129 574 62 574 text 0
145 567 193 567 193 574 145 574 text 0
228 567 306 567 306 574 228 574 text 0
390 567 444 567 444 574 390 574 text 0
62 576 129 576 129 583 62 583 text 0
145 576 194 576 194 583 145 583 text 0
226 576 280 576 280 583 226 583 text 0
390 576 444 576 444 583 390 583 text 0