123 83 159 83 159 91 123 91 text 0
391 83 429 83 429 91 391 91 text 0
448 83 486 83 486 91 448 91 text 0
180 82 372 82 372 92 180 92 text 0
167 93 205 93 205 102 167 102 text 0
221 93 261 93 261 102 221 102 text 0
306 93 428 93 428 102 306 102 text 0
68 103 106 103 106 111 68 111 text 0
125 103 205 103 205 112 125 112 text 0
223 104 234 104 234 111 223 111 text 0
364 104 430 104 430 112 364 112 text 0
448 104 486 104 486 112 448 112 text 0
502 104 515 104 515 112 502 112 text 0
252 104 342 104 342 113 252 113 text 0
81 114 176 114 176 122 81 122 text 0
194 114 374 114 374 123 194 123 text 0
390 114 501 114 501 123 390 123 text 0
95 124 163 124 163 133 95 133 text 0
180 124 231 124 231 133 180 133 text 0
251 125 375 125 375 134 251 134 text 0
404 125 514 125 514 133 404 133 text 0
126 134 176 134 176 143 126 143 text 0
196 135 219 135 219 143 196 143 text 0
237 135 261 135 261 143 237 143 text 0
283 135 470 135 470 144 283 144 text 0
113 146 192 146 192 154 113 154 text 0
207 146 331 146 331 153 207 153 text 0
349 146 484 146 484 154 349 154 text 0
222 156 260 156 260 164 222 164 text 0
280 156 372 156 372 164 280 164 text 0
109 177 189 177 189 185 109 185 text 0
26 177 92 177 92 185 26 185 text 0
251 177 260 177 260 185 251 185 text 0
210 177 233 177 233 186 210 186 text 0
280 177 344 177 344 186 280 186 text 0
561 178 585 178 585 186 561 186 text 0
26 187 78 187 78 195 26 195 text 0
127 187 204 187 204 196 127 196 text 0
27 198 204 198 204 206 27 206 text 0
406 198 458 198 458 206 406 206 text 0
362 198 374 198 374 207 362 207 text 0
503 198 556 198 556 207 503 207 text 0
338 198 344 198 344 207 338 207 text 0
27 208 79 208 79 216 27 216 text 0
98 208 134 208 134 216 98 216 text 0
152 208 204 208 204 216 152 216 text 0
560 209 584 209 584 217 560 217 text 0
27 219 78 219 78 227 27 227 text 0
126 219 219 219 219 228 126 228 text 0
25 228 121 228 121 237 25 237 text 0
363 229 374 229 374 237 363 237 text 0
406 229 458 229 458 237 406 237 text 0
338 229 345 229 345 238 338 238 text 0
502 230 556 230 556 238 502 238 text 0
180 240 234 240 234 247 180 247 text 0
26 240 92 240 92 248 26 248 text 0
111 240 163 240 163 247 111 247 text 0
251 240 289 240 289 248 251 248 text 0
561 240 585 240 585 248 561 248 text 0
25 249 146 249 146 259 25 259 text 0
197 249 276 249 276 259 197 259 text 0
25 260 121 260 121 269 25 269 text 0
338 261 343 261 343 269 338 269 text 0
364 261 374 261 374 269 364 269 text 0
406 261 458 261 458 269 406 269 text 0
503 261 556 261 556 269 503 269 text 0
27 271 78 271 78 279 27 279 text 0
95 271 188 271 188 279 95 279 text 0
561 272 585 272 585 280 561 280 text 0
25 281 106 281 106 290 25 290 text 0
153 281 234 281 234 291 153 291 text 0
27 292 206 292 206 300 27 300 text 0
363 292 374 292 374 300 363 300 text 0
338 292 344 292 344 300 338 300 text 0
406 292 458 292 458 300 406 300 text 0
503 293 556 293 556 301 503 301 text 0
27 302 78 302 78 310 27 310 text 0
95 302 163 302 163 311 95 311 text 0
182 302 247 302 247 311 182 311 text 0
561 303 585 303 585 311 561 311 text 0
27 313 79 313 79 321 27 321 text 0
125 313 205 313 205 322 125 322 text 0
25 323 121 323 121 331 25 331 text 0
336 323 346 323 346 332 336 332 text 0
363 324 374 324 374 332 363 332 text 0
406 324 458 324 458 332 406 332 text 0
493 323 557 323 557 332 493 332 text 0
26 333 91 333 91 342 26 342 text 0
167 333 233 333 233 342 167 342 text 0
253 333 277 333 277 342 253 342 text 0
111 333 149 333 149 342 111 342 text 0
309 333 388 333 388 342 309 342 text 0
561 334 585 334 585 342 561 342 text 0
27 344 78 344 78 352 27 352 text 0
125 344 150 344 150 352 125 352 text 0
26 354 121 354 121 363 26 363 text 0
362 355 375 355 375 364 362 364 text 0
406 355 458 355 458 363 406 363 text 0
503 355 556 355 556 363 503 363 text 0
338 355 345 355 345 364 338 364 text 0
26 365 66 365 66 372 26 372 text 0
82 365 163 365 163 373 82 373 text 0
266 365 318 365 318 373 266 373 text 0
183 365 260 365 260 374 183 374 text 0
560 366 585 366 585 374 560 374 text 0
27 375 79 375 79 383 27 383 text 0
127 375 205 375 205 384 127 384 text 0
26 386 120 386 120 394 26 394 text 0
363 386 374 386 374 394 363 394 text 0
408 386 458 386 458 394 408 394 text 0
504 386 555 386 555 394 504 394 text 0
338 386 345 386 345 394 338 394 text 0
183 396 234 396 234 404 183 404 text 0
27 396 79 396 79 404 27 404 text 0
97 396 163 396 163 404 97 404 text 0
250 396 331 396 331 405 250 405 text 0
561 397 585 397 585 405 561 405 text 0
27 406 80 406 80 415 27 415 text 0
126 407 191 407 191 416 126 416 text 0
26 417 120 417 120 425 26 425 text 0
363 417 374 417 374 426 363 426 text 0
335 417 347 417 347 426 335 426 text 0
404 418 458 418 458 426 404 426 text 0
503 418 556 418 556 426 503 426 text 0
168 438 178 438 178 446 168 446 text 0
28 438 119 438 119 447 28 447 text 0
563 439 582 439 582 446 563 446 text 0
433 439 513 439 513 447 433 447 text 0
112 458 162 458 162 467 112 467 text 0
29 459 94 459 94 467 29 467 text 0
196 459 277 459 277 467 196 467 text 0
476 459 500 459 500 467 476 467 text 0
519 460 584 460 584 468 519 468 text 0
28 469 65 469 65 477 28 477 text 0
476 469 500 469 500 478 476 478 text 0
519 469 584 469 584 478 519 478 text 0
26 480 248 480 248 488 26 488 text 0
269 480 373 480 373 489 269 489 text 0
111 490 149 490 149 497 111 497 text 0
27 490 94 490 94 497 27 497 text 0
167 490 219 490 219 499 167 499 text 0
26 510 65 510 65 518 26 518 text 0
82 511 177 511 177 520 82 520 text 0
279 511 372 511 372 520 279 520 text 0
420 511 514 511 514 520 420 520 text 0
26 521 65 521 65 529 26 529 text 0
83 521 136 521 136 529 83 529 text 0
336 521 402 521 402 530 336 530 text 0
491 521 543 521 543 530 491 530 text 0
30 552 135 552 135 560 30 560 text 0
156 552 220 552 220 560 156 560 text 0
236 552 287 552 287 560 236 560 text 0
307 552 361 552 361 560 307 560 text 0
408 552 430 552 430 561 408 561 text 0
448 552 581 552 581 561 448 561 text 0
27 563 136 563 136 571 27 571 text 0
251 563 304 563 304 570 251 570 text 0
155 562 206 562 206 571 155 571 text 0
323 563 388 563 388 571 323 571 text 0
406 563 500 563 500 571 406 571 text 0
111 583 219 583 219 591 111 591 text 0
238 583 277 583 277 591 238 591 text 0
293 584 389 584 389 592 293 592 text 0
405 584 488 584 488 592 405 592 text 0
169 593 179 593 179 601 169 601 text 0
336 593 442 593 442 602 336 602 text 0
267 593 320 593 320 602 267 602 text 0
195 593 249 593 249 602 195 602 text 0
140 603 249 603 249 612 140 612 text 0
265 603 290 603 290 612 265 612 text 0
307 604 360 604 360 612 307 612 text 0
378 604 470 604 470 612 378 612 text 0