156 67 477 67 477 105 156 105 text 0
63 165 126 165 126 173 63 173 text 0
316 165 414 165 414 174 316 174 text 0
137 165 307 165 307 174 137 174 text 0
493 166 541 166 541 174 493 174 text 0
427 166 482 166 482 174 427 174 text 0
237 178 368 178 368 189 237 189 text 0
197 191 232 191 232 199 197 199 text 0
274 191 331 191 331 199 274 199 text 0
242 191 254 191 254 199 242 199 text 0
343 192 408 192 408 202 343 202 text 0
117 203 174 203 174 212 117 212 text 0
184 203 244 203 244 212 184 212 text 0
261 204 393 204 393 212 261 212 text 0
404 204 490 204 490 215 404 215 text 0
268 216 329 216 329 224 268 224 text 0
175 216 248 216 248 224 175 224 text 0
340 216 429 216 429 226 340 226 text 0
89 229 109 229 109 237 89 237 text 0
122 229 218 229 218 237 122 237 text 0
230 229 287 229 287 237 230 237 text 0
318 229 336 229 336 237 318 237 text 0
349 229 446 229 446 237 349 237 text 0
458 229 515 229 515 237 458 237 text 0
190 242 235 242 235 250 190 250 text 0
248 242 281 242 281 250 248 250 text 0
124 242 179 242 179 252 124 252 text 0
290 242 480 242 480 253 290 253 text 0
177 263 400 263 400 272 177 272 text 0
68 264 140 264 140 271 68 271 text 0
24 264 59 264 59 272 24 272 text 0
487 264 580 264 580 273 487 273 text 0
25 279 102 279 102 287 25 287 text 0
136 279 184 279 184 287 136 287 text 0
486 280 581 280 581 287 486 287 text 0
192 279 217 279 217 289 192 289 text 0
24 302 68 302 68 311 24 311 text 0
184 304 213 304 213 311 184 311 text 0
79 303 173 303 173 312 79 312 text 0
35 315 205 315 205 322 35 322 text 0
378 315 445 315 445 322 378 322 text 0
492 316 549 316 549 323 492 323 text 0
566 316 579 316 579 323 566 323 text 0
25 337 79 337 79 345 25 345 text 0
90 337 161 337 161 345 90 345 text 0
172 337 231 337 231 345 172 345 text 0
240 337 322 337 322 345 240 345 text 0
38 349 206 349 206 357 38 357 text 0
362 349 444 349 444 357 362 357 text 0
494 349 549 349 549 357 494 357 text 0
566 349 579 349 579 357 566 357 text 0
214 377 262 377 262 385 214 385 text 0
270 377 312 377 312 385 270 385 text 0
397 377 431 377 431 385 397 385 text 0
322 377 363 377 363 385 322 385 text 0
86 378 97 378 97 386 86 386 text 0
373 377 390 377 390 386 373 386 text 0
25 379 71 379 71 386 25 386 text 0
522 379 577 379 577 387 522 387 text 0
86 394 97 394 97 401 86 401 text 0
25 393 59 393 59 402 25 402 text 0
338 394 433 394 433 403 338 403 text 0
533 395 577 395 577 402 533 402 text 0
29 409 73 409 73 417 29 417 text 0
384 409 432 409 432 418 384 418 text 0
187 410 231 410 231 417 187 417 text 0
83 409 151 409 151 419 83 419 text 0
521 410 578 410 578 417 521 417 text 0
362 424 433 424 433 432 362 432 text 0
385 441 431 441 431 449 385 449 text 0
512 442 580 442 580 449 512 449 text 0
524 459 580 459 580 466 524 466 text 0
357 459 432 459 432 468 357 468 text 0
25 475 67 475 67 482 25 482 text 0
310 475 344 475 344 482 310 482 text 0
216 475 277 475 277 482 216 482 text 0
354 475 433 475 433 482 354 482 text 0
76 475 158 475 158 485 76 485 text 0
219 491 276 491 276 498 219 498 text 0
51 491 63 491 63 498 51 498 text 0
94 491 128 491 128 498 94 498 text 0
390 491 432 491 432 499 390 499 text 0
90 506 126 506 126 515 90 515 text 0
51 509 63 509 63 516 51 516 text 0
218 509 276 509 276 515 218 515 text 0
388 508 432 508 432 516 388 516 text 0
245 532 371 532 371 540 245 540 text 0
144 543 471 543 471 552 144 552 text 0
97 565 211 565 211 572 97 572 text 0
220 565 231 565 231 572 220 572 text 0
244 565 326 565 326 572 244 572 text 0
385 566 408 566 408 573 385 573 text 0
336 566 375 566 375 573 336 573 text 0
419 565 518 565 518 573 419 573 text 0
411 576 449 576 449 583 411 583 text 0
239 576 291 576 291 583 239 583 text 0
69 575 146 575 146 583 69 583 text 0
157 575 166 575 166 583 157 583 text 0
175 575 228 575 228 583 175 583 text 0
301 576 403 576 403 584 301 584 text 0
459 576 545 576 545 584 459 584 text 0
128 586 199 586 199 594 128 594 text 0
268 587 342 587 342 594 268 594 text 0
351 587 411 587 411 594 351 594 text 0
420 587 485 587 485 594 420 594 text 0
209 587 255 587 255 595 209 595 text 0
228 627 397 627 397 632 228 632 text 0