75 88 203 88 203 99 75 99 text 0
217 89 347 89 347 99 217 99 text 0
427 90 463 90 463 100 427 100 text 0
479 90 515 90 515 99 479 99 text 0
362 88 409 88 409 101 362 101 text 0
190 102 225 102 225 113 190 113 text 0
296 102 399 102 399 113 296 113 text 0
241 104 278 104 278 114 241 114 text 0
113 118 149 118 149 127 113 127 text 0
164 118 205 118 205 127 164 127 text 0
309 118 386 118 386 128 309 128 text 0
401 118 478 118 478 128 401 128 text 0
229 118 294 118 294 128 229 128 text 0
113 132 176 132 176 141 113 141 text 0
191 132 266 132 266 142 191 142 text 0
347 132 383 132 383 142 347 142 text 0
281 132 318 132 318 142 281 142 text 0
399 133 476 133 476 143 399 143 text 0
139 147 203 147 203 156 139 156 text 0
216 147 307 147 307 156 216 156 text 0
334 147 437 147 437 157 334 157 text 0
320 162 372 162 372 171 320 171 text 0
216 162 306 162 306 171 216 171 text 0
137 175 174 175 174 185 137 185 text 0
193 175 214 175 214 185 193 185 text 0
295 176 450 176 450 186 295 186 text 0
229 176 279 176 279 186 229 186 text 0
114 176 121 176 121 188 114 188 text 0
465 177 475 177 475 189 465 189 text 0
139 204 212 204 212 214 139 214 text 0
248 205 420 205 420 215 248 215 text 0
321 220 382 220 382 229 321 229 text 0
398 220 461 220 461 229 398 229 text 0
35 233 97 233 97 242 35 242 text 0
113 233 187 233 187 242 113 242 text 0
319 233 448 233 448 243 319 243 text 0
463 234 527 234 527 243 463 243 text 0
33 261 110 261 110 270 33 270 text 0
128 261 139 261 139 270 128 270 text 0
150 261 211 261 211 270 150 270 text 0
294 262 331 262 331 271 294 271 text 0
344 262 434 262 434 271 344 271 text 0
502 262 538 262 538 272 502 272 text 0
34 276 201 276 201 285 34 285 text 0
295 276 304 276 304 286 295 286 text 0
360 277 423 277 423 286 360 286 text 0
477 277 552 277 552 286 477 286 text 0
34 289 162 289 162 299 34 299 text 0
177 289 306 289 306 299 177 299 text 0
33 303 98 303 98 313 33 313 text 0
295 305 304 305 304 314 295 314 text 0
372 304 424 304 424 314 372 314 text 0
487 305 553 305 553 314 487 314 text 0
33 316 71 316 71 325 33 325 text 0
85 317 112 317 112 326 85 326 text 0
126 317 162 317 162 326 126 326 text 0
177 318 214 318 214 327 177 327 text 0
230 318 293 318 293 327 230 327 text 0
305 318 343 318 343 327 305 327 text 0
34 331 205 331 205 340 34 340 text 0
295 331 304 331 304 340 295 340 text 0
373 331 424 331 424 341 373 341 text 0
489 331 554 331 554 341 489 341 text 0
34 343 97 343 97 353 34 353 text 0
112 344 188 344 188 353 112 353 text 0
280 344 332 344 332 354 280 354 text 0
203 344 266 344 266 354 203 354 text 0
33 371 148 371 148 381 33 381 text 0
492 372 555 372 555 382 492 382 text 0
31 384 96 384 96 393 31 393 text 0
111 385 186 385 186 395 111 395 text 0
505 386 555 386 555 395 505 395 text 0
30 410 94 410 94 419 30 419 text 0
230 411 242 411 242 420 230 420 text 0
113 411 213 411 213 423 113 423 text 0
29 423 95 423 95 432 29 432 text 0
281 425 295 425 295 434 281 434 text 0
109 424 264 424 264 436 109 436 text 0
29 436 95 436 95 445 29 445 text 0
112 438 161 438 161 447 112 447 text 0
177 438 215 438 215 446 177 446 text 0
243 438 268 438 268 447 243 447 text 0
415 438 544 438 544 448 415 448 text 0
28 463 80 463 80 473 28 473 text 0
96 464 148 464 148 473 96 473 text 0
200 464 253 464 253 473 200 473 text 0
481 466 548 466 548 475 481 475 text 0
30 477 82 477 82 487 30 487 text 0
97 478 122 478 122 488 97 488 text 0
31 506 96 506 96 515 31 515 text 0
111 506 158 506 158 515 111 515 text 0
177 506 253 506 253 515 177 515 text 0
268 506 320 506 320 516 268 516 text 0
335 507 409 507 409 516 335 516 text 0
34 520 97 520 97 529 34 529 text 0
110 520 164 520 164 530 110 530 text 0
229 521 267 521 267 530 229 530 text 0
177 521 214 521 214 530 177 530 text 0
283 521 423 521 423 530 283 530 text 0
34 533 70 533 70 543 34 543 text 0
230 534 320 534 320 543 230 543 text 0
334 534 372 534 372 544 334 544 text 0
400 534 436 534 436 544 400 544 text 0
451 535 489 535 489 544 451 544 text 0
164 562 190 562 190 571 164 571 text 0
306 562 370 562 370 571 306 571 text 0
35 561 122 561 122 573 35 573 text 0
438 563 486 563 486 572 438 572 text 0