297 125 369 125 369 136 297 136 text 0
231 124 283 124 283 138 231 138 text 0
381 124 433 124 433 137 381 137 text 0
451 125 502 125 502 138 451 138 text 0
174 125 215 125 215 140 174 140 text 0
287 145 399 145 399 157 287 157 text 0
262 169 304 169 304 181 262 181 text 0
320 168 414 168 414 181 320 181 text 0
203 189 243 189 243 201 203 201 text 0
257 190 292 190 292 201 257 201 text 0
313 189 476 189 476 202 313 202 text 0
127 204 142 204 142 217 127 217 text 0
153 206 169 206 169 217 153 217 text 0
184 206 209 206 209 218 184 218 text 0
237 204 304 204 304 218 237 218 text 0
317 206 444 206 444 219 317 219 text 0
527 207 539 207 539 218 527 218 text 0
456 206 509 206 509 221 456 221 text 0
237 221 317 221 317 233 237 233 text 0
333 220 428 220 428 234 333 234 text 0
195 238 262 238 262 249 195 249 text 0
374 238 482 238 482 251 374 251 text 0
277 238 345 238 345 252 277 252 text 0
61 275 84 275 84 287 61 287 text 0
103 277 126 277 126 288 103 288 text 0
500 278 594 278 594 290 500 290 text 0
171 276 331 276 331 291 171 291 text 0
350 277 484 277 484 292 350 292 text 0
61 295 113 295 113 307 61 307 text 0
129 296 153 296 153 307 129 307 text 0
185 296 237 296 237 308 185 308 text 0
60 317 209 317 209 333 60 333 text 0
458 317 591 317 591 332 458 332 text 0
58 337 336 337 336 353 58 353 text 0
349 340 389 340 389 352 349 352 text 0
85 360 112 360 112 372 85 372 text 0
198 360 208 360 208 373 198 373 text 0
226 360 236 360 236 373 226 373 text 0
293 362 361 362 361 374 293 374 text 0
527 361 594 361 594 373 527 373 text 0
168 382 278 382 278 394 168 394 text 0
295 382 347 382 347 394 295 394 text 0
403 383 470 383 470 395 403 395 text 0
361 383 384 383 384 395 361 395 text 0
61 402 124 402 124 415 61 415 text 0
212 404 222 404 222 415 212 415 text 0
142 403 192 403 192 417 142 417 text 0
141 424 208 424 208 436 141 436 text 0
225 423 293 423 293 437 225 437 text 0
444 425 486 425 486 436 444 436 text 0
306 425 431 425 431 437 306 437 text 0
526 426 596 426 596 437 526 437 text 0
432 445 484 445 484 458 432 458 text 0
525 447 593 447 593 458 525 458 text 0
541 468 593 468 593 480 541 480 text 0
390 468 483 468 483 481 390 481 text 0
540 490 594 490 594 501 540 501 text 0
403 489 483 489 483 504 403 504 text 0
541 511 596 511 596 523 541 523 text 0
404 511 486 511 486 526 404 526 text 0
61 547 101 547 101 559 61 559 text 0
116 546 209 546 209 561 116 561 text 0
294 547 427 547 427 561 294 561 text 0
496 549 593 549 593 561 496 561 text 0
61 562 84 562 84 575 61 575 text 0
129 563 196 563 196 576 129 576 text 0
101 564 115 564 115 577 101 577 text 0
361 563 429 563 429 578 361 578 text 0
540 564 594 564 594 578 540 578 text 0
61 598 164 598 164 610 61 610 text 0
184 598 266 598 266 609 184 609 text 0
223 626 263 626 263 638 223 638 text 0
292 626 374 626 374 638 292 638 text 0
139 625 209 625 209 639 139 639 text 0
389 628 444 628 444 640 389 640 text 0
458 627 528 627 528 639 458 639 text 0