73 70 227 70 227 81 73 81 text 0
238 70 438 70 438 81 238 81 text 0
448 70 500 70 500 81 448 81 text 0
513 70 574 70 574 81 513 81 text 0
273 88 376 88 376 99 273 99 text 0
176 103 208 103 208 113 176 113 text 0
215 103 257 103 257 112 215 112 text 0
344 103 380 103 380 112 344 112 text 0
266 103 336 103 336 112 266 112 text 0
391 103 470 103 470 113 391 113 text 0
270 118 377 118 377 128 270 128 text 0
270 134 343 134 343 143 270 143 text 0
353 134 452 134 452 143 353 143 text 0
193 134 261 134 261 144 193 144 text 0
225 148 262 148 262 157 225 157 text 0
285 148 423 148 423 157 285 157 text 0
198 168 243 168 243 177 198 177 text 0
252 168 273 168 273 177 252 177 text 0
291 168 447 168 447 177 291 177 text 0
170 184 309 184 309 194 170 194 text 0
317 184 365 184 365 194 317 194 text 0
374 184 475 184 475 194 374 194 text 0
38 207 103 207 103 217 38 217 text 0
89 225 117 225 117 234 89 234 text 0
41 225 80 225 80 234 41 234 text 0
210 225 343 225 343 234 210 234 text 0
392 225 443 225 443 235 392 235 text 0
463 225 577 225 577 235 463 235 text 0
389 241 443 241 443 250 389 250 text 0
465 241 550 241 550 251 465 251 text 0
211 242 272 242 272 251 211 251 text 0
40 242 120 242 120 251 40 251 text 0
388 257 429 257 429 267 388 267 text 0
40 257 166 257 166 269 40 269 text 0
329 287 405 287 405 296 329 296 text 0
37 286 82 286 82 296 37 296 text 0
436 286 525 286 525 296 436 296 text 0
555 286 592 286 592 296 555 296 text 0
243 287 279 287 279 298 243 298 text 0
255 301 266 301 266 310 255 310 text 0
344 302 387 302 387 311 344 311 text 0
42 301 90 301 90 311 42 311 text 0
467 302 523 302 523 311 467 311 text 0
559 301 588 301 588 311 559 311 text 0
40 317 105 317 105 326 40 326 text 0
114 317 190 317 190 326 114 326 text 0
197 317 260 317 260 327 197 327 text 0
39 335 90 335 90 344 39 344 text 0
255 334 266 334 266 344 255 344 text 0
467 334 523 334 523 344 467 344 text 0
340 335 394 335 394 344 340 344 text 0
560 335 588 335 588 344 560 344 text 0
40 350 120 350 120 360 40 360 text 0
139 351 217 351 217 361 139 361 text 0
251 366 263 366 263 375 251 375 text 0
469 365 525 365 525 375 469 375 text 0
100 366 149 366 149 375 100 375 text 0
155 366 194 366 194 378 155 378 text 0
155 389 210 389 210 398 155 398 text 0
100 389 149 389 149 398 100 398 text 0
466 390 522 390 522 399 466 399 text 0
328 390 383 390 383 400 328 400 text 0
219 389 322 389 322 401 219 401 text 0
295 406 383 406 383 415 295 415 text 0
479 406 523 406 523 416 479 416 text 0
337 424 385 424 385 432 337 432 text 0
479 424 522 424 522 433 479 433 text 0
281 424 330 424 330 433 281 433 text 0
479 441 523 441 523 451 479 451 text 0
288 442 381 442 381 454 288 454 text 0
55 461 109 461 109 471 55 471 text 0
117 461 177 461 177 471 117 471 text 0
301 461 322 461 322 471 301 471 text 0
465 462 522 462 522 471 465 471 text 0
186 461 294 461 294 473 186 473 text 0
328 461 384 461 384 473 328 473 text 0
465 480 522 480 522 489 465 489 text 0
317 480 382 480 382 490 317 490 text 0
479 497 522 497 522 506 479 506 text 0
298 497 383 497 383 508 298 508 text 0
78 526 127 526 127 537 78 537 text 0
137 527 264 527 264 537 137 537 text 0
130 548 187 548 187 558 130 558 text 0
319 548 363 548 363 558 319 558 text 0
85 548 122 548 122 557 85 557 text 0
465 548 504 548 504 558 465 558 text 0
372 548 423 548 423 559 372 559 text 0
246 548 263 548 263 559 246 559 text 0
511 549 561 549 561 559 511 559 text 0
86 561 117 561 117 571 86 571 text 0
250 561 261 561 261 571 250 571 text 0
515 562 563 562 563 572 515 572 text 0
359 562 421 562 421 571 359 571 text 0
359 582 421 582 421 591 359 591 text 0
208 581 265 581 265 591 208 591 text 0
513 582 562 582 562 591 513 591 text 0
74 613 146 613 146 622 74 622 text 0
156 613 207 613 207 622 156 622 text 0
215 613 253 613 253 622 215 622 text 0
261 613 301 613 301 622 261 622 text 0
449 613 512 613 512 622 449 622 text 0
521 614 562 614 562 622 521 622 text 0
308 613 441 613 441 623 308 623 text 0