161 95 231 95 231 106 161 106 text 0
237 94 337 94 337 107 237 107 text 0
343 94 448 94 448 107 343 107 text 0
454 94 503 94 503 107 454 107 text 0
513 94 563 94 563 107 513 107 text 0
247 112 309 112 309 126 247 126 text 0
319 112 412 112 412 126 319 126 text 0
445 112 491 112 491 126 445 126 text 0
206 112 233 112 233 126 206 126 text 0
499 112 511 112 511 126 499 126 text 0
421 112 431 112 431 127 421 127 text 0
380 130 463 130 463 144 380 144 text 0
205 130 290 130 290 144 205 144 text 0
298 130 371 130 371 144 298 144 text 0
470 130 517 130 517 144 470 144 text 0
418 150 533 150 533 164 418 164 text 0
190 150 255 150 255 164 190 164 text 0
265 150 349 150 349 164 265 164 text 0
354 149 402 149 402 164 354 164 text 0
432 168 517 168 517 182 432 182 text 0
203 168 288 168 288 182 203 182 text 0
294 168 346 168 346 182 294 182 text 0
150 167 182 167 182 183 150 183 text 0
524 168 577 168 577 182 524 182 text 0
376 170 410 170 410 184 376 184 text 0
246 188 287 188 287 201 246 201 text 0
293 188 312 188 312 201 293 201 text 0
329 188 466 188 466 201 329 201 text 0
277 205 328 205 328 221 277 221 text 0
335 205 429 205 429 223 335 223 text 0
491 220 605 220 605 233 491 233 text 0
447 221 474 221 474 233 447 233 text 0
526 239 564 239 564 254 526 254 text 0
571 239 610 239 610 254 571 254 text 0
461 240 499 240 499 258 461 258 text 0
343 260 434 260 434 274 343 274 text 0
523 260 567 260 567 274 523 274 text 0
91 260 226 260 226 274 91 274 text 0
582 262 604 262 604 272 582 272 text 0
299 260 337 260 337 274 299 274 text 0
475 259 487 259 487 275 475 275 text 0
233 260 291 260 291 274 233 274 text 0
193 278 289 278 289 292 193 292 text 0
323 278 389 278 389 292 323 292 text 0
91 279 188 279 188 294 91 294 text 0
293 280 315 280 315 296 293 296 text 0
373 304 407 304 407 318 373 318 text 0
198 304 237 304 237 318 198 318 text 0
289 304 339 304 339 318 289 318 text 0
242 304 283 304 283 318 242 318 text 0
137 304 191 304 191 320 137 320 text 0
458 306 502 306 502 320 458 320 text 0
345 305 367 305 367 321 345 321 text 0
184 320 282 320 282 337 184 337 text 0
289 320 406 320 406 337 289 337 text 0
450 322 498 322 498 335 450 335 text 0
279 336 320 336 320 350 279 350 text 0
220 338 273 338 273 352 220 352 text 0
323 336 410 336 410 354 323 354 text 0
455 338 502 338 502 352 455 352 text 0
328 352 410 352 410 366 328 366 text 0
277 352 324 352 324 366 277 366 text 0
445 354 503 354 503 367 445 367 text 0
458 366 504 366 504 380 458 380 text 0
328 367 410 367 410 383 328 383 text 0
233 379 287 379 287 395 233 395 text 0
332 381 410 381 410 396 332 396 text 0
460 382 502 382 502 396 460 396 text 0
293 381 326 381 326 397 293 397 text 0
547 402 586 402 586 416 547 416 text 0
143 404 185 404 185 418 143 418 text 0
359 404 438 404 438 418 359 418 text 0
192 404 288 404 288 421 192 421 text 0
534 422 583 422 583 439 534 439 text 0
389 424 438 424 438 440 389 440 text 0
541 446 585 446 585 459 541 459 text 0
391 446 438 446 438 459 391 459 text 0
204 446 220 446 220 460 204 460 text 0
145 446 173 446 173 460 145 460 text 0
176 447 197 447 197 463 176 463 text 0
540 468 584 468 584 482 540 482 text 0
391 468 438 468 438 482 391 482 text 0
144 468 194 468 194 482 144 482 text 0
420 490 471 490 471 504 420 504 text 0
331 491 413 491 413 507 331 507 text 0
289 508 323 508 323 522 289 522 text 0
332 508 438 508 438 522 332 522 text 0
133 508 195 508 195 522 133 522 text 0
204 508 242 508 242 522 204 522 text 0
485 508 618 508 618 525 485 525 text 0
447 511 478 511 478 522 447 522 text 0
250 511 283 511 283 522 250 522 text 0
449 527 508 527 508 542 449 542 text 0
208 528 238 528 238 542 208 542 text 0
518 530 546 530 546 540 518 540 text 0
289 528 369 528 369 546 289 546 text 0
380 528 443 528 443 546 380 546 text 0
246 530 282 530 282 544 246 544 text 0
263 546 492 546 492 564 263 564 text 0
380 566 460 566 460 580 380 580 text 0
470 566 499 566 499 580 470 580 text 0
253 567 375 567 375 583 253 583 text 0