137 125 174 125 174 137 137 137 text 0
194 125 278 125 278 138 194 138 text 0
361 125 404 125 404 138 361 138 text 0
304 125 341 125 341 139 304 139 text 0
423 126 464 126 464 138 423 138 text 0
170 141 269 141 269 155 170 155 text 0
290 142 432 142 432 156 290 156 text 0
48 158 88 158 88 170 48 170 text 0
110 158 194 158 194 171 110 171 text 0
513 159 526 159 526 171 513 171 text 0
212 159 222 159 222 170 212 170 text 0
244 159 329 159 329 171 244 171 text 0
361 159 434 159 434 171 361 171 text 0
453 159 495 159 495 171 453 171 text 0
63 174 164 174 164 186 63 186 text 0
182 174 374 174 374 187 182 187 text 0
391 174 510 174 510 187 391 187 text 0
78 190 150 190 150 203 78 203 text 0
167 190 222 190 222 203 167 203 text 0
242 191 374 191 374 203 242 203 text 0
405 191 524 191 524 203 405 203 text 0
228 206 252 206 252 219 228 219 text 0
184 206 207 206 207 219 184 219 text 0
110 205 164 205 164 220 110 220 text 0
276 205 477 205 477 221 276 221 text 0
197 222 252 222 252 236 197 236 text 0
270 222 386 222 386 237 270 237 text 0
210 239 254 239 254 251 210 251 text 0
272 240 373 240 373 253 272 253 text 0
4 271 178 271 178 284 4 284 text 0
196 271 269 271 269 284 196 284 text 0
289 271 344 271 344 284 289 284 text 0
572 272 598 272 598 284 572 284 text 0
361 272 434 272 434 286 361 286 text 0
106 287 133 287 133 299 106 299 text 0
3 287 60 287 60 299 3 299 text 0
4 303 193 303 193 316 4 316 text 0
362 303 375 303 375 316 362 316 text 0
407 304 464 304 464 316 407 316 text 0
332 304 344 304 344 316 332 316 text 0
498 304 569 304 569 317 498 317 text 0
4 320 59 320 59 332 4 332 text 0
78 320 134 320 134 332 78 332 text 0
154 320 253 320 253 332 154 332 text 0
572 320 598 320 598 333 572 333 text 0
4 336 150 336 150 348 4 348 text 0
200 336 284 336 284 349 200 349 text 0
4 352 105 352 105 364 4 364 text 0
362 352 375 352 375 365 362 365 text 0
336 353 343 353 343 365 336 365 text 0
411 352 464 352 464 365 411 365 text 0
513 352 569 352 569 365 513 365 text 0
155 384 165 384 165 396 155 396 text 0
587 385 598 385 598 397 587 397 text 0
5 384 103 384 103 398 5 398 text 0
453 384 537 384 537 399 453 399 text 0
5 416 74 416 74 428 5 428 text 0
95 416 148 416 148 429 95 429 text 0
184 417 269 417 269 428 184 428 text 0
530 417 598 417 598 429 530 429 text 0
481 417 509 417 509 429 481 429 text 0
5 432 61 432 61 445 5 445 text 0
528 434 599 434 599 446 528 446 text 0
483 434 510 434 510 446 483 446 text 0
4 448 89 448 89 461 4 461 text 0
497 449 524 449 524 462 497 462 text 0
544 449 599 449 599 462 544 462 text 0
129 480 242 480 242 493 129 493 text 0
303 480 373 480 373 493 303 493 text 0
6 480 46 480 46 493 6 493 text 0
64 480 106 480 106 493 64 493 text 0
453 481 479 481 479 493 453 493 text 0
260 481 285 481 285 493 260 493 text 0
498 481 553 481 553 493 498 493 text 0
5 513 122 513 122 526 5 526 text 0
453 514 598 514 598 526 453 526 text 0
141 514 212 514 212 526 141 526 text 0
304 514 360 514 360 526 304 526 text 0
407 514 433 514 433 526 407 526 text 0
229 514 282 514 282 526 229 526 text 0
259 529 360 529 360 542 259 542 text 0
5 529 122 529 122 542 5 542 text 0
140 529 242 529 242 542 140 542 text 0
229 561 271 561 271 573 229 573 text 0
289 561 391 561 391 574 289 574 text 0
97 561 211 561 211 574 97 574 text 0
408 561 494 561 494 574 408 574 text 0
186 578 226 578 226 589 186 589 text 0
319 578 418 578 418 589 319 589 text 0
245 578 300 578 300 590 245 590 text 0
154 578 166 578 166 590 154 590 text 0
260 594 285 594 285 606 260 606 text 0
303 594 361 594 361 606 303 606 text 0
125 594 240 594 240 606 125 606 text 0
378 594 463 594 463 606 378 606 text 0