67 35 127 35 127 48 67 48 text 0
139 35 193 35 193 48 139 48 text 0
69 74 283 74 283 88 69 88 text 0
290 74 441 74 441 88 290 88 text 0
70 94 136 94 136 108 70 108 text 0
146 94 213 94 213 108 146 108 text 0
71 116 158 116 158 127 71 127 text 0
293 132 356 132 356 143 293 143 text 0
69 133 127 133 127 144 69 144 text 0
189 134 212 134 212 145 189 145 text 0
170 134 183 134 183 145 170 145 text 0
225 134 285 134 285 145 225 145 text 0
141 134 161 134 161 145 141 145 text 0
133 150 250 150 250 161 133 161 text 0
70 150 124 150 124 161 70 161 text 0
171 168 287 168 287 179 171 179 text 0
68 168 165 168 165 179 68 179 text 0
71 187 149 187 149 198 71 198 text 0
71 204 110 204 110 215 71 215 text 0
117 203 304 203 304 218 117 218 text 0
174 229 204 229 204 240 174 240 text 0
233 228 375 228 375 241 233 241 text 0
72 229 168 229 168 240 72 240 text 0
439 247 464 247 464 258 439 258 text 0
348 247 429 247 429 258 348 258 text 0
234 247 338 247 338 260 234 260 text 0
70 249 113 249 113 260 70 260 text 0
384 273 470 273 470 286 384 286 text 0
474 276 509 276 509 286 474 286 text 0
330 276 368 276 368 287 330 287 text 0
237 276 292 276 292 287 237 287 text 0
72 276 122 276 122 287 72 287 text 0
466 294 516 294 516 304 466 304 text 0
431 294 457 294 457 305 431 305 text 0
259 294 285 294 285 305 259 305 text 0
73 294 111 294 111 308 73 308 text 0
412 320 483 320 483 331 412 331 text 0
321 321 407 321 407 332 321 332 text 0
203 321 317 321 317 332 203 332 text 0
141 321 194 321 194 332 141 332 text 0
73 321 136 321 136 332 73 332 text 0
71 336 129 336 129 347 71 347 text 0
484 354 508 354 508 365 484 365 text 0
419 354 467 354 467 365 419 365 text 0
327 354 367 354 367 365 327 365 text 0
242 354 291 354 291 365 242 365 text 0
122 356 196 356 196 367 122 367 text 0
74 382 120 382 120 395 74 395 text 0
193 383 203 383 203 394 193 394 text 0
131 383 167 383 167 397 131 397 text 0
459 410 507 410 507 421 459 421 text 0
305 412 337 412 337 424 305 424 text 0
260 412 300 412 300 423 260 423 text 0
168 412 253 412 253 423 168 423 text 0
116 411 162 411 162 424 116 424 text 0
467 430 506 430 506 441 467 441 text 0
231 430 350 430 350 445 231 445 text 0
136 430 225 430 225 445 136 445 text 0
438 452 509 452 509 467 438 467 text 0
206 454 271 454 271 468 206 468 text 0
87 456 199 456 199 470 87 470 text 0
280 455 351 455 351 471 280 471 text 0
457 482 505 482 505 495 457 495 text 0
98 484 143 484 143 497 98 497 text 0
443 530 522 530 522 545 443 545 text 0
266 530 386 530 386 545 266 545 text 0
93 534 132 534 132 545 93 545 text 0
136 533 228 533 228 546 136 546 text 0
478 556 520 556 520 567 478 567 text 0
325 555 377 555 377 568 325 568 text 0
148 557 182 557 182 569 148 569 text 0
92 559 118 559 118 570 92 570 text 0
125 558 142 558 142 571 125 571 text 0
248 585 323 585 323 596 248 596 text 0
327 585 367 585 367 596 327 596 text 0