199 40 449 40 449 61 199 61 text 0
425 78 465 78 465 90 425 90 text 0
482 78 522 78 522 90 482 90 text 0
187 78 239 78 239 91 187 91 text 0
257 79 408 79 408 90 257 90 text 0
74 79 170 79 170 92 74 92 text 0
229 94 349 94 349 107 229 107 text 0
313 108 450 108 450 120 313 120 text 0
272 110 295 110 295 121 272 121 text 0
145 110 254 110 254 121 145 121 text 0
286 124 314 124 314 135 286 135 text 0
341 126 466 126 466 136 341 136 text 0
482 125 578 125 578 137 482 137 text 0
32 125 96 125 96 137 32 137 text 0
114 126 131 126 131 136 114 136 text 0
159 126 268 126 268 138 159 138 text 0
399 139 507 139 507 151 399 151 text 0
524 139 578 139 578 151 524 151 text 0
200 140 382 140 382 152 200 152 text 0
115 140 184 140 184 151 115 151 text 0
33 142 89 142 89 152 33 152 text 0
244 155 354 155 354 167 244 167 text 0
301 168 478 168 478 181 301 181 text 0
245 171 281 171 281 181 245 181 text 0
202 171 228 171 228 181 202 181 text 0
134 170 183 170 183 182 134 182 text 0
299 183 466 183 466 197 299 197 text 0
146 184 285 184 285 196 146 196 text 0
285 199 452 199 452 211 285 211 text 0
216 200 244 200 244 210 216 210 text 0
162 199 200 199 200 211 162 211 text 0
288 214 382 214 382 226 288 226 text 0
232 215 270 215 270 226 232 226 text 0
302 246 357 246 357 256 302 256 text 0
374 246 383 246 383 256 374 256 text 0
244 245 286 245 286 257 244 257 text 0
104 276 312 276 312 288 104 288 text 0
37 277 88 277 88 288 37 288 text 0
445 291 552 291 552 301 445 301 text 0
217 292 270 292 270 302 217 302 text 0
287 291 424 291 424 303 287 303 text 0
149 292 201 292 201 303 149 303 text 0
90 292 130 292 130 303 90 303 text 0
35 293 75 293 75 303 35 303 text 0
512 305 579 305 579 316 512 316 text 0
93 308 144 308 144 318 93 318 text 0
35 307 75 307 75 318 35 318 text 0
514 320 581 320 581 330 514 330 text 0
191 321 257 321 257 332 191 332 text 0
121 321 171 321 171 332 121 332 text 0
272 321 354 321 354 333 272 333 text 0
63 322 77 322 77 332 63 332 text 0
90 322 105 322 105 333 90 333 text 0
118 336 133 336 133 348 118 348 text 0
92 337 103 337 103 347 92 347 text 0
149 336 216 336 216 347 149 347 text 0
152 350 243 350 243 362 152 362 text 0
117 351 134 351 134 362 117 362 text 0
93 353 104 353 104 363 93 363 text 0
515 365 582 365 582 376 515 376 text 0
120 366 160 366 160 377 120 377 text 0
176 366 257 366 257 377 176 377 text 0
64 367 76 367 76 377 64 377 text 0
93 367 104 367 104 377 93 377 text 0
120 381 132 381 132 393 120 393 text 0
148 381 203 381 203 393 148 393 text 0
93 382 104 382 104 393 93 393 text 0
151 397 217 397 217 408 151 408 text 0
93 397 104 397 104 409 93 409 text 0
119 397 133 397 133 409 119 409 text 0
528 411 582 411 582 422 528 422 text 0
65 412 75 412 75 423 65 423 text 0
91 412 132 412 132 423 91 423 text 0
150 412 231 412 231 425 150 425 text 0
504 440 582 440 582 452 504 452 text 0
290 442 342 442 342 454 290 454 text 0
121 442 187 442 187 454 121 454 text 0
209 441 271 441 271 454 209 454 text 0
36 443 104 443 104 454 36 454 text 0
505 455 583 455 583 466 505 466 text 0
121 456 217 456 217 468 121 468 text 0
37 457 103 457 103 467 37 467 text 0
503 471 583 471 583 481 503 481 text 0
108 472 218 472 218 483 108 483 text 0
37 471 92 471 92 484 37 484 text 0
516 485 584 485 584 496 516 496 text 0
36 487 118 487 118 498 36 498 text 0
528 514 582 514 582 525 528 525 text 0
289 515 330 515 330 526 289 526 text 0
121 516 231 516 231 527 121 527 text 0
249 516 275 516 275 527 249 527 text 0
40 517 106 517 106 527 40 527 text 0
276 560 360 560 360 570 276 570 text 0
375 560 428 560 428 570 375 570 text 0
222 559 262 559 262 571 222 571 text 0
445 559 514 559 514 571 445 571 text 0
165 561 205 561 205 572 165 572 text 0
80 560 148 560 148 571 80 571 text 0
407 574 571 574 571 585 407 585 text 0
279 575 359 575 359 585 279 585 text 0
134 575 260 575 260 586 134 586 text 0
52 575 119 575 119 586 52 586 text 0