44 39 178 39 178 50 44 50 text 0
189 39 318 39 318 50 189 50 text 0
383 40 432 40 432 51 383 51 text 0
440 39 492 39 492 50 440 50 text 0
326 40 375 40 375 51 326 51 text 0
499 40 579 40 579 51 499 51 text 0
587 40 612 40 612 51 587 51 text 0
325 51 406 51 406 62 325 62 text 0
231 53 244 53 244 62 231 62 text 0
414 53 456 53 456 62 414 62 text 0
188 53 223 53 223 62 188 62 text 0
257 53 316 53 316 62 257 62 text 0
173 64 232 64 232 74 173 74 text 0
241 64 294 64 294 74 241 74 text 0
301 64 360 64 360 74 301 74 text 0
375 64 475 64 475 77 375 77 text 0
134 77 173 77 173 87 134 87 text 0
181 78 210 78 210 87 181 87 text 0
222 77 319 77 319 87 222 87 text 0
338 77 416 77 416 87 338 87 text 0
427 77 523 77 523 87 427 87 text 0
263 89 296 89 296 99 263 99 text 0
204 89 254 89 254 99 204 99 text 0
305 90 449 90 449 99 305 99 text 0
151 111 185 111 185 129 151 129 text 0
297 112 308 112 308 128 297 128 text 0
454 112 501 112 501 129 454 129 text 0
199 112 283 112 283 129 199 129 text 0
320 112 443 112 443 129 320 129 text 0
262 143 311 143 311 161 262 161 text 0
325 144 358 144 358 160 325 160 text 0
433 143 530 143 530 161 433 161 text 0
373 145 416 145 416 161 373 161 text 0
35 164 118 164 118 174 35 174 text 0
338 166 396 166 396 175 338 175 text 0
411 166 533 166 533 175 411 175 text 0
33 181 131 181 131 197 33 197 text 0
146 181 204 181 204 197 146 197 text 0
304 181 339 181 339 197 304 197 text 0
349 181 386 181 386 197 349 197 text 0
218 181 289 181 289 197 218 197 text 0
34 203 104 203 104 212 34 212 text 0
254 204 264 204 264 212 254 212 text 0
278 203 289 203 289 212 278 212 text 0
119 203 180 203 180 212 119 212 text 0
301 203 315 203 315 212 301 212 text 0
205 204 235 204 235 213 205 213 text 0
107 216 130 216 130 225 107 225 text 0
38 216 94 216 94 225 38 225 text 0
144 216 204 216 204 225 144 225 text 0
34 228 93 228 93 237 34 237 text 0
108 228 178 228 178 237 108 237 text 0
268 228 361 228 361 237 268 237 text 0
193 229 241 229 241 237 193 237 text 0
35 239 99 239 99 250 35 250 text 0
109 239 198 239 198 250 109 250 text 0
206 240 282 240 282 252 206 252 text 0
457 252 509 252 509 263 457 263 text 0
269 252 429 252 429 263 269 263 text 0
371 267 419 267 419 278 371 278 text 0
188 268 223 268 223 277 188 277 text 0
240 268 270 268 270 277 240 277 text 0
285 268 320 268 320 277 285 277 text 0
346 268 358 268 358 277 346 277 text 0
444 267 527 267 527 279 444 279 text 0
28 268 163 268 163 280 28 280 text 0
29 287 73 287 73 297 29 297 text 0
174 287 223 287 223 298 174 298 text 0
480 289 527 289 527 297 480 297 text 0
346 289 358 289 358 297 346 297 text 0
408 288 417 288 417 297 408 297 text 0
261 289 272 289 272 297 261 297 text 0
91 289 149 289 149 297 91 297 text 0
312 289 321 289 321 297 312 297 text 0
261 300 272 300 272 309 261 309 text 0
346 301 358 301 358 310 346 310 text 0
28 302 136 302 136 310 28 310 text 0
176 301 223 301 223 310 176 310 text 0
309 301 321 301 321 310 309 310 text 0
469 301 528 301 528 310 469 310 text 0
408 301 417 301 417 310 408 310 text 0
79 313 139 313 139 322 79 322 text 0
28 313 65 313 65 322 28 322 text 0
408 313 417 313 417 322 408 322 text 0
175 313 224 313 224 322 175 322 text 0
310 313 321 313 321 322 310 322 text 0
346 313 358 313 358 322 346 322 text 0
261 313 272 313 272 322 261 322 text 0
470 314 527 314 527 323 470 323 text 0
199 330 257 330 257 347 199 347 text 0
273 331 299 331 299 348 273 348 text 0
469 330 528 330 528 348 469 348 text 0
311 330 413 330 413 352 311 352 text 0
29 358 137 358 137 367 29 367 text 0
173 358 221 358 221 367 173 367 text 0
261 359 272 359 272 367 261 367 text 0
311 359 320 359 320 368 311 368 text 0
469 359 528 359 528 368 469 368 text 0
346 359 358 359 358 368 346 368 text 0
408 359 417 359 417 368 408 368 text 0
53 374 112 374 112 392 53 392 text 0
125 376 151 376 151 392 125 392 text 0
470 375 529 375 529 393 470 393 text 0
359 375 413 375 413 396 359 396 text 0
163 375 259 375 259 396 163 396 text 0
274 375 341 375 341 396 274 396 text 0
369 401 414 401 414 417 369 417 text 0
469 400 528 400 528 418 469 418 text 0
65 426 124 426 124 445 65 445 text 0
138 428 163 428 163 445 138 445 text 0
469 428 528 428 528 445 469 445 text 0
177 426 272 426 272 449 177 449 text 0
284 428 342 428 342 449 284 449 text 0
359 428 413 428 413 449 359 449 text 0
199 452 257 452 257 470 199 470 text 0
272 454 298 454 298 471 272 471 text 0
467 453 528 453 528 471 467 471 text 0
310 451 412 451 412 474 310 474 text 0
247 480 306 480 306 498 247 498 text 0
464 480 526 480 526 498 464 498 text 0
322 479 413 479 413 502 322 502 text 0
34 514 114 514 114 523 34 523 text 0
33 527 129 527 129 536 33 536 text 0
385 528 444 528 444 536 385 536 text 0
143 528 203 528 203 536 143 536 text 0
215 526 274 526 274 538 215 538 text 0
459 528 576 528 576 536 459 536 text 0
291 529 312 529 312 536 291 536 text 0
326 528 373 528 373 539 326 539 text 0
32 539 68 539 68 549 32 549 text 0
202 539 227 539 227 549 202 549 text 0
240 540 359 540 359 549 240 549 text 0
82 541 189 541 189 549 82 549 text 0
487 542 504 542 504 549 487 549 text 0
375 540 469 540 469 551 375 551 text 0
177 551 225 551 225 562 177 562 text 0
144 553 165 553 165 562 144 562 text 0
509 554 530 554 530 562 509 562 text 0
361 553 494 553 494 564 361 564 text 0
546 554 578 554 578 563 546 563 text 0
31 555 129 555 129 564 31 564 text 0
240 555 349 555 349 564 240 564 text 0
155 564 224 564 224 574 155 574 text 0
338 565 396 565 396 575 338 575 text 0
411 565 434 565 434 575 411 575 text 0
445 565 482 565 482 575 445 575 text 0
108 566 140 566 140 574 108 574 text 0
288 566 324 566 324 575 288 575 text 0
252 568 275 568 275 575 252 575 text 0
34 566 91 566 91 576 34 576 text 0
179 579 230 579 230 587 179 587 text 0
289 579 334 579 334 588 289 588 text 0
31 577 163 577 163 588 31 588 text 0
494 579 506 579 506 588 494 588 text 0
353 579 383 579 383 588 353 588 text 0
399 579 480 579 480 588 399 588 text 0
256 580 274 580 274 588 256 588 text 0
166 591 213 591 213 600 166 600 text 0
30 590 152 590 152 601 30 601 text 0
203 604 369 604 369 615 203 615 text 0
375 604 443 604 443 615 375 615 text 0