80 86 119 86 119 96 80 96 text 0
130 86 198 86 198 96 130 96 text 0
207 86 259 86 259 96 207 96 text 0
268 86 414 86 414 97 268 97 text 0
423 87 534 87 534 97 423 97 text 0
154 105 164 105 164 115 154 115 text 0
273 105 305 105 305 115 273 115 text 0
314 105 358 105 358 115 314 115 text 0
118 106 146 106 146 116 118 116 text 0
181 105 266 105 266 118 181 118 text 0
363 106 430 106 430 119 363 119 text 0
237 121 249 121 249 131 237 131 text 0
262 122 326 122 326 131 262 131 text 0
336 122 390 122 390 131 336 131 text 0
186 123 230 123 230 132 186 132 text 0
75 123 127 123 127 131 75 131 text 0
136 122 177 122 177 134 136 134 text 0
399 123 473 123 473 134 399 134 text 0
222 137 332 137 332 147 222 147 text 0
129 152 158 152 158 161 129 161 text 0
168 152 179 152 179 161 168 161 text 0
190 152 224 152 224 162 190 162 text 0
234 153 260 153 260 161 234 161 text 0
282 152 423 152 423 162 282 162 text 0
298 167 346 167 346 177 298 177 text 0
205 167 290 167 290 177 205 177 text 0
252 189 278 189 278 199 252 199 text 0
294 189 454 189 454 201 294 201 text 0
99 188 194 188 194 201 99 201 text 0
203 188 243 188 243 201 203 201 text 0
125 209 167 209 167 219 125 219 text 0
227 209 254 209 254 218 227 218 text 0
268 208 429 208 429 219 268 219 text 0
178 209 217 209 217 221 178 221 text 0
205 230 247 230 247 239 205 239 text 0
257 230 347 230 347 239 257 239 text 0
23 255 92 255 92 264 23 264 text 0
190 254 293 254 293 264 190 264 text 0
101 254 129 254 129 264 101 264 text 0
23 273 70 273 70 283 23 283 text 0
192 273 306 273 306 283 192 283 text 0
317 273 367 273 367 283 317 283 text 0
193 293 232 293 232 302 193 302 text 0
109 293 121 293 121 303 109 303 text 0
21 293 101 293 101 303 21 303 text 0
390 318 426 318 426 328 390 328 text 0
474 319 533 319 533 329 474 329 text 0
23 333 125 333 125 344 23 344 text 0
48 352 91 352 91 362 48 362 text 0
256 353 299 353 299 362 256 362 text 0
384 354 428 354 428 362 384 362 text 0
505 354 533 354 533 362 505 362 text 0
209 356 217 356 217 362 209 362 text 0
141 373 220 373 220 382 141 382 text 0
384 373 428 373 428 383 384 383 text 0
161 406 177 406 177 414 161 414 text 0
187 406 232 406 232 415 187 415 text 0
56 406 105 406 105 415 56 415 text 0
114 406 130 406 130 416 114 416 text 0
384 406 428 406 428 416 384 416 text 0
133 424 219 424 219 435 133 435 text 0
385 425 429 425 429 435 385 435 text 0
181 444 220 444 220 453 181 453 text 0
385 444 429 444 429 453 385 453 text 0
93 444 171 444 171 456 93 456 text 0
28 465 75 465 75 475 28 475 text 0
173 465 185 465 185 475 173 475 text 0
84 467 153 467 153 475 84 475 text 0
29 487 71 487 71 497 29 497 text 0
221 486 351 486 351 498 221 498 text 0
405 487 499 487 499 499 405 499 text 0
82 488 176 488 176 500 82 500 text 0
31 509 59 509 59 518 31 518 text 0
146 509 177 509 177 518 146 518 text 0
306 509 349 509 349 518 306 518 text 0
456 509 499 509 499 518 456 518 text 0
116 509 137 509 137 520 116 520 text 0
207 565 284 565 284 574 207 574 text 0
292 565 338 565 338 574 292 574 text 0
155 580 240 580 240 591 155 591 text 0
250 581 316 581 316 591 250 591 text 0
324 582 393 582 393 591 324 591 text 0
157 599 216 599 216 608 157 608 text 0
279 599 324 599 324 608 279 608 text 0
61 599 146 599 146 609 61 609 text 0
223 599 268 599 268 609 223 609 text 0
332 599 487 599 487 609 332 609 text 0