129 105 165 105 165 115 129 115 text 0
184 105 260 105 260 116 184 116 text 0
400 106 437 106 437 116 400 116 text 0
281 106 382 106 382 119 281 119 text 0
453 107 493 107 493 117 453 117 text 0
210 122 413 122 413 132 210 132 text 0
87 137 126 137 126 148 87 148 text 0
145 138 221 138 221 149 145 149 text 0
237 138 248 138 248 148 237 148 text 0
265 138 341 138 341 149 265 149 text 0
372 139 437 139 437 150 372 150 text 0
452 139 491 139 491 150 452 150 text 0
506 140 517 140 517 150 506 150 text 0
101 154 195 154 195 164 101 164 text 0
207 155 382 155 382 165 207 165 text 0
397 156 516 156 516 169 397 169 text 0
114 170 180 170 180 181 114 181 text 0
196 171 246 171 246 181 196 181 text 0
263 171 383 171 383 182 263 182 text 0
411 172 517 172 517 182 411 182 text 0
209 186 234 186 234 197 209 197 text 0
248 188 274 188 274 197 248 197 text 0
144 186 192 186 192 199 144 199 text 0
292 187 474 187 474 200 292 200 text 0
263 203 365 203 365 216 263 216 text 0
233 219 273 219 273 229 233 229 text 0
290 220 380 220 380 230 290 230 text 0
45 252 83 252 83 262 45 262 text 0
101 251 177 251 177 262 101 262 text 0
196 251 297 251 297 264 196 264 text 0
556 254 582 254 582 264 556 264 text 0
45 268 123 268 123 278 45 278 text 0
169 268 246 268 246 279 169 279 text 0
45 284 137 284 137 295 45 295 text 0
341 285 352 285 352 295 341 295 text 0
367 285 380 285 380 296 367 296 text 0
408 286 459 286 459 296 408 296 text 0
502 286 555 286 555 296 502 296 text 0
44 300 82 300 82 311 44 311 text 0
98 300 177 300 177 311 98 311 text 0
193 301 258 301 258 312 193 312 text 0
556 302 582 302 582 313 556 313 text 0
45 317 123 317 123 328 45 328 text 0
168 317 246 317 246 328 168 328 text 0
43 333 136 333 136 344 43 344 text 0
367 334 378 334 378 345 367 345 text 0
340 334 352 334 352 345 340 345 text 0
407 334 460 334 460 345 407 345 text 0
488 335 554 335 554 345 488 345 text 0
178 366 189 366 189 376 178 376 text 0
42 366 133 366 133 378 42 378 text 0
569 367 581 367 581 378 569 378 text 0
447 367 523 367 523 380 447 380 text 0
43 398 107 398 107 408 43 408 text 0
125 398 186 398 186 409 125 409 text 0
206 398 283 398 283 409 206 409 text 0
514 399 580 399 580 410 514 410 text 0
474 399 499 399 499 410 474 410 text 0
42 414 95 414 95 424 42 424 text 0
473 415 499 415 499 425 473 425 text 0
514 415 579 415 579 425 514 425 text 0
42 430 121 430 121 440 42 440 text 0
488 431 511 431 511 441 488 441 text 0
529 431 578 431 578 441 529 441 text 0
42 462 80 462 80 473 42 473 text 0
97 462 133 462 133 473 97 473 text 0
150 462 256 462 256 473 150 473 text 0
311 463 376 463 376 473 311 473 text 0
272 463 297 463 297 473 272 473 text 0
489 464 539 464 539 473 489 473 text 0
446 464 472 464 472 473 446 473 text 0
164 495 230 495 230 505 164 505 text 0
445 495 577 495 577 505 445 505 text 0
42 495 148 495 148 505 42 505 text 0
310 495 364 495 364 505 310 505 text 0
407 495 428 495 428 505 407 505 text 0
246 495 295 495 295 505 246 505 text 0
164 511 256 511 256 522 164 522 text 0
41 511 148 511 148 522 41 522 text 0
123 544 229 544 229 554 123 554 text 0
406 544 485 544 485 554 406 554 text 0
245 544 282 544 282 554 245 554 text 0
296 544 391 544 391 554 296 554 text 0
325 559 428 559 428 570 325 570 text 0
258 560 310 560 310 570 258 570 text 0
204 560 242 560 242 570 204 570 text 0
175 560 187 560 187 570 175 570 text 0
272 575 297 575 297 586 272 586 text 0
378 575 469 575 469 586 378 586 text 0
150 576 256 576 256 587 150 587 text 0
309 576 363 576 363 587 309 587 text 0