9 16 127 16 127 29 9 29 text 0
261 95 388 95 388 105 261 105 text 0
158 96 201 96 201 105 158 105 text 0
208 95 254 95 254 106 208 106 text 0
399 95 439 95 439 106 399 106 text 0
442 95 485 95 485 106 442 106 text 0
271 111 373 111 373 124 271 124 text 0
320 126 347 126 347 137 320 137 text 0
356 126 380 126 380 137 356 137 text 0
139 126 194 126 194 137 139 137 text 0
392 126 484 126 484 137 392 137 text 0
490 127 501 127 501 138 490 138 text 0
251 128 312 128 312 136 251 136 text 0
221 128 241 128 241 136 221 136 text 0
200 128 211 128 211 136 200 136 text 0
203 143 273 143 273 153 203 153 text 0
278 143 377 143 377 154 278 154 text 0
382 143 440 143 440 154 382 154 text 0
204 157 248 157 248 168 204 168 text 0
255 157 382 157 382 168 255 168 text 0
142 157 197 157 197 168 142 168 text 0
393 157 504 157 504 168 393 168 text 0
251 174 318 174 318 184 251 184 text 0
326 174 394 174 394 184 326 184 text 0
294 191 450 191 450 202 294 202 text 0
194 191 241 191 241 202 194 202 text 0
251 191 269 191 269 202 251 202 text 0
260 212 300 212 300 225 260 225 text 0
306 213 382 213 382 225 306 225 text 0
117 231 215 231 215 242 117 242 text 0
429 233 517 233 517 243 429 243 text 0
382 233 406 233 406 243 382 243 text 0
432 265 466 265 466 276 432 276 text 0
509 264 542 264 542 276 509 276 text 0
392 265 422 265 422 277 392 277 text 0
183 278 231 278 231 290 183 290 text 0
393 279 426 279 426 290 393 290 text 0
110 279 178 279 178 290 110 290 text 0
440 278 465 278 465 291 440 291 text 0
491 278 542 278 542 291 491 291 text 0
237 280 359 280 359 293 237 293 text 0
290 295 351 295 351 306 290 306 text 0
112 295 161 295 161 306 112 306 text 0
233 295 258 295 258 307 233 307 text 0
169 295 225 295 225 308 169 308 text 0
264 296 284 296 284 308 264 308 text 0
405 319 414 319 414 329 405 329 text 0
204 319 255 319 255 330 204 330 text 0
114 319 144 319 144 330 114 330 text 0
151 319 197 319 197 330 151 330 text 0
440 319 466 319 466 330 440 330 text 0
491 319 541 319 541 331 491 331 text 0
325 319 357 319 357 332 325 332 text 0
263 319 318 319 318 332 263 332 text 0
204 334 273 334 273 345 204 345 text 0
124 334 168 334 168 345 124 345 text 0
178 334 194 334 194 347 178 347 text 0
269 367 312 367 312 377 269 377 text 0
223 367 260 367 260 378 223 378 text 0
128 367 178 367 178 378 128 378 text 0
470 367 518 367 518 378 470 378 text 0
344 367 372 367 372 378 344 378 text 0
182 367 220 367 220 378 182 378 text 0
316 367 335 367 335 380 316 380 text 0
184 390 269 390 269 403 184 403 text 0
274 390 374 390 374 403 274 403 text 0
465 411 516 411 516 422 465 422 text 0
257 413 294 413 294 422 257 422 text 0
206 413 253 413 253 422 206 422 text 0
297 413 373 413 373 425 297 425 text 0
258 434 299 434 299 445 258 445 text 0
303 434 372 434 372 445 303 445 text 0
458 434 516 434 516 445 458 445 text 0
470 458 518 458 518 469 470 469 text 0
300 457 372 457 372 470 300 470 text 0
486 481 514 481 514 492 486 492 text 0
306 482 371 482 371 492 306 492 text 0
220 482 264 482 264 492 220 492 text 0
268 482 302 482 302 494 268 494 text 0
125 514 168 514 168 525 125 525 text 0
297 514 366 514 366 526 297 526 text 0
456 514 490 514 490 526 456 526 text 0
172 516 255 516 255 529 172 529 text 0
323 530 365 530 365 542 323 542 text 0
447 530 489 530 489 543 447 543 text 0
329 551 373 551 373 562 329 562 text 0
127 553 151 553 151 564 127 564 text 0
450 553 489 553 489 563 450 563 text 0
160 553 179 553 179 565 160 565 text 0
185 554 199 554 199 565 185 565 text 0
125 569 168 569 168 580 125 580 text 0
450 569 489 569 489 580 450 580 text 0
328 569 376 569 376 580 328 580 text 0
246 597 315 597 315 608 246 608 text 0
323 597 366 597 366 609 323 609 text 0
164 615 191 615 191 623 164 623 text 0
308 616 366 616 366 624 308 624 text 0
232 617 299 617 299 623 232 623 text 0
373 618 438 618 438 624 373 624 text 0
444 618 463 618 463 623 444 623 text 0
198 618 228 618 228 623 198 623 text 0