91 59 233 59 233 89 91 89 text 0
262 57 457 57 457 86 262 86 text 0
98 89 160 89 160 107 98 107 text 0
175 89 184 89 184 107 175 107 text 0
190 89 234 89 234 107 190 107 text 0
20 107 138 107 138 124 20 124 text 0
163 107 212 107 212 124 163 124 text 0
240 107 301 107 301 124 240 124 text 0
340 106 432 106 432 123 340 123 text 0
465 105 484 105 484 122 465 122 text 0
119 123 457 123 457 139 119 139 text 0
22 155 42 155 42 172 22 172 text 0
67 155 112 155 112 172 67 172 text 0
142 154 533 154 533 173 142 173 text 0
45 171 118 171 118 188 45 188 text 0
190 171 251 171 251 189 190 189 text 0
465 172 495 172 495 189 465 189 text 0
20 216 68 216 68 235 20 235 text 0
96 219 141 219 141 233 96 233 text 0
169 217 260 217 260 236 169 236 text 0
319 218 407 218 407 236 319 236 text 0
514 219 556 219 556 237 514 237 text 0
122 234 160 234 160 252 122 252 text 0
171 266 209 266 209 300 171 300 text 0
242 267 308 267 308 301 242 301 text 0
339 268 379 268 379 301 339 301 text 0
23 312 138 312 138 332 23 332 text 0
170 313 183 313 183 332 170 332 text 0
224 314 335 314 335 334 224 334 text 0
335 315 385 315 385 334 335 334 text 0
25 329 89 329 89 346 25 346 text 0
481 332 552 332 552 350 481 350 text 0
414 349 425 349 425 365 414 365 text 0
436 349 552 349 552 365 436 365 text 0
19 377 92 377 92 408 19 408 text 0
24 415 89 415 89 439 24 439 text 0
462 381 550 381 550 410 462 410 text 0
412 414 422 414 422 443 412 443 text 0
435 414 551 414 551 445 435 445 text 0
20 457 183 457 183 474 20 474 text 0
18 486 140 486 140 508 18 508 text 0
174 488 208 488 208 509 174 509 text 0
437 491 480 491 480 512 437 512 text 0
189 520 451 520 451 555 189 555 text 0
70 570 115 570 115 588 70 588 text 0
144 564 236 564 236 586 144 586 text 0
291 565 355 565 355 590 291 590 text 0
387 566 427 566 427 591 387 591 text 0
461 572 553 572 553 592 461 592 text 0
173 601 199 601 199 618 173 618 text 0
242 602 424 602 424 620 242 620 text 0
266 90 335 90 335 107 266 107 text 0
361 92 382 92 382 105 361 105 text 0
411 91 431 91 431 103 411 103 text 0
513 108 560 108 560 120 513 120 text 0
20 139 160 139 160 156 20 156 text 0
189 140 262 140 262 154 189 154 text 0
290 140 528 140 528 153 290 153 text 0
141 173 163 173 163 188 141 188 text 0
288 173 358 173 358 188 288 188 text 0
392 173 432 173 432 188 392 188 text 0
436 220 480 220 480 234 436 234 text 0
188 236 281 236 281 250 188 250 text 0
19 234 89 234 89 249 19 249 text 0
434 388 459 388 459 404 434 404 text 0
432 461 553 461 553 479 432 479 text 0
409 464 428 464 428 473 409 473 text 0
504 494 554 494 554 510 504 510 text 0
317 491 382 491 382 506 317 506 text 0
236 489 281 489 281 504 236 504 text 0
86 520 164 520 164 554 86 554 text 0
90 603 120 603 120 619 90 619 text 0
18 572 41 572 41 587 18 587 text 0