263 72 459 72 459 93 263 93 text 0
318 111 357 111 357 120 318 120 text 0
415 111 515 111 515 120 415 120 text 0
361 110 404 110 404 120 361 120 text 0
276 110 308 110 308 121 276 121 text 0
92 111 154 111 154 121 92 121 text 0
156 111 268 111 268 122 156 122 text 0
439 119 484 119 484 129 439 129 text 0
491 120 507 120 507 129 491 129 text 0
369 121 431 121 431 130 369 130 text 0
152 122 206 122 206 130 152 130 text 0
221 122 293 122 293 130 221 130 text 0
302 122 351 122 351 131 302 131 text 0
102 121 145 121 145 131 102 131 text 0
239 132 263 132 263 142 239 142 text 0
337 132 411 132 411 142 337 142 text 0
276 132 331 132 331 142 276 142 text 0
201 132 232 132 232 142 201 142 text 0
375 142 466 142 466 151 375 151 text 0
151 143 210 143 210 151 151 151 text 0
287 142 363 142 363 152 287 152 text 0
221 144 278 144 278 153 221 153 text 0
345 154 485 154 485 162 345 162 text 0
184 154 325 154 325 161 184 161 text 0
137 155 174 155 174 162 137 162 text 0
282 165 434 165 434 174 282 174 text 0
239 165 270 165 270 174 239 174 text 0
186 166 231 166 231 173 186 173 text 0
331 190 392 190 392 199 331 199 text 0
274 189 328 189 328 200 274 200 text 0
233 189 268 189 268 201 233 201 text 0
304 205 333 205 333 212 304 212 text 0
345 205 490 205 490 212 345 212 text 0
399 222 431 222 431 230 399 230 text 0
447 223 483 223 483 231 447 231 text 0
314 223 351 223 351 232 314 232 text 0
458 242 497 242 497 249 458 249 text 0
374 241 413 241 413 249 374 249 text 0
513 242 530 242 530 250 513 250 text 0
267 241 294 241 294 250 267 250 text 0
165 242 260 242 260 251 165 251 text 0
100 242 159 242 159 251 100 251 text 0
104 253 141 253 141 260 104 260 text 0
514 262 534 262 534 270 514 270 text 0
456 263 497 263 497 271 456 271 text 0
374 263 413 263 413 271 374 271 text 0
175 263 225 263 225 271 175 271 text 0
133 263 175 263 175 272 133 272 text 0
231 263 290 263 290 273 231 273 text 0
104 264 127 264 127 272 104 272 text 0
102 273 141 273 141 281 102 281 text 0
191 293 229 293 229 301 191 301 text 0
455 293 500 293 500 300 455 300 text 0
100 293 146 293 146 301 100 301 text 0
149 293 187 293 187 301 149 301 text 0
236 293 279 293 279 301 236 301 text 0
310 292 346 292 346 302 310 302 text 0
448 304 494 304 494 312 448 312 text 0
241 305 344 305 344 314 241 314 text 0
148 306 237 306 237 315 148 315 text 0
455 315 497 315 497 324 455 324 text 0
267 317 343 317 343 325 267 325 text 0
174 317 221 317 221 325 174 325 text 0
224 318 263 318 263 325 224 325 text 0
442 329 499 329 499 337 442 337 text 0
275 330 343 330 343 339 275 339 text 0
228 331 272 331 272 339 228 339 text 0
447 342 499 342 499 351 447 351 text 0
271 343 342 343 342 352 271 352 text 0
488 354 499 354 499 363 488 363 text 0
279 354 344 354 344 364 279 364 text 0
185 355 234 355 234 363 185 363 text 0
239 355 269 355 269 366 239 366 text 0
330 398 385 398 385 408 330 408 text 0
238 399 323 399 323 408 238 408 text 0
390 410 463 410 463 419 390 419 text 0
307 411 385 411 385 418 307 418 text 0
467 411 497 411 497 418 467 418 text 0
122 410 164 410 164 420 122 420 text 0
215 412 298 412 298 421 215 421 text 0
171 412 210 412 210 422 171 422 text 0
186 423 438 423 438 431 186 431 text 0
188 434 466 434 466 444 188 444 text 0
158 434 179 434 179 445 158 445 text 0
402 450 451 450 451 459 402 459 text 0
327 450 389 450 389 460 327 460 text 0
294 451 322 451 322 460 294 460 text 0
178 453 237 453 237 461 178 461 text 0
243 453 274 453 274 462 243 462 text 0
483 489 517 489 517 496 483 496 text 0
317 489 389 489 389 496 317 496 text 0
121 490 169 490 169 498 121 498 text 0
175 492 260 492 260 498 175 498 text 0
470 497 515 497 515 506 470 506 text 0
343 498 389 498 389 507 343 507 text 0
474 510 516 510 516 518 474 518 text 0
344 511 392 511 392 518 344 518 text 0
125 512 155 512 155 520 125 520 text 0
183 513 201 513 201 521 183 521 text 0
349 521 392 521 392 530 349 530 text 0
477 522 520 522 520 529 477 529 text 0
128 523 172 523 172 532 128 532 text 0
374 573 425 573 425 580 374 580 text 0
296 572 370 572 370 581 296 581 text 0
420 586 477 586 477 594 420 594 text 0
358 586 415 586 415 594 358 594 text 0
204 586 237 586 237 595 204 595 text 0
281 587 348 587 348 595 281 595 text 0
484 587 501 587 501 595 484 595 text 0
239 586 276 586 276 596 239 596 text 0
264 604 367 604 367 613 264 613 text 0
375 605 452 605 452 613 375 613 text 0