73 12 91 12 91 25 73 25 text 0
151 12 227 12 227 25 151 25 text 0
243 12 279 12 279 25 243 25 text 0
309 12 372 12 372 25 309 25 text 0
389 12 398 12 398 25 389 25 text 0
414 12 434 12 434 25 414 25 text 0
441 12 492 12 492 25 441 25 text 0
509 12 558 12 558 25 509 25 text 0
72 23 117 23 117 35 72 35 text 0
138 24 185 24 185 35 138 35 text 0
203 24 344 24 344 36 203 36 text 0
362 24 407 24 407 36 362 36 text 0
72 36 146 36 146 48 72 48 text 0
162 36 201 36 201 47 162 47 text 0
231 36 278 36 278 48 231 48 text 0
295 36 331 36 331 48 295 48 text 0
71 47 94 47 94 60 71 60 text 0
112 47 146 47 146 60 112 60 text 0
71 60 159 60 159 73 71 73 text 0
175 60 371 60 371 74 175 74 text 0
85 86 146 86 146 99 85 99 text 0
204 87 326 87 326 99 204 99 text 0
85 99 133 99 133 112 85 112 text 0
203 100 261 100 261 112 203 112 text 0
136 113 159 113 159 126 136 126 text 0
203 113 252 113 252 126 203 126 text 0
74 138 186 138 186 152 74 152 text 0
202 138 277 138 277 152 202 152 text 0
308 137 317 137 317 151 308 151 text 0
321 137 344 137 344 151 321 151 text 0
76 153 148 153 148 166 76 166 text 0
164 152 225 152 225 166 164 166 text 0
242 152 291 152 291 165 242 165 text 0
308 152 317 152 317 165 308 165 text 0
320 152 343 152 343 165 320 165 text 0
77 166 149 166 149 178 77 178 text 0
165 165 226 165 226 178 165 178 text 0
242 165 292 165 292 178 242 178 text 0
307 165 317 165 317 178 307 178 text 0
321 165 344 165 344 178 321 178 text 0
79 179 151 179 151 191 79 191 text 0
166 179 226 179 226 191 166 191 text 0
242 179 291 179 291 191 242 191 text 0
307 179 318 179 318 191 307 191 text 0
321 179 344 179 344 191 321 191 text 0
78 191 265 191 265 204 78 204 text 0
272 191 274 191 274 204 272 204 text 0
308 191 317 191 317 204 308 204 text 0
322 191 343 191 343 204 322 204 text 0
79 204 139 204 139 217 79 217 text 0
154 204 201 204 201 217 154 217 text 0
218 204 279 204 279 217 218 217 text 0
308 204 317 204 317 217 308 217 text 0
321 204 344 204 344 217 321 217 text 0
81 217 141 217 141 230 81 230 text 0
156 217 203 217 203 230 156 230 text 0
218 217 254 217 254 230 218 230 text 0
308 217 317 217 317 230 308 230 text 0
321 217 344 217 344 230 321 230 text 0
83 230 292 230 292 243 83 243 text 0
308 230 317 230 317 242 308 242 text 0
321 230 344 230 344 242 321 242 text 0
83 242 292 242 292 256 83 256 text 0
308 243 317 243 317 256 308 256 text 0
321 243 344 243 344 256 321 256 text 0
84 254 155 254 155 267 84 267 text 0
172 255 176 255 176 267 172 267 text 0
196 255 205 255 205 267 196 267 text 0
221 255 280 255 280 268 221 268 text 0
310 255 319 255 319 268 310 268 text 0
321 255 344 255 344 268 321 268 text 0
84 266 169 266 169 280 84 280 text 0
184 267 231 267 231 280 184 280 text 0
247 267 294 267 294 281 247 281 text 0
309 268 319 268 319 281 309 281 text 0
321 268 344 268 344 281 321 281 text 0
86 278 169 278 169 292 86 292 text 0
185 279 231 279 231 292 185 292 text 0
247 280 294 280 294 293 247 293 text 0
310 281 319 281 319 293 310 293 text 0
482 140 491 140 491 152 482 152 text 0
495 140 546 140 546 152 495 152 text 0
468 153 477 153 477 165 468 165 text 0
482 153 546 153 546 165 482 165 text 0
468 166 478 166 478 178 468 178 text 0
482 166 546 166 546 177 482 177 text 0
467 179 476 179 476 190 467 190 text 0
482 179 546 179 546 190 482 190 text 0
467 191 476 191 476 204 467 204 text 0
482 191 545 191 545 204 482 204 text 0
479 205 490 205 490 217 479 217 text 0
493 204 544 204 544 217 493 217 text 0
467 219 476 219 476 230 467 230 text 0
482 219 544 219 544 230 482 230 text 0
480 232 489 232 489 243 480 243 text 0
492 231 544 231 544 244 492 244 text 0
479 245 488 245 488 256 479 256 text 0
493 245 542 245 542 257 493 257 text 0
479 258 488 258 488 269 479 269 text 0
492 258 543 258 543 269 492 269 text 0
479 270 487 270 487 282 479 282 text 0
492 271 542 271 542 282 492 282 text 0
478 283 487 283 487 295 478 295 text 0
491 283 541 283 541 295 491 295 text 0
111 316 182 316 182 327 111 327 text 0
111 328 182 328 182 340 111 340 text 0
477 320 485 320 485 332 477 332 text 0
489 320 538 320 538 332 489 332 text 0
464 332 471 332 471 344 464 344 text 0
478 332 536 332 536 344 478 344 text 0
464 369 473 369 473 381 464 381 text 0
475 369 537 369 537 381 475 381 text 0
108 363 168 363 168 377 108 377 text 0
185 364 243 364 243 377 185 377 text 0
83 375 191 375 191 391 83 391 text 0
210 377 269 377 269 392 210 392 text 0
286 378 324 378 324 390 286 390 text 0
82 388 194 388 194 403 82 403 text 0
209 389 231 389 231 403 209 403 text 0
251 389 253 389 253 403 251 403 text 0
273 390 345 390 345 404 273 404 text 0
108 412 142 412 142 425 108 425 text 0
158 412 216 412 216 427 158 427 text 0
247 414 281 414 281 427 247 427 text 0
298 414 356 414 356 428 298 428 text 0
374 417 434 417 434 430 374 430 text 0
108 427 117 427 117 436 108 436 text 0
121 427 130 427 130 437 121 437 text 0
273 427 281 427 281 440 273 440 text 0
285 428 344 428 344 441 285 441 text 0
108 438 117 438 117 449 108 449 text 0
122 438 142 438 142 449 122 449 text 0
272 440 280 440 280 452 272 452 text 0
285 440 345 440 345 454 285 454 text 0
503 419 539 419 539 431 503 431 text 0
477 432 486 432 486 444 477 444 text 0
490 432 538 432 538 444 490 444 text 0
477 444 485 444 485 457 477 457 text 0
490 444 538 444 538 458 490 458 text 0
81 461 140 461 140 476 81 476 text 0
156 462 179 462 179 476 156 476 text 0
187 462 188 462 188 476 187 476 text 0
208 464 462 464 462 478 208 478 text 0
80 474 152 474 152 488 80 488 text 0
170 475 191 475 191 488 170 488 text 0
199 475 200 475 200 489 199 489 text 0
221 476 422 476 422 492 221 492 text 0
169 512 280 512 280 528 169 528 text 0
285 513 293 513 293 528 285 528 text 0
297 514 340 514 340 529 297 529 text 0
361 515 434 515 434 531 361 531 text 0
452 516 486 516 486 531 452 531 text 0
155 525 228 525 228 540 155 540 text 0
246 526 280 526 280 541 246 541 text 0
311 527 357 527 357 543 311 543 text 0
374 529 408 529 408 543 374 543 text 0
439 530 461 530 461 544 439 544 text 0
479 530 513 530 513 545 479 545 text 0
297 541 358 541 358 554 297 554 text 0
258 552 332 552 332 567 258 567 text 0
348 553 370 553 370 568 348 568 text 0
375 580 502 580 502 596 375 596 text 0
75 590 175 590 175 602 75 602 text 0
192 591 215 591 215 603 192 603 text 0
400 594 501 594 501 609 400 609 text 0
179 603 266 603 266 619 179 619 text 0
283 605 371 605 371 621 283 621 text 0
387 607 397 607 397 621 387 621 text 0
414 607 476 607 476 623 414 623 text 0
76 617 197 617 197 629 76 629 text 0
285 621 386 621 386 630 285 630 text 0
479 622 489 622 489 634 479 634 text 0
505 623 529 623 529 634 505 634 text 0
544 623 568 623 568 635 544 635 text 0
96 14 134 14 134 24 96 24 text 0
78 112 124 112 124 126 78 126 text 0
75 576 151 576 151 589 75 589 text 0
165 578 194 578 194 588 165 588 text 0
361 634 414 634 414 640 361 640 text 0