121 82 211 82 211 101 121 101 text 0
227 86 338 86 338 106 227 106 text 0
355 89 390 89 390 107 355 107 text 0
420 91 453 91 453 109 420 109 text 0
162 99 301 99 301 118 162 118 text 0
316 104 426 104 426 122 316 122 text 0
112 111 158 111 158 129 112 129 text 0
177 114 200 114 200 130 177 130 text 0
219 114 279 114 279 132 219 132 text 0
295 116 324 116 324 134 295 134 text 0
334 117 341 117 341 134 334 134 text 0
356 118 378 118 378 135 356 135 text 0
421 120 466 120 466 136 421 136 text 0
205 132 280 132 280 144 205 144 text 0
294 131 301 131 301 147 294 147 text 0
319 132 378 132 378 149 319 149 text 0
63 138 135 138 135 156 63 156 text 0
180 144 255 144 255 159 180 159 text 0
281 144 313 144 313 161 281 161 text 0
356 146 402 146 402 163 356 163 text 0
418 148 452 148 452 165 418 165 text 0
469 149 490 149 490 166 469 166 text 0
505 150 528 150 528 164 505 164 text 0
90 153 178 153 178 170 90 170 text 0
193 155 291 155 291 173 193 173 text 0
305 159 348 159 348 175 305 175 text 0
368 163 492 163 492 178 368 178 text 0
41 190 126 190 126 207 41 207 text 0
144 194 177 194 177 209 144 209 text 0
183 195 189 195 189 209 183 209 text 0
192 195 292 195 292 212 192 212 text 0
308 198 340 198 340 213 308 213 text 0
347 199 353 199 353 213 347 213 text 0
356 199 379 199 379 214 356 214 text 0
385 200 390 200 390 214 385 214 text 0
396 200 419 200 419 215 396 215 text 0
431 201 490 201 490 217 431 217 text 0
40 205 190 205 190 222 40 222 text 0
206 209 215 209 215 223 206 223 text 0
231 209 329 209 329 224 231 224 text 0
40 219 266 219 266 236 40 236 text 0
40 231 140 231 140 248 40 248 text 0
146 232 150 232 150 247 146 247 text 0
155 233 392 233 392 253 155 253 text 0
155 259 163 259 163 276 155 276 text 0
171 259 177 259 177 276 171 276 text 0
182 259 242 259 242 277 182 277 text 0
256 261 316 261 316 278 256 278 text 0
333 262 417 262 417 280 333 280 text 0
40 271 101 271 101 286 40 286 text 0
108 273 110 273 110 286 108 286 text 0
129 273 252 273 252 289 129 289 text 0
40 284 86 284 86 299 40 299 text 0
108 286 109 286 109 299 108 299 text 0
131 286 191 286 191 301 131 301 text 0
39 296 100 296 100 314 39 314 text 0
213 300 218 300 218 316 213 316 text 0
220 300 280 300 280 318 220 318 text 0
296 301 393 301 393 320 296 320 text 0
39 311 124 311 124 327 39 327 text 0
142 313 178 313 178 328 142 328 text 0
186 314 187 314 187 328 186 328 text 0
195 314 240 314 240 329 195 329 text 0
297 316 329 316 329 331 297 331 text 0
38 338 204 338 204 354 38 354 text 0
38 351 126 351 126 368 38 368 text 0
168 354 268 354 268 369 168 369 text 0
37 366 204 366 204 381 37 381 text 0
37 378 126 378 126 395 37 395 text 0
168 380 216 380 216 397 168 397 text 0
233 381 241 381 241 397 233 397 text 0
248 381 255 381 255 398 248 398 text 0
258 381 289 381 289 398 258 398 text 0
372 358 383 358 383 370 372 370 text 0
386 359 395 359 395 370 386 370 text 0
461 361 469 361 469 373 461 373 text 0
474 361 546 361 546 374 474 374 text 0
373 386 384 386 384 397 373 397 text 0
386 386 396 386 396 397 386 397 text 0
474 387 482 387 482 400 474 400 text 0
487 387 547 387 547 400 487 400 text 0
39 406 191 406 191 422 39 422 text 0
38 420 190 420 190 435 38 435 text 0
376 411 387 411 387 427 376 427 text 0
409 411 547 411 547 428 409 428 text 0
401 426 419 426 419 441 401 441 text 0
429 426 547 426 547 442 429 442 text 0
37 448 126 448 126 464 37 464 text 0
146 449 166 449 166 464 146 464 text 0
167 449 192 449 192 464 167 464 text 0
198 450 205 450 205 464 198 464 text 0
208 449 309 449 309 466 208 466 text 0
315 451 322 451 322 465 315 465 text 0
36 461 85 461 85 476 36 476 text 0
103 462 127 462 127 477 103 477 text 0
132 462 135 462 135 477 132 477 text 0
142 462 192 462 192 477 142 477 text 0
298 464 346 464 346 480 298 480 text 0
36 476 151 476 151 491 36 491 text 0
168 477 205 477 205 491 168 491 text 0
465 482 474 482 474 496 465 496 text 0
479 483 552 483 552 498 479 498 text 0
35 502 122 502 122 521 35 521 text 0
142 507 273 507 273 520 142 520 text 0
300 505 442 505 442 523 300 523 text 0
453 512 529 512 529 525 453 525 text 0
37 518 46 518 46 533 37 533 text 0
63 516 100 516 100 533 63 533 text 0
118 517 243 517 243 536 118 536 text 0
251 519 252 519 252 536 251 536 text 0
37 536 312 536 312 548 37 548 text 0
327 535 449 535 449 553 327 553 text 0
36 544 112 544 112 562 36 562 text 0
129 546 178 546 178 563 129 563 text 0
193 547 217 547 217 564 193 564 text 0
233 547 348 547 348 566 233 566 text 0
365 549 415 549 415 567 365 567 text 0
428 550 559 550 559 565 428 565 text 0
35 560 54 560 54 576 35 576 text 0
76 561 165 561 165 578 76 578 text 0
181 564 455 564 455 581 181 581 text 0
35 573 112 573 112 590 35 590 text 0
127 574 179 574 179 590 127 590 text 0
234 575 440 575 440 593 234 593 text 0
34 588 152 588 152 604 34 604 text 0
166 589 217 589 217 605 166 605 text 0
223 590 231 590 231 605 223 605 text 0
114 618 121 618 121 632 114 632 text 0
129 619 177 619 177 632 129 632 text 0
236 619 271 619 271 633 236 633 text 0
287 620 324 620 324 633 287 633 text 0
235 592 287 592 287 604 235 604 text 0
43 618 113 618 113 633 43 633 text 0