100 29 138 29 138 39 100 39 text 0
155 28 261 28 261 37 155 37 text 0
279 27 400 27 400 36 279 36 text 0
416 27 458 27 458 36 416 36 text 0
30 39 109 39 109 49 30 49 text 0
126 38 165 38 165 49 126 49 text 0
172 38 175 38 175 49 172 49 text 0
195 38 316 38 316 48 195 48 text 0
334 37 424 37 424 47 334 47 text 0
447 36 497 36 497 47 447 47 text 0
514 36 539 36 539 47 514 47 text 0
113 49 136 49 136 59 113 59 text 0
145 49 146 49 146 59 145 59 text 0
168 49 193 49 193 59 168 59 text 0
196 49 205 49 205 59 196 59 text 0
208 49 219 49 219 59 208 59 text 0
224 48 232 48 232 59 224 59 text 0
237 48 248 48 248 59 237 59 text 0
265 49 345 49 345 59 265 59 text 0
362 48 372 48 372 58 362 58 text 0
390 48 455 48 455 58 390 58 text 0
154 59 302 59 302 70 154 70 text 0
321 58 358 58 358 69 321 69 text 0
377 58 510 58 510 69 377 69 text 0
31 82 96 82 96 93 31 93 text 0
156 82 286 82 286 93 156 93 text 0
31 94 82 94 82 105 31 105 text 0
158 94 221 94 221 104 158 104 text 0
32 105 70 105 70 117 32 117 text 0
86 105 111 105 111 117 86 117 text 0
155 105 208 105 208 117 155 117 text 0
20 128 290 128 290 141 20 141 text 0
19 140 85 140 85 153 19 153 text 0
102 140 154 140 154 153 102 153 text 0
171 140 235 140 235 153 171 153 text 0
252 140 275 140 275 153 252 153 text 0
21 153 276 153 276 164 21 164 text 0
22 164 141 164 141 175 22 175 text 0
158 164 234 164 234 175 158 175 text 0
23 177 34 177 34 188 23 188 text 0
50 177 60 177 60 188 50 188 text 0
78 177 129 177 129 188 78 188 text 0
23 188 73 188 73 199 23 199 text 0
92 188 288 188 288 199 92 199 text 0
348 130 357 130 357 139 348 139 text 0
360 130 384 130 384 139 360 139 text 0
348 142 357 142 357 151 348 151 text 0
360 142 384 142 384 151 360 151 text 0
347 154 356 154 356 163 347 163 text 0
360 154 383 154 383 163 360 163 text 0
347 165 356 165 356 174 347 174 text 0
361 165 383 165 383 174 361 174 text 0
510 129 520 129 520 139 510 139 text 0
526 129 589 129 589 140 526 140 text 0
524 142 533 142 533 152 524 152 text 0
536 142 588 142 588 152 536 152 text 0
521 153 531 153 531 163 521 163 text 0
535 153 587 153 587 162 535 162 text 0
520 164 530 164 530 174 520 174 text 0
533 163 586 163 586 174 533 174 text 0
346 188 355 188 355 197 346 197 text 0
361 188 383 188 383 197 361 197 text 0
521 186 530 186 530 197 521 197 text 0
533 186 585 186 585 197 533 197 text 0
39 211 116 211 116 221 39 221 text 0
40 221 117 221 117 232 40 232 text 0
546 210 556 210 556 219 546 219 text 0
559 210 606 210 606 219 559 219 text 0
532 220 542 220 542 231 532 231 text 0
547 220 570 220 570 231 547 231 text 0
587 220 610 220 610 231 587 231 text 0
505 242 514 242 514 250 505 250 text 0
517 242 541 242 541 250 517 250 text 0
547 242 550 242 550 250 547 250 text 0
557 242 582 242 582 250 557 250 text 0
54 242 116 242 116 254 54 254 text 0
134 242 194 242 194 254 134 254 text 0
29 254 92 254 92 264 29 264 text 0
109 254 167 254 167 264 109 264 text 0
185 254 252 254 252 264 185 264 text 0
279 253 284 253 284 264 279 264 text 0
294 253 298 253 298 264 294 264 text 0
310 253 315 253 315 264 310 264 text 0
29 265 145 265 145 277 29 277 text 0
161 265 184 265 184 276 161 276 text 0
204 265 207 265 207 277 204 277 text 0
226 264 302 264 302 276 226 276 text 0
83 288 159 288 159 298 83 298 text 0
188 286 237 286 237 298 188 298 text 0
253 285 353 285 353 298 253 298 text 0
104 298 138 298 138 308 104 308 text 0
141 298 150 298 150 308 141 308 text 0
212 298 318 298 318 308 212 308 text 0
333 298 414 298 414 308 333 308 text 0
418 298 427 298 427 308 418 308 text 0
429 297 464 297 464 308 429 308 text 0
129 308 198 308 198 318 129 318 text 0
212 308 317 308 317 318 212 318 text 0
333 308 440 308 440 318 333 318 text 0
166 318 245 318 245 328 166 328 text 0
260 318 282 318 282 328 260 328 text 0
288 318 290 318 290 328 288 328 text 0
296 318 318 318 318 328 296 328 text 0
333 318 343 318 343 328 333 328 text 0
358 318 367 318 367 328 358 328 text 0
382 318 403 318 403 328 382 328 text 0
249 331 306 331 306 339 249 339 text 0
214 351 283 351 283 362 214 362 text 0
296 351 319 351 319 362 296 362 text 0
118 373 139 373 139 381 118 381 text 0
201 374 319 374 319 383 201 383 text 0
37 384 128 384 128 394 37 394 text 0
142 384 164 384 164 394 142 394 text 0
225 384 319 384 319 394 225 394 text 0
143 393 223 393 223 403 143 403 text 0
335 394 343 394 343 404 335 404 text 0
358 394 415 394 415 404 358 404 text 0
121 403 232 403 232 414 121 414 text 0
251 403 343 403 343 413 251 413 text 0
370 404 381 404 381 415 370 415 text 0
394 404 416 404 416 415 394 415 text 0
430 404 452 404 452 415 430 415 text 0
238 416 284 416 284 425 238 425 text 0
38 437 95 437 95 446 38 446 text 0
190 437 272 437 272 446 190 446 text 0
110 457 166 457 166 468 110 468 text 0
180 457 272 457 272 469 180 469 text 0
288 458 453 458 453 469 288 469 text 0
145 469 247 469 247 479 145 479 text 0
263 469 296 469 296 479 263 479 text 0
299 469 308 469 308 478 299 478 text 0
371 469 428 469 428 479 371 479 text 0
145 480 309 480 309 489 145 489 text 0
323 480 429 480 429 489 323 489 text 0
194 490 262 490 262 500 194 500 text 0
267 490 269 490 269 499 267 499 text 0
289 490 369 490 369 500 289 500 text 0
133 500 203 500 203 509 133 509 text 0
217 501 381 501 381 511 217 511 text 0
395 502 441 502 441 511 395 511 text 0
193 510 259 510 259 520 193 520 text 0
265 511 270 511 270 520 265 520 text 0
289 511 369 511 369 521 289 521 text 0
42 531 61 531 61 540 42 540 text 0
67 531 72 531 72 540 67 540 text 0
77 531 111 531 111 540 77 540 text 0
134 532 178 532 178 541 134 541 text 0
193 532 238 532 238 541 193 541 text 0
252 533 322 533 322 542 252 542 text 0
42 541 73 541 73 551 42 551 text 0
80 541 82 541 82 551 80 551 text 0
88 541 203 541 203 552 88 552 text 0
41 550 75 550 75 561 41 561 text 0
81 551 82 551 82 561 81 561 text 0
89 551 251 551 251 563 89 563 text 0
42 562 74 562 74 571 42 571 text 0
81 563 82 563 82 572 81 572 text 0
88 562 179 562 179 572 88 572 text 0
397 543 441 543 441 554 397 554 text 0
457 544 479 544 479 555 457 555 text 0
485 545 487 545 487 556 485 556 text 0
506 545 540 545 540 556 506 556 text 0
493 555 541 555 541 567 493 567 text 0
160 583 180 583 180 594 160 594 text 0
195 583 274 583 274 595 195 595 text 0
289 584 406 584 406 597 289 597 text 0
101 594 144 594 144 605 101 605 text 0
158 593 214 593 214 606 158 606 text 0
67 614 153 614 153 626 67 626 text 0
182 616 191 616 191 627 182 627 text 0
259 617 268 617 268 628 259 628 text 0
68 627 77 627 77 635 68 635 text 0
91 627 116 627 116 635 91 635 text 0
122 627 127 627 127 635 122 635 text 0
132 627 178 627 178 635 132 635 text 0
454 634 491 634 491 640 454 640 text 0
29 287 68 287 68 298 29 298 text 0
34 372 106 372 106 382 34 382 text 0
307 469 360 469 360 478 307 478 text 0
504 634 530 634 530 640 504 640 text 0
545 636 593 636 593 639 545 639 text 0