127 37 330 37 330 55 127 55 text 0
364 37 425 37 425 55 364 55 text 0
432 37 442 37 442 55 432 55 text 0
474 37 565 37 565 55 474 55 text 0
118 55 181 55 181 70 118 70 text 0
202 55 286 55 286 70 202 70 text 0
306 55 475 55 475 70 306 70 text 0
48 70 128 70 128 85 48 85 text 0
152 72 186 72 186 84 152 84 text 0
200 70 319 70 319 85 200 85 text 0
342 70 527 70 527 85 342 85 text 0
188 85 285 85 285 98 188 98 text 0
306 85 390 85 390 98 306 98 text 0
203 101 372 101 372 113 203 113 text 0
115 116 233 116 233 129 115 129 text 0
254 115 388 115 388 128 254 128 text 0
410 115 469 115 469 128 410 128 text 0
4 138 87 138 87 150 4 150 text 0
237 137 406 137 406 149 237 149 text 0
15 152 78 152 78 164 15 164 text 0
239 152 371 152 371 163 239 163 text 0
81 167 115 167 115 180 81 180 text 0
237 167 303 167 303 178 237 178 text 0
12 190 268 190 268 202 12 202 text 0
461 191 470 191 470 204 461 204 text 0
479 190 543 190 543 203 479 203 text 0
340 191 386 191 386 202 340 202 text 0
13 223 145 223 145 235 13 235 text 0
13 239 147 239 147 251 13 251 text 0
430 224 445 224 445 237 430 237 text 0
455 224 540 224 540 237 455 237 text 0
405 239 422 239 422 253 405 253 text 0
431 239 539 239 539 253 431 253 text 0
10 269 90 269 90 283 10 283 text 0
464 272 544 272 544 285 464 285 text 0
25 285 75 285 75 297 25 297 text 0
234 301 309 301 309 313 234 313 text 0
9 319 126 319 126 335 9 335 text 0
288 321 354 321 354 336 288 336 text 0
0 335 111 335 111 350 0 350 text 0
166 336 443 336 443 350 166 350 text 0
27 350 370 350 370 366 27 366 text 0
0 371 59 371 59 386 0 386 text 0
79 372 110 372 110 387 79 387 text 0
130 372 195 372 195 387 130 387 text 0
411 373 423 373 423 386 411 386 text 0
445 374 477 374 477 387 445 387 text 0
498 374 565 374 565 388 498 388 text 0
172 410 215 410 215 424 172 424 text 0
337 410 402 410 402 425 337 425 text 0
407 414 560 414 560 426 407 426 text 0
12 424 185 424 185 437 12 437 text 0
220 424 260 424 260 437 220 437 text 0
267 424 271 424 271 437 267 437 text 0
381 425 562 425 562 438 381 438 text 0
159 435 236 435 236 448 159 448 text 0
369 437 424 437 424 449 369 449 text 0
5 448 122 448 122 458 5 458 text 0
265 447 354 447 354 459 265 459 text 0
479 448 530 448 530 460 479 460 text 0
542 448 567 448 567 461 542 461 text 0
427 460 513 460 513 472 427 472 text 0
217 471 272 471 272 483 217 483 text 0
287 471 363 471 363 483 287 483 text 0
12 485 120 485 120 497 12 497 text 0
404 489 515 489 515 502 404 502 text 0
146 499 247 499 247 511 146 511 text 0
263 499 295 499 295 511 263 511 text 0
310 499 355 499 355 511 310 511 text 0
367 500 425 500 425 512 367 512 text 0
148 513 170 513 170 525 148 525 text 0
186 514 257 514 257 526 186 526 text 0
274 514 411 514 411 527 274 527 text 0
10 524 111 524 111 534 10 534 text 0
148 539 307 539 307 552 148 552 text 0
11 551 78 551 78 561 11 561 text 0
489 556 543 556 543 569 489 569 text 0
551 556 562 556 562 569 551 569 text 0
138 561 204 561 204 574 138 574 text 0
217 562 376 562 376 577 217 577 text 0
9 573 74 573 74 582 9 582 text 0
9 585 53 585 53 597 9 597 text 0
58 580 70 580 70 597 58 597 text 0
78 584 167 584 167 599 78 599 text 0
195 582 280 582 280 597 195 597 text 0
312 585 400 585 400 600 312 600 text 0
428 591 561 591 561 606 428 606 text 0
5 596 36 596 36 607 5 607 text 0
42 597 49 597 49 607 42 607 text 0
56 597 166 597 166 608 56 608 text 0
8 606 72 606 72 621 8 621 text 0
80 607 83 607 83 621 80 621 text 0
101 607 417 607 417 627 101 627 text 0
8 619 35 619 35 633 8 633 text 0
55 621 164 621 164 633 55 633 text 0
172 622 181 622 181 636 172 636 text 0
193 622 420 622 420 639 193 639 text 0
438 602 478 602 478 617 438 617 text 0
32 40 102 40 102 53 32 53 text 0
12 167 67 167 67 181 12 181 text 0
163 320 267 320 267 334 163 334 text 0
445 272 461 272 461 279 445 279 text 0
10 411 147 411 147 423 10 423 text 0
248 437 330 437 330 447 248 447 text 0
522 489 560 489 560 501 522 501 text 0
489 529 542 529 542 539 489 539 text 0
543 529 569 529 569 540 543 540 text 0
482 580 564 580 564 593 482 593 text 0
389 565 437 565 437 576 389 576 text 0
314 539 432 539 432 554 314 554 text 0
491 605 520 605 520 617 491 617 text 0
529 608 568 608 568 620 529 620 text 0