320 83 360 83 360 92 320 92 text 0
268 84 309 84 309 93 268 93 text 0
175 84 257 84 257 93 175 93 text 0
302 96 380 96 380 106 302 106 text 0
248 97 288 97 288 106 248 106 text 0
146 97 236 97 236 107 146 107 text 0
342 111 430 111 430 120 342 120 text 0
248 112 330 112 330 121 248 121 text 0
154 112 232 112 232 121 154 121 text 0
102 112 141 112 141 121 102 121 text 0
290 124 328 124 328 134 290 134 text 0
247 125 278 125 278 134 247 134 text 0
186 126 236 126 236 135 186 135 text 0
301 139 372 139 372 148 301 148 text 0
207 139 284 139 284 148 207 148 text 0
144 139 195 139 195 148 144 148 text 0
155 152 279 152 279 162 155 162 text 0
107 154 123 154 123 163 107 163 text 0
62 154 91 154 91 162 62 162 text 0
251 194 320 194 320 203 251 203 text 0
208 194 238 194 238 203 208 203 text 0
250 208 280 208 280 217 250 217 text 0
66 209 144 209 144 218 66 218 text 0
250 221 321 221 321 231 250 231 text 0
125 222 150 222 150 231 125 231 text 0
65 222 114 222 114 232 65 232 text 0
364 234 446 234 446 243 364 243 text 0
251 235 353 235 353 244 251 244 text 0
125 235 166 235 166 245 125 245 text 0
64 237 114 237 114 246 64 246 text 0
301 249 353 249 353 258 301 258 text 0
250 249 290 249 290 258 250 258 text 0
64 249 135 249 135 259 64 259 text 0
251 276 291 276 291 285 251 285 text 0
65 277 125 277 125 286 65 286 text 0
251 290 260 290 260 299 251 299 text 0
127 290 188 290 188 299 127 299 text 0
65 291 115 291 115 300 65 300 text 0
376 317 405 317 405 326 376 326 text 0
313 317 343 317 343 326 313 326 text 0
430 316 465 316 465 327 430 327 text 0
220 318 302 318 302 327 220 327 text 0
158 318 209 318 209 327 158 327 text 0
65 318 106 318 106 327 65 327 text 0
117 318 147 318 147 327 117 327 text 0
418 330 468 330 468 339 418 339 text 0
305 332 313 332 313 338 305 338 text 0
323 330 375 330 375 340 323 340 text 0
284 331 289 331 289 340 284 340 text 0
66 331 168 331 168 341 66 341 text 0
460 357 468 357 468 366 460 366 text 0
116 359 168 359 168 368 116 368 text 0
69 360 106 360 106 368 69 368 text 0
417 370 471 370 471 381 417 381 text 0
252 372 282 372 282 381 252 381 text 0
192 373 235 373 235 382 192 382 text 0
128 373 179 373 179 382 128 382 text 0
69 373 113 373 113 382 69 382 text 0
426 383 471 383 471 395 426 395 text 0
160 385 262 385 262 397 160 397 text 0
66 387 148 387 148 397 66 397 text 0
418 398 472 398 472 409 418 409 text 0
128 400 178 400 178 410 128 410 text 0
190 400 272 400 272 410 190 410 text 0
68 401 114 401 114 410 68 410 text 0
419 426 469 426 469 436 419 436 text 0
65 429 108 429 108 438 65 438 text 0
430 439 470 439 470 449 430 449 text 0
304 440 325 440 325 450 304 450 text 0
117 442 140 442 140 452 117 452 text 0
66 442 110 442 110 452 66 452 text 0
326 453 470 453 470 464 326 464 text 0
117 455 159 455 159 465 117 465 text 0
66 457 98 457 98 467 66 467 text 0
193 469 232 469 232 478 193 478 text 0
67 470 87 470 87 479 67 479 text 0
400 522 469 522 469 532 400 532 text 0
291 524 324 524 324 533 291 533 text 0
224 524 285 524 285 534 224 534 text 0
67 526 86 526 86 535 67 535 text 0
112 528 181 528 181 536 112 536 text 0
431 549 471 549 471 561 431 561 text 0
274 551 327 551 327 561 274 561 text 0
117 553 140 553 140 563 117 563 text 0
66 553 87 553 87 566 66 566 text 0
307 578 390 578 390 589 307 589 text 0
194 580 296 580 296 590 194 590 text 0
68 582 140 582 140 591 68 591 text 0
151 583 177 583 177 591 151 591 text 0
235 619 287 619 287 626 235 626 text 0
296 619 329 619 329 626 296 626 text 0