37 56 101 56 101 74 37 74 text 0
130 56 335 56 335 75 130 75 text 0
368 56 424 56 424 75 368 75 text 0
440 56 447 56 447 75 440 75 text 0
480 57 562 57 562 75 480 75 text 0
116 77 183 77 183 96 116 96 text 0
204 77 291 77 291 96 204 96 text 0
47 99 130 99 130 116 47 116 text 0
153 98 185 98 185 116 153 116 text 0
194 98 197 98 197 116 194 116 text 0
206 98 322 98 322 115 206 115 text 0
345 98 447 98 447 115 345 115 text 0
455 97 459 97 459 115 455 115 text 0
505 97 514 97 514 115 505 115 text 0
188 118 288 118 288 136 188 136 text 0
308 117 394 117 394 135 308 135 text 0
204 139 377 139 377 156 204 156 text 0
116 158 237 158 237 175 116 175 text 0
258 158 393 158 393 175 258 175 text 0
414 158 474 158 474 175 414 175 text 0
12 187 97 187 97 204 12 204 text 0
242 187 408 187 408 205 242 205 text 0
13 207 78 207 78 225 13 225 text 0
240 207 375 207 375 225 240 225 text 0
10 229 62 229 62 246 10 246 text 0
80 228 116 228 116 246 80 246 text 0
239 228 305 228 305 244 239 244 text 0
11 260 170 260 170 275 11 275 text 0
12 279 183 279 183 300 12 300 text 0
477 260 489 260 489 275 477 275 text 0
491 260 547 260 547 275 491 275 text 0
495 281 548 281 548 297 495 297 text 0
13 326 148 326 148 342 13 342 text 0
11 348 148 348 148 366 11 366 text 0
430 325 449 325 449 343 430 343 text 0
454 325 542 325 542 343 454 343 text 0
408 347 425 347 425 364 408 364 text 0
433 347 543 347 543 363 433 363 text 0
8 390 95 390 95 406 8 406 text 0
431 390 441 390 441 408 431 408 text 0
448 390 548 390 548 408 448 408 text 0
6 412 77 412 77 430 6 430 text 0
95 410 164 410 164 429 95 429 text 0
448 410 458 410 458 429 448 429 text 0
464 410 547 410 547 429 464 429 text 0
76 442 128 442 128 461 76 461 text 0
149 441 250 441 250 461 149 461 text 0
9 463 24 463 24 479 9 479 text 0
26 463 57 463 57 479 26 479 text 0
236 463 303 463 303 479 236 479 text 0
480 461 548 461 548 478 480 478 text 0
26 484 59 484 59 499 26 499 text 0
236 484 303 484 303 499 236 499 text 0
483 483 550 483 550 498 483 498 text 0
1 512 123 512 123 530 1 530 text 0
168 512 250 512 250 530 168 530 text 0
271 512 353 512 353 530 271 530 text 0
5 534 111 534 111 552 5 552 text 0
133 533 145 533 145 551 133 551 text 0
165 533 448 533 448 550 165 550 text 0
18 554 371 554 371 573 18 573 text 0
411 584 426 584 426 602 411 602 text 0
446 584 479 584 479 602 446 602 text 0
487 583 491 583 491 601 487 601 text 0
499 583 567 583 567 601 499 601 text 0
11 580 60 580 60 598 11 598 text 0
78 583 105 583 105 600 78 600 text 0
116 583 122 583 122 600 116 600 text 0
132 583 196 583 196 602 132 602 text 0
226 618 254 618 254 637 226 637 text 0
278 619 413 619 413 640 278 640 text 0
311 77 485 77 485 96 311 96 text 0
462 97 500 97 500 116 462 116 text 0
515 96 539 96 539 115 515 115 text 0
341 261 387 261 387 273 341 273 text 0
343 281 392 281 392 296 343 296 text 0
474 282 487 282 487 291 474 291 text 0
164 616 207 616 207 635 164 635 text 0
5 443 60 443 60 460 5 460 text 0
5 484 24 484 24 498 5 498 text 0