517 86 579 86 579 102 517 102 text 0
393 88 499 88 499 102 393 102 text 0
336 90 376 90 376 102 336 102 text 0
147 90 321 90 321 104 147 104 text 0
53 92 131 92 131 104 53 104 text 0
399 106 453 106 453 119 399 119 text 0
303 107 384 107 384 120 303 120 text 0
221 108 288 108 288 120 221 120 text 0
47 109 87 109 87 121 47 121 text 0
100 109 137 109 137 121 100 121 text 0
155 109 205 109 205 124 155 124 text 0
418 124 485 124 485 137 418 137 text 0
254 125 404 125 404 138 254 138 text 0
200 127 240 127 240 139 200 139 text 0
53 128 91 128 91 139 53 139 text 0
106 128 182 128 182 142 106 142 text 0
400 142 508 142 508 155 400 155 text 0
224 145 302 145 302 157 224 157 text 0
47 146 113 146 113 158 47 158 text 0
129 146 208 146 208 158 129 158 text 0
319 145 381 145 381 159 319 159 text 0
295 163 350 163 350 175 295 175 text 0
226 164 280 164 280 175 226 175 text 0
160 164 185 164 185 176 160 176 text 0
53 164 91 164 91 176 53 176 text 0
107 164 143 164 143 176 107 176 text 0
183 181 355 181 355 195 183 195 text 0
116 182 142 182 142 194 116 194 text 0
50 183 100 183 100 197 50 197 text 0
284 198 503 198 503 211 284 211 text 0
152 200 239 200 239 212 152 212 text 0
525 215 591 215 591 227 525 227 text 0
333 216 508 216 508 229 333 229 text 0
144 218 302 218 302 230 144 230 text 0
50 219 87 219 87 231 50 231 text 0
102 219 127 219 127 231 102 231 text 0
393 235 430 235 430 246 393 246 text 0
337 235 376 235 376 247 337 247 text 0
53 237 144 237 144 248 53 248 text 0
159 236 252 236 252 249 159 249 text 0
515 271 554 271 554 283 515 283 text 0
386 270 421 270 421 284 386 284 text 0
444 270 476 270 476 285 444 285 text 0
307 272 350 272 350 285 307 285 text 0
187 273 243 273 243 284 187 284 text 0
63 273 120 273 120 286 63 286 text 0
516 307 569 307 569 318 516 318 text 0
584 307 599 307 599 319 584 319 text 0
444 307 461 307 461 320 444 320 text 0
367 309 421 309 421 320 367 320 text 0
307 309 322 309 322 320 307 320 text 0
268 309 282 309 282 321 268 321 text 0
154 309 227 309 227 321 154 321 text 0
63 309 147 309 147 322 63 322 text 0
515 343 570 343 570 356 515 356 text 0
311 343 323 343 323 356 311 356 text 0
186 344 228 344 228 359 186 359 text 0
510 361 567 361 567 375 510 375 text 0
290 362 401 362 401 377 290 377 text 0
415 362 455 362 455 378 415 378 text 0
511 398 566 398 566 410 511 410 text 0
292 398 330 398 330 412 292 412 text 0
498 416 572 416 572 429 498 429 text 0
293 416 336 416 336 430 293 430 text 0
504 452 573 452 573 466 504 466 text 0
297 453 378 453 378 467 297 467 text 0
203 489 307 489 307 501 203 501 text 0
325 490 363 490 363 501 325 501 text 0
380 490 391 490 391 501 380 501 text 0
407 489 434 489 434 501 407 501 text 0
110 489 185 489 185 503 110 503 text 0
486 489 543 489 543 504 486 504 text 0
49 506 113 506 113 517 49 517 text 0
130 507 181 507 181 518 130 518 text 0
197 507 234 507 234 519 197 519 text 0
250 508 385 508 385 519 250 519 text 0
402 509 568 509 568 520 402 520 text 0
54 523 118 523 118 536 54 536 text 0
136 525 174 525 174 536 136 536 text 0
189 525 267 525 267 536 189 536 text 0
281 525 336 525 336 537 281 537 text 0
351 525 442 525 442 537 351 537 text 0
48 541 114 541 114 554 48 554 text 0
129 542 209 542 209 554 129 554 text 0
222 543 317 543 317 555 222 555 text 0
332 544 452 544 452 556 332 556 text 0
76 560 147 560 147 572 76 572 text 0
203 561 280 561 280 573 203 573 text 0
295 562 322 562 322 574 295 574 text 0
160 564 185 564 185 573 160 573 text 0
339 562 556 562 556 578 339 578 text 0