157 14 443 14 443 63 157 63 text 0
61 68 123 68 123 80 61 80 text 0
138 68 174 68 174 79 138 79 text 0
189 68 264 68 264 80 189 80 text 0
62 79 97 79 97 91 62 91 text 0
113 80 252 80 252 92 113 92 text 0
268 80 290 80 290 91 268 91 text 0
307 80 403 80 403 92 307 92 text 0
62 90 110 90 110 103 62 103 text 0
126 91 161 91 161 102 126 102 text 0
242 91 356 91 356 104 242 104 text 0
372 92 435 92 435 104 372 104 text 0
452 92 488 92 488 105 452 105 text 0
517 93 539 93 539 105 517 105 text 0
76 102 123 102 123 114 76 114 text 0
139 103 161 103 161 115 139 115 text 0
168 103 170 103 170 114 168 114 text 0
180 103 184 103 184 114 180 114 text 0
229 103 291 103 291 115 229 115 text 0
63 114 148 114 148 127 63 127 text 0
165 114 264 114 264 127 165 127 text 0
280 115 461 115 461 128 280 128 text 0
77 149 137 149 137 161 77 161 text 0
193 150 313 150 313 162 193 162 text 0
76 160 124 160 124 172 76 172 text 0
192 161 249 161 249 173 192 173 text 0
128 172 150 172 150 184 128 184 text 0
191 172 240 172 240 184 191 184 text 0
65 194 226 194 226 206 65 206 text 0
65 204 100 204 100 217 65 217 text 0
115 204 163 204 163 218 115 218 text 0
179 205 189 205 189 218 179 218 text 0
206 205 279 205 279 219 206 219 text 0
65 217 162 217 162 228 65 228 text 0
294 220 303 220 303 229 294 229 text 0
307 220 329 220 329 229 307 229 text 0
436 221 446 221 446 232 436 232 text 0
450 221 525 221 525 232 450 232 text 0
91 251 164 251 164 262 91 262 text 0
91 262 164 262 164 273 91 273 text 0
462 254 471 254 471 265 462 265 text 0
475 254 523 254 523 265 475 265 text 0
435 266 444 266 444 277 435 277 text 0
449 266 523 266 523 277 449 277 text 0
435 300 444 300 444 311 435 311 text 0
449 300 523 300 523 312 449 312 text 0
92 295 150 295 150 307 92 307 text 0
168 295 226 295 226 307 168 307 text 0
68 306 126 306 126 318 68 318 text 0
143 307 250 307 250 319 143 319 text 0
66 317 176 317 176 331 66 331 text 0
193 318 215 318 215 331 193 331 text 0
234 318 236 318 236 331 234 331 text 0
243 319 316 319 316 332 243 332 text 0
91 338 126 338 126 351 91 351 text 0
142 339 200 339 200 352 142 352 text 0
231 340 264 340 264 352 231 352 text 0
281 341 339 341 339 353 281 353 text 0
358 341 418 341 418 354 358 354 text 0
92 351 102 351 102 359 92 359 text 0
105 351 115 351 115 359 105 359 text 0
244 352 252 352 252 363 244 363 text 0
258 352 328 352 328 364 258 364 text 0
487 345 523 345 523 355 487 355 text 0
460 356 468 356 468 366 460 366 text 0
473 356 522 356 522 366 473 366 text 0
67 371 177 371 177 385 67 385 text 0
193 372 264 372 264 385 193 385 text 0
67 381 188 381 188 397 67 397 text 0
205 384 227 384 227 397 205 397 text 0
244 385 290 385 290 398 244 398 text 0
461 389 469 389 469 400 461 400 text 0
472 389 522 389 522 401 472 401 text 0
68 403 152 403 152 417 68 417 text 0
168 404 190 404 190 417 168 417 text 0
231 405 290 405 290 418 231 418 text 0
69 414 152 414 152 428 69 428 text 0
269 418 315 418 315 431 269 431 text 0
332 419 430 419 430 433 332 433 text 0
69 435 92 435 92 450 69 450 text 0
95 436 103 436 103 450 95 450 text 0
104 436 229 436 229 452 104 452 text 0
244 442 292 442 292 451 244 451 text 0
309 442 354 442 354 454 309 454 text 0
373 442 523 442 523 455 373 455 text 0
70 447 130 447 130 462 70 462 text 0
144 448 228 448 228 464 144 464 text 0
244 450 302 450 302 465 244 465 text 0
318 455 390 455 390 467 318 467 text 0
411 456 457 456 457 468 411 468 text 0
476 456 537 456 537 468 476 468 text 0
70 457 151 457 151 473 70 473 text 0
170 459 201 459 201 473 170 473 text 0
219 460 277 460 277 475 219 475 text 0
295 461 339 461 339 476 295 476 text 0
357 463 379 463 379 477 357 477 text 0
396 467 497 467 497 478 396 478 text 0
515 469 539 469 539 479 515 479 text 0
68 469 112 469 112 483 68 483 text 0
130 470 290 470 290 486 130 486 text 0
106 482 128 482 128 492 106 492 text 0
145 484 229 484 229 495 145 495 text 0
243 484 366 484 366 498 243 498 text 0
68 493 142 493 142 503 68 503 text 0
156 492 189 492 189 505 156 505 text 0
205 494 226 494 226 506 205 506 text 0
243 494 264 494 264 507 243 507 text 0
66 512 139 512 139 526 66 526 text 0
154 514 177 514 177 527 154 527 text 0
217 516 416 516 416 532 217 532 text 0
66 524 137 524 137 537 66 537 text 0
192 527 226 527 226 539 192 539 text 0
243 528 313 528 313 541 243 541 text 0
330 533 510 533 510 545 330 545 text 0
526 535 549 535 549 547 526 547 text 0
66 536 159 536 159 549 66 549 text 0
181 538 201 538 201 551 181 551 text 0
206 539 212 539 212 552 206 552 text 0
216 539 241 539 241 552 216 552 text 0
246 540 252 540 252 553 246 553 text 0
257 540 304 540 304 554 257 554 text 0
317 543 418 543 418 555 317 555 text 0
422 544 428 544 428 557 422 557 text 0
434 546 472 546 472 558 434 558 text 0
64 551 196 551 196 562 64 562 text 0
204 552 226 552 226 562 204 562 text 0
233 551 239 551 239 563 233 563 text 0
243 551 313 551 313 565 243 565 text 0
63 563 275 563 275 576 63 576 text 0
65 572 237 572 237 585 65 585 text 0
63 584 121 584 121 595 63 595 text 0
138 587 222 587 222 597 138 597 text 0
264 587 311 587 311 602 264 602 text 0
328 589 363 589 363 604 328 604 text 0
381 591 390 591 390 604 381 604 text 0
408 592 442 592 442 606 408 606 text 0
176 92 227 92 227 102 176 102 text 0
71 172 113 172 113 183 71 183 text 0
263 310 304 310 304 319 263 319 text 0
165 418 219 418 219 428 165 428 text 0