196 20 258 20 258 34 196 34 text 0
287 21 467 21 467 35 287 35 text 0
214 36 306 36 306 48 214 48 text 0
123 49 309 49 309 65 123 65 text 0
419 52 535 52 535 67 419 67 text 0
124 63 173 63 173 76 124 76 text 0
211 64 241 64 241 77 211 77 text 0
247 64 253 64 253 77 247 77 text 0
267 64 294 64 294 78 267 78 text 0
302 65 328 65 328 77 302 77 text 0
418 66 500 66 500 80 418 80 text 0
179 79 223 79 223 91 179 91 text 0
246 78 310 78 310 92 246 92 text 0
334 79 379 79 379 93 334 93 text 0
402 80 431 80 431 94 402 94 text 0
455 80 484 80 484 94 455 94 text 0
143 92 243 92 243 105 143 105 text 0
263 94 295 94 295 106 263 106 text 0
335 95 519 95 519 108 335 108 text 0
58 113 141 113 141 123 58 123 text 0
56 127 119 127 119 137 56 137 text 0
55 140 103 140 103 153 55 153 text 0
123 140 156 140 156 153 123 153 text 0
283 115 448 115 448 126 283 126 text 0
281 129 414 129 414 140 281 140 text 0
280 142 345 142 345 154 280 154 text 0
56 163 127 163 127 176 56 176 text 0
392 166 425 166 425 175 392 175 text 0
502 166 512 166 512 178 502 178 text 0
514 166 584 166 584 178 514 178 text 0
60 192 186 192 186 205 60 205 text 0
60 208 188 208 188 220 60 220 text 0
467 195 477 195 477 207 467 207 text 0
484 195 580 195 580 208 484 208 text 0
449 210 463 210 463 223 449 223 text 0
471 210 582 210 582 224 471 224 text 0
488 241 497 241 497 253 488 253 text 0
508 241 587 241 587 253 508 253 text 0
54 236 133 236 133 250 54 250 text 0
72 251 184 251 184 263 72 263 text 0
210 252 323 252 323 265 210 265 text 0
280 267 345 267 345 278 280 278 text 0
56 284 86 284 86 297 56 297 text 0
87 284 173 284 173 297 87 297 text 0
191 285 223 285 223 297 191 297 text 0
265 285 345 285 345 298 265 298 text 0
122 320 152 320 152 330 122 330 text 0
158 320 164 320 164 330 158 330 text 0
173 320 239 320 239 331 173 331 text 0
450 322 464 322 464 332 450 332 text 0
484 322 514 322 514 332 484 332 text 0
522 322 529 322 529 332 522 332 text 0
537 323 602 323 602 333 537 333 text 0
170 355 177 355 177 364 170 364 text 0
193 355 294 355 294 365 193 365 text 0
375 357 475 357 475 366 375 366 text 0
520 357 594 357 594 366 520 366 text 0
54 364 176 364 176 374 54 374 text 0
533 369 591 369 591 377 533 377 text 0
51 374 88 374 88 386 51 386 text 0
96 374 282 374 282 387 96 387 text 0
380 376 447 376 447 388 380 388 text 0
457 377 593 377 593 389 457 389 text 0
104 386 203 386 203 395 104 395 text 0
349 387 369 387 369 396 349 396 text 0
510 388 526 388 526 399 510 399 text 0
51 396 99 396 99 404 51 404 text 0
121 397 234 397 234 406 121 406 text 0
505 399 590 399 590 408 505 408 text 0
421 408 505 408 505 419 421 419 text 0
191 419 295 419 295 428 191 428 text 0
330 419 484 419 484 429 330 429 text 0
182 432 253 432 253 442 182 442 text 0
62 453 111 453 111 463 62 463 text 0
128 453 227 453 227 464 128 464 text 0
236 454 319 454 319 465 236 465 text 0
376 455 383 455 383 465 376 465 text 0
385 457 411 457 411 465 385 465 text 0
425 455 580 455 580 467 425 467 text 0
271 475 424 475 424 491 271 491 text 0
179 495 186 495 186 505 179 505 text 0
47 506 121 506 121 516 47 516 text 0
139 506 163 506 163 516 139 516 text 0
255 506 303 506 303 517 255 517 text 0
321 507 370 507 370 517 321 517 text 0
386 507 436 507 436 517 386 517 text 0
47 516 103 516 103 526 47 526 text 0
124 517 354 517 354 528 124 528 text 0
374 518 409 518 409 528 374 528 text 0
438 519 499 519 499 528 438 528 text 0
518 519 553 519 553 529 518 529 text 0
47 526 75 526 75 538 47 538 text 0
100 526 116 526 116 538 100 538 text 0
138 526 240 526 240 539 138 539 text 0
266 528 337 528 337 537 266 537 text 0
359 527 434 527 434 540 359 540 text 0
467 528 564 528 564 541 467 541 text 0
203 538 239 538 239 549 203 549 text 0
256 538 435 538 435 550 256 550 text 0
190 552 238 552 238 562 190 562 text 0
256 552 355 552 355 562 256 562 text 0
365 553 446 553 446 563 365 563 text 0
155 589 168 589 168 602 155 602 text 0
167 589 232 589 232 602 167 602 text 0
449 591 459 591 459 601 449 601 text 0
482 591 509 591 509 601 482 601 text 0
519 592 525 592 525 601 519 601 text 0
535 592 600 592 600 602 535 602 text 0
314 610 448 610 448 623 314 623 text 0
327 36 454 36 454 49 327 49 text 0
331 52 388 52 388 62 331 62 text 0
52 320 105 320 105 329 52 329 text 0
50 355 152 355 152 363 50 363 text 0
489 358 506 358 506 367 489 367 text 0
333 377 374 377 374 385 333 385 text 0
291 387 336 387 336 396 291 396 text 0
47 385 90 385 90 394 47 394 text 0
539 390 595 390 595 398 539 398 text 0
451 389 503 389 503 397 451 397 text 0
419 446 527 446 527 455 419 455 text 0
552 447 599 447 599 458 552 458 text 0
201 496 295 496 295 505 201 505 text 0
303 497 396 497 396 507 303 507 text 0
405 498 459 498 459 508 405 508 text 0
183 507 243 507 243 516 183 516 text 0
237 567 452 567 452 577 237 577 text 0
185 566 218 566 218 575 185 575 text 0
113 591 150 591 150 601 113 601 text 0
40 590 95 590 95 601 40 601 text 0
260 611 297 611 297 623 260 623 text 0
201 610 242 610 242 620 201 620 text 0
331 456 370 456 370 465 331 465 text 0
98 433 166 433 166 442 98 442 text 0
50 432 89 432 89 442 50 442 text 0