165 29 260 29 260 40 165 40 text 0
283 26 470 26 470 36 283 36 text 0
146 44 202 44 202 56 146 56 text 0
323 41 469 41 469 51 323 51 text 0
39 60 218 60 218 70 39 70 text 0
234 57 271 57 271 69 234 69 text 0
272 55 283 55 283 68 272 68 text 0
431 53 500 53 500 64 431 64 text 0
519 52 557 52 557 64 519 64 text 0
128 72 164 72 164 83 128 83 text 0
182 71 214 71 214 82 182 82 text 0
237 70 339 70 339 80 237 80 text 0
359 68 374 68 374 79 359 79 text 0
391 67 483 67 483 77 391 77 text 0
131 85 179 85 179 95 131 95 text 0
216 83 235 83 235 95 216 95 text 0
252 83 303 83 303 93 252 93 text 0
323 82 372 82 372 93 323 93 text 0
394 81 427 81 427 91 394 91 text 0
448 80 481 80 481 91 448 91 text 0
111 99 161 99 161 109 111 109 text 0
182 98 285 98 285 108 182 108 text 0
302 94 501 94 501 107 302 107 text 0
25 120 111 120 111 129 25 129 text 0
27 134 92 134 92 142 27 142 text 0
24 147 77 147 77 158 24 158 text 0
92 146 130 146 130 157 92 157 text 0
219 118 225 118 225 127 219 127 text 0
252 117 419 117 419 124 252 124 text 0
253 131 391 131 391 138 253 138 text 0
219 145 227 145 227 154 219 154 text 0
250 144 320 144 320 152 250 152 text 0
477 161 487 161 487 171 477 171 text 0
489 160 561 160 561 170 489 170 text 0
25 195 161 195 161 203 25 203 text 0
27 209 161 209 161 216 27 216 text 0
442 188 463 188 463 197 442 197 text 0
464 188 558 188 558 199 464 199 text 0
416 203 440 203 440 211 416 211 text 0
440 203 556 203 556 214 440 214 text 0
458 231 470 231 470 241 458 241 text 0
474 231 559 231 559 241 474 241 text 0
27 235 110 235 110 245 27 245 text 0
44 249 92 249 92 257 44 257 text 0
251 258 315 258 315 266 251 266 text 0
25 278 127 278 127 287 25 287 text 0
150 277 155 277 155 288 150 288 text 0
180 276 453 276 453 284 180 284 text 0
418 293 436 293 436 302 418 302 text 0
455 292 488 292 488 301 455 301 text 0
495 292 500 292 500 301 495 301 text 0
510 291 575 291 575 300 510 300 text 0
26 297 74 297 74 307 26 307 text 0
93 297 126 297 126 307 93 307 text 0
133 297 136 297 136 307 133 307 text 0
145 296 210 296 210 306 145 306 text 0
30 329 103 329 103 337 30 337 text 0
112 328 137 328 137 336 112 336 text 0
153 327 343 327 343 334 153 334 text 0
25 339 123 339 123 346 25 346 text 0
140 337 164 337 164 345 140 345 text 0
178 337 253 337 253 344 178 344 text 0
40 348 86 348 86 355 40 355 text 0
99 348 129 348 129 355 99 355 text 0
129 347 139 347 139 355 129 355 text 0
140 347 192 347 192 354 140 354 text 0
384 344 434 344 434 351 384 351 text 0
450 343 473 343 473 351 450 351 text 0
24 358 48 358 48 366 24 366 text 0
62 357 85 357 85 365 62 365 text 0
100 357 146 357 146 364 100 364 text 0
466 353 567 353 567 359 466 359 text 0
24 367 135 367 135 374 24 374 text 0
330 363 372 363 372 371 330 371 text 0
374 362 385 362 385 371 374 371 text 0
385 362 570 362 570 369 385 369 text 0
24 376 149 376 149 382 24 382 text 0
253 382 361 382 361 391 253 391 text 0
437 390 524 390 524 400 437 400 text 0
25 407 134 407 134 414 25 414 text 0
391 403 504 403 504 410 391 410 text 0
533 402 571 402 571 411 533 411 text 0
116 416 201 416 201 424 116 424 text 0
231 415 317 415 317 423 231 423 text 0
323 414 328 414 328 423 323 423 text 0
344 415 478 415 478 422 344 422 text 0
137 426 237 426 237 433 137 433 text 0
252 425 274 425 274 432 252 432 text 0
279 425 287 425 287 433 279 433 text 0
309 425 459 425 459 431 309 431 text 0
95 436 183 436 183 443 95 443 text 0
215 435 294 435 294 443 215 443 text 0
299 434 309 434 309 443 299 443 text 0
322 434 366 434 366 442 322 442 text 0
463 433 502 433 502 441 463 441 text 0
145 446 182 446 182 454 145 454 text 0
183 445 316 445 316 453 183 453 text 0
89 456 150 456 150 465 89 465 text 0
161 456 274 456 274 464 161 464 text 0
292 455 326 455 326 464 292 464 text 0
343 455 420 455 420 463 343 463 text 0
435 455 500 455 500 463 435 463 text 0
182 464 225 464 225 473 182 473 text 0
238 464 327 464 327 473 238 473 text 0
201 474 287 474 287 484 201 484 text 0
304 474 390 474 390 483 304 483 text 0
409 475 446 475 446 484 409 484 text 0
139 484 224 484 224 491 139 491 text 0
242 484 301 484 301 491 242 491 text 0
317 484 341 484 341 491 317 491 text 0
386 484 460 484 460 491 386 491 text 0
124 493 197 493 197 501 124 501 text 0
215 493 237 493 237 501 215 501 text 0
266 493 472 493 472 501 266 501 text 0
49 503 82 503 82 513 49 513 text 0
97 503 172 503 172 513 97 513 text 0
187 503 198 503 198 512 187 512 text 0
215 503 225 503 225 511 215 511 text 0
239 502 288 502 288 512 239 512 text 0
304 502 366 502 366 512 304 512 text 0
421 502 511 502 511 512 421 512 text 0
527 502 551 502 551 512 527 512 text 0
72 512 96 512 96 521 72 521 text 0
136 512 160 512 160 521 136 521 text 0
164 512 170 512 170 521 164 521 text 0
174 512 197 512 197 521 174 521 text 0
213 512 313 512 313 521 213 521 text 0
329 512 392 512 392 521 329 521 text 0
410 512 509 512 509 521 410 521 text 0
201 522 379 522 379 530 201 530 text 0
274 546 442 546 442 564 274 564 text 0
211 585 330 585 330 592 211 592 text 0
336 584 413 584 413 591 336 591 text 0
22 611 72 611 72 620 22 620 text 0
90 611 123 611 123 621 90 621 text 0
128 610 134 610 134 620 128 620 text 0
142 610 207 610 207 619 142 619 text 0
421 609 432 609 432 619 421 619 text 0
456 610 487 610 487 619 456 619 text 0
495 610 497 610 497 619 495 619 text 0
512 610 575 610 575 620 512 620 text 0
286 628 424 628 424 638 286 638 text 0
241 43 306 43 306 52 241 52 text 0
308 54 413 54 413 65 308 65 text 0
218 133 229 133 229 140 218 140 text 0
25 166 116 166 116 176 25 176 text 0
353 162 400 162 400 172 353 172 text 0
487 343 569 343 569 350 487 350 text 0
386 434 433 434 433 441 386 441 text 0
345 444 462 444 462 453 345 453 text 0
341 466 414 466 414 472 341 472 text 0
137 476 191 476 191 483 137 483 text 0
232 629 267 629 267 638 232 638 text 0
176 628 218 628 218 638 176 638 text 0
376 503 410 503 410 511 376 511 text 0