113 28 152 28 152 36 113 36 text 0
163 22 270 22 270 34 163 34 text 0
280 16 404 16 404 29 280 29 text 0
50 38 126 38 126 47 50 47 text 0
136 35 176 35 176 45 136 45 text 0
202 33 325 33 325 40 202 40 text 0
337 27 427 27 427 36 337 36 text 0
436 24 500 24 500 33 436 33 text 0
512 21 538 21 538 31 512 31 text 0
126 47 154 47 154 56 126 56 text 0
156 46 168 46 168 56 156 56 text 0
177 45 206 45 206 55 177 55 text 0
206 43 217 43 217 54 206 54 text 0
220 43 231 43 231 54 220 54 text 0
234 42 245 42 245 53 234 53 text 0
246 42 257 42 257 52 246 52 text 0
268 41 351 41 351 49 268 49 text 0
362 38 379 38 379 48 362 48 text 0
389 37 458 37 458 46 389 46 text 0
91 53 152 53 152 65 91 65 text 0
166 54 308 54 308 64 166 64 text 0
325 51 363 51 363 61 325 61 text 0
376 43 512 43 512 56 376 56 text 0
57 71 114 71 114 83 57 83 text 0
173 73 290 73 290 85 173 85 text 0
56 81 98 81 98 92 56 92 text 0
169 84 227 84 227 94 169 94 text 0
57 91 94 91 94 101 57 101 text 0
107 92 127 92 127 103 107 103 text 0
169 93 215 93 215 105 169 105 text 0
346 121 358 121 358 129 346 129 text 0
361 120 390 120 390 127 361 127 text 0
347 130 361 130 361 138 347 138 text 0
363 129 389 129 389 137 363 137 text 0
47 109 65 109 65 120 47 120 text 0
83 111 92 111 92 121 83 121 text 0
110 111 153 111 153 122 110 122 text 0
44 121 65 121 65 131 44 131 text 0
83 122 115 122 115 133 83 133 text 0
133 123 152 123 152 133 133 133 text 0
44 132 153 132 153 143 44 143 text 0
171 133 242 133 242 144 171 144 text 0
43 142 77 142 77 152 43 152 text 0
95 144 141 144 141 154 95 154 text 0
157 144 216 144 216 155 157 155 text 0
47 153 104 153 104 163 47 163 text 0
119 154 179 154 179 164 119 164 text 0
195 155 229 155 229 165 195 165 text 0
246 155 267 155 267 164 246 164 text 0
44 163 166 163 166 175 44 175 text 0
183 164 294 164 294 175 183 175 text 0
43 174 77 174 77 184 43 184 text 0
95 175 127 175 127 185 95 185 text 0
144 176 163 176 163 186 144 186 text 0
182 176 226 176 226 187 182 187 text 0
44 184 115 184 115 194 44 194 text 0
169 185 175 185 175 195 169 195 text 0
194 186 216 186 216 195 194 195 text 0
232 186 242 186 242 196 232 196 text 0
44 194 115 194 115 205 44 205 text 0
130 195 152 195 152 205 130 205 text 0
168 196 176 196 176 206 168 206 text 0
194 196 216 196 216 206 194 206 text 0
231 197 242 197 242 207 231 207 text 0
350 141 361 141 361 149 350 149 text 0
363 141 389 141 389 149 363 149 text 0
350 151 361 151 361 159 350 159 text 0
365 150 390 150 390 158 365 158 text 0
350 161 361 161 361 168 350 168 text 0
363 160 389 160 389 168 363 168 text 0
351 171 359 171 359 179 351 179 text 0
362 171 390 171 390 178 362 178 text 0
351 181 362 181 362 189 351 189 text 0
365 180 390 180 390 188 365 188 text 0
350 191 361 191 361 199 350 199 text 0
365 190 391 190 391 199 365 199 text 0
542 109 599 109 599 120 542 120 text 0
523 123 535 123 535 131 523 131 text 0
542 121 603 121 603 132 542 132 text 0
509 134 521 134 521 143 509 143 text 0
529 131 603 131 603 142 529 142 text 0
523 144 535 144 535 152 523 152 text 0
540 140 601 140 601 152 540 152 text 0
522 155 536 155 536 163 522 163 text 0
541 151 598 151 598 162 541 162 text 0
523 165 535 165 535 172 523 172 text 0
540 161 601 161 601 172 540 172 text 0
522 175 536 175 536 183 522 183 text 0
541 172 596 172 596 181 541 181 text 0
523 185 535 185 535 192 523 192 text 0
540 182 600 182 600 193 540 193 text 0
553 203 570 203 570 212 553 212 text 0
566 199 631 199 631 208 566 208 text 0
539 213 554 213 554 222 539 222 text 0
558 210 630 210 630 221 558 221 text 0
57 215 128 215 128 224 57 224 text 0
57 225 128 225 128 234 57 234 text 0
512 234 526 234 526 242 512 242 text 0
530 230 601 230 601 242 530 242 text 0
68 245 125 245 125 254 68 254 text 0
141 245 201 245 201 254 141 254 text 0
42 255 102 255 102 266 42 266 text 0
116 254 175 254 175 265 116 265 text 0
193 253 262 253 262 263 193 263 text 0
281 252 324 252 324 263 281 263 text 0
45 266 153 266 153 275 45 275 text 0
168 266 192 266 192 273 168 273 text 0
203 264 221 264 221 273 203 273 text 0
232 262 309 262 309 272 232 272 text 0
92 284 166 284 166 295 92 295 text 0
169 286 178 286 178 295 169 295 text 0
193 281 244 281 244 293 193 293 text 0
257 280 369 280 369 290 257 290 text 0
110 295 147 295 147 305 110 305 text 0
147 295 159 295 159 305 147 305 text 0
216 292 329 292 329 300 216 300 text 0
338 289 428 289 428 297 338 297 text 0
430 286 439 286 439 296 430 296 text 0
441 286 478 286 478 295 441 295 text 0
134 304 206 304 206 313 134 313 text 0
217 302 327 302 327 309 217 309 text 0
339 298 452 298 452 306 339 306 text 0
170 314 254 314 254 321 170 321 text 0
265 311 292 311 292 319 265 319 text 0
292 310 301 310 301 319 292 319 text 0
306 310 327 310 327 318 306 318 text 0
339 308 353 308 353 317 339 317 text 0
365 308 379 308 379 316 365 316 text 0
388 307 413 307 413 316 388 316 text 0
253 321 315 321 315 328 253 328 text 0
218 342 291 342 291 350 218 350 text 0
303 339 329 339 329 348 303 348 text 0
42 365 110 365 110 374 42 374 text 0
122 363 146 363 146 373 122 373 text 0
150 363 154 363 154 373 150 373 text 0
205 362 332 362 332 366 205 366 text 0
41 375 132 375 132 383 41 383 text 0
146 372 172 372 172 382 146 382 text 0
173 371 181 371 181 381 173 381 text 0
231 369 330 369 330 377 231 377 text 0
243 379 330 379 330 388 243 388 text 0
344 376 355 376 355 387 344 387 text 0
367 376 430 376 430 385 367 385 text 0
124 392 240 392 240 400 124 400 text 0
256 388 352 388 352 397 256 397 text 0
381 386 395 386 395 396 381 396 text 0
405 385 432 385 432 394 405 394 text 0
442 384 469 384 469 393 442 393 text 0
144 382 232 382 232 390 144 390 text 0
243 399 294 399 294 407 243 407 text 0
41 424 100 424 100 433 41 433 text 0
196 420 281 420 281 429 196 429 text 0
185 441 278 441 278 449 185 449 text 0
292 439 464 439 464 445 292 445 text 0
146 452 252 452 252 460 146 460 text 0
266 450 302 450 302 459 266 459 text 0
305 449 313 449 313 458 305 458 text 0
311 449 365 449 365 458 311 458 text 0
375 448 439 448 439 456 375 456 text 0
149 461 314 461 314 468 149 468 text 0
327 458 441 458 441 466 327 466 text 0
195 471 263 471 263 479 195 479 text 0
267 470 274 470 274 479 267 479 text 0
291 469 377 469 377 477 291 477 text 0
135 481 206 481 206 490 135 490 text 0
218 479 393 479 393 486 218 486 text 0
405 475 456 475 456 484 405 484 text 0
196 490 267 490 267 498 196 498 text 0
271 488 274 488 274 498 271 498 text 0
294 489 379 489 379 497 294 497 text 0
39 512 62 512 62 521 39 521 text 0
66 512 73 512 73 521 66 521 text 0
74 511 111 511 111 520 74 520 text 0
135 510 183 510 183 519 135 519 text 0
196 509 242 509 242 517 196 517 text 0
246 508 253 508 253 517 246 517 text 0
258 508 332 508 332 516 258 516 text 0
40 521 77 521 77 530 40 530 text 0
78 520 89 520 89 530 78 530 text 0
90 520 209 520 209 528 90 528 text 0
40 531 75 531 75 539 40 539 text 0
79 530 87 530 87 539 79 539 text 0
90 530 256 530 256 536 90 536 text 0
40 540 75 540 75 550 40 550 text 0
80 539 87 539 87 549 80 549 text 0
90 539 183 539 183 548 90 548 text 0
406 515 459 515 459 522 406 522 text 0
472 514 495 514 495 522 472 522 text 0
499 514 505 514 505 522 499 522 text 0
525 514 562 514 562 522 525 522 text 0
512 523 563 523 563 531 512 531 text 0
161 559 185 559 185 568 161 568 text 0
197 558 281 558 281 566 197 566 text 0
295 558 421 558 421 565 295 565 text 0
100 571 146 571 146 579 100 579 text 0
159 570 217 570 217 578 159 578 text 0
64 590 154 590 154 601 64 601 text 0
196 588 246 588 246 599 196 599 text 0
263 588 274 588 274 600 263 600 text 0
277 588 326 588 326 599 277 599 text 0
356 587 407 587 407 598 356 598 text 0
63 601 74 601 74 609 63 609 text 0
90 600 111 600 111 608 90 608 text 0
115 600 122 600 122 608 115 608 text 0
128 600 180 600 180 608 128 608 text 0
226 609 262 609 262 618 226 618 text 0
280 608 382 608 382 617 280 617 text 0
463 597 503 597 503 605 463 605 text 0
518 596 544 596 544 605 518 605 text 0
550 596 553 596 553 605 550 605 text 0
559 596 610 596 610 604 559 604 text 0
416 15 459 15 459 24 416 24 text 0
524 115 539 115 539 121 524 121 text 0
39 286 76 286 76 295 39 295 text 0