230 53 418 53 418 71 230 71 text 0
195 77 222 77 222 85 195 85 text 0
231 77 278 77 278 85 231 85 text 0
325 77 353 77 353 85 325 85 text 0
364 77 453 77 453 85 364 85 text 0
288 78 316 78 316 85 288 85 text 0
344 87 370 87 370 94 344 94 text 0
240 87 287 87 287 94 240 94 text 0
295 87 333 87 333 94 295 94 text 0
380 87 416 87 416 94 380 94 text 0
455 96 491 96 491 103 455 103 text 0
362 96 407 96 407 104 362 104 text 0
212 96 259 96 259 104 212 104 text 0
417 97 442 97 442 104 417 104 text 0
268 97 295 97 295 104 268 104 text 0
305 96 351 96 351 105 305 105 text 0
157 96 203 96 203 105 157 105 text 0
156 101 222 101 222 115 156 115 text 0
369 106 406 106 406 113 369 113 text 0
324 106 360 106 360 114 324 114 text 0
417 106 490 106 490 114 417 114 text 0
269 107 313 107 313 114 269 114 text 0
228 107 255 107 255 115 228 115 text 0
388 115 490 115 490 123 388 123 text 0
333 116 376 116 376 123 333 123 text 0
156 116 199 116 199 123 156 123 text 0
212 116 314 116 314 123 212 123 text 0
369 115 380 115 380 125 369 125 text 0
195 115 204 115 204 125 195 125 text 0
305 125 416 125 416 133 305 133 text 0
230 125 258 125 258 133 230 133 text 0
269 125 293 125 293 133 269 133 text 0
294 144 360 144 360 152 294 152 text 0
275 163 366 163 366 170 275 170 text 0
220 164 247 164 247 171 220 171 text 0
129 163 207 163 207 171 129 171 text 0
221 173 275 173 275 180 221 180 text 0
129 174 172 174 172 180 129 180 text 0
182 174 190 174 190 180 182 180 text 0
311 182 405 182 405 189 311 189 text 0
221 182 302 182 302 190 221 190 text 0
126 183 162 183 162 190 126 190 text 0
219 192 293 192 293 199 219 199 text 0
126 192 191 192 191 199 126 199 text 0
265 201 320 201 320 208 265 208 text 0
219 202 255 202 255 209 219 209 text 0
504 215 522 215 522 225 504 225 text 0
436 218 454 218 454 225 436 225 text 0
379 218 423 218 423 226 379 226 text 0
351 219 369 219 369 226 351 226 text 0
284 220 340 220 340 227 284 227 text 0
248 220 274 220 274 227 248 227 text 0
219 220 237 220 237 227 219 227 text 0
172 221 208 221 208 227 172 227 text 0
127 221 162 221 162 227 127 227 text 0
474 226 521 226 521 234 474 234 text 0
398 228 435 228 435 235 398 235 text 0
351 229 359 229 359 235 351 235 text 0
316 229 331 229 331 235 316 235 text 0
125 229 247 229 247 237 125 237 text 0
507 236 520 236 520 244 507 244 text 0
437 237 464 237 464 244 437 244 text 0
369 237 406 237 406 244 369 244 text 0
417 238 426 238 426 245 417 245 text 0
342 238 360 238 360 245 342 245 text 0
219 238 275 238 275 245 219 245 text 0
285 239 331 239 331 246 285 246 text 0
181 239 208 239 208 246 181 246 text 0
127 239 172 239 172 246 127 246 text 0
475 246 522 246 522 253 475 253 text 0
388 246 435 246 435 254 388 254 text 0
351 248 359 248 359 253 351 253 text 0
127 247 246 247 246 256 127 256 text 0
314 248 322 248 322 256 314 256 text 0
507 255 522 255 522 262 507 262 text 0
437 256 455 256 455 263 437 263 text 0
238 257 294 257 294 264 238 264 text 0
200 257 228 257 228 264 200 264 text 0
128 258 190 258 190 265 128 265 text 0
484 264 523 264 523 272 484 272 text 0
397 265 436 265 436 272 397 272 text 0
352 266 360 266 360 271 352 271 text 0
312 266 323 266 323 273 312 273 text 0
203 266 246 266 246 273 203 273 text 0
125 267 198 267 198 274 125 274 text 0
507 274 524 274 524 281 507 281 text 0
438 275 456 275 456 282 438 282 text 0
304 276 349 276 349 283 304 283 text 0
125 276 190 276 190 283 125 283 text 0
248 276 291 276 291 284 248 284 text 0
200 276 237 276 237 283 200 283 text 0
486 284 523 284 523 291 486 291 text 0
397 283 436 283 436 291 397 291 text 0
352 285 360 285 360 290 352 290 text 0
314 284 322 284 322 291 314 291 text 0
127 283 247 283 247 293 127 293 text 0
507 302 525 302 525 308 507 308 text 0
172 303 219 303 219 310 172 310 text 0
127 304 162 304 162 310 127 310 text 0
471 311 527 311 527 319 471 319 text 0
128 313 170 313 170 320 128 320 text 0
490 320 528 320 528 327 490 327 text 0
211 322 303 322 303 330 211 330 text 0
126 322 201 322 201 330 126 330 text 0
472 329 529 329 529 336 472 336 text 0
240 330 315 330 315 339 240 339 text 0
127 331 171 331 171 339 127 339 text 0
182 332 230 332 230 339 182 339 text 0
473 348 530 348 530 356 473 356 text 0
136 352 163 352 163 358 136 358 text 0
483 367 533 367 533 375 483 375 text 0
127 370 183 370 183 377 127 377 text 0
455 386 522 386 522 395 455 395 text 0
290 387 324 387 324 395 290 395 text 0
250 388 277 388 277 395 250 395 text 0
338 387 403 387 403 396 338 396 text 0
127 388 154 388 154 395 127 395 text 0
166 389 202 389 202 396 166 396 text 0
485 396 524 396 524 404 485 404 text 0
349 397 403 397 403 404 349 404 text 0
166 398 183 398 183 405 166 405 text 0
127 398 136 398 136 405 127 405 text 0
486 406 526 406 526 413 486 413 text 0
368 406 406 406 406 414 368 414 text 0
166 407 184 407 184 414 166 414 text 0
128 407 138 407 138 415 128 415 text 0
461 446 470 446 470 452 461 452 text 0
273 445 319 445 319 453 273 453 text 0
206 446 215 446 215 452 206 452 text 0
410 445 450 445 450 453 410 453 text 0
225 445 263 445 263 453 225 453 text 0
332 446 401 446 401 454 332 454 text 0
196 465 261 465 261 472 196 472 text 0
127 465 186 465 186 472 127 472 text 0
294 465 322 465 322 473 294 473 text 0
140 474 177 474 177 482 140 482 text 0
226 475 284 475 284 483 226 483 text 0
185 476 215 476 215 482 185 482 text 0
294 474 362 474 362 484 294 484 text 0
372 475 462 475 462 484 372 484 text 0
474 476 531 476 531 485 474 485 text 0
169 498 513 498 513 508 169 508 text 0
130 516 177 516 177 524 130 524 text 0
188 516 229 516 229 524 188 524 text 0
250 515 335 515 335 525 250 525 text 0
345 517 446 517 446 526 345 526 text 0
150 527 178 527 178 535 150 535 text 0
190 527 257 527 257 535 190 535 text 0
306 528 408 528 408 536 306 536 text 0
447 528 486 528 486 536 447 536 text 0
418 528 436 528 436 536 418 536 text 0
500 529 530 529 530 537 500 537 text 0
152 537 219 537 219 546 152 546 text 0
225 538 248 538 248 545 225 545 text 0
256 538 328 538 328 546 256 546 text 0
336 539 409 539 409 547 336 547 text 0
420 539 531 539 531 548 420 548 text 0
149 546 199 546 199 554 149 554 text 0
216 548 240 548 240 555 216 555 text 0
248 548 288 548 288 555 248 555 text 0
368 548 378 548 378 556 368 556 text 0
299 549 357 549 357 556 299 556 text 0
388 548 449 548 449 557 388 557 text 0
461 549 502 549 502 557 461 557 text 0
512 549 543 549 543 558 512 558 text 0
188 557 207 557 207 564 188 564 text 0
141 557 179 557 179 564 141 564 text 0
219 558 298 558 298 566 219 566 text 0
323 558 389 558 389 567 323 567 text 0
398 559 450 559 450 568 398 568 text 0
462 559 513 559 513 568 462 568 text 0
525 561 544 561 544 568 525 568 text 0
150 566 180 566 180 575 150 575 text 0
189 568 270 568 270 575 189 575 text 0
279 568 380 568 380 578 279 578 text 0
420 569 461 569 461 578 420 578 text 0
390 571 410 571 410 577 390 577 text 0
472 570 502 570 502 579 472 579 text 0
514 573 545 573 545 580 514 580 text 0
240 577 259 577 259 586 240 586 text 0
171 578 229 578 229 586 171 586 text 0
272 578 330 578 330 587 272 587 text 0
340 579 360 579 360 587 340 587 text 0
370 580 462 580 462 589 370 589 text 0
473 581 515 581 515 590 473 590 text 0
312 590 380 590 380 598 312 598 text 0
190 597 239 597 239 607 190 607 text 0
251 599 280 599 280 608 251 608 text 0
291 599 320 599 320 608 291 608 text 0
330 600 391 600 391 609 330 609 text 0
403 601 444 601 444 609 403 609 text 0
454 602 507 602 507 612 454 612 text 0