166 61 201 61 201 72 166 72 text 0
222 60 299 60 299 74 222 74 text 0
431 60 469 60 469 74 431 74 text 0
323 59 357 59 357 75 323 75 text 0
377 61 414 61 414 73 377 73 text 0
236 77 274 77 274 91 236 91 text 0
183 78 218 78 218 93 183 93 text 0
319 78 440 78 440 93 319 93 text 0
84 96 120 96 120 109 84 109 text 0
237 96 247 96 247 108 237 108 text 0
140 95 218 95 218 109 140 109 text 0
376 96 442 96 442 109 376 109 text 0
460 96 498 96 498 109 460 109 text 0
266 96 355 96 355 110 266 110 text 0
515 96 536 96 536 111 515 111 text 0
98 112 191 112 191 126 98 126 text 0
210 112 386 112 386 126 210 126 text 0
404 114 523 114 523 128 404 128 text 0
110 130 176 130 176 142 110 142 text 0
194 130 246 130 246 143 194 143 text 0
418 130 526 130 526 144 418 144 text 0
266 129 398 129 398 145 266 145 text 0
211 147 234 147 234 161 211 161 text 0
249 147 274 147 274 161 249 161 text 0
141 146 190 146 190 162 141 162 text 0
319 147 495 147 495 163 319 163 text 0
211 164 329 164 329 179 211 179 text 0
347 164 411 164 411 179 347 179 text 0
222 183 274 183 274 197 222 197 text 0
293 183 400 183 400 197 293 197 text 0
39 218 77 218 77 232 39 232 text 0
97 218 190 218 190 232 97 232 text 0
208 219 302 219 302 233 208 233 text 0
320 219 372 219 372 233 320 233 text 0
390 219 497 219 497 233 390 233 text 0
517 219 538 219 538 232 517 232 text 0
572 219 595 219 595 232 572 232 text 0
39 236 92 236 92 250 39 250 text 0
138 235 204 235 204 251 138 251 text 0
41 253 218 253 218 267 41 267 text 0
418 254 469 254 469 268 418 268 text 0
516 254 566 254 566 268 516 268 text 0
349 254 359 254 359 269 349 269 text 0
374 253 387 253 387 270 374 270 text 0
41 288 119 288 119 303 41 303 text 0
182 288 194 288 194 302 182 302 text 0
457 289 536 289 536 304 457 304 text 0
585 290 594 290 594 304 585 304 text 0
41 322 102 322 102 336 41 336 text 0
209 323 287 323 287 337 209 337 text 0
501 323 525 323 525 337 501 337 text 0
124 323 174 323 174 338 124 338 text 0
541 325 594 325 594 336 541 336 text 0
41 340 92 340 92 354 41 354 text 0
486 341 511 341 511 355 486 355 text 0
532 341 594 341 594 354 532 354 text 0
40 358 118 358 118 371 40 371 text 0
499 360 523 360 523 371 499 371 text 0
541 360 594 360 594 371 541 371 text 0
40 394 78 394 78 408 40 408 text 0
292 393 383 393 383 408 292 408 text 0
431 394 523 394 523 409 431 409 text 0
97 394 190 394 190 410 97 410 text 0
359 412 412 412 412 426 359 426 text 0
38 413 76 413 76 424 38 424 text 0
96 413 147 413 147 424 96 424 text 0
500 412 553 412 553 426 500 426 text 0
38 465 147 465 147 478 38 478 text 0
319 464 369 464 369 478 319 478 text 0
166 466 230 466 230 479 166 479 text 0
250 466 298 466 298 479 250 479 text 0
416 466 440 466 440 479 416 479 text 0
457 466 591 466 591 479 457 479 text 0
38 483 147 483 147 495 38 495 text 0
163 482 216 482 216 496 163 496 text 0
265 482 385 482 385 496 265 496 text 0
247 517 285 517 285 531 247 531 text 0
305 517 398 517 398 531 305 531 text 0
416 517 496 517 496 531 416 531 text 0
123 517 230 517 230 531 123 531 text 0
207 534 259 534 259 548 207 548 text 0
275 534 328 534 328 548 275 548 text 0
345 535 450 535 450 548 345 548 text 0
178 535 188 535 188 548 178 548 text 0
151 552 257 552 257 566 151 566 text 0
277 552 300 552 300 566 277 566 text 0
318 552 370 552 370 566 318 566 text 0
388 552 479 552 479 566 388 566 text 0