138 127 176 127 176 140 138 140 text 0
198 127 279 127 279 140 198 140 text 0
361 127 403 127 403 140 361 140 text 0
304 128 342 128 342 142 304 142 text 0
423 129 463 129 463 143 423 143 text 0
170 144 268 144 268 158 170 158 text 0
291 144 434 144 434 159 291 159 text 0
48 160 88 160 88 173 48 173 text 0
111 161 195 161 195 174 111 174 text 0
212 162 224 162 224 174 212 174 text 0
452 162 493 162 493 174 452 174 text 0
363 162 433 162 433 174 363 174 text 0
246 161 341 161 341 175 246 175 text 0
513 162 534 162 534 176 513 176 text 0
64 177 165 177 165 190 64 190 text 0
181 177 372 177 372 190 181 190 text 0
391 178 520 178 520 192 391 192 text 0
79 194 149 194 149 206 79 206 text 0
168 194 222 194 222 206 168 206 text 0
408 194 523 194 523 207 408 207 text 0
244 194 385 194 385 208 244 208 text 0
228 211 253 211 253 223 228 223 text 0
185 211 208 211 208 223 185 223 text 0
109 211 163 211 163 225 109 225 text 0
276 211 476 211 476 225 276 225 text 0
200 226 252 226 252 240 200 240 text 0
272 226 386 226 386 241 272 241 text 0
199 244 253 244 253 256 199 256 text 0
275 244 388 244 388 256 275 256 text 0
5 275 90 275 90 288 5 288 text 0
111 275 149 275 149 289 111 289 text 0
168 275 208 275 208 289 168 289 text 0
231 276 269 276 269 289 231 289 text 0
393 276 494 276 494 289 393 289 text 0
572 276 598 276 598 289 572 289 text 0
290 275 374 275 374 290 290 290 text 0
4 293 57 293 57 305 4 305 text 0
108 293 134 293 134 305 108 305 text 0
5 309 195 309 195 322 5 322 text 0
361 310 373 310 373 323 361 323 text 0
393 310 463 310 463 323 393 323 text 0
335 310 345 310 345 323 335 323 text 0
497 310 570 310 570 324 497 324 text 0
122 325 179 325 179 338 122 338 text 0
3 325 104 325 104 338 3 338 text 0
570 326 600 326 600 341 570 341 text 0
4 343 74 343 74 355 4 355 text 0
336 343 345 343 345 356 336 356 text 0
363 343 375 343 375 357 363 357 text 0
511 343 570 343 570 356 511 356 text 0
407 343 466 343 466 356 407 356 text 0
5 374 102 374 102 389 5 389 text 0
586 375 598 375 598 388 586 388 text 0
153 374 165 374 165 389 153 389 text 0
451 375 535 375 535 389 451 389 text 0
182 407 271 407 271 421 182 421 text 0
4 407 74 407 74 422 4 422 text 0
94 408 162 408 162 422 94 422 text 0
528 409 597 409 597 422 528 422 text 0
482 409 508 409 508 422 482 422 text 0
483 424 508 424 508 437 483 437 text 0
528 424 597 424 597 437 528 437 text 0
5 424 60 424 60 438 5 438 text 0
483 442 508 442 508 455 483 455 text 0
528 442 597 442 597 455 528 455 text 0
5 441 90 441 90 455 5 455 text 0
452 474 479 474 479 487 452 487 text 0
501 474 553 474 553 487 501 487 text 0
259 474 285 474 285 487 259 487 text 0
304 474 372 474 372 487 304 487 text 0
65 474 105 474 105 487 65 487 text 0
125 474 239 474 239 487 125 487 text 0
4 474 44 474 44 488 4 488 text 0
410 506 431 506 431 520 410 520 text 0
142 506 209 506 209 520 142 520 text 0
303 506 361 506 361 521 303 521 text 0
230 506 285 506 285 521 230 521 text 0
4 506 119 506 119 521 4 521 text 0
453 507 600 507 600 521 453 521 text 0
258 524 360 524 360 537 258 537 text 0
138 525 239 525 239 537 138 537 text 0
4 525 119 525 119 538 4 538 text 0
408 555 495 555 495 569 408 569 text 0
288 556 389 556 389 570 288 570 text 0
230 556 270 556 270 569 230 569 text 0
94 556 211 556 211 569 94 569 text 0
182 574 224 574 224 586 182 586 text 0
245 574 300 574 300 586 245 586 text 0
317 574 431 574 431 586 317 586 text 0
153 574 165 574 165 586 153 586 text 0
378 589 466 589 466 603 378 603 text 0
259 589 285 589 285 603 259 603 text 0
303 590 360 590 360 603 303 603 text 0
124 590 239 590 239 604 124 604 text 0