247 60 307 60 307 73 247 73 text 0
50 62 94 62 94 72 50 72 text 0
130 62 216 62 216 72 130 72 text 0
339 62 408 62 408 72 339 72 text 0
437 63 506 63 506 72 437 72 text 0
221 76 325 76 325 87 221 87 text 0
219 90 288 90 288 102 219 102 text 0
306 90 398 90 398 102 306 102 text 0
100 91 131 91 131 101 100 101 text 0
149 91 203 91 203 103 149 103 text 0
413 91 462 91 462 103 413 103 text 0
101 105 207 105 207 117 101 117 text 0
220 105 251 105 251 116 220 116 text 0
352 105 447 105 447 117 352 117 text 0
267 105 339 105 339 117 267 117 text 0
172 119 230 119 230 130 172 130 text 0
244 119 302 119 302 130 244 130 text 0
318 119 386 119 386 130 318 130 text 0
172 132 215 132 215 143 172 143 text 0
232 133 314 133 314 143 232 143 text 0
331 133 377 133 377 144 331 144 text 0
209 148 239 148 239 158 209 158 text 0
247 148 398 148 398 158 247 158 text 0
158 148 193 148 193 158 158 158 text 0
284 161 362 161 362 172 284 172 text 0
235 162 266 162 266 172 235 172 text 0
510 190 532 190 532 200 510 200 text 0
26 190 81 190 81 200 26 200 text 0
104 189 218 189 218 201 104 201 text 0
369 190 421 190 421 201 369 201 text 0
442 191 494 191 494 201 442 201 text 0
486 206 531 206 531 214 486 214 text 0
381 205 468 205 468 215 381 215 text 0
148 204 206 204 206 216 148 216 text 0
25 205 114 205 114 216 25 216 text 0
222 219 263 219 263 230 222 230 text 0
184 219 206 219 206 229 184 229 text 0
98 219 169 219 169 229 98 229 text 0
29 219 81 219 81 229 29 229 text 0
296 219 323 219 323 229 296 229 text 0
341 219 395 219 395 229 341 229 text 0
419 219 528 219 528 231 419 231 text 0
30 246 143 246 143 257 30 257 text 0
172 247 287 247 287 258 172 258 text 0
26 261 84 261 84 272 26 272 text 0
98 261 107 261 107 271 98 271 text 0
127 261 169 261 169 272 127 272 text 0
26 276 106 276 106 286 26 286 text 0
126 276 130 276 130 286 126 286 text 0
25 318 67 318 67 329 25 329 text 0
477 319 532 319 532 329 477 329 text 0
86 319 144 319 144 329 86 329 text 0
208 320 230 320 230 328 208 328 text 0
160 319 203 319 203 329 160 329 text 0
379 319 387 319 387 330 379 330 text 0
75 332 146 332 146 342 75 342 text 0
27 333 55 333 55 343 27 343 text 0
381 333 388 333 388 343 381 343 text 0
124 331 147 331 147 346 124 346 text 0
477 334 532 334 532 343 477 343 text 0
27 346 182 346 182 358 27 358 text 0
487 348 533 348 533 357 487 357 text 0
200 347 293 347 293 358 200 358 text 0
381 348 388 348 388 358 381 358 text 0
28 389 131 389 131 399 28 399 text 0
450 390 494 390 494 400 450 400 text 0
513 391 533 391 533 399 513 399 text 0
26 418 59 418 59 427 26 427 text 0
138 417 169 417 169 428 138 428 text 0
75 417 122 417 122 429 75 429 text 0
462 418 534 418 534 429 462 429 text 0
257 432 302 432 302 442 257 442 text 0
27 432 69 432 69 442 27 442 text 0
86 432 108 432 108 442 86 442 text 0
318 432 338 432 338 442 318 442 text 0
463 431 533 431 533 443 463 443 text 0
32 445 138 445 138 456 32 456 text 0
365 446 534 446 534 457 365 457 text 0
28 488 48 488 48 498 28 498 text 0
364 488 530 488 530 499 364 499 text 0
105 490 210 490 210 498 105 498 text 0
28 502 211 502 211 513 28 513 text 0
365 502 534 502 534 514 365 514 text 0
87 530 151 530 151 540 87 540 text 0
172 530 193 530 193 540 172 540 text 0
214 531 276 531 276 541 214 541 text 0
293 531 302 531 302 541 293 541 text 0
306 558 339 558 339 568 306 568 text 0
75 557 157 557 157 569 75 569 text 0
220 558 287 558 287 568 220 568 text 0
27 558 58 558 58 568 27 568 text 0
441 559 470 559 470 569 441 569 text 0
489 559 530 559 530 570 489 570 text 0
27 573 69 573 69 583 27 583 text 0
86 573 108 573 108 583 86 583 text 0
256 573 338 573 338 583 256 583 text 0
463 573 534 573 534 585 463 585 text 0
177 601 288 601 288 612 177 612 text 0
318 601 386 601 386 612 318 612 text 0
282 614 302 614 302 626 282 626 text 0
183 615 266 615 266 626 183 626 text 0
317 615 373 615 373 627 317 627 text 0