163 66 171 66 171 81 163 81 text 0
181 66 188 66 188 80 181 80 text 0
187 66 329 66 329 78 187 78 text 0
341 64 408 64 408 77 341 77 text 0
201 83 269 83 269 95 201 95 text 0
283 82 386 82 386 94 283 94 text 0
245 99 327 99 327 111 245 111 text 0
340 98 362 98 362 112 340 112 text 0
367 98 377 98 377 112 367 112 text 0
382 97 399 97 399 111 382 111 text 0
259 116 328 116 328 131 259 131 text 0
15 135 80 135 80 151 15 151 text 0
94 134 115 134 115 151 94 151 text 0
117 134 124 134 124 151 117 151 text 0
143 134 316 134 316 149 143 149 text 0
387 132 422 132 422 148 387 148 text 0
434 131 456 131 456 147 434 147 text 0
459 131 467 131 467 147 459 147 text 0
483 130 579 130 579 146 483 146 text 0
17 154 71 154 71 166 17 166 text 0
82 154 107 154 107 166 82 166 text 0
104 153 113 153 113 165 104 165 text 0
120 153 159 153 159 165 120 165 text 0
168 153 175 153 175 165 168 165 text 0
177 153 243 153 243 165 177 165 text 0
386 150 411 150 411 163 386 163 text 0
412 149 421 149 421 163 412 163 text 0
427 149 444 149 444 163 427 163 text 0
450 149 458 149 458 163 450 163 text 0
462 148 542 148 542 162 462 162 text 0
546 148 556 148 556 162 546 162 text 0
562 147 579 147 579 161 562 161 text 0
143 169 209 169 209 186 143 186 text 0
222 169 231 169 231 185 222 185 text 0
245 168 274 168 274 185 245 185 text 0
283 168 295 168 295 185 283 185 text 0
298 169 328 169 328 185 298 185 text 0
342 168 348 168 348 185 342 185 text 0
362 167 433 167 433 184 362 184 text 0
225 187 334 187 334 202 225 202 text 0
416 200 431 200 431 215 416 215 text 0
444 200 455 200 455 216 444 216 text 0
464 200 474 200 474 216 464 216 text 0
487 200 502 200 502 216 487 216 text 0
225 221 334 221 334 234 225 234 text 0
179 238 286 238 286 251 179 251 text 0
318 237 354 237 354 251 318 251 text 0
14 255 46 255 46 268 14 268 text 0
62 255 64 255 64 268 62 268 text 0
81 254 263 254 263 267 81 267 text 0
447 251 505 251 505 264 447 264 text 0
519 250 578 250 578 263 519 263 text 0
185 273 234 273 234 286 185 286 text 0
242 272 292 272 292 285 242 285 text 0
325 270 396 270 396 284 325 284 text 0
72 291 125 291 125 304 72 304 text 0
137 290 240 290 240 302 137 302 text 0
254 288 283 288 283 301 254 301 text 0
301 287 347 287 347 301 301 301 text 0
18 322 115 322 115 335 18 335 text 0
129 322 216 322 216 335 129 335 text 0
283 322 285 322 285 335 283 335 text 0
17 338 171 338 171 353 17 353 text 0
186 338 275 338 275 353 186 353 text 0
340 338 344 338 344 353 340 353 text 0
497 320 542 320 542 332 497 332 text 0
555 318 577 318 577 331 555 331 text 0
495 336 542 336 542 348 495 348 text 0
560 335 577 335 577 348 560 348 text 0
161 373 184 373 184 386 161 386 text 0
196 373 274 373 274 385 196 385 text 0
288 372 409 372 409 384 288 384 text 0
111 390 238 390 238 404 111 404 text 0
275 389 455 389 455 402 275 402 text 0
62 422 193 422 193 436 62 436 text 0
211 422 275 422 275 436 211 436 text 0
275 422 377 422 377 435 275 435 text 0
384 421 406 421 406 435 384 435 text 0
419 421 514 421 514 435 419 435 text 0
164 456 238 456 238 469 164 469 text 0
253 456 306 456 306 469 253 469 text 0
324 456 346 456 346 469 324 469 text 0
347 456 353 456 353 469 347 469 text 0
372 456 417 456 417 469 372 469 text 0
63 471 128 471 128 485 63 485 text 0
141 471 170 471 170 485 141 485 text 0
172 472 180 472 180 486 172 486 text 0
265 472 298 472 298 486 265 486 text 0
301 472 308 472 308 486 301 486 text 0
322 472 346 472 346 486 322 486 text 0
345 472 352 472 352 486 345 486 text 0
371 472 390 472 390 486 371 486 text 0
408 472 414 472 414 486 408 486 text 0
452 473 523 473 523 487 452 487 text 0
222 490 278 490 278 502 222 502 text 0
279 490 286 490 286 502 279 502 text 0
290 490 344 490 344 502 290 502 text 0
103 535 293 535 293 576 103 576 text 0
314 536 567 536 567 578 314 578 text 0
167 587 206 587 206 602 167 602 text 0
302 589 413 589 413 604 302 604 text 0
177 99 237 99 237 113 177 113 text 0
360 287 445 287 445 301 360 301 text 0
459 285 522 285 522 300 459 300 text 0
232 322 279 322 279 335 232 335 text 0
288 339 337 339 337 351 288 351 text 0
429 475 442 475 442 485 429 485 text 0
230 440 346 440 346 453 230 453 text 0
216 588 290 588 290 603 216 603 text 0