161 78 314 78 314 92 161 92 text 0
329 78 404 78 404 92 329 92 text 0
421 78 508 78 508 92 421 92 text 0
70 96 143 96 143 111 70 111 text 0
161 96 197 96 197 111 161 111 text 0
203 96 205 96 205 110 203 110 text 0
228 96 286 96 286 110 228 110 text 0
303 96 339 96 339 110 303 110 text 0
368 96 391 96 391 110 368 110 text 0
397 95 401 95 401 110 397 110 text 0
408 95 429 95 429 110 408 110 text 0
447 95 522 95 522 109 447 109 text 0
538 95 600 95 600 109 538 109 text 0
303 113 365 113 365 127 303 127 text 0
226 131 258 131 258 148 226 148 text 0
267 131 269 131 269 148 267 148 text 0
288 131 324 131 324 148 288 148 text 0
341 130 429 130 429 147 341 147 text 0
69 154 219 154 219 172 69 172 text 0
235 154 310 154 310 171 235 171 text 0
446 154 468 154 468 171 446 171 text 0
484 153 585 153 585 171 484 171 text 0
96 174 170 174 170 190 96 190 text 0
184 174 258 174 258 190 184 190 text 0
267 174 269 174 269 190 267 190 text 0
289 174 363 174 363 190 289 190 text 0
381 174 417 174 417 190 381 190 text 0
425 174 426 174 426 190 425 190 text 0
450 174 508 174 508 190 450 190 text 0
524 174 561 174 561 190 524 190 text 0
568 174 570 174 570 190 568 190 text 0
172 192 195 192 195 209 172 209 text 0
202 192 204 192 204 209 202 209 text 0
212 192 234 192 234 209 212 209 text 0
249 192 324 192 324 209 249 209 text 0
420 192 482 192 482 209 420 209 text 0
102 218 233 218 233 232 102 232 text 0
381 218 400 218 400 232 381 232 text 0
405 218 410 218 410 232 405 232 text 0
427 218 607 218 607 233 427 233 text 0
55 239 80 239 80 254 55 254 text 0
95 239 120 239 120 255 95 255 text 0
122 239 129 239 129 255 122 255 text 0
136 238 223 238 223 253 136 253 text 0
237 238 258 238 258 253 237 253 text 0
379 237 389 237 389 252 379 252 text 0
397 237 399 237 399 252 397 252 text 0
405 237 482 237 482 253 405 253 text 0
497 237 507 237 507 253 497 253 text 0
515 237 517 237 517 253 515 253 text 0
523 237 599 237 599 253 523 253 text 0
96 254 106 254 106 273 96 273 text 0
106 254 285 254 285 273 106 273 text 0
326 254 441 254 441 273 326 273 text 0
448 254 451 254 451 273 448 273 text 0
459 256 508 256 508 273 459 273 text 0
523 254 597 254 597 273 523 273 text 0
56 276 91 276 91 290 56 290 text 0
110 275 208 275 208 290 110 290 text 0
221 274 244 274 244 289 221 289 text 0
261 274 348 274 348 289 261 289 text 0
528 273 599 273 599 289 528 289 text 0
103 294 130 294 130 309 103 309 text 0
148 294 175 294 175 309 148 309 text 0
194 294 200 294 200 309 194 309 text 0
495 292 581 292 581 307 495 307 text 0
194 309 301 309 301 333 194 333 text 0
331 309 492 309 492 333 331 333 text 0
106 340 166 340 166 355 106 355 text 0
184 340 255 340 255 355 184 355 text 0
402 360 464 360 464 378 402 378 text 0
472 359 477 359 477 378 472 378 text 0
494 360 535 360 535 378 494 378 text 0
565 359 604 359 604 377 565 377 text 0
65 380 115 380 115 396 65 396 text 0
131 380 230 380 230 396 131 396 text 0
247 380 322 380 322 396 247 396 text 0
338 380 586 380 586 396 338 396 text 0
116 426 139 426 139 441 116 441 text 0
445 426 466 426 466 441 445 441 text 0
483 426 531 426 531 441 483 441 text 0
102 444 165 444 165 460 102 460 text 0
182 444 257 444 257 460 182 460 text 0
273 444 350 444 350 460 273 460 text 0
367 444 547 444 547 460 367 460 text 0
553 444 557 444 557 460 553 460 text 0
130 503 364 503 364 541 130 541 text 0
388 503 596 503 596 541 388 541 text 0
127 554 163 554 163 571 127 571 text 0
187 554 204 554 204 571 187 571 text 0
251 554 253 554 253 571 251 571 text 0
273 554 322 554 322 571 273 571 text 0
405 554 454 554 454 571 405 571 text 0
470 554 520 554 520 571 470 571 text 0
181 574 283 574 283 589 181 589 text 0
302 574 467 574 467 589 302 589 text 0
155 597 217 597 217 614 155 614 text 0
238 600 300 600 300 615 238 615 text 0
313 598 414 598 414 616 313 616 text 0
431 599 536 599 536 616 431 616 text 0
325 155 430 155 430 170 325 170 text 0
339 193 406 193 406 208 339 208 text 0
467 275 510 275 510 289 467 289 text 0
55 217 77 217 77 235 55 235 text 0
52 256 92 256 92 271 52 271 text 0
51 340 94 340 94 356 51 356 text 0
151 425 352 425 352 442 151 442 text 0
367 426 431 426 431 441 367 441 text 0
217 556 244 556 244 570 217 570 text 0
338 555 389 555 389 570 338 570 text 0