167 16 255 16 255 27 167 27 text 0
284 17 460 17 460 28 284 28 text 0
148 29 193 29 193 39 148 39 text 0
238 30 299 30 299 39 238 39 text 0
321 30 457 30 457 40 321 40 text 0
42 41 210 41 210 52 42 52 text 0
233 42 264 42 264 53 233 53 text 0
428 43 492 43 492 54 428 54 text 0
512 44 542 44 542 55 512 55 text 0
128 56 159 56 159 66 128 66 text 0
170 56 177 56 177 66 170 66 text 0
181 55 210 55 210 66 181 66 text 0
236 57 333 57 333 67 236 67 text 0
354 57 364 57 364 67 354 67 text 0
388 57 472 57 472 68 388 68 text 0
132 69 176 69 176 80 132 80 text 0
217 70 231 70 231 81 217 81 text 0
254 70 300 70 300 81 254 81 text 0
322 71 367 71 367 82 322 82 text 0
393 71 420 71 420 83 393 83 text 0
442 71 472 71 472 83 442 83 text 0
109 84 123 84 123 95 109 95 text 0
148 84 159 84 159 95 148 95 text 0
183 84 281 84 281 96 183 96 text 0
304 85 486 85 486 97 304 97 text 0
26 104 107 104 107 114 26 114 text 0
27 118 91 118 91 128 27 128 text 0
24 132 74 132 74 143 24 143 text 0
92 131 126 131 126 142 92 142 text 0
219 106 223 106 223 117 219 117 text 0
248 106 415 106 415 117 248 117 text 0
218 134 223 134 223 144 218 144 text 0
248 133 315 133 315 143 248 143 text 0
27 153 106 153 106 165 27 165 text 0
467 154 478 154 478 164 467 164 text 0
482 154 553 154 553 164 482 164 text 0
27 181 158 181 158 192 27 192 text 0
27 196 159 196 159 206 27 206 text 0
434 183 453 183 453 194 434 194 text 0
458 183 549 183 549 193 458 193 text 0
413 197 432 197 432 208 413 208 text 0
435 197 546 197 546 208 435 208 text 0
25 225 105 225 105 236 25 236 text 0
467 226 549 226 549 237 467 237 text 0
43 239 90 239 90 250 43 250 text 0
24 269 123 269 123 279 24 279 text 0
149 270 152 270 152 280 149 280 text 0
180 270 446 270 446 281 180 281 text 0
27 287 71 287 71 298 27 298 text 0
93 288 120 288 120 299 93 299 text 0
128 288 134 288 134 298 128 298 text 0
145 289 208 289 208 300 145 300 text 0
415 289 430 289 430 300 415 300 text 0
449 288 480 288 480 299 449 299 text 0
489 288 492 288 492 299 489 299 text 0
502 288 566 288 566 299 502 299 text 0
27 321 83 321 83 330 27 330 text 0
112 322 135 322 135 330 112 330 text 0
143 322 146 322 146 330 143 330 text 0
151 322 339 322 339 331 151 331 text 0
26 330 121 330 121 338 26 338 text 0
139 331 160 331 160 338 139 338 text 0
169 331 170 331 170 339 169 339 text 0
177 331 248 331 248 339 177 339 text 0
26 339 83 339 83 347 26 347 text 0
100 339 121 339 121 346 100 346 text 0
138 339 184 339 184 347 138 347 text 0
379 340 428 340 428 348 379 348 text 0
445 340 466 340 466 348 445 348 text 0
475 340 476 340 476 348 475 348 text 0
483 341 557 341 557 349 483 349 text 0
23 347 43 347 43 355 23 355 text 0
61 347 83 347 83 355 61 355 text 0
100 348 145 348 145 356 100 356 text 0
460 350 556 350 556 358 460 358 text 0
24 356 135 356 135 364 24 364 text 0
329 359 364 359 364 368 329 368 text 0
382 358 558 358 558 368 382 368 text 0
22 364 144 364 144 374 22 374 text 0
253 378 358 378 358 387 253 387 text 0
21 394 133 394 133 405 21 405 text 0
433 388 514 388 514 398 433 398 text 0
525 397 563 397 563 407 525 407 text 0
114 407 199 407 199 415 114 415 text 0
229 408 313 408 313 416 229 416 text 0
321 409 325 409 325 417 321 417 text 0
341 409 472 409 472 417 341 417 text 0
137 417 237 417 237 426 137 426 text 0
254 417 275 417 275 426 254 426 text 0
284 418 286 418 286 427 284 427 text 0
307 417 457 417 457 427 307 427 text 0
91 426 177 426 177 435 91 435 text 0
204 426 292 426 292 435 204 435 text 0
297 426 302 426 302 435 297 435 text 0
319 426 359 426 359 435 319 435 text 0
387 426 427 426 427 435 387 435 text 0
460 426 500 426 500 435 460 435 text 0
137 437 311 437 311 446 137 446 text 0
86 447 147 447 147 456 86 456 text 0
162 447 273 447 273 456 162 456 text 0
291 447 331 447 331 456 291 456 text 0
341 446 418 446 418 455 341 455 text 0
435 446 499 446 499 454 435 454 text 0
179 456 224 456 224 465 179 465 text 0
237 456 328 456 328 464 237 464 text 0
137 465 184 465 184 475 137 475 text 0
199 464 287 464 287 474 199 474 text 0
303 464 390 464 390 474 303 474 text 0
409 463 457 463 457 473 409 473 text 0
137 473 224 473 224 484 137 484 text 0
238 473 299 473 299 483 238 483 text 0
316 472 340 472 340 483 316 483 text 0
386 472 460 472 460 483 386 483 text 0
123 484 197 484 197 493 123 493 text 0
212 483 236 483 236 492 212 492 text 0
265 483 473 483 473 491 265 491 text 0
47 494 80 494 80 503 47 503 text 0
96 494 170 494 170 503 96 503 text 0
186 494 196 494 196 503 186 503 text 0
201 494 207 494 207 503 201 503 text 0
212 494 223 494 223 503 212 503 text 0
239 493 289 493 289 502 239 502 text 0
305 493 366 493 366 502 305 502 text 0
382 493 404 493 404 502 382 502 text 0
423 493 511 493 511 501 423 501 text 0
529 492 551 492 551 502 529 502 text 0
71 503 95 503 95 513 71 513 text 0
137 503 198 503 198 513 137 513 text 0
215 503 316 503 316 513 215 513 text 0
332 503 393 503 393 513 332 513 text 0
413 503 512 503 512 513 413 513 text 0
204 514 379 514 379 523 204 523 text 0
269 539 443 539 443 559 269 559 text 0
217 582 332 582 332 587 217 587 text 0
337 581 414 581 414 586 337 586 text 0
28 604 72 604 72 615 28 615 text 0
96 604 129 604 129 615 96 615 text 0
135 604 145 604 145 615 135 615 text 0
145 604 212 604 212 616 145 616 text 0
415 605 432 605 432 615 415 615 text 0
450 605 484 605 484 615 450 615 text 0
491 605 498 605 498 615 491 615 text 0
510 605 571 605 571 615 510 615 text 0
287 624 419 624 419 635 287 635 text 0
305 42 399 42 399 53 305 53 text 0
246 120 391 120 391 131 246 131 text 0
212 121 229 121 229 129 212 129 text 0
346 155 398 155 398 164 346 164 text 0
243 252 315 252 315 262 243 262 text 0
383 397 495 397 495 407 383 407 text 0
343 436 458 436 458 444 343 444 text 0
343 455 414 455 414 462 343 462 text 0
235 625 269 625 269 635 235 635 text 0
175 624 219 624 219 634 175 634 text 0