27 6 191 6 191 29 27 29 text 0
214 5 339 5 339 33 214 33 text 0
368 12 531 12 531 45 368 45 text 0
99 30 217 30 217 55 99 55 text 0
241 31 270 31 270 57 241 57 text 0
303 32 367 32 367 59 303 59 text 0
408 37 541 37 541 73 408 73 text 0
24 55 123 55 123 79 24 79 text 0
138 54 218 54 218 80 138 80 text 0
220 55 398 55 398 89 220 89 text 0
432 67 525 67 525 99 432 99 text 0
532 75 538 75 538 100 532 100 text 0
547 76 603 76 603 105 547 105 text 0
611 81 617 81 617 106 611 106 text 0
40 74 68 74 68 99 40 99 text 0
80 76 90 76 90 101 80 101 text 0
155 79 296 79 296 110 155 110 text 0
327 86 378 86 378 113 327 113 text 0
388 89 393 89 393 113 388 113 text 0
412 90 459 90 459 117 412 117 text 0
496 94 520 94 520 119 496 119 text 0
551 96 575 96 575 122 551 122 text 0
8 96 173 96 173 130 8 130 text 0
196 105 267 105 267 135 196 135 text 0
303 110 339 110 339 139 303 139 text 0
356 112 361 112 361 139 356 139 text 0
368 112 419 112 419 142 368 142 text 0
450 116 499 116 499 145 450 145 text 0
532 119 600 119 600 150 532 150 text 0
183 128 213 128 213 154 183 154 text 0
231 132 239 132 239 155 231 155 text 0
261 135 573 135 573 167 261 167 text 0
225 155 293 155 293 183 225 183 text 0
306 159 319 159 319 185 306 185 text 0
327 164 442 164 442 197 327 197 text 0
464 171 626 171 626 202 464 202 text 0
23 182 106 182 106 212 23 212 text 0
128 188 138 188 138 213 128 213 text 0
143 189 340 189 340 221 143 221 text 0
390 202 470 202 470 231 390 231 text 0
507 207 596 207 596 237 507 237 text 0
12 207 73 207 73 233 12 233 text 0
95 210 138 210 138 236 95 236 text 0
165 214 175 214 175 237 165 237 text 0
171 261 239 261 239 287 171 287 text 0
269 265 375 265 375 292 269 292 text 0
412 271 477 271 477 296 412 296 text 0
26 299 143 299 143 328 26 328 text 0
168 305 200 305 200 331 168 331 text 0
226 307 246 307 246 332 226 332 text 0
272 309 364 309 364 337 272 337 text 0
21 322 83 322 83 347 21 347 text 0
106 328 165 328 165 347 106 347 text 0
525 343 614 343 614 364 525 364 text 0
25 368 141 368 141 393 25 393 text 0
40 391 265 391 265 420 40 420 text 0
529 409 615 409 615 428 529 428 text 0
30 436 128 436 128 459 30 459 text 0
508 449 616 449 616 469 508 469 text 0
27 479 133 479 133 501 27 501 text 0
152 481 192 481 192 502 152 502 text 0
200 482 211 482 211 503 200 503 text 0
31 502 191 502 191 525 31 525 text 0
32 545 89 545 89 569 32 569 text 0
115 546 151 546 151 569 115 569 text 0
159 546 163 546 163 569 159 569 text 0
197 546 267 546 267 570 197 570 text 0
434 550 446 550 446 571 434 571 text 0
471 551 506 551 506 572 471 572 text 0
512 551 517 551 517 572 512 572 text 0
551 551 615 551 615 573 551 573 text 0
293 594 340 594 340 612 293 612 text 0
360 594 509 594 509 612 360 612 text 0
153 155 205 155 205 174 153 174 text 0
31 126 155 126 155 148 31 148 text 0
8 147 132 147 132 169 8 169 text 0
504 347 521 347 521 357 504 357 text 0
506 391 522 391 522 401 506 401 text 0
506 411 522 411 522 419 506 419 text 0
527 388 616 388 616 403 527 403 text 0
229 488 294 488 294 502 229 502 text 0