48 55 529 55 529 73 48 73 text 0
54 79 89 79 89 88 54 88 text 0
210 80 272 80 272 88 210 88 text 0
283 79 344 79 344 88 283 88 text 0
349 79 418 79 418 88 349 88 text 0
430 80 442 80 442 88 430 88 text 0
100 79 201 79 201 89 100 89 text 0
452 80 518 80 518 90 452 90 text 0
51 91 116 91 116 99 51 99 text 0
123 91 185 91 185 99 123 99 text 0
194 91 250 91 250 99 194 99 text 0
51 103 115 103 115 111 51 111 text 0
393 104 444 104 444 112 393 112 text 0
274 104 387 104 387 112 274 112 text 0
123 104 245 104 245 114 123 114 text 0
51 116 89 116 89 124 51 124 text 0
97 117 211 117 211 125 97 125 text 0
219 117 270 117 270 125 219 125 text 0
52 128 91 128 91 135 52 135 text 0
101 128 124 128 124 135 101 135 text 0
135 128 167 128 167 136 135 136 text 0
178 128 330 128 330 136 178 136 text 0
428 133 484 133 484 143 428 143 text 0
494 133 610 133 610 143 494 143 text 0
42 140 104 140 104 148 42 148 text 0
109 140 145 140 145 149 109 149 text 0
110 150 184 150 184 157 110 157 text 0
239 150 277 150 277 157 239 157 text 0
43 150 106 150 106 157 43 157 text 0
193 150 231 150 231 157 193 157 text 0
285 151 387 151 387 159 285 159 text 0
118 173 192 173 192 181 118 181 text 0
202 173 310 173 310 181 202 181 text 0
43 174 107 174 107 183 43 183 text 0
286 202 422 202 422 209 286 209 text 0
61 202 78 202 78 210 61 210 text 0
431 202 504 202 504 209 431 209 text 0
88 202 200 202 200 211 88 211 text 0
514 203 565 203 565 210 514 210 text 0
572 203 613 203 613 211 572 211 text 0
283 214 359 214 359 222 283 222 text 0
106 228 121 228 121 236 106 236 text 0
86 228 99 228 99 236 86 236 text 0
127 228 201 228 201 236 127 236 text 0
575 228 601 228 601 235 575 235 text 0
499 228 545 228 545 236 499 236 text 0
35 243 85 243 85 251 35 251 text 0
93 243 146 243 146 251 93 251 text 0
251 243 291 243 291 251 251 251 text 0
151 243 240 243 240 251 151 251 text 0
300 243 353 243 353 252 300 252 text 0
499 244 543 244 543 252 499 252 text 0
255 256 341 256 341 264 255 264 text 0
499 258 543 258 543 265 499 265 text 0
249 273 300 273 300 281 249 281 text 0
502 275 545 275 545 282 502 282 text 0
255 285 317 285 317 294 255 294 text 0
325 285 360 285 360 296 325 296 text 0
501 289 546 289 546 296 501 296 text 0
254 305 356 305 356 312 254 312 text 0
498 307 544 307 544 316 498 316 text 0
255 330 308 330 308 337 255 337 text 0
488 332 545 332 545 340 488 340 text 0
255 344 339 344 339 351 255 351 text 0
489 346 548 346 548 354 489 354 text 0
34 361 77 361 77 371 34 371 text 0
268 362 399 362 399 373 268 373 text 0
85 363 181 363 181 373 85 373 text 0
495 363 585 363 585 374 495 374 text 0
356 375 398 375 398 383 356 383 text 0
34 374 63 374 63 385 34 385 text 0
71 375 132 375 132 384 71 384 text 0
538 376 586 376 586 385 538 385 text 0
33 410 75 410 75 418 33 418 text 0
140 410 299 410 299 418 140 418 text 0
83 410 120 410 120 418 83 418 text 0
334 410 383 410 383 418 334 418 text 0
415 410 533 410 533 420 415 420 text 0
155 472 200 472 200 481 155 481 text 0
74 473 148 473 148 481 74 481 text 0
431 473 448 473 448 481 431 481 text 0
293 473 422 473 422 481 293 481 text 0
253 473 289 473 289 481 253 481 text 0
457 473 589 473 589 481 457 481 text 0
208 474 244 474 244 481 208 481 text 0
213 495 262 495 262 502 213 502 text 0
269 495 314 495 314 502 269 502 text 0
125 495 206 495 206 502 125 502 text 0
322 495 389 495 389 502 322 502 text 0
394 496 538 496 538 503 394 503 text 0
209 509 290 509 290 516 209 516 text 0
296 509 366 509 366 516 296 516 text 0
375 509 456 509 456 516 375 516 text 0
125 532 218 532 218 539 125 539 text 0
319 532 367 532 367 539 319 539 text 0
376 532 475 532 475 539 376 539 text 0
225 532 295 532 295 540 225 540 text 0
482 532 533 532 533 539 482 539 text 0
200 554 255 554 255 562 200 562 text 0
262 554 312 554 312 562 262 562 text 0
322 554 414 554 414 562 322 562 text 0
421 554 467 554 467 562 421 562 text 0
111 554 192 554 192 562 111 562 text 0
475 554 552 554 552 562 475 562 text 0
559 555 589 555 589 563 559 563 text 0
318 567 343 567 343 576 318 576 text 0
61 568 183 568 183 576 61 576 text 0
260 568 305 568 305 576 260 576 text 0
192 568 252 568 252 576 192 576 text 0
350 568 464 568 464 576 350 576 text 0
472 568 605 568 605 576 472 576 text 0
260 580 367 580 367 588 260 588 text 0
180 604 202 604 202 612 180 612 text 0
241 604 361 604 361 612 241 612 text 0
100 604 175 604 175 612 100 612 text 0
214 603 232 603 232 612 214 612 text 0
366 604 568 604 568 613 366 613 text 0