159 99 255 99 255 111 159 111 text 0
267 100 303 100 303 111 267 111 text 0
316 99 376 99 376 111 316 111 text 0
197 115 328 115 328 127 197 127 text 0
172 130 231 130 231 143 172 143 text 0
100 131 155 131 155 144 100 144 text 0
249 130 364 130 364 144 249 144 text 0
381 130 434 130 434 144 381 144 text 0
207 146 277 146 277 159 207 159 text 0
293 146 376 146 376 159 293 159 text 0
73 146 157 146 157 159 73 159 text 0
173 146 192 146 192 160 173 160 text 0
389 146 470 146 470 161 389 161 text 0
136 163 195 163 195 174 136 174 text 0
306 162 400 162 400 176 306 176 text 0
207 163 288 163 288 176 207 176 text 0
122 178 157 178 157 190 122 190 text 0
171 178 206 178 206 190 171 190 text 0
221 178 251 178 251 190 221 190 text 0
268 178 412 178 412 190 268 190 text 0
125 209 192 209 192 222 125 222 text 0
223 209 385 209 385 222 223 222 text 0
27 240 60 240 60 251 27 251 text 0
75 242 121 242 121 252 75 252 text 0
352 240 423 240 423 253 352 253 text 0
137 241 217 241 217 253 137 253 text 0
244 241 336 241 336 252 244 252 text 0
26 256 72 256 72 270 26 270 text 0
134 257 256 257 256 269 134 269 text 0
271 256 360 256 360 270 271 270 text 0
288 285 310 285 310 299 288 299 text 0
206 286 241 286 241 301 206 301 text 0
401 286 466 286 466 301 401 301 text 0
474 288 509 288 509 302 474 302 text 0
26 287 159 287 159 302 26 302 text 0
316 288 375 288 375 301 316 301 text 0
26 318 61 318 61 331 26 331 text 0
74 318 105 318 105 332 74 332 text 0
304 335 351 335 351 347 304 347 text 0
199 336 203 336 203 347 199 347 text 0
412 336 459 336 459 348 412 348 text 0
473 336 508 336 508 348 473 348 text 0
219 338 228 338 228 346 219 346 text 0
25 350 73 350 73 362 25 362 text 0
88 350 119 350 119 363 88 363 text 0
304 366 351 366 351 377 304 377 text 0
413 366 459 366 459 378 413 378 text 0
197 367 203 367 203 377 197 377 text 0
472 366 507 366 507 378 472 378 text 0
219 368 228 368 228 377 219 377 text 0
28 381 73 381 73 394 28 394 text 0
85 382 131 382 131 395 85 395 text 0
195 397 206 397 206 409 195 409 text 0
304 397 350 397 350 409 304 409 text 0
411 397 460 397 460 409 411 409 text 0
473 397 508 397 508 410 473 410 text 0
218 398 230 398 230 409 218 409 text 0
27 426 81 426 81 439 27 439 text 0
95 426 135 426 135 440 95 440 text 0
157 427 170 427 170 439 157 439 text 0
27 443 80 443 80 455 27 455 text 0
231 443 286 443 286 455 231 455 text 0
100 443 217 443 217 456 100 456 text 0
462 444 508 444 508 455 462 455 text 0
27 458 80 458 80 470 27 470 text 0
267 457 311 457 311 471 267 471 text 0
232 459 252 459 252 471 232 471 text 0
103 458 220 458 220 472 103 472 text 0
462 459 508 459 508 471 462 471 text 0
25 474 141 474 141 487 25 487 text 0
413 475 506 475 506 487 413 487 text 0
25 505 72 505 72 518 25 518 text 0
462 506 508 506 508 518 462 518 text 0
24 551 58 551 58 563 24 563 text 0
267 552 335 552 335 565 267 565 text 0
73 551 155 551 155 565 73 565 text 0
343 552 385 552 385 566 343 566 text 0
427 552 506 552 506 566 427 566 text 0
23 567 58 567 58 580 23 580 text 0
341 569 386 569 386 580 341 580 text 0
460 569 508 569 508 580 460 580 text 0
149 567 215 567 215 581 149 581 text 0