140 0 346 0 346 42 140 42 text 0
389 24 436 24 436 51 389 51 text 0
458 33 462 33 462 53 458 53 text 0
500 37 567 37 567 67 500 67 text 0
129 21 197 21 197 49 129 49 text 0
223 30 304 30 304 59 223 59 text 0
325 39 484 39 484 78 325 78 text 0
59 36 141 36 141 67 59 67 text 0
170 45 203 45 203 72 170 72 text 0
366 67 543 67 543 102 366 102 text 0
206 72 304 72 304 101 206 101 text 0
329 83 409 83 409 111 329 111 text 0
226 96 392 96 392 130 226 130 text 0
135 111 255 111 255 138 135 138 text 0
277 122 408 122 408 151 277 151 text 0
432 136 487 136 487 157 432 157 text 0
22 133 104 133 104 157 22 157 text 0
263 150 422 150 422 181 263 181 text 0
9 153 85 153 85 179 9 179 text 0
260 171 389 171 389 199 260 199 text 0
7 175 72 175 72 203 7 203 text 0
95 181 131 181 131 206 95 206 text 0
259 194 325 194 325 215 259 215 text 0
13 213 191 213 191 241 13 241 text 0
363 234 404 234 404 257 363 257 text 0
8 237 205 237 205 267 8 267 text 0
493 267 555 267 555 286 493 286 text 0
17 282 158 282 158 310 17 310 text 0
11 306 160 306 160 334 11 334 text 0
447 307 462 307 462 329 447 329 text 0
468 308 549 308 549 332 468 332 text 0
426 329 439 329 439 351 426 351 text 0
450 330 552 330 552 356 450 356 text 0
6 352 100 352 100 379 6 379 text 0
448 376 457 376 457 397 448 397 text 0
466 376 558 376 558 400 466 400 text 0
0 375 80 375 80 402 0 402 text 0
106 378 177 378 177 406 106 406 text 0
466 398 473 398 473 419 466 419 text 0
482 399 558 399 558 423 482 423 text 0
0 411 55 411 55 435 0 435 text 0
79 413 133 413 133 436 79 436 text 0
160 416 267 416 267 440 160 440 text 0
498 453 560 453 560 471 498 471 text 0
11 460 60 460 60 478 11 478 text 0
251 466 319 466 319 488 251 488 text 0
491 474 559 474 559 493 491 493 text 0
0 490 133 490 133 513 0 513 text 0
174 494 264 494 264 517 174 517 text 0
287 497 371 497 371 519 287 519 text 0
16 519 124 519 124 537 16 537 text 0
175 518 462 518 462 543 175 543 text 0
34 538 385 538 385 563 34 563 text 0
90 571 122 571 122 592 90 592 text 0
132 572 134 572 134 592 132 592 text 0
144 572 208 572 208 594 144 594 text 0
426 577 439 577 439 592 426 592 text 0
461 577 490 577 490 593 461 593 text 0
499 578 507 578 507 593 499 593 text 0
513 578 576 578 576 594 513 594 text 0
241 610 266 610 266 629 241 629 text 0
288 611 424 611 424 631 288 631 text 0
490 246 562 246 562 263 490 263 text 0
365 259 411 259 411 277 365 277 text 0
245 445 325 445 325 463 245 463 text 0
13 572 73 572 73 591 13 591 text 0
177 609 218 609 218 629 177 629 text 0