185 11 224 11 224 30 185 30 text 0
257 11 434 11 434 28 257 28 text 0
65 117 127 117 127 140 65 140 text 0
156 116 193 116 193 139 156 139 text 0
225 114 386 114 386 135 225 135 text 0
411 110 451 110 451 133 411 133 text 0
482 109 546 109 546 131 482 131 text 0
180 137 447 137 447 151 180 151 text 0
40 156 86 156 86 176 40 176 text 0
109 155 287 155 287 172 109 172 text 0
316 150 520 150 520 168 316 168 text 0
108 175 149 175 149 195 108 195 text 0
161 174 169 174 169 194 161 194 text 0
182 173 218 173 218 194 182 194 text 0
246 172 382 172 382 190 246 190 text 0
412 168 521 168 521 188 412 188 text 0
202 193 428 193 428 208 202 208 text 0
44 228 150 228 150 247 44 247 text 0
185 225 194 225 194 246 185 246 text 0
222 224 451 224 451 241 222 241 text 0
43 248 135 248 135 266 43 266 text 0
185 246 196 246 196 263 185 263 text 0
230 245 343 245 343 262 230 262 text 0
36 266 100 266 100 286 36 286 text 0
221 262 309 262 309 283 221 283 text 0
131 296 242 296 242 315 131 315 text 0
290 292 308 292 308 313 290 313 text 0
44 318 129 318 129 337 44 337 text 0
156 316 196 316 196 336 156 336 text 0
224 314 331 314 331 333 224 333 text 0
361 311 471 311 471 331 361 331 text 0
455 329 472 329 472 348 455 348 text 0
481 329 590 329 590 346 481 346 text 0
47 378 113 378 113 396 47 396 text 0
48 398 112 398 112 413 48 413 text 0
483 373 500 373 500 386 483 386 text 0
458 391 476 391 476 405 458 405 text 0
484 390 591 390 591 404 484 404 text 0
44 432 152 432 152 450 44 450 text 0
453 427 470 427 470 444 453 444 text 0
479 426 587 426 587 442 479 442 text 0
45 470 106 470 106 489 45 489 text 0
134 469 175 469 175 488 134 488 text 0
189 468 197 468 197 488 189 488 text 0
205 469 312 469 312 487 205 487 text 0
46 508 81 508 81 527 46 527 text 0
111 507 218 507 218 526 111 526 text 0
251 506 290 506 290 525 251 525 text 0
301 505 310 505 310 525 301 525 text 0
478 503 585 503 585 521 478 521 text 0
40 538 197 538 197 559 40 559 text 0
204 537 216 537 216 559 204 559 text 0
249 536 385 536 385 557 249 557 text 0
411 534 541 534 541 555 411 555 text 0
40 572 57 572 57 591 40 591 text 0
88 571 128 571 128 591 88 591 text 0
139 570 156 570 156 590 139 590 text 0
341 569 405 569 405 587 341 587 text 0
432 568 475 568 475 587 432 587 text 0
486 567 492 567 492 586 486 586 text 0
547 147 592 147 592 165 547 165 text 0
129 266 172 266 172 281 129 281 text 0
179 271 191 271 191 279 179 279 text 0
337 292 454 292 454 307 337 307 text 0
291 335 362 335 362 349 291 349 text 0
507 371 596 371 596 386 507 386 text 0
154 573 243 573 243 588 154 588 text 0
223 604 267 604 267 620 223 620 text 0
296 602 480 602 480 621 296 621 text 0
127 605 178 605 178 621 127 621 text 0
501 570 585 570 585 585 501 585 text 0