70 39 95 39 95 50 70 50 text 0
96 39 131 39 131 50 96 50 text 0
149 38 227 38 227 49 149 49 text 0
307 38 373 38 373 49 307 49 text 0
413 37 426 37 426 48 413 48 text 0
443 37 494 37 494 48 443 48 text 0
497 37 505 37 505 48 497 48 text 0
508 37 558 37 558 48 508 48 text 0
70 49 117 49 117 58 70 58 text 0
138 49 183 49 183 58 138 58 text 0
202 49 343 49 343 57 202 57 text 0
69 61 146 61 146 71 69 71 text 0
164 60 202 60 202 71 164 71 text 0
231 59 279 59 279 70 231 70 text 0
294 59 330 59 330 70 294 70 text 0
69 74 95 74 95 84 69 84 text 0
112 73 148 73 148 82 112 82 text 0
70 84 161 84 161 94 70 94 text 0
174 82 373 82 373 91 174 91 text 0
85 108 148 108 148 119 85 119 text 0
179 106 181 106 181 118 179 118 text 0
204 105 330 105 330 115 204 115 text 0
83 122 134 122 134 133 83 133 text 0
82 134 121 134 121 146 82 146 text 0
134 133 161 133 161 145 134 145 text 0
200 131 253 131 253 142 200 142 text 0
484 149 492 149 492 159 484 159 text 0
496 149 547 149 547 159 496 159 text 0
470 161 478 161 478 170 470 170 text 0
483 161 547 161 547 170 483 170 text 0
471 172 480 172 480 182 471 182 text 0
485 172 549 172 549 181 485 181 text 0
469 184 480 184 480 194 469 194 text 0
484 184 548 184 548 193 484 193 text 0
70 158 189 158 189 172 70 172 text 0
200 155 277 155 277 166 200 166 text 0
307 152 319 152 319 165 307 165 text 0
322 150 345 150 345 163 322 163 text 0
71 173 148 173 148 184 71 184 text 0
160 170 227 170 227 182 160 182 text 0
238 166 291 166 291 179 238 179 text 0
307 164 319 164 319 178 307 178 text 0
319 163 347 163 347 176 319 176 text 0
72 188 151 188 151 197 72 197 text 0
160 184 227 184 227 193 160 193 text 0
240 181 293 181 293 190 240 190 text 0
305 177 317 177 317 188 305 188 text 0
318 176 346 176 346 187 318 187 text 0
72 201 148 201 148 210 72 210 text 0
162 197 228 197 228 206 162 206 text 0
238 193 291 193 291 203 238 203 text 0
318 189 346 189 346 200 318 200 text 0
73 207 268 207 268 224 73 224 text 0
322 203 346 203 346 214 322 214 text 0
72 225 138 225 138 238 72 238 text 0
148 222 201 222 201 234 148 234 text 0
212 219 278 219 278 231 212 231 text 0
305 214 318 214 318 229 305 229 text 0
317 213 346 213 346 228 317 228 text 0
72 239 138 239 138 251 72 251 text 0
148 235 201 235 201 248 148 248 text 0
213 232 253 232 253 245 213 245 text 0
305 228 319 228 319 242 305 242 text 0
318 227 346 227 346 241 318 241 text 0
76 254 100 254 100 264 76 264 text 0
100 245 293 245 293 264 100 264 text 0
305 243 317 243 317 254 305 254 text 0
318 242 345 242 345 252 318 252 text 0
75 267 95 267 95 277 75 277 text 0
101 258 293 258 293 274 101 274 text 0
305 256 318 256 318 267 305 267 text 0
318 256 345 256 345 266 318 266 text 0
74 280 151 280 151 288 74 288 text 0
165 276 173 276 173 287 165 287 text 0
216 273 278 273 278 283 216 283 text 0
305 270 317 270 317 281 305 281 text 0
317 269 344 269 344 280 317 280 text 0
75 290 165 290 165 300 75 300 text 0
174 287 227 287 227 298 174 298 text 0
240 285 291 285 291 296 240 296 text 0
305 282 318 282 318 295 305 295 text 0
318 282 344 282 344 294 318 294 text 0
76 303 162 303 162 312 76 312 text 0
176 300 227 300 227 310 176 310 text 0
240 298 291 298 291 309 240 309 text 0
305 297 316 297 316 308 305 308 text 0
318 297 343 297 343 307 318 307 text 0
468 198 480 198 480 209 468 209 text 0
483 197 549 197 549 206 483 206 text 0
480 210 491 210 491 220 480 220 text 0
492 209 548 209 548 218 492 218 text 0
468 223 480 223 480 235 468 235 text 0
482 222 549 222 549 233 482 233 text 0
480 236 491 236 491 246 480 246 text 0
493 235 548 235 548 244 493 244 text 0
480 249 491 249 491 259 480 259 text 0
491 248 547 248 547 257 491 257 text 0
479 263 492 263 492 275 479 275 text 0
492 262 547 262 547 271 492 271 text 0
477 276 490 276 490 286 477 286 text 0
490 276 547 276 547 284 490 284 text 0
477 289 490 289 490 301 477 301 text 0
491 288 546 288 546 299 491 299 text 0
103 337 175 337 175 346 103 346 text 0
103 350 175 350 175 358 103 358 text 0
474 329 485 329 485 340 474 340 text 0
486 329 541 329 541 339 486 339 text 0
462 343 472 343 472 354 462 354 text 0
474 344 538 344 538 353 474 353 text 0
463 378 473 378 473 389 463 389 text 0
475 377 538 377 538 388 475 388 text 0
102 382 162 382 162 394 102 394 text 0
178 382 237 382 237 394 178 394 text 0
77 393 186 393 186 405 77 405 text 0
203 394 264 394 264 405 203 405 text 0
280 394 286 394 286 405 280 405 text 0
294 394 298 394 298 405 294 405 text 0
310 394 316 394 316 405 310 405 text 0
72 405 184 405 184 416 72 416 text 0
203 405 225 405 225 416 203 416 text 0
245 405 247 405 247 416 245 416 text 0
267 406 341 406 341 417 267 417 text 0
99 428 135 428 135 439 99 439 text 0
150 428 209 428 209 438 150 438 text 0
241 428 277 428 277 438 241 438 text 0
292 427 351 427 351 438 292 438 text 0
371 427 431 427 431 438 371 438 text 0
101 442 109 442 109 450 101 450 text 0
113 442 121 442 121 450 113 450 text 0
267 440 275 440 275 450 267 450 text 0
279 440 341 440 341 449 279 449 text 0
100 453 109 453 109 461 100 461 text 0
114 453 135 453 135 461 114 461 text 0
266 452 276 452 276 461 266 461 text 0
280 452 340 452 340 461 280 461 text 0
501 425 539 425 539 433 501 433 text 0
474 437 485 437 485 446 474 446 text 0
488 437 539 437 539 445 488 445 text 0
476 449 484 449 484 459 476 459 text 0
488 449 539 449 539 459 488 459 text 0
73 475 133 475 133 486 73 486 text 0
149 475 173 475 173 486 149 486 text 0
180 475 182 475 182 486 180 486 text 0
203 475 458 475 458 484 203 484 text 0
72 486 146 486 146 497 72 497 text 0
163 486 184 486 184 497 163 497 text 0
192 486 194 486 194 496 192 496 text 0
215 486 418 486 418 496 215 496 text 0
162 521 275 521 275 532 162 532 text 0
280 521 289 521 289 532 280 532 text 0
292 521 336 521 336 532 292 532 text 0
357 521 432 521 432 532 357 532 text 0
448 521 484 521 484 532 448 532 text 0
149 532 223 532 223 543 149 543 text 0
239 532 275 532 275 543 239 543 text 0
306 532 354 532 354 543 306 543 text 0
371 532 407 532 407 543 371 543 text 0
436 532 459 532 459 543 436 543 text 0
466 532 471 532 471 543 466 543 text 0
477 532 510 532 510 543 477 543 text 0
290 545 353 545 353 554 290 554 text 0
253 556 328 556 328 568 253 568 text 0
344 556 367 556 367 568 344 568 text 0
71 581 144 581 144 590 71 590 text 0
162 581 184 581 184 590 162 590 text 0
371 580 498 580 498 592 371 592 text 0
72 593 171 593 171 603 72 603 text 0
188 593 210 593 210 603 188 603 text 0
217 593 219 593 219 603 217 603 text 0
395 593 498 593 498 602 395 602 text 0
175 605 262 605 262 616 175 616 text 0
278 605 365 605 365 616 278 616 text 0
383 605 394 605 394 616 383 616 text 0
410 605 474 605 474 616 410 616 text 0
72 617 194 617 194 627 72 627 text 0
280 616 380 616 380 627 280 627 text 0
474 618 525 618 525 627 474 627 text 0
541 617 566 617 566 626 541 626 text 0
357 629 407 629 407 639 357 639 text 0
240 40 282 40 282 49 240 49 text 0
358 50 403 50 403 58 358 58 text 0
386 40 403 40 403 48 386 48 text 0
178 121 185 121 185 130 178 130 text 0
177 135 186 135 186 142 177 142 text 0
202 118 267 118 267 128 202 128 text 0
304 205 320 205 320 213 304 213 text 0
305 194 320 194 320 200 305 200 text 0
185 276 205 276 205 286 185 286 text 0
214 583 222 583 222 589 214 589 text 0