443 38 487 38 487 48 443 48 text 0
390 39 435 39 435 48 390 48 text 0
284 39 381 39 381 49 284 49 text 0
87 39 132 39 132 49 87 49 text 0
140 39 277 39 277 49 140 49 text 0
244 55 334 55 334 64 244 64 text 0
367 70 425 70 425 81 367 81 text 0
286 72 359 72 359 80 286 80 text 0
225 72 280 72 280 80 225 80 text 0
151 72 176 72 176 80 151 80 text 0
183 72 219 72 219 81 183 81 text 0
323 84 435 84 435 93 323 93 text 0
141 84 218 84 218 93 141 93 text 0
255 84 316 84 316 93 255 93 text 0
225 84 249 84 249 93 225 93 text 0
343 96 447 96 447 105 343 105 text 0
229 96 279 96 279 105 229 105 text 0
130 96 170 96 170 105 130 105 text 0
175 96 225 96 225 105 175 105 text 0
284 96 337 96 337 106 284 106 text 0
402 113 510 113 510 121 402 121 text 0
248 112 327 112 327 121 248 121 text 0
355 112 396 112 396 121 355 121 text 0
84 113 116 113 116 121 84 121 text 0
132 112 243 112 243 122 132 122 text 0
123 114 125 114 125 121 123 121 text 0
286 129 407 129 407 138 286 138 text 0
245 130 271 130 271 138 245 138 text 0
203 130 239 130 239 139 203 139 text 0
288 149 367 149 367 158 288 158 text 0
244 149 280 149 280 158 244 158 text 0
70 166 92 166 92 175 70 175 text 0
96 166 118 166 118 176 96 176 text 0
164 190 270 190 270 201 164 201 text 0
72 191 151 191 151 203 72 203 text 0
368 194 410 194 410 203 368 203 text 0
417 194 509 194 509 203 417 203 text 0
70 205 174 205 174 216 70 216 text 0
418 211 486 211 486 220 418 220 text 0
368 212 409 212 409 221 368 221 text 0
150 218 198 218 198 226 150 226 text 0
71 218 136 218 136 226 71 226 text 0
458 239 508 239 508 251 458 251 text 0
369 239 419 239 419 252 369 252 text 0
377 252 412 252 412 260 377 260 text 0
438 252 509 252 509 261 438 261 text 0
72 253 107 253 107 261 72 261 text 0
289 252 328 252 328 262 289 262 text 0
223 253 251 253 251 264 223 264 text 0
455 265 509 265 509 274 455 274 text 0
372 265 416 265 416 274 372 274 text 0
75 266 133 266 133 275 75 275 text 0
288 266 332 266 332 274 288 274 text 0
233 266 242 266 242 274 233 274 text 0
105 279 168 279 168 287 105 287 text 0
173 278 230 278 230 288 173 288 text 0
377 279 462 279 462 287 377 287 text 0
71 279 99 279 99 287 71 287 text 0
303 279 371 279 371 287 303 287 text 0
240 279 298 279 298 288 240 288 text 0
456 291 512 291 512 300 456 300 text 0
160 291 196 291 196 300 160 300 text 0
234 292 243 292 243 300 234 300 text 0
119 292 154 292 154 300 119 300 text 0
459 315 514 315 514 324 459 324 text 0
268 315 304 315 304 324 268 324 text 0
350 315 388 315 388 324 350 324 text 0
318 315 346 315 346 325 318 325 text 0
184 315 263 315 263 325 184 325 text 0
480 332 514 332 514 340 480 340 text 0
321 333 389 333 389 340 321 340 text 0
471 349 514 349 514 357 471 357 text 0
310 349 347 349 347 357 310 357 text 0
354 349 388 349 388 357 354 357 text 0
471 367 511 367 511 377 471 377 text 0
288 366 387 366 387 379 288 379 text 0
335 384 388 384 388 393 335 393 text 0
447 384 515 384 515 393 447 393 text 0
329 401 388 401 388 410 329 410 text 0
447 400 514 400 514 410 447 410 text 0
471 416 514 416 514 426 471 426 text 0
309 416 388 416 388 428 309 428 text 0
76 453 126 453 126 464 76 464 text 0
135 453 259 453 259 464 135 464 text 0
241 476 253 476 253 485 241 485 text 0
128 476 177 476 177 485 128 485 text 0
87 476 121 476 121 485 87 485 text 0
478 476 516 476 516 486 478 486 text 0
321 476 394 476 394 486 321 486 text 0
246 489 255 489 255 498 246 498 text 0
332 489 390 489 390 498 332 498 text 0
469 489 516 489 516 498 469 498 text 0
90 490 118 490 118 498 90 498 text 0
469 504 521 504 521 516 469 516 text 0
201 507 247 507 247 516 201 516 text 0
334 507 391 507 391 516 334 516 text 0
207 529 256 529 256 538 207 538 text 0
131 529 201 529 201 538 131 538 text 0
261 529 295 529 295 538 261 538 text 0
301 529 336 529 336 538 301 538 text 0
344 529 465 529 465 539 344 539 text 0
249 542 307 542 307 551 249 551 text 0
312 543 352 543 352 551 312 551 text 0