445 75 497 75 497 87 445 87 text 0
510 75 570 75 570 87 510 87 text 0
234 75 433 75 433 87 234 87 text 0
69 75 221 75 221 87 69 87 text 0
267 94 370 94 370 105 267 105 text 0
171 109 203 109 203 119 171 119 text 0
262 109 332 109 332 119 262 119 text 0
340 109 377 109 377 119 340 119 text 0
386 109 467 109 467 119 386 119 text 0
211 109 254 109 254 120 211 120 text 0
265 126 373 126 373 136 265 136 text 0
348 142 448 142 448 152 348 152 text 0
266 142 340 142 340 152 266 152 text 0
188 142 256 142 256 153 188 153 text 0
219 157 259 157 259 167 219 167 text 0
281 157 418 157 418 167 281 167 text 0
193 179 238 179 238 188 193 188 text 0
249 179 269 179 269 188 249 188 text 0
290 179 444 179 444 188 290 188 text 0
164 195 305 195 305 206 164 206 text 0
313 195 361 195 361 206 313 206 text 0
370 195 472 195 472 206 370 206 text 0
36 221 103 221 103 230 36 230 text 0
458 237 577 237 577 248 458 248 text 0
200 238 339 238 339 248 200 248 text 0
386 238 442 238 442 250 386 250 text 0
81 239 115 239 115 250 81 250 text 0
36 238 76 238 76 251 36 251 text 0
386 255 439 255 439 265 386 265 text 0
459 255 548 255 548 265 459 265 text 0
207 256 268 256 268 266 207 266 text 0
36 254 115 254 115 270 36 270 text 0
386 273 438 273 438 282 386 282 text 0
35 274 161 274 161 285 35 285 text 0
324 303 401 303 401 314 324 314 text 0
436 304 522 304 522 313 436 313 text 0
35 304 78 304 78 313 35 313 text 0
550 303 591 303 591 314 550 314 text 0
239 303 278 303 278 316 239 316 text 0
477 319 522 319 522 329 477 329 text 0
556 319 584 319 584 329 556 329 text 0
341 320 383 320 383 329 341 329 text 0
37 320 87 320 87 330 37 330 text 0
253 321 259 321 259 329 253 329 text 0
124 336 171 336 171 346 124 346 text 0
35 336 112 336 112 346 35 346 text 0
241 336 301 336 301 347 241 347 text 0
180 336 232 336 232 348 180 348 text 0
251 352 257 352 257 362 251 362 text 0
478 352 522 352 522 362 478 362 text 0
95 353 145 353 145 362 95 362 text 0
151 352 190 352 190 365 151 365 text 0
99 377 145 377 145 387 99 387 text 0
159 377 208 377 208 387 159 387 text 0
476 377 520 377 520 387 476 387 text 0
219 376 319 376 319 390 219 390 text 0
328 378 380 378 380 389 328 389 text 0
292 395 379 395 379 405 292 405 text 0
476 396 520 396 520 405 476 405 text 0
279 414 327 414 327 424 279 424 text 0
334 414 380 414 380 424 334 424 text 0
476 414 520 414 520 424 476 424 text 0
477 432 521 432 521 443 477 443 text 0
285 432 380 432 380 445 285 445 text 0
53 454 106 454 106 463 53 463 text 0
117 454 171 454 171 464 117 464 text 0
298 454 320 454 320 464 298 464 text 0
477 454 521 454 521 464 477 464 text 0
182 454 291 454 291 465 182 465 text 0
327 454 382 454 382 466 327 466 text 0
316 474 380 474 380 483 316 483 text 0
477 474 521 474 521 483 477 483 text 0
477 491 521 491 521 501 477 501 text 0
295 491 382 491 382 503 295 503 text 0
70 521 131 521 131 533 70 533 text 0
135 522 263 522 263 533 135 533 text 0
467 546 562 546 562 557 467 557 text 0
319 546 421 546 421 557 319 557 text 0
244 546 261 546 261 557 244 557 text 0
82 545 122 545 122 561 82 561 text 0
133 545 187 545 187 561 133 561 text 0
247 559 260 559 260 569 247 569 text 0
84 559 116 559 116 570 84 570 text 0
373 559 420 559 420 570 373 570 text 0
513 559 562 559 562 570 513 570 text 0
208 580 265 580 265 591 208 591 text 0
373 580 421 580 421 591 373 591 text 0
514 581 563 581 563 592 514 592 text 0
519 614 562 614 562 623 519 623 text 0
308 613 439 613 439 623 308 623 text 0
448 614 511 614 511 623 448 623 text 0
153 614 205 614 205 623 153 623 text 0
213 615 252 615 252 623 213 623 text 0
260 614 300 614 300 623 260 623 text 0
71 615 145 615 145 623 71 623 text 0