159 97 255 97 255 109 159 109 text 0
317 97 376 97 376 109 317 109 text 0
268 97 303 97 303 109 268 109 text 0
197 112 328 112 328 124 197 124 text 0
172 127 231 127 231 139 172 139 text 0
100 127 155 127 155 141 100 141 text 0
381 127 434 127 434 141 381 141 text 0
244 127 364 127 364 141 244 141 text 0
208 142 279 142 279 155 208 155 text 0
294 142 377 142 377 155 294 155 text 0
389 143 470 143 470 156 389 156 text 0
74 143 157 143 157 157 74 157 text 0
172 143 191 143 191 156 172 156 text 0
136 159 195 159 195 171 136 171 text 0
208 158 289 158 289 171 208 171 text 0
307 157 401 157 401 172 307 172 text 0
171 174 206 174 206 186 171 186 text 0
269 174 413 174 413 186 269 186 text 0
122 174 157 174 157 186 122 186 text 0
221 175 251 175 251 186 221 186 text 0
122 205 192 205 192 217 122 217 text 0
222 204 386 204 386 217 222 217 text 0
355 235 424 235 424 247 355 247 text 0
245 235 337 235 337 247 245 247 text 0
138 235 218 235 218 247 138 247 text 0
27 235 60 235 60 247 27 247 text 0
75 236 100 236 100 248 75 248 text 0
26 250 72 250 72 262 26 262 text 0
137 250 255 250 255 262 137 262 text 0
271 250 364 250 364 262 271 262 text 0
402 280 461 280 461 295 402 295 text 0
206 279 242 279 242 295 206 295 text 0
477 280 513 280 513 295 477 295 text 0
293 281 379 281 379 295 293 295 text 0
23 281 160 281 160 296 23 296 text 0
27 311 63 311 63 325 27 325 text 0
73 309 108 309 108 327 73 327 text 0
196 327 207 327 207 339 196 339 text 0
413 326 461 326 461 339 413 339 text 0
304 326 352 326 352 339 304 339 text 0
486 326 509 326 509 339 486 339 text 0
220 329 230 329 230 338 220 338 text 0
25 341 73 341 73 354 25 354 text 0
89 341 120 341 120 355 89 355 text 0
304 357 352 357 352 369 304 369 text 0
413 357 461 357 461 369 413 369 text 0
486 357 509 357 509 369 486 369 text 0
199 358 208 358 208 370 199 370 text 0
219 359 231 359 231 369 219 369 text 0
25 371 73 371 73 384 25 384 text 0
87 372 133 372 133 385 87 385 text 0
413 387 461 387 461 399 413 399 text 0
304 388 352 388 352 400 304 400 text 0
486 388 510 388 510 400 486 400 text 0
196 387 208 387 208 400 196 400 text 0
218 389 230 389 230 400 218 400 text 0
27 417 82 417 82 429 27 429 text 0
159 418 170 418 170 429 159 429 text 0
99 417 142 417 142 430 99 430 text 0
27 432 81 432 81 444 27 444 text 0
462 433 506 433 506 445 462 445 text 0
101 432 219 432 219 446 101 446 text 0
232 433 280 433 280 446 232 446 text 0
25 448 60 448 60 460 25 460 text 0
174 447 227 447 227 461 174 461 text 0
463 448 509 448 509 460 463 460 text 0
73 448 157 448 157 462 73 462 text 0
27 462 82 462 82 475 27 475 text 0
232 463 253 463 253 475 232 475 text 0
463 464 509 464 509 476 463 476 text 0
101 463 219 463 219 476 101 476 text 0
269 463 315 463 315 477 269 477 text 0
415 479 507 479 507 491 415 491 text 0
27 479 144 479 144 491 27 491 text 0
27 509 73 509 73 521 27 521 text 0
463 509 509 509 509 521 463 521 text 0
26 554 61 554 61 566 26 566 text 0
427 554 508 554 508 568 427 568 text 0
269 554 387 554 387 568 269 568 text 0
73 554 158 554 158 568 73 568 text 0
27 570 49 570 49 582 27 582 text 0
342 570 386 570 386 582 342 582 text 0
149 570 170 570 170 582 149 582 text 0
463 570 509 570 509 582 463 582 text 0
184 570 217 570 217 582 184 582 text 0