142 47 209 47 209 65 142 65 text 0
220 53 234 53 234 63 220 63 text 0
236 47 282 47 282 65 236 65 text 0
308 46 532 46 532 62 308 62 text 0
61 66 190 66 190 84 61 84 text 0
204 64 245 64 245 83 204 83 text 0
247 72 257 72 257 83 247 83 text 0
418 65 450 65 450 79 418 79 text 0
455 67 469 67 469 81 455 81 text 0
470 64 503 64 503 78 470 78 text 0
506 61 519 61 519 80 506 80 text 0
519 66 554 66 554 77 519 77 text 0
553 61 565 61 565 80 553 80 text 0
570 61 583 61 583 80 570 80 text 0
223 86 328 86 328 99 223 99 text 0
350 85 432 85 432 98 350 98 text 0
173 105 214 105 214 118 173 118 text 0
231 105 235 105 235 119 231 119 text 0
243 104 311 104 311 117 243 117 text 0
331 103 381 103 381 116 331 116 text 0
401 102 432 102 432 116 401 116 text 0
454 101 483 101 483 114 454 114 text 0
133 123 239 123 239 137 133 137 text 0
259 120 323 120 323 135 259 135 text 0
348 119 514 119 514 132 348 132 text 0
46 151 133 151 133 165 46 165 text 0
276 146 444 146 444 158 276 158 text 0
46 168 115 168 115 181 46 181 text 0
280 163 413 163 413 176 280 176 text 0
47 184 99 184 99 201 47 201 text 0
117 183 151 183 151 200 117 200 text 0
246 182 251 182 251 196 246 196 text 0
276 180 345 180 345 193 276 193 text 0
151 204 319 204 319 225 151 225 text 0
360 201 489 201 489 223 360 223 text 0
48 240 115 240 115 259 48 259 text 0
124 239 134 239 134 259 124 259 text 0
165 238 276 238 276 257 165 257 text 0
304 235 392 235 392 254 304 254 text 0
462 232 570 232 570 251 462 251 text 0
47 272 105 272 105 285 47 285 text 0
120 270 189 270 189 284 120 284 text 0
379 264 423 264 423 280 379 280 text 0
482 264 492 264 492 280 482 280 text 0
497 264 575 264 575 280 497 280 text 0
47 310 185 310 185 321 47 321 text 0
47 328 185 328 185 339 47 339 text 0
464 301 481 301 481 316 464 316 text 0
486 301 573 301 573 315 486 315 text 0
418 318 436 318 436 334 418 334 text 0
441 318 572 318 572 334 441 334 text 0
45 363 166 363 166 376 45 376 text 0
42 379 95 379 95 395 42 395 text 0
102 378 108 378 108 395 102 395 text 0
115 377 252 377 252 392 115 392 text 0
329 372 371 372 371 389 329 389 text 0
378 371 391 371 391 389 378 389 text 0
393 371 533 371 533 386 393 386 text 0
41 398 130 398 130 410 41 410 text 0
135 395 142 395 142 410 135 410 text 0
147 395 183 395 183 409 147 409 text 0
323 390 389 390 389 406 323 406 text 0
395 388 400 388 400 406 395 406 text 0
407 389 507 389 507 405 407 405 text 0
40 415 111 415 111 430 40 430 text 0
129 412 162 412 162 428 129 428 text 0
170 411 179 411 179 428 170 428 text 0
187 410 215 410 215 427 187 427 text 0
291 407 321 407 321 424 291 424 text 0
42 432 128 432 128 450 42 450 text 0
146 429 215 429 215 447 146 447 text 0
39 452 146 452 146 463 39 463 text 0
459 424 470 424 470 440 459 440 text 0
475 424 575 424 575 440 475 440 text 0
461 442 471 442 471 457 461 457 text 0
476 442 574 442 574 457 476 457 text 0
245 481 383 481 383 494 245 494 text 0
36 527 139 527 139 546 36 546 text 0
193 524 468 524 468 540 193 540 text 0
53 548 102 548 102 562 53 562 text 0
243 568 343 568 343 587 243 587 text 0
366 566 466 566 466 586 366 586 text 0
99 600 138 600 138 614 99 614 text 0
153 596 220 596 220 613 153 613 text 0
432 595 447 595 447 608 432 608 text 0
467 595 501 595 501 608 467 608 text 0
507 594 512 594 512 607 507 607 text 0
519 594 586 594 586 606 519 606 text 0
188 626 227 626 227 640 188 640 text 0
245 625 278 625 278 639 245 639 text 0
297 625 436 625 436 638 297 638 text 0
263 66 394 66 394 78 263 78 text 0
242 168 254 168 254 176 242 176 text 0
244 150 255 150 255 161 244 161 text 0
34 598 85 598 85 613 34 613 text 0