423 85 462 85 462 93 423 93 text 0
219 86 296 86 296 94 219 94 text 0
368 86 407 86 407 94 368 94 text 0
164 86 201 86 201 94 164 94 text 0
317 85 350 85 350 95 317 95 text 0
204 98 406 98 406 106 204 106 text 0
449 111 488 111 488 119 449 119 text 0
368 111 435 111 435 119 368 119 text 0
141 111 218 111 218 119 141 119 text 0
234 111 245 111 245 119 234 119 text 0
83 110 122 110 122 119 83 119 text 0
262 110 350 110 350 120 262 120 text 0
504 110 527 110 527 120 504 120 text 0
205 122 380 122 380 131 205 131 text 0
95 123 191 123 191 131 95 131 text 0
396 122 512 122 512 133 396 133 text 0
193 135 244 135 244 143 193 143 text 0
409 135 516 135 516 143 409 143 text 0
112 135 179 135 179 143 112 143 text 0
261 135 391 135 391 145 261 145 text 0
207 148 231 148 231 156 207 156 text 0
246 148 272 148 272 156 246 156 text 0
141 148 191 148 191 158 141 158 text 0
290 148 472 148 472 158 290 158 text 0
211 159 327 159 327 170 211 170 text 0
341 160 407 160 407 170 341 170 text 0
219 172 273 172 273 180 219 180 text 0
290 172 394 172 394 180 290 180 text 0
289 197 353 197 353 205 289 205 text 0
559 197 584 197 584 205 559 205 text 0
154 197 273 197 273 205 154 205 text 0
45 198 138 198 138 206 45 206 text 0
222 209 246 209 246 218 222 218 text 0
47 209 179 209 179 218 47 218 text 0
490 222 559 222 559 230 490 230 text 0
412 222 463 222 463 230 412 230 text 0
44 222 140 222 140 230 44 230 text 0
368 222 384 222 384 231 368 231 text 0
342 222 355 222 355 231 342 231 text 0
247 235 299 235 299 243 247 243 text 0
560 235 585 235 585 243 560 243 text 0
85 234 166 234 166 243 85 243 text 0
181 234 232 234 232 243 181 243 text 0
45 235 71 235 71 243 45 243 text 0
143 248 220 248 220 256 143 256 text 0
45 248 98 248 98 256 45 256 text 0
505 259 559 259 559 268 505 268 text 0
411 259 463 259 463 268 411 268 text 0
370 259 382 259 382 269 370 269 text 0
44 260 139 260 139 268 44 268 text 0
344 260 355 260 355 268 344 268 text 0
560 272 586 272 586 280 560 280 text 0
141 272 246 272 246 281 141 281 text 0
45 272 125 272 125 280 45 280 text 0
236 285 289 285 289 293 236 293 text 0
46 285 179 285 179 293 46 293 text 0
412 296 462 296 462 305 412 305 text 0
493 296 558 296 558 305 493 305 text 0
45 296 138 296 138 305 45 305 text 0
368 297 384 297 384 304 368 304 text 0
342 297 355 297 355 305 342 305 text 0
560 309 586 309 586 317 560 317 text 0
141 309 207 309 207 317 141 317 text 0
222 309 274 309 274 317 222 317 text 0
290 309 437 309 437 317 290 317 text 0
46 309 126 309 126 317 46 317 text 0
143 322 219 322 219 330 143 330 text 0
45 322 99 322 99 330 45 330 text 0
504 333 559 333 559 342 504 342 text 0
413 333 464 333 464 342 413 342 text 0
46 334 140 334 140 342 46 342 text 0
370 335 383 335 383 343 370 343 text 0
345 334 353 334 353 343 345 343 text 0
304 346 329 346 329 354 304 354 text 0
345 346 531 346 531 354 345 354 text 0
224 346 288 346 288 354 224 354 text 0
560 346 586 346 586 354 560 354 text 0
113 346 206 346 206 354 113 354 text 0
45 346 99 346 99 355 45 355 text 0
171 359 249 359 249 367 171 367 text 0
46 359 127 359 127 367 46 367 text 0
412 371 464 371 464 379 412 379 text 0
505 371 560 371 560 379 505 379 text 0
371 371 383 371 383 380 371 380 text 0
47 371 140 371 140 380 47 380 text 0
347 371 356 371 356 380 347 380 text 0
560 383 586 383 586 392 560 392 text 0
156 384 261 384 261 392 156 392 text 0
45 384 140 384 140 392 45 392 text 0
49 396 100 396 100 405 49 405 text 0
144 396 183 396 183 405 144 405 text 0
413 409 464 409 464 417 413 417 text 0
505 409 560 409 560 417 505 417 text 0
371 408 384 408 384 417 371 417 text 0
344 408 357 408 357 417 344 417 text 0
47 409 141 409 141 417 47 417 text 0
564 434 585 434 585 442 564 442 text 0
182 434 195 434 195 442 182 442 text 0
440 433 515 433 515 443 440 443 text 0
48 434 139 434 139 443 48 443 text 0
521 458 587 458 587 466 521 466 text 0
210 458 289 458 289 466 210 466 text 0
480 458 505 458 505 466 480 466 text 0
131 458 193 458 193 466 131 466 text 0
48 459 113 459 113 467 48 467 text 0
467 471 492 471 492 479 467 479 text 0
509 471 588 471 588 479 509 479 text 0
48 470 100 470 100 479 48 479 text 0
521 482 587 482 587 490 521 490 text 0
479 482 506 482 506 490 479 490 text 0
46 483 128 483 128 491 46 491 text 0
494 507 549 507 549 515 494 515 text 0
454 507 480 507 480 515 454 515 text 0
319 507 384 507 384 515 319 515 text 0
279 507 304 507 304 515 279 515 text 0
50 507 86 507 86 515 50 515 text 0
159 507 264 507 264 515 159 515 text 0
103 508 141 508 141 516 103 516 text 0
413 532 440 532 440 540 413 540 text 0
453 532 589 532 589 540 453 540 text 0
252 532 302 532 302 540 252 540 text 0
320 532 372 532 372 540 320 540 text 0
173 532 234 532 234 540 173 540 text 0
49 532 156 532 156 540 49 540 text 0
333 544 397 544 397 552 333 552 text 0
250 545 317 545 317 553 250 553 text 0
48 545 156 545 156 553 48 553 text 0
171 545 210 545 210 553 171 553 text 0
415 569 495 569 495 577 415 577 text 0
131 569 237 569 237 577 131 577 text 0
252 569 290 569 290 577 252 577 text 0
305 569 400 569 400 577 305 577 text 0
333 581 438 581 438 589 333 589 text 0
265 581 319 581 319 589 265 589 text 0
184 582 196 582 196 590 184 590 text 0
212 582 250 582 250 590 212 590 text 0
280 593 306 593 306 602 280 602 text 0
320 593 373 593 373 602 320 602 text 0
158 593 264 593 264 602 158 602 text 0
388 594 468 594 468 601 388 601 text 0