38 87 88 87 88 101 38 101 text 0
105 87 188 87 188 103 105 103 text 0
207 89 244 89 244 103 207 103 text 0
38 100 101 100 101 115 38 115 text 0
117 102 179 102 179 116 117 116 text 0
194 102 294 102 294 117 194 117 text 0
39 114 141 114 141 129 39 129 text 0
155 115 242 115 242 131 155 131 text 0
261 117 284 117 284 131 261 131 text 0
290 117 295 117 295 131 290 131 text 0
303 118 309 118 309 131 303 131 text 0
328 118 392 118 392 132 328 132 text 0
40 127 70 127 70 141 40 141 text 0
91 130 163 130 163 143 91 143 text 0
164 130 258 130 258 144 164 144 text 0
38 142 100 142 100 156 38 156 text 0
118 143 163 143 163 157 118 157 text 0
183 146 311 146 311 159 183 159 text 0
40 159 324 159 324 174 40 174 text 0
40 172 116 172 116 186 40 186 text 0
131 173 207 173 207 187 131 187 text 0
236 174 285 174 285 188 236 188 text 0
302 174 417 174 417 188 302 188 text 0
434 175 475 175 475 188 434 188 text 0
41 185 64 185 64 198 41 198 text 0
72 185 77 185 77 198 72 198 text 0
84 185 104 185 104 198 84 198 text 0
118 186 179 186 179 200 118 200 text 0
200 188 207 188 207 201 200 201 text 0
224 188 288 188 288 202 224 202 text 0
41 200 117 200 117 213 41 213 text 0
131 201 154 201 154 213 131 213 text 0
161 201 165 201 165 213 161 213 text 0
184 202 394 202 394 217 184 217 text 0
44 226 105 226 105 240 44 240 text 0
125 227 126 227 126 240 125 240 text 0
147 228 275 228 275 243 147 243 text 0
41 240 78 240 78 253 41 253 text 0
93 241 114 241 114 254 93 254 text 0
121 241 126 241 126 253 121 253 text 0
147 242 171 242 171 254 147 254 text 0
371 231 418 231 418 243 371 243 text 0
429 231 431 231 431 243 429 243 text 0
453 231 516 231 516 243 453 243 text 0
82 270 248 270 248 283 82 283 text 0
250 271 262 271 262 284 250 284 text 0
41 282 91 282 91 294 41 294 text 0
107 282 197 282 197 295 107 295 text 0
212 283 246 283 246 296 212 296 text 0
264 285 300 285 300 297 264 297 text 0
81 294 252 294 252 311 81 311 text 0
258 296 263 296 263 310 258 310 text 0
44 306 106 306 106 319 44 319 text 0
120 307 197 307 197 321 120 321 text 0
212 309 302 309 302 323 212 323 text 0
384 286 396 286 396 296 384 296 text 0
398 286 409 286 409 296 398 296 text 0
508 288 517 288 517 300 508 300 text 0
385 314 396 314 396 325 385 325 text 0
399 314 410 314 410 325 399 325 text 0
495 316 503 316 503 328 495 328 text 0
509 316 574 316 574 327 509 327 text 0
50 334 193 334 193 352 50 352 text 0
45 348 197 348 197 364 45 364 text 0
442 343 461 343 461 356 442 356 text 0
471 342 575 342 575 356 471 356 text 0
416 356 434 356 434 369 416 369 text 0
445 356 576 356 576 369 445 369 text 0
42 375 121 375 121 391 42 391 text 0
202 377 250 377 250 393 202 393 text 0
292 378 358 378 358 395 292 395 text 0
373 380 411 380 411 396 373 396 text 0
483 381 488 381 488 396 483 396 text 0
501 381 563 381 563 398 501 398 text 0
41 404 76 404 76 415 41 415 text 0
41 417 50 417 50 429 41 429 text 0
52 417 64 417 64 429 52 429 text 0
198 404 235 404 235 420 198 420 text 0
252 405 328 405 328 421 252 421 text 0
265 421 272 421 272 433 265 433 text 0
279 421 329 421 329 434 279 434 text 0
401 407 479 407 479 424 401 424 text 0
497 409 576 409 576 427 497 427 text 0
496 426 506 426 506 441 496 441 text 0
511 426 577 426 577 441 511 441 text 0
38 442 128 442 128 457 38 457 text 0
225 446 289 446 289 462 225 462 text 0
306 448 383 448 383 464 306 464 text 0
38 457 90 457 90 468 38 468 text 0
104 459 264 459 264 478 104 478 text 0
283 463 290 463 290 479 283 479 text 0
309 464 415 464 415 481 309 481 text 0
429 467 496 467 496 480 429 480 text 0
508 460 570 460 570 477 508 477 text 0
199 476 303 476 303 493 199 493 text 0
320 478 398 478 398 495 320 495 text 0
195 528 415 528 415 548 195 548 text 0
41 552 77 552 77 566 41 566 text 0
93 554 114 554 114 568 93 568 text 0
124 556 127 556 127 568 124 568 text 0
147 556 158 556 158 569 147 569 text 0
474 544 481 544 481 557 474 557 text 0
495 543 540 543 540 552 495 552 text 0
175 586 207 586 207 599 175 599 text 0
223 587 248 587 248 600 223 600 text 0
265 587 322 587 322 601 265 601 text 0
520 289 574 289 574 301 520 301 text 0
447 547 472 547 472 559 447 559 text 0
422 552 438 552 438 562 422 562 text 0