142 11 217 11 217 16 142 16 text 0
234 11 272 11 272 16 234 16 text 0
311 12 361 12 361 17 311 17 text 0
407 12 433 12 433 17 407 17 text 0
430 12 486 12 486 17 430 17 text 0
61 14 106 14 106 20 61 20 text 0
129 16 175 16 175 21 129 21 text 0
195 16 338 16 338 22 195 22 text 0
59 20 134 20 134 26 59 26 text 0
152 20 187 20 187 27 152 27 text 0
200 21 204 21 204 27 200 27 text 0
224 21 272 21 272 27 224 27 text 0
291 21 323 21 323 27 291 27 text 0
334 21 339 21 339 27 334 27 text 0
58 26 83 26 83 32 58 32 text 0
91 26 92 26 92 32 91 32 text 0
103 26 137 26 137 32 103 32 text 0
59 31 150 31 150 39 59 39 text 0
168 33 369 33 369 41 168 41 text 0
76 46 141 46 141 53 76 53 text 0
197 46 333 46 333 54 197 54 text 0
76 53 126 53 126 60 76 60 text 0
203 54 266 54 266 62 203 62 text 0
78 60 114 60 114 68 78 68 text 0
133 61 156 61 156 68 133 68 text 0
178 61 179 61 179 68 178 68 text 0
201 61 252 61 252 69 201 69 text 0
489 87 551 87 551 92 489 92 text 0
69 75 79 75 79 83 69 83 text 0
96 76 107 76 107 83 96 83 text 0
123 76 187 76 187 84 123 84 text 0
72 84 134 84 134 91 72 91 text 0
151 84 214 84 214 90 151 90 text 0
234 84 239 84 239 91 234 91 text 0
260 84 285 84 285 91 260 91 text 0
313 86 323 86 323 90 313 90 text 0
327 86 351 86 351 90 327 90 text 0
71 91 81 91 81 97 71 97 text 0
100 91 109 91 109 97 100 97 text 0
126 91 175 91 175 97 126 97 text 0
72 97 137 97 137 103 72 103 text 0
153 97 190 97 190 103 153 103 text 0
315 98 325 98 325 102 315 102 text 0
327 98 351 98 351 102 327 102 text 0
72 104 164 104 164 111 72 111 text 0
183 104 187 104 187 111 183 111 text 0
208 104 232 104 232 111 208 111 text 0
248 104 294 104 294 111 248 111 text 0
315 104 326 104 326 111 315 111 text 0
329 104 352 104 352 111 329 111 text 0
478 97 487 97 487 103 478 103 text 0
493 97 555 97 555 103 493 103 text 0
478 104 487 104 487 110 478 110 text 0
494 104 555 104 555 110 494 110 text 0
103 123 180 123 180 130 103 130 text 0
103 130 180 130 180 137 103 137 text 0
496 123 506 123 506 129 496 129 text 0
483 130 492 130 492 135 483 135 text 0
496 130 562 130 562 135 496 135 text 0
487 150 496 150 496 157 487 157 text 0
501 150 566 150 566 157 501 157 text 0
100 150 165 150 165 157 100 157 text 0
182 150 245 150 245 157 182 157 text 0
75 157 190 157 190 164 75 164 text 0
210 157 277 157 277 164 210 164 text 0
290 157 337 157 337 163 290 163 text 0
73 164 193 164 193 171 73 171 text 0
211 164 236 164 236 171 211 171 text 0
256 164 262 164 262 171 256 171 text 0
281 163 359 163 359 171 281 171 text 0
103 177 139 177 139 185 103 185 text 0
157 177 220 177 220 185 157 185 text 0
253 177 291 177 291 185 253 185 text 0
309 177 372 177 372 185 309 185 text 0
394 177 459 177 459 185 394 185 text 0
102 185 111 185 111 191 102 191 text 0
115 185 125 185 125 191 115 191 text 0
285 184 292 184 292 192 285 192 text 0
296 184 362 184 362 192 296 192 text 0
103 192 111 192 111 197 103 197 text 0
117 192 139 192 139 197 117 197 text 0
284 192 292 192 292 198 284 198 text 0
299 191 364 191 364 198 299 198 text 0
532 178 572 178 572 183 532 183 text 0
505 184 515 184 515 190 505 190 text 0
520 184 572 184 572 190 520 190 text 0
508 190 516 190 516 197 508 197 text 0
522 190 575 190 575 197 522 197 text 0
72 203 139 203 139 211 72 211 text 0
156 203 181 203 181 211 156 211 text 0
188 203 189 203 189 211 188 211 text 0
212 203 492 203 492 211 212 211 text 0
71 210 152 210 152 219 71 219 text 0
170 210 193 210 193 219 170 219 text 0
204 210 205 210 205 219 204 219 text 0
225 210 450 210 450 219 225 219 text 0
172 231 294 231 294 240 172 240 text 0
302 231 310 231 310 240 302 240 text 0
314 231 363 231 363 240 314 240 text 0
386 231 468 231 468 240 386 240 text 0
486 231 527 231 527 240 486 240 text 0
534 231 536 231 536 240 534 240 text 0
157 239 238 239 238 247 157 247 text 0
256 239 296 239 296 247 256 247 text 0
306 239 308 239 308 247 306 247 text 0
330 239 381 239 381 247 330 247 text 0
401 239 440 239 440 247 401 247 text 0
473 239 498 239 498 247 473 247 text 0
506 239 508 239 508 247 506 247 text 0
520 239 556 239 556 247 520 247 text 0
315 247 385 247 385 254 315 254 text 0
274 255 357 255 357 262 274 262 text 0
374 255 399 255 399 262 374 262 text 0
409 255 410 255 410 262 409 262 text 0
71 268 152 268 152 276 71 276 text 0
173 270 200 270 200 277 173 277 text 0
407 270 548 270 548 278 407 278 text 0
72 276 184 276 184 284 72 284 text 0
201 277 231 277 231 284 201 284 text 0
436 277 550 277 550 285 436 285 text 0
189 285 287 285 287 292 189 292 text 0
307 285 405 285 405 292 307 292 text 0
424 285 434 285 434 292 424 292 text 0
454 285 524 285 524 292 454 292 text 0
72 292 214 292 214 299 72 299 text 0
308 293 420 293 420 299 308 299 text 0
527 293 539 293 539 299 527 299 text 0
559 293 580 293 580 299 559 299 text 0
600 293 627 293 627 299 600 299 text 0
395 300 452 300 452 307 395 307 text 0
71 315 141 315 141 322 71 322 text 0
461 315 529 315 529 323 461 323 text 0
189 323 319 323 319 331 189 331 text 0
340 323 379 323 379 331 340 331 text 0
384 323 393 323 393 331 384 331 text 0
398 323 456 323 456 331 398 331 text 0
475 323 546 323 546 331 475 331 text 0
147 338 217 338 217 347 147 347 text 0
235 338 351 338 351 347 235 347 text 0
373 339 579 339 579 347 373 347 text 0
100 354 308 354 308 363 100 363 text 0
328 355 369 355 369 363 328 363 text 0
377 355 380 355 380 364 377 364 text 0
403 355 446 355 446 364 403 364 text 0
525 356 629 356 629 365 525 365 text 0
190 371 217 371 217 379 190 379 text 0
360 371 539 371 539 381 360 381 text 0
547 372 550 372 550 381 547 381 text 0
71 380 201 380 201 387 71 387 text 0
207 380 212 380 212 387 207 387 text 0
192 396 405 396 405 404 192 404 text 0
424 396 560 396 560 405 424 405 text 0
72 404 138 404 138 412 72 412 text 0
145 404 153 404 153 412 145 412 text 0
534 405 610 405 610 413 534 413 text 0
618 405 639 405 639 413 618 413 text 0
180 412 253 412 253 421 180 421 text 0
271 412 486 412 486 422 271 422 text 0
506 413 565 413 565 421 506 421 text 0
72 421 142 421 142 429 72 429 text 0
149 421 155 421 155 429 149 429 text 0
71 430 98 430 98 438 71 438 text 0
106 430 109 430 109 438 106 438 text 0
117 430 176 430 176 438 117 438 text 0
336 429 395 429 395 439 336 439 text 0
413 430 472 430 472 439 413 439 text 0
481 430 490 430 490 439 481 439 text 0
499 430 587 430 587 439 499 439 text 0
70 438 112 438 112 447 70 447 text 0
124 439 130 439 130 447 124 447 text 0
135 439 286 439 286 447 135 447 text 0
494 440 553 440 553 448 494 448 text 0
574 440 633 440 633 448 574 448 text 0
71 448 115 448 115 457 71 457 text 0
124 448 125 448 125 457 124 457 text 0
150 447 367 447 367 457 150 457 text 0
72 457 176 457 176 465 72 465 text 0
186 457 193 457 193 465 186 465 text 0
198 457 260 457 260 465 198 465 text 0
71 465 115 465 115 474 71 474 text 0
134 465 178 465 178 475 134 475 text 0
188 466 189 466 189 475 188 475 text 0
200 465 322 465 322 475 200 475 text 0
104 474 131 474 131 484 104 484 text 0
153 474 227 474 227 484 153 484 text 0
249 474 354 474 354 485 249 485 text 0
374 475 466 475 466 485 374 485 text 0
487 475 638 475 638 486 487 486 text 0
218 484 245 484 245 492 218 492 text 0
266 484 371 484 371 493 266 493 text 0
391 484 548 484 548 493 391 493 text 0
71 492 132 492 132 502 71 502 text 0
152 492 229 492 229 502 152 502 text 0
101 570 113 570 113 578 101 578 text 0
136 570 163 570 163 578 136 578 text 0
184 570 246 570 246 578 184 578 text 0
569 573 600 573 600 581 569 581 text 0
618 573 633 573 633 582 618 582 text 0
253 591 455 591 455 602 253 602 text 0
55 11 124 11 124 15 55 15 text 0
501 12 556 12 556 17 501 17 text 0
354 17 396 17 396 23 354 23 text 0
172 48 180 48 180 53 172 53 text 0
172 55 183 55 183 60 172 60 text 0
475 87 484 87 484 91 475 91 text 0
508 123 562 123 562 129 508 129 text 0
533 316 561 316 561 322 533 322 text 0
236 371 343 371 343 379 236 379 text 0
558 381 634 381 634 388 558 388 text 0
541 423 614 423 614 431 541 431 text 0
617 422 639 422 639 430 617 430 text 0
495 572 551 572 551 582 495 582 text 0