58 6 117 6 117 12 58 12 text 0
138 7 213 7 213 12 138 12 text 0
230 8 271 8 271 13 230 13 text 0
295 9 365 9 365 14 295 14 text 0
382 10 389 10 389 15 382 15 text 0
407 10 417 10 417 15 407 15 text 0
432 10 486 10 486 15 432 15 text 0
494 10 497 10 497 15 494 15 text 0
504 10 553 10 553 16 504 16 text 0
57 10 102 10 102 16 57 16 text 0
124 11 171 11 171 17 124 17 text 0
190 14 335 14 335 19 190 19 text 0
55 15 131 15 131 21 55 21 text 0
149 17 186 17 186 22 149 22 text 0
218 17 267 17 267 23 218 23 text 0
286 18 322 18 322 23 286 23 text 0
55 21 78 21 78 27 55 27 text 0
98 21 132 21 132 27 98 27 text 0
54 26 146 26 146 33 54 33 text 0
70 39 134 39 134 47 70 47 text 0
194 41 324 41 324 49 194 49 text 0
71 46 120 46 120 54 71 54 text 0
196 48 260 48 260 56 196 56 text 0
127 55 151 55 151 63 127 63 text 0
197 55 247 55 247 64 197 64 text 0
65 69 76 69 76 78 65 78 text 0
91 69 102 69 102 78 91 78 text 0
119 70 184 70 184 79 119 79 text 0
68 77 132 77 132 86 68 86 text 0
149 78 213 78 213 86 149 86 text 0
234 79 238 79 238 86 234 86 text 0
261 79 284 79 284 87 261 87 text 0
328 82 353 82 353 87 328 87 text 0
69 84 78 84 78 90 69 90 text 0
97 85 106 85 106 90 97 90 text 0
68 90 132 90 132 97 68 97 text 0
149 92 186 92 186 98 149 98 text 0
315 92 325 92 325 97 315 97 text 0
328 92 353 92 353 97 328 97 text 0
68 96 158 96 158 103 68 103 text 0
179 97 183 97 183 103 179 103 text 0
204 98 227 98 227 104 204 104 text 0
316 99 325 99 325 104 316 104 text 0
483 84 490 84 490 89 483 89 text 0
495 84 562 84 562 89 495 89 text 0
497 93 562 93 562 99 497 99 text 0
484 99 492 99 492 105 484 105 text 0
498 99 563 99 563 106 498 106 text 0
93 116 175 116 175 122 93 122 text 0
96 122 175 122 175 127 96 127 text 0
503 117 511 117 511 123 503 123 text 0
516 117 569 117 569 124 516 124 text 0
500 124 571 124 571 130 500 130 text 0
492 144 502 144 502 149 492 149 text 0
506 144 531 144 531 149 506 149 text 0
538 144 542 144 542 149 538 149 text 0
550 144 574 144 574 149 550 149 text 0
91 142 156 142 156 147 91 147 text 0
176 142 240 142 240 147 176 147 text 0
64 147 184 147 184 154 64 154 text 0
204 149 272 149 272 155 204 155 text 0
292 149 334 149 334 154 292 154 text 0
64 153 188 153 188 161 64 161 text 0
206 154 230 154 230 161 206 161 text 0
252 154 253 154 253 161 252 161 text 0
277 154 360 154 360 161 277 161 text 0
91 166 130 166 130 172 91 172 text 0
148 167 213 167 213 173 148 173 text 0
250 166 289 166 289 174 250 174 text 0
306 167 374 167 374 175 306 175 text 0
395 168 462 168 462 176 395 176 text 0
541 170 580 170 580 175 541 175 text 0
90 173 101 173 101 178 90 178 text 0
104 173 115 173 115 178 104 178 text 0
281 175 289 175 289 181 281 181 text 0
293 175 362 175 362 182 293 182 text 0
513 176 523 176 523 181 513 181 text 0
526 176 581 176 581 182 526 182 text 0
90 180 100 180 100 184 90 184 text 0
106 180 129 180 129 184 106 184 text 0
279 181 288 181 288 186 279 186 text 0
295 181 362 181 362 188 295 188 text 0
514 183 523 183 523 188 514 188 text 0
528 183 584 183 584 188 528 188 text 0
58 188 126 188 126 198 58 198 text 0
144 191 168 191 168 197 144 197 text 0
178 190 179 190 179 198 178 198 text 0
203 192 497 192 497 200 203 200 text 0
56 197 142 197 142 204 56 204 text 0
158 198 183 198 183 204 158 204 text 0
192 197 193 197 193 205 192 205 text 0
218 199 453 199 453 206 218 206 text 0
159 219 286 219 286 226 159 226 text 0
294 221 306 221 306 226 294 226 text 0
309 220 364 220 364 227 309 227 text 0
384 220 470 220 470 229 384 229 text 0
489 222 534 222 534 229 489 229 text 0
144 225 231 225 231 233 144 233 text 0
250 226 294 226 294 234 250 234 text 0
326 228 381 228 381 235 326 235 text 0
399 230 444 230 444 236 399 236 text 0
477 229 501 229 501 237 477 237 text 0
513 229 514 229 514 238 513 238 text 0
524 231 566 231 566 237 524 237 text 0
308 236 381 236 381 242 308 242 text 0
264 241 352 241 352 250 264 250 text 0
373 243 399 243 399 251 373 251 text 0
54 250 136 250 136 262 54 262 text 0
158 254 182 254 182 263 158 263 text 0
51 259 167 259 167 269 51 269 text 0
189 262 213 262 213 271 189 271 text 0
49 271 199 271 199 285 49 285 text 0
406 259 556 259 556 269 406 269 text 0
439 268 560 268 560 276 439 276 text 0
174 269 277 269 277 279 174 279 text 0
299 272 402 272 402 282 299 282 text 0
424 276 436 276 436 281 424 281 text 0
456 277 530 277 530 283 456 283 text 0
301 281 419 281 419 289 301 289 text 0
527 285 593 285 593 291 527 291 text 0
394 289 451 289 451 298 394 298 text 0
46 295 117 295 117 304 46 304 text 0
146 297 150 297 150 305 146 305 text 0
460 306 536 306 536 313 460 313 text 0
542 307 566 307 566 314 542 314 text 0
173 308 315 308 315 319 173 319 text 0
334 313 377 313 377 320 334 320 text 0
384 311 394 311 394 321 384 321 text 0
399 310 457 310 457 321 399 321 text 0
477 314 559 314 559 321 477 321 text 0
225 322 346 322 346 336 225 336 text 0
369 329 588 329 588 337 369 337 text 0
79 335 299 335 299 351 79 351 text 0
324 341 361 341 361 352 324 352 text 0
374 343 378 343 378 353 374 353 text 0
402 344 441 344 441 355 402 355 text 0
456 345 457 345 457 355 456 355 text 0
527 346 639 346 639 355 527 355 text 0
162 355 199 355 199 365 162 365 text 0
224 356 331 356 331 368 224 368 text 0
355 359 546 359 546 373 355 373 text 0
49 362 179 362 179 371 49 371 text 0
190 363 196 363 196 371 190 371 text 0
573 373 636 373 636 381 573 381 text 0
172 379 402 379 402 394 172 394 text 0
424 384 567 384 567 397 424 397 text 0
545 396 638 396 638 404 545 404 text 0
155 397 233 397 233 408 155 408 text 0
256 398 487 398 487 413 256 413 text 0
510 403 573 403 573 414 510 414 text 0
46 404 115 404 115 413 46 413 text 0
122 404 128 404 128 413 122 413 text 0
546 413 639 413 639 422 546 422 text 0
44 414 69 414 69 422 44 422 text 0
76 414 79 414 79 422 76 422 text 0
88 414 150 414 150 423 88 423 text 0
325 419 388 419 388 429 325 429 text 0
411 420 475 420 475 430 411 430 text 0
498 422 593 422 593 432 498 432 text 0
43 421 81 421 81 431 43 431 text 0
93 424 97 424 97 431 93 431 text 0
105 423 268 423 268 434 105 434 text 0
497 431 561 431 561 440 497 440 text 0
584 432 616 432 616 440 584 440 text 0
39 430 80 430 80 441 39 441 text 0
93 433 98 433 98 442 93 442 text 0
121 432 356 432 356 446 121 446 text 0
40 440 46 440 46 449 40 449 text 0
71 440 151 440 151 451 71 451 text 0
163 442 169 442 169 451 163 451 text 0
172 443 234 443 234 453 172 453 text 0
38 450 81 450 81 460 38 460 text 0
104 451 149 451 149 461 104 461 text 0
163 452 302 452 302 463 163 463 text 0
75 460 96 460 96 471 75 471 text 0
227 462 338 462 338 474 227 474 text 0
365 464 465 464 465 476 365 476 text 0
488 466 629 466 629 479 488 479 text 0
192 471 220 471 220 482 192 482 text 0
244 472 358 472 358 484 244 484 text 0
382 474 551 474 551 487 382 487 text 0
50 388 117 388 117 396 50 396 text 0
124 387 128 387 128 395 124 395 text 0
29 476 92 476 92 488 29 488 text 0
119 478 199 478 199 490 119 490 text 0
40 554 49 554 49 563 40 563 text 0
80 555 111 555 111 565 80 565 text 0
122 556 125 556 125 566 122 566 text 0
137 557 204 557 204 569 137 569 text 0
487 562 537 562 537 573 487 573 text 0
562 562 595 562 595 573 562 573 text 0
606 563 608 563 608 573 606 573 text 0
620 563 633 563 633 573 620 573 text 0
203 582 306 582 306 592 203 592 text 0
314 582 427 582 427 594 314 594 text 0
353 14 394 14 394 19 353 19 text 0
161 28 202 28 202 33 161 33 text 0
231 29 370 29 370 36 231 36 text 0
168 50 176 50 176 54 168 54 text 0
167 42 174 42 174 46 167 46 text 0
170 57 177 57 177 62 170 62 text 0
69 54 115 54 115 61 69 61 text 0
314 83 324 83 324 87 314 87 text 0
331 99 355 99 355 103 331 103 text 0
244 99 285 99 285 104 244 104 text 0
123 85 133 85 133 90 123 90 text 0
146 86 174 86 174 91 146 91 text 0
488 125 499 125 499 129 488 129 text 0
612 284 639 284 639 291 612 291 text 0
118 321 201 321 201 331 118 331 text 0
121 461 206 461 206 471 121 471 text 0