42 85 61 85 61 99 42 99 text 0
72 85 151 85 151 99 72 99 text 0
164 85 309 85 309 99 164 99 text 0
320 85 343 85 343 99 320 99 text 0
356 85 580 85 580 99 356 99 text 0
233 105 387 105 387 116 233 116 text 0
125 121 161 121 161 132 125 132 text 0
220 122 299 122 299 132 220 132 text 0
309 122 444 122 444 132 309 132 text 0
177 121 210 121 210 134 177 134 text 0
453 122 492 122 492 133 453 133 text 0
131 137 250 137 250 149 131 149 text 0
260 137 272 137 272 149 260 149 text 0
281 137 386 137 386 149 281 149 text 0
397 138 488 138 488 151 397 151 text 0
109 156 177 156 177 165 109 165 text 0
366 155 507 155 507 166 366 166 text 0
186 155 288 155 288 166 186 166 text 0
299 156 357 156 357 168 299 168 text 0
222 183 267 183 267 195 222 195 text 0
290 183 439 183 439 195 290 195 text 0
24 205 102 205 102 218 24 218 text 0
24 228 132 228 132 239 24 239 text 0
138 228 154 228 154 239 138 239 text 0
371 228 441 228 441 239 371 239 text 0
475 228 600 228 600 239 475 239 text 0
187 228 336 228 336 239 187 239 text 0
23 245 219 245 219 256 23 256 text 0
247 245 286 245 286 256 247 256 text 0
370 246 429 246 429 256 370 256 text 0
475 246 572 246 572 256 475 256 text 0
22 262 140 262 140 273 22 273 text 0
189 262 257 262 257 272 189 272 text 0
25 289 83 289 83 305 25 305 text 0
496 292 604 292 604 303 496 303 text 0
244 293 295 293 295 304 244 304 text 0
391 292 435 292 435 305 391 305 text 0
24 310 115 310 115 321 24 321 text 0
265 310 277 310 277 321 265 321 text 0
387 310 435 310 435 321 387 321 text 0
549 310 598 310 598 321 549 321 text 0
24 327 32 327 32 338 24 338 text 0
47 327 88 327 88 338 47 338 text 0
98 327 194 327 194 338 98 338 text 0
204 327 242 327 242 338 204 338 text 0
385 346 435 346 435 357 385 357 text 0
549 346 598 346 598 357 549 357 text 0
265 346 273 346 273 357 265 357 text 0
24 344 118 344 118 359 24 359 text 0
25 364 94 364 94 374 25 374 text 0
105 364 161 364 161 374 105 374 text 0
168 364 235 364 235 374 168 374 text 0
244 365 362 365 362 374 244 374 text 0
22 384 102 384 102 395 22 395 text 0
263 385 276 385 276 395 263 395 text 0
109 385 164 385 164 395 109 395 text 0
549 409 598 409 598 420 549 420 text 0
214 409 353 409 353 420 214 420 text 0
294 431 352 431 352 442 294 442 text 0
549 431 598 431 598 442 549 442 text 0
304 452 354 452 354 463 304 463 text 0
549 452 598 452 598 463 549 463 text 0
218 473 351 473 351 484 218 484 text 0
549 473 598 473 598 484 549 484 text 0
109 494 220 494 220 509 109 509 text 0
531 495 595 495 595 509 531 509 text 0
106 516 203 516 203 531 106 531 text 0
509 516 594 516 594 531 509 531 text 0
107 541 256 541 256 555 107 555 text 0
510 541 595 541 595 556 510 556 text 0
207 586 272 586 272 596 207 596 text 0
102 586 200 586 200 597 102 597 text 0
280 586 360 586 360 597 280 597 text 0
367 586 435 586 435 597 367 597 text 0
443 586 520 586 520 597 443 597 text 0
258 603 364 603 364 615 258 615 text 0