137 51 200 51 200 66 137 66 text 0
211 51 221 51 221 66 211 66 text 0
229 51 270 51 270 66 229 66 text 0
299 50 521 50 521 65 299 65 text 0
60 66 177 66 177 85 60 85 text 0
197 68 236 68 236 85 197 85 text 0
235 68 249 68 249 85 235 85 text 0
257 68 393 68 393 86 257 86 text 0
497 68 511 68 511 86 497 86 text 0
550 68 576 68 576 85 550 85 text 0
216 89 318 89 318 105 216 105 text 0
167 107 207 107 207 121 167 121 text 0
223 107 226 107 226 121 223 121 text 0
320 107 365 107 365 121 320 121 text 0
396 107 417 107 417 121 396 121 text 0
445 107 474 107 474 121 445 121 text 0
130 124 232 124 232 139 130 139 text 0
252 125 311 125 311 140 252 140 text 0
338 125 504 125 504 141 338 141 text 0
47 149 130 149 130 163 47 163 text 0
269 151 432 151 432 164 269 164 text 0
47 166 111 166 111 180 47 180 text 0
270 168 402 168 402 179 270 179 text 0
46 184 95 184 95 199 46 199 text 0
115 183 147 183 147 198 115 198 text 0
238 185 242 185 242 198 238 198 text 0
268 185 334 185 334 198 268 198 text 0
150 205 309 205 309 229 150 229 text 0
353 206 479 206 479 229 353 229 text 0
49 242 111 242 111 259 49 259 text 0
121 242 129 242 129 259 121 259 text 0
162 242 271 242 271 258 162 258 text 0
298 240 381 240 381 257 298 257 text 0
456 240 562 240 562 256 456 256 text 0
46 271 101 271 101 285 46 285 text 0
119 271 186 271 186 285 119 285 text 0
488 267 569 267 569 281 488 281 text 0
47 309 181 309 181 320 47 320 text 0
47 327 180 327 180 341 47 341 text 0
458 305 474 305 474 320 458 320 text 0
478 305 565 305 565 318 478 318 text 0
412 324 423 324 423 337 412 337 text 0
433 323 565 323 565 335 433 335 text 0
46 364 162 364 162 376 46 376 text 0
44 378 94 378 94 393 44 393 text 0
103 378 106 378 106 393 103 393 text 0
113 378 248 378 248 392 113 392 text 0
320 376 368 376 368 391 320 391 text 0
375 376 380 376 380 391 375 391 text 0
386 375 517 375 517 390 386 390 text 0
44 397 129 397 129 409 44 409 text 0
137 396 140 396 140 409 137 409 text 0
147 396 179 396 179 409 147 409 text 0
320 393 384 393 384 406 320 406 text 0
391 393 396 393 396 406 391 406 text 0
404 393 503 393 503 404 404 404 text 0
44 413 110 413 110 426 44 426 text 0
129 412 159 412 159 426 129 426 text 0
172 411 180 411 180 425 172 425 text 0
184 411 214 411 214 425 184 425 text 0
285 410 314 410 314 424 285 424 text 0
45 430 128 430 128 444 45 444 text 0
147 429 211 429 211 444 147 444 text 0
473 427 571 427 571 439 473 439 text 0
43 447 140 447 140 461 43 461 text 0
458 443 464 443 464 456 458 456 text 0
472 442 569 442 569 455 472 455 text 0
242 480 382 480 382 491 242 491 text 0
39 523 140 523 140 538 39 538 text 0
165 521 171 521 171 538 165 538 text 0
195 521 467 521 467 535 195 535 text 0
56 542 105 542 105 554 56 554 text 0
158 565 223 565 223 580 158 580 text 0
242 564 344 564 344 579 242 579 text 0
366 563 466 563 466 578 366 578 text 0
40 591 86 591 86 606 40 606 text 0
107 591 137 591 137 606 107 606 text 0
145 591 149 591 149 606 145 606 text 0
158 591 223 591 223 606 158 606 text 0
433 589 447 589 447 601 433 601 text 0
469 588 502 588 502 601 469 601 text 0
507 588 511 588 511 601 507 601 text 0
520 588 585 588 585 600 520 600 text 0
250 618 282 618 282 633 250 633 text 0
300 618 436 618 436 631 300 631 text 0
402 71 443 71 443 85 402 85 text 0
458 71 493 71 493 84 458 84 text 0
511 71 543 71 543 85 511 85 text 0
340 89 425 89 425 104 340 104 text 0
231 108 303 108 303 120 231 120 text 0
236 154 247 154 247 164 236 164 text 0
236 172 249 172 249 180 236 180 text 0
368 272 416 272 416 285 368 285 text 0
471 271 487 271 487 278 471 278 text 0
451 428 467 428 467 437 451 437 text 0
189 617 230 617 230 632 189 632 text 0