163 17 269 17 269 24 163 24 text 0
286 17 404 17 404 24 286 24 text 0
422 17 461 17 461 24 422 24 text 0
39 22 115 22 115 31 39 31 text 0
133 22 172 22 172 31 133 31 text 0
205 23 320 23 320 31 205 31 text 0
341 23 430 23 430 32 341 32 text 0
450 24 500 24 500 32 450 32 text 0
517 24 538 24 538 33 517 33 text 0
122 28 146 28 146 38 122 38 text 0
178 29 204 29 204 38 178 38 text 0
206 31 231 31 231 36 206 36 text 0
250 30 255 30 255 39 250 39 text 0
271 31 353 31 353 38 271 38 text 0
369 31 377 31 377 40 369 40 text 0
395 31 460 31 460 40 395 40 text 0
80 36 146 36 146 47 80 47 text 0
163 36 311 36 311 48 163 48 text 0
328 38 366 38 366 48 328 48 text 0
384 39 515 39 515 51 384 51 text 0
39 54 105 54 105 66 39 66 text 0
163 57 298 57 298 68 163 68 text 0
38 66 89 66 89 79 38 79 text 0
167 67 229 67 229 81 167 81 text 0
39 77 78 77 78 89 39 89 text 0
93 78 118 78 118 89 93 89 text 0
164 79 216 79 216 91 164 91 text 0
517 110 524 110 524 120 517 120 text 0
530 110 589 110 589 122 530 122 text 0
29 101 78 101 78 113 29 113 text 0
78 101 298 101 298 115 78 115 text 0
25 114 92 114 92 125 25 125 text 0
110 115 161 115 161 126 110 126 text 0
178 116 245 116 245 127 178 127 text 0
259 118 285 118 285 128 259 128 text 0
26 125 284 125 284 139 26 139 text 0
27 137 149 137 149 150 27 150 text 0
166 139 245 139 245 151 166 151 text 0
28 148 36 148 36 160 28 160 text 0
54 149 64 149 64 161 54 161 text 0
84 152 135 152 135 162 84 162 text 0
28 162 78 162 78 174 28 174 text 0
98 163 294 163 294 177 98 177 text 0
355 107 364 107 364 116 355 116 text 0
368 107 392 107 392 117 368 117 text 0
356 120 365 120 365 128 356 128 text 0
367 120 392 120 392 128 367 128 text 0
355 131 364 131 364 140 355 140 text 0
368 131 391 131 391 140 368 140 text 0
353 143 363 143 363 153 353 153 text 0
367 143 392 143 392 153 367 153 text 0
525 125 536 125 536 135 525 135 text 0
539 125 589 125 589 135 539 135 text 0
524 136 535 136 535 145 524 145 text 0
538 137 589 137 589 145 538 145 text 0
523 148 535 148 535 157 523 157 text 0
537 147 588 147 588 155 537 155 text 0
353 168 362 168 362 179 353 179 text 0
368 168 389 168 389 178 368 178 text 0
523 169 535 169 535 178 523 178 text 0
535 169 590 169 590 177 535 177 text 0
45 187 121 187 121 198 45 198 text 0
44 198 124 198 124 209 44 209 text 0
551 190 560 190 560 200 551 200 text 0
563 190 610 190 610 200 563 200 text 0
537 201 546 201 546 210 537 210 text 0
550 201 611 201 611 210 550 210 text 0
509 222 518 222 518 231 509 231 text 0
522 222 587 222 587 231 522 231 text 0
58 222 121 222 121 230 58 230 text 0
139 222 201 222 201 231 139 231 text 0
34 232 96 232 96 243 34 243 text 0
112 233 175 233 175 244 112 244 text 0
192 234 260 234 260 245 192 245 text 0
284 236 323 236 323 246 284 246 text 0
32 244 149 244 149 257 32 257 text 0
166 245 190 245 190 257 166 257 text 0
210 245 211 245 211 257 210 257 text 0
233 245 308 245 308 258 233 258 text 0
86 269 166 269 166 279 86 279 text 0
191 267 241 267 241 280 191 280 text 0
257 267 362 267 362 280 257 280 text 0
366 267 377 267 377 280 366 280 text 0
144 279 155 279 155 291 144 291 text 0
156 279 204 279 204 290 156 290 text 0
217 278 325 278 325 288 217 288 text 0
337 276 420 276 420 287 337 287 text 0
423 275 434 275 434 286 423 286 text 0
434 275 471 275 471 286 434 286 text 0
130 291 204 291 204 301 130 301 text 0
214 290 323 290 323 298 214 298 text 0
337 287 447 287 447 297 337 297 text 0
166 301 250 301 250 309 166 309 text 0
265 299 289 299 289 309 265 309 text 0
292 299 296 299 296 309 292 309 text 0
300 299 324 299 324 309 300 309 text 0
338 298 349 298 349 308 338 308 text 0
362 298 374 298 374 307 362 307 text 0
385 297 408 297 408 307 385 307 text 0
253 310 313 310 313 318 253 318 text 0
217 330 288 330 288 340 217 340 text 0
301 329 325 329 325 340 301 340 text 0
120 351 142 351 142 361 120 361 text 0
148 350 151 350 151 362 148 362 text 0
204 349 325 349 325 359 204 359 text 0
35 363 130 363 130 373 35 373 text 0
144 362 168 362 168 372 144 372 text 0
174 361 177 361 177 372 174 372 text 0
229 360 326 360 326 369 229 369 text 0
145 373 228 373 228 383 145 383 text 0
241 371 324 371 324 381 241 381 text 0
340 369 350 369 350 380 340 380 text 0
363 369 422 369 422 379 363 379 text 0
121 383 237 383 237 393 121 393 text 0
254 380 350 380 350 391 254 391 text 0
376 379 388 379 388 390 376 390 text 0
398 378 423 378 423 390 398 390 text 0
434 378 459 378 459 389 434 389 text 0
242 393 289 393 289 402 242 402 text 0
36 416 97 416 97 425 36 425 text 0
194 415 277 415 277 424 194 424 text 0
111 436 169 436 169 446 111 446 text 0
183 435 278 435 278 445 183 445 text 0
291 434 458 434 458 443 291 443 text 0
145 446 251 446 251 455 145 455 text 0
267 445 301 445 301 455 267 455 text 0
304 444 314 444 314 455 304 455 text 0
315 444 361 444 361 454 315 454 text 0
375 443 434 443 434 453 375 453 text 0
146 457 314 457 314 466 146 466 text 0
328 454 436 454 436 464 328 464 text 0
196 466 267 466 267 476 196 476 text 0
272 465 273 465 273 476 272 476 text 0
293 465 373 465 373 474 293 474 text 0
135 477 206 477 206 487 135 487 text 0
219 476 387 476 387 484 219 484 text 0
400 473 447 473 447 484 400 484 text 0
196 487 267 487 267 496 196 496 text 0
271 486 274 486 274 496 271 496 text 0
294 486 374 486 374 495 294 495 text 0
38 508 61 508 61 519 38 519 text 0
68 507 69 507 69 519 68 519 text 0
74 508 109 508 109 519 74 519 text 0
135 507 183 507 183 518 135 518 text 0
198 507 245 507 245 518 198 518 text 0
248 506 257 506 257 517 248 517 text 0
260 506 328 506 328 516 260 516 text 0
38 519 74 519 74 529 38 529 text 0
78 519 81 519 81 528 78 528 text 0
87 519 207 519 207 527 87 527 text 0
38 530 74 530 74 540 38 540 text 0
78 529 81 529 81 539 78 539 text 0
86 529 254 529 254 537 86 537 text 0
38 540 74 540 74 550 38 550 text 0
79 540 81 540 81 549 79 549 text 0
87 539 183 539 183 549 87 549 text 0
401 514 449 514 449 525 401 525 text 0
461 513 484 513 484 524 461 524 text 0
489 513 493 513 493 524 489 524 text 0
510 513 546 513 546 523 510 523 text 0
499 523 546 523 546 533 499 533 text 0
161 559 183 559 183 570 161 570 text 0
197 559 280 559 280 569 197 569 text 0
294 557 413 557 413 566 294 566 text 0
100 570 146 570 146 580 100 580 text 0
160 570 218 570 218 580 160 580 text 0
65 590 122 590 122 601 65 601 text 0
122 590 154 590 154 601 122 601 text 0
161 590 170 590 170 601 161 601 text 0
184 590 194 590 194 601 184 601 text 0
263 590 272 590 272 601 263 601 text 0
67 602 76 602 76 612 67 612 text 0
92 602 117 602 117 612 92 612 text 0
124 602 127 602 127 612 124 612 text 0
132 601 182 601 182 610 132 610 text 0
186 611 215 611 215 621 186 621 text 0
229 611 264 611 264 621 229 621 text 0
282 610 382 610 382 619 282 619 text 0
553 596 600 596 600 606 553 606 text 0
106 18 148 18 148 24 106 24 text 0
138 80 144 80 144 88 138 88 text 0
32 268 71 268 71 278 32 278 text 0
105 281 144 281 144 290 105 290 text 0
35 353 105 353 105 362 35 362 text 0
459 597 499 597 499 607 459 607 text 0
513 598 539 598 539 606 513 606 text 0