72 127 106 127 106 137 72 137 text 0
119 127 155 127 155 137 119 137 text 0
169 127 228 127 228 137 169 137 text 0
241 126 325 126 325 137 241 137 text 0
338 127 457 127 457 137 338 137 text 0
472 128 506 128 506 138 472 138 text 0
520 128 555 128 555 138 520 138 text 0
242 140 371 140 371 152 242 152 text 0
145 155 204 155 204 165 145 165 text 0
73 154 128 154 128 166 73 166 text 0
218 155 251 155 251 165 218 165 text 0
374 155 433 155 433 165 374 165 text 0
496 156 555 156 555 166 496 166 text 0
264 155 357 155 357 166 264 166 text 0
448 156 482 156 482 166 448 166 text 0
169 168 228 168 228 178 169 178 text 0
350 169 455 169 455 180 350 180 text 0
241 169 325 169 325 180 241 180 text 0
267 183 288 183 288 193 267 193 text 0
147 182 192 182 192 194 147 194 text 0
205 183 250 183 250 194 205 194 text 0
326 182 480 182 480 195 326 195 text 0
169 197 237 197 237 207 169 207 text 0
268 197 432 197 432 207 268 207 text 0
73 210 189 210 189 222 73 222 text 0
218 210 263 210 263 222 218 222 text 0
96 226 299 226 299 237 96 237 text 0
362 227 443 227 443 238 362 238 text 0
462 227 531 227 531 237 462 237 text 0
72 240 118 240 118 251 72 251 text 0
183 240 299 240 299 251 183 251 text 0
317 241 409 241 409 252 317 252 text 0
184 255 216 255 216 265 184 265 text 0
229 255 312 255 312 265 229 265 text 0
543 256 554 256 554 266 543 266 text 0
422 255 501 255 501 267 422 267 text 0
70 255 155 255 155 268 70 268 text 0
72 282 106 282 106 294 72 294 text 0
144 283 276 283 276 294 144 294 text 0
447 283 501 283 501 296 447 296 text 0
519 284 551 284 551 295 519 295 text 0
112 311 115 311 115 321 112 321 text 0
495 311 518 311 518 321 495 321 text 0
386 311 396 311 396 321 386 321 text 0
413 311 481 311 481 321 413 321 text 0
71 324 103 324 103 334 71 334 text 0
121 324 166 324 166 334 121 334 text 0
181 324 227 324 227 334 181 334 text 0
112 339 114 339 114 347 112 347 text 0
424 339 480 339 480 349 424 349 text 0
386 339 396 339 396 349 386 349 text 0
495 340 516 340 516 349 495 349 text 0
134 352 178 352 178 362 134 362 text 0
72 352 118 352 118 364 72 364 text 0
110 366 115 366 115 376 110 376 text 0
386 367 396 367 396 377 386 377 text 0
435 367 480 367 480 377 435 377 text 0
495 367 516 367 516 377 495 377 text 0
71 380 130 380 130 390 71 390 text 0
142 381 190 381 190 391 142 391 text 0
110 395 115 395 115 404 110 404 text 0
433 395 480 395 480 405 433 405 text 0
386 396 396 396 396 405 386 405 text 0
494 395 516 395 516 405 494 405 text 0
70 408 168 408 168 420 70 420 text 0
72 436 129 436 129 447 72 447 text 0
146 437 262 437 262 449 146 449 text 0
276 437 332 437 332 448 276 448 text 0
484 438 553 438 553 448 484 448 text 0
276 450 298 450 298 461 276 461 text 0
71 451 127 451 127 461 71 461 text 0
145 450 262 450 262 462 145 462 text 0
311 451 368 451 368 462 311 462 text 0
485 452 553 452 553 462 485 462 text 0
71 464 188 464 188 475 71 475 text 0
413 465 550 465 550 475 413 475 text 0
71 492 150 492 150 502 71 502 text 0
168 492 174 492 174 502 168 502 text 0
305 491 420 491 420 503 305 503 text 0
465 494 551 494 551 504 465 504 text 0
71 506 150 506 150 516 71 516 text 0
169 506 203 506 203 516 169 516 text 0
216 507 299 507 299 517 216 517 text 0
70 520 119 520 119 531 70 531 text 0
486 521 553 521 553 531 486 531 text 0
70 547 103 547 103 557 70 557 text 0
312 549 381 549 381 558 312 558 text 0
390 548 429 548 429 559 390 559 text 0
471 548 550 548 550 559 471 559 text 0
118 548 201 548 201 559 118 559 text 0
70 561 93 561 93 571 70 571 text 0
363 562 432 562 432 572 363 572 text 0
195 561 261 561 261 574 195 574 text 0
506 563 552 563 552 572 506 572 text 0
252 603 310 603 310 614 252 614 text 0
193 605 239 605 239 613 193 613 text 0
325 604 358 604 358 613 325 613 text 0
375 605 421 605 421 613 375 613 text 0
216 617 287 617 287 627 216 627 text 0
361 618 424 618 424 629 361 629 text 0
300 618 350 618 350 630 300 630 text 0