50 51 533 51 533 70 50 70 text 0
54 75 91 75 91 83 54 83 text 0
355 76 423 76 423 85 355 85 text 0
212 77 274 77 274 84 212 84 text 0
286 77 346 77 346 84 286 84 text 0
430 76 444 76 444 85 430 85 text 0
100 76 204 76 204 86 100 86 text 0
451 77 521 77 521 87 451 87 text 0
126 86 188 86 188 95 126 95 text 0
55 87 118 87 118 95 55 95 text 0
197 85 256 85 256 96 197 96 text 0
56 98 119 98 119 106 56 106 text 0
274 99 388 99 388 107 274 107 text 0
126 98 253 98 253 108 126 108 text 0
396 100 447 100 447 107 396 107 text 0
53 111 90 111 90 119 53 119 text 0
99 112 214 112 214 119 99 119 text 0
224 112 274 112 274 119 224 119 text 0
103 122 126 122 126 130 103 130 text 0
135 122 167 122 167 130 135 130 text 0
55 122 95 122 95 129 55 129 text 0
181 123 334 123 334 130 181 130 text 0
431 128 486 128 486 137 431 137 text 0
495 128 611 128 611 138 495 138 text 0
43 135 105 135 105 142 43 142 text 0
112 135 144 135 144 143 112 143 text 0
43 145 108 145 108 153 43 153 text 0
114 145 187 145 187 153 114 153 text 0
194 146 233 146 233 153 194 153 text 0
240 146 279 146 279 153 240 153 text 0
284 145 389 145 389 154 284 154 text 0
47 167 109 167 109 176 47 176 text 0
118 167 192 167 192 176 118 176 text 0
202 167 310 167 310 176 202 176 text 0
59 194 77 194 77 202 59 202 text 0
87 195 199 195 199 203 87 203 text 0
286 195 370 195 370 203 286 203 text 0
381 195 405 195 405 204 381 204 text 0
521 195 558 195 558 204 521 204 text 0
483 196 513 196 513 204 483 204 text 0
415 196 476 196 476 204 415 204 text 0
355 207 412 207 412 215 355 215 text 0
521 206 579 206 579 216 521 216 text 0
287 208 347 208 347 215 287 215 text 0
431 207 515 207 515 217 431 217 text 0
91 221 121 221 121 228 91 228 text 0
127 221 199 221 199 229 127 229 text 0
497 222 546 222 546 231 497 231 text 0
577 222 604 222 604 232 577 232 text 0
93 236 146 236 146 243 93 243 text 0
35 236 85 236 85 243 35 243 text 0
251 236 291 236 291 244 251 244 text 0
152 236 241 236 241 244 152 244 text 0
300 236 353 236 353 245 300 245 text 0
499 237 545 237 545 246 499 246 text 0
255 249 341 249 341 257 255 257 text 0
497 251 546 251 546 259 497 259 text 0
250 267 301 267 301 274 250 274 text 0
499 268 548 268 548 276 499 276 text 0
255 280 317 280 317 288 255 288 text 0
323 279 357 279 357 289 323 289 text 0
493 281 548 281 548 290 493 290 text 0
255 297 355 297 355 305 255 305 text 0
499 298 545 298 545 308 499 308 text 0
253 322 307 322 307 330 253 330 text 0
489 324 544 324 544 332 489 332 text 0
252 336 337 336 337 343 252 343 text 0
502 336 545 336 545 345 502 345 text 0
35 354 76 354 76 361 35 361 text 0
84 354 179 354 179 364 84 364 text 0
266 354 396 354 396 364 266 364 text 0
496 356 583 356 583 365 496 365 text 0
96 367 132 367 132 375 96 375 text 0
36 367 61 367 61 375 36 375 text 0
70 367 88 367 88 376 70 376 text 0
354 368 398 368 398 376 354 376 text 0
541 369 584 369 584 376 541 376 text 0
36 400 72 400 72 407 36 407 text 0
138 400 296 400 296 408 138 408 text 0
81 400 117 400 117 408 81 408 text 0
179 411 298 411 298 421 179 421 text 0
34 413 81 413 81 421 34 421 text 0
32 425 83 425 83 433 32 433 text 0
182 426 193 426 193 433 182 433 text 0
93 425 133 425 133 435 93 435 text 0
33 443 80 443 80 451 33 451 text 0
286 443 310 443 310 451 286 451 text 0
87 444 138 444 138 451 87 451 text 0
499 444 579 444 579 453 499 453 text 0
176 444 277 444 277 454 176 454 text 0
438 445 489 445 489 452 438 452 text 0
589 445 611 445 611 453 589 453 text 0
322 444 430 444 430 454 322 454 text 0
73 478 145 478 145 486 73 486 text 0
150 478 196 478 196 486 150 486 text 0
247 478 286 478 286 486 247 486 text 0
294 478 421 478 421 487 294 487 text 0
427 478 445 478 445 486 427 486 text 0
454 479 585 479 585 487 454 487 text 0
206 480 241 480 241 486 206 486 text 0
207 500 258 500 258 507 207 507 text 0
121 500 203 500 203 507 121 507 text 0
317 501 385 501 385 507 317 507 text 0
267 501 312 501 312 507 267 507 text 0
392 501 536 501 536 508 392 508 text 0
296 512 365 512 365 520 296 520 text 0
204 513 286 513 286 520 204 520 text 0
371 513 453 513 453 521 371 521 text 0
122 535 215 535 215 543 122 543 text 0
222 535 289 535 289 543 222 543 text 0
314 536 362 536 362 543 314 543 text 0
481 536 531 536 531 544 481 544 text 0
372 535 471 535 471 545 372 545 text 0
107 557 187 557 187 565 107 565 text 0
197 557 249 557 249 565 197 565 text 0
260 558 307 558 307 565 260 565 text 0
315 558 409 558 409 566 315 566 text 0
418 558 461 558 461 566 418 566 text 0
556 559 585 559 585 566 556 566 text 0
470 559 548 559 548 566 470 566 text 0
55 570 179 570 179 578 55 578 text 0
255 571 300 571 300 578 255 578 text 0
189 571 248 571 248 578 189 578 text 0
345 570 459 570 459 579 345 579 text 0
314 571 339 571 339 579 314 579 text 0
465 572 601 572 601 580 465 580 text 0
255 585 362 585 362 593 255 593 text 0
96 605 170 605 170 614 96 614 text 0
210 606 227 606 227 614 210 614 text 0
236 607 345 607 345 615 236 615 text 0
177 609 200 609 200 614 177 614 text 0
365 608 562 608 562 618 365 618 text 0