234 71 272 71 272 82 234 82 text 0
287 71 323 71 323 82 287 82 text 0
402 71 536 71 536 82 402 82 text 0
56 71 106 71 106 82 56 82 text 0
119 71 220 71 220 82 119 82 text 0
339 71 384 71 384 82 339 82 text 0
285 87 310 87 310 98 285 98 text 0
349 87 511 87 511 98 349 98 text 0
59 88 106 88 106 98 59 98 text 0
120 88 272 88 272 99 120 99 text 0
211 103 295 103 295 115 211 115 text 0
57 104 131 104 131 115 57 115 text 0
145 104 195 104 195 115 145 115 text 0
312 104 371 104 371 115 312 115 text 0
387 104 409 104 409 115 387 115 text 0
184 120 259 120 259 132 184 132 text 0
107 120 170 120 170 132 107 132 text 0
275 120 359 120 359 132 275 132 text 0
57 121 90 121 90 132 57 132 text 0
59 138 118 138 118 149 59 149 text 0
133 137 195 137 195 149 133 149 text 0
211 137 295 137 295 149 211 149 text 0
273 154 322 154 322 165 273 165 text 0
172 154 195 154 195 165 172 165 text 0
209 154 259 154 259 166 209 166 text 0
135 155 156 155 156 166 135 166 text 0
57 155 90 155 90 166 57 166 text 0
172 172 195 172 195 183 172 183 text 0
273 171 322 171 322 183 273 183 text 0
209 171 259 171 259 183 209 183 text 0
55 171 94 171 94 183 55 183 text 0
135 171 156 171 156 183 135 183 text 0
94 207 131 207 131 218 94 218 text 0
148 208 236 208 236 218 148 218 text 0
111 241 196 241 196 252 111 252 text 0
262 241 451 241 451 252 262 252 text 0
59 241 94 241 94 252 59 252 text 0
213 244 244 244 244 252 213 252 text 0
379 258 438 258 438 269 379 269 text 0
262 257 361 257 361 269 262 269 text 0
59 291 132 291 132 302 59 302 text 0
148 291 183 291 183 302 148 302 text 0
429 291 477 291 477 302 429 302 text 0
492 291 515 291 515 302 492 302 text 0
197 291 285 291 285 302 197 302 text 0
300 292 376 292 376 303 300 303 text 0
176 308 235 308 235 319 176 319 text 0
251 312 260 312 260 314 251 314 text 0
59 307 158 307 158 319 59 319 text 0
391 307 451 307 451 319 391 319 text 0
274 307 374 307 374 319 274 319 text 0
148 324 171 324 171 335 148 335 text 0
365 324 397 324 397 336 365 336 text 0
417 325 438 325 438 335 417 335 text 0
262 325 273 325 273 335 262 335 text 0
339 325 349 325 349 335 339 335 text 0
454 325 499 325 499 336 454 336 text 0
59 324 132 324 132 336 59 336 text 0
289 325 320 325 320 336 289 336 text 0
185 326 244 326 244 336 185 336 text 0
122 342 283 342 283 353 122 353 text 0
290 342 476 342 476 353 290 353 text 0
237 376 296 376 296 387 237 387 text 0
148 377 221 377 221 387 148 387 text 0
314 377 349 377 349 387 314 387 text 0
428 377 478 377 478 387 428 387 text 0
493 377 516 377 516 387 493 387 text 0
418 410 478 410 478 422 418 422 text 0
493 410 516 410 516 422 493 422 text 0
147 410 248 410 248 422 147 422 text 0
264 411 321 411 321 422 264 422 text 0
428 428 478 428 478 439 428 439 text 0
148 427 221 427 221 439 148 439 text 0
493 427 516 427 516 439 493 439 text 0
428 446 478 446 478 455 428 455 text 0
313 446 362 446 362 455 313 455 text 0
493 445 516 445 516 455 493 455 text 0
147 444 215 444 215 457 147 457 text 0
250 494 312 494 312 505 250 505 text 0
327 497 362 497 362 506 327 506 text 0