66 42 78 42 78 54 66 54 text 0
149 42 223 42 223 56 149 56 text 0
241 44 279 44 279 56 241 56 text 0
310 44 371 44 371 56 310 56 text 0
392 44 398 44 398 56 392 56 text 0
515 45 560 45 560 58 515 58 text 0
66 52 113 52 113 65 66 65 text 0
134 53 182 53 182 66 134 66 text 0
201 54 346 54 346 68 201 68 text 0
67 63 144 63 144 78 67 78 text 0
155 64 196 64 196 78 155 78 text 0
297 65 332 65 332 79 297 79 text 0
64 78 92 78 92 88 64 88 text 0
97 77 104 77 104 87 97 87 text 0
80 114 145 114 145 125 80 125 text 0
178 113 330 113 330 123 178 123 text 0
79 126 129 126 129 138 79 138 text 0
179 126 262 126 262 138 179 138 text 0
81 139 118 139 118 151 81 151 text 0
134 139 158 139 158 151 134 151 text 0
202 139 252 139 252 151 202 151 text 0
68 167 188 167 188 176 68 176 text 0
201 165 280 165 280 176 201 176 text 0
71 179 147 179 147 191 71 191 text 0
161 177 227 177 227 189 161 189 text 0
241 175 293 175 293 189 241 189 text 0
71 193 147 193 147 203 71 203 text 0
164 190 228 190 228 201 164 201 text 0
241 189 293 189 293 199 241 199 text 0
72 207 148 207 148 219 72 219 text 0
165 204 229 204 229 216 165 216 text 0
242 202 294 202 294 215 242 215 text 0
321 200 347 200 347 213 321 213 text 0
76 216 267 216 267 232 76 232 text 0
310 214 320 214 320 226 310 226 text 0
325 214 347 214 347 225 325 225 text 0
73 233 99 233 99 245 73 245 text 0
99 233 137 233 137 244 99 244 text 0
217 229 279 229 279 239 217 239 text 0
76 246 138 246 138 257 76 257 text 0
153 244 203 244 203 255 153 255 text 0
217 243 256 243 256 254 217 254 text 0
309 240 319 240 319 251 309 251 text 0
323 241 347 241 347 250 323 250 text 0
101 255 296 255 296 266 101 266 text 0
103 268 297 268 297 282 103 282 text 0
310 265 321 265 321 278 310 278 text 0
323 265 350 265 350 278 323 278 text 0
78 284 154 284 154 295 78 295 text 0
169 282 175 282 175 294 169 294 text 0
193 282 204 282 204 293 193 293 text 0
219 282 281 282 281 292 219 292 text 0
78 296 166 296 166 306 78 306 text 0
180 295 230 295 230 306 180 306 text 0
245 294 295 294 295 305 245 305 text 0
310 293 321 293 321 304 310 304 text 0
323 292 347 292 347 304 323 304 text 0
78 308 166 308 166 321 78 321 text 0
181 307 231 307 231 321 181 321 text 0
245 306 295 306 295 320 245 320 text 0
311 306 322 306 322 320 311 320 text 0
324 306 347 306 347 320 324 320 text 0
472 174 479 174 479 186 472 186 text 0
486 174 549 174 549 186 486 186 text 0
470 185 481 185 481 197 470 197 text 0
486 185 549 185 549 197 486 197 text 0
470 197 479 197 479 210 470 210 text 0
486 197 549 197 549 209 486 209 text 0
470 211 481 211 481 223 470 223 text 0
485 210 548 210 548 221 485 221 text 0
484 223 494 223 494 234 484 234 text 0
497 223 550 223 550 233 497 233 text 0
470 237 479 237 479 247 470 247 text 0
485 236 548 236 548 246 485 246 text 0
482 249 492 249 492 261 482 261 text 0
494 248 547 248 547 260 494 260 text 0
482 262 492 262 492 272 482 272 text 0
497 262 548 262 548 271 497 271 text 0
484 275 492 275 492 287 484 287 text 0
497 274 539 274 539 285 497 285 text 0
483 287 490 287 490 298 483 298 text 0
495 287 545 287 545 298 495 298 text 0
481 302 490 302 490 312 481 312 text 0
493 302 545 302 545 311 493 311 text 0
107 343 180 343 180 355 107 355 text 0
107 354 180 354 180 366 107 366 text 0
478 342 489 342 489 354 478 354 text 0
493 341 543 341 543 352 493 352 text 0
466 354 476 354 476 364 466 364 text 0
480 354 542 354 542 364 480 364 text 0
468 389 476 389 476 401 468 401 text 0
481 388 542 388 542 401 481 401 text 0
104 386 163 386 163 400 104 400 text 0
184 388 242 388 242 401 184 401 text 0
78 396 190 396 190 411 78 411 text 0
209 399 270 399 270 413 209 413 text 0
287 401 324 401 324 413 287 413 text 0
79 409 196 409 196 422 79 422 text 0
274 412 347 412 347 427 274 427 text 0
104 432 139 432 139 446 104 446 text 0
157 432 217 432 217 446 157 446 text 0
248 432 283 432 283 446 248 446 text 0
300 433 359 433 359 447 300 447 text 0
379 434 440 434 440 446 379 446 text 0
105 445 114 445 114 454 105 454 text 0
118 445 127 445 127 454 118 454 text 0
275 446 283 446 283 457 275 457 text 0
288 446 347 446 347 457 288 457 text 0
105 456 113 456 113 466 105 466 text 0
120 456 140 456 140 466 120 466 text 0
273 458 282 458 282 467 273 467 text 0
288 458 348 458 348 467 288 467 text 0
506 435 542 435 542 445 506 445 text 0
481 445 489 445 489 457 481 457 text 0
494 446 542 446 542 457 494 457 text 0
480 457 489 457 489 468 480 468 text 0
494 457 542 457 542 468 494 468 text 0
78 477 139 477 139 490 78 490 text 0
157 478 179 478 179 490 157 490 text 0
209 478 465 478 465 491 209 491 text 0
77 489 153 489 153 502 77 502 text 0
170 490 192 490 192 502 170 502 text 0
200 491 201 491 201 503 200 503 text 0
222 490 425 490 425 504 222 504 text 0
169 524 283 524 283 536 169 536 text 0
286 524 296 524 296 536 286 536 text 0
298 524 343 524 343 536 298 536 text 0
363 524 437 524 437 536 363 536 text 0
455 525 490 525 490 537 455 537 text 0
156 535 230 535 230 547 156 547 text 0
248 536 283 536 283 547 248 547 text 0
290 536 292 536 292 547 290 547 text 0
314 536 361 536 361 548 314 548 text 0
376 536 412 536 412 548 376 548 text 0
441 536 464 536 464 548 441 548 text 0
482 537 516 537 516 548 482 548 text 0
300 547 361 547 361 558 300 558 text 0
260 559 334 559 334 570 260 570 text 0
352 559 374 559 374 570 352 570 text 0
168 581 192 581 192 592 168 592 text 0
377 581 504 581 504 593 377 593 text 0
76 592 177 592 177 604 76 604 text 0
194 593 218 593 218 604 194 604 text 0
226 593 228 593 228 604 226 604 text 0
403 594 504 594 504 605 403 605 text 0
182 604 270 604 270 616 182 616 text 0
287 604 373 604 373 617 287 617 text 0
392 605 401 605 401 617 392 617 text 0
417 605 479 605 479 617 417 617 text 0
77 615 202 615 202 627 77 627 text 0
288 616 386 616 386 628 288 628 text 0
481 617 492 617 492 628 481 628 text 0
507 616 531 616 531 627 507 627 text 0
547 616 571 616 571 626 547 626 text 0
365 628 416 628 416 639 365 639 text 0
92 44 132 44 132 53 92 53 text 0
414 47 430 47 430 55 414 55 text 0
441 47 497 47 497 56 441 56 text 0
232 67 281 67 281 77 232 77 text 0
240 88 378 88 378 102 240 102 text 0
170 89 216 89 216 99 170 99 text 0
67 89 162 89 162 100 67 100 text 0
108 77 146 77 146 86 108 86 text 0
497 164 552 164 552 172 497 172 text 0
481 164 494 164 494 171 481 171 text 0
305 166 321 166 321 173 305 173 text 0
324 163 348 163 348 174 324 174 text 0
309 179 322 179 322 187 309 187 text 0
324 177 348 177 348 188 324 188 text 0
308 191 321 191 321 198 308 198 text 0
325 190 349 190 349 199 325 199 text 0
309 203 319 203 319 210 309 210 text 0
307 228 323 228 323 237 307 237 text 0
325 228 349 228 349 237 325 237 text 0
150 231 201 231 201 242 150 242 text 0
306 255 320 255 320 264 306 264 text 0
321 253 350 253 350 262 321 262 text 0
308 281 321 281 321 290 308 290 text 0
323 280 349 280 349 289 323 289 text 0
75 273 90 273 90 283 75 283 text 0
77 260 90 260 90 268 77 268 text 0
208 412 235 412 235 423 208 423 text 0
76 580 153 580 153 592 76 592 text 0
224 584 229 584 229 590 224 590 text 0