62 43 85 43 85 51 62 51 text 0
148 43 223 43 223 55 148 55 text 0
240 45 277 45 277 55 240 55 text 0
307 47 371 47 371 57 307 57 text 0
385 47 398 47 398 56 385 56 text 0
412 47 425 47 425 56 412 56 text 0
438 47 490 47 490 56 438 56 text 0
496 47 502 47 502 58 496 58 text 0
507 47 558 47 558 58 507 58 text 0
67 52 113 52 113 65 67 65 text 0
135 54 183 54 183 65 135 65 text 0
200 56 344 56 344 67 200 67 text 0
361 55 405 55 405 68 361 68 text 0
67 65 142 65 142 78 67 78 text 0
160 65 197 65 197 76 160 76 text 0
203 65 207 65 207 78 203 78 text 0
230 66 276 66 276 78 230 78 text 0
294 68 331 68 331 79 294 79 text 0
66 76 91 76 91 88 66 88 text 0
96 77 98 77 98 88 96 88 text 0
107 76 143 76 143 88 107 88 text 0
67 87 156 87 156 101 67 101 text 0
81 112 143 112 143 126 81 126 text 0
202 112 325 112 325 125 202 125 text 0
81 126 131 126 131 139 81 139 text 0
202 126 260 126 260 139 202 139 text 0
81 138 117 138 117 151 81 151 text 0
135 138 158 138 158 151 135 151 text 0
179 138 180 138 180 151 179 151 text 0
202 138 251 138 251 151 202 151 text 0
68 163 185 163 185 177 68 177 text 0
199 161 275 161 275 175 199 175 text 0
306 160 316 160 316 175 306 175 text 0
320 160 344 160 344 174 320 174 text 0
71 176 145 176 145 189 71 189 text 0
161 175 224 175 224 189 161 189 text 0
240 174 291 174 291 188 240 188 text 0
306 173 316 173 316 187 306 187 text 0
320 172 344 172 344 187 320 187 text 0
70 189 147 189 147 203 70 203 text 0
162 188 225 188 225 202 162 202 text 0
240 186 290 186 290 200 240 200 text 0
307 186 317 186 317 200 307 200 text 0
321 185 344 185 344 200 321 200 text 0
71 203 147 203 147 216 71 216 text 0
162 201 226 201 226 214 162 214 text 0
239 199 291 199 291 213 239 213 text 0
307 198 317 198 317 212 307 212 text 0
319 198 344 198 344 212 319 212 text 0
72 215 264 215 264 225 72 225 text 0
270 212 274 212 274 225 270 225 text 0
307 211 317 211 317 224 307 224 text 0
320 211 344 211 344 224 320 224 text 0
74 228 135 228 135 241 74 241 text 0
150 226 199 226 199 239 150 239 text 0
215 225 278 225 278 238 215 238 text 0
307 223 317 223 317 236 307 236 text 0
319 222 344 222 344 236 319 236 text 0
73 241 136 241 136 253 73 253 text 0
151 239 202 239 202 252 151 252 text 0
215 238 253 238 253 251 215 251 text 0
307 236 317 236 317 249 307 249 text 0
320 236 344 236 344 249 320 249 text 0
98 252 297 252 297 265 98 265 text 0
307 250 319 250 319 263 307 263 text 0
320 250 344 250 344 263 320 263 text 0
75 266 94 266 94 280 75 280 text 0
100 266 291 266 291 276 100 276 text 0
307 262 319 262 319 276 307 276 text 0
320 262 344 262 344 276 320 276 text 0
75 279 150 279 150 291 75 291 text 0
167 278 172 278 172 291 167 291 text 0
217 277 277 277 277 289 217 289 text 0
308 276 318 276 318 289 308 289 text 0
321 275 344 275 344 288 321 288 text 0
76 291 164 291 164 304 76 304 text 0
181 290 229 290 229 303 181 303 text 0
244 289 294 289 294 303 244 303 text 0
308 289 318 289 318 302 308 302 text 0
320 289 344 289 344 302 320 302 text 0
76 302 164 302 164 316 76 316 text 0
181 303 229 303 229 316 181 316 text 0
244 303 294 303 294 316 244 316 text 0
310 301 320 301 320 315 310 315 text 0
322 301 345 301 345 315 322 315 text 0
481 162 490 162 490 173 481 173 text 0
493 162 543 162 543 173 493 173 text 0
466 174 476 174 476 185 466 185 text 0
482 174 542 174 542 185 482 185 text 0
467 185 476 185 476 196 467 196 text 0
480 185 542 185 542 196 480 196 text 0
466 198 475 198 475 209 466 209 text 0
480 198 542 198 542 209 480 209 text 0
466 209 475 209 475 222 466 222 text 0
480 209 542 209 542 221 480 221 text 0
479 222 489 222 489 233 479 233 text 0
492 222 543 222 543 233 492 233 text 0
466 235 475 235 475 246 466 246 text 0
480 235 543 235 543 246 480 246 text 0
478 247 488 247 488 259 478 259 text 0
490 248 542 248 542 259 490 259 text 0
478 260 488 260 488 272 478 272 text 0
490 260 542 260 542 272 490 272 text 0
480 272 490 272 490 285 480 285 text 0
490 273 540 273 540 284 490 284 text 0
478 286 487 286 487 298 478 298 text 0
490 285 541 285 541 297 490 297 text 0
478 299 488 299 488 312 478 312 text 0
490 299 541 299 541 310 490 310 text 0
105 338 179 338 179 350 105 350 text 0
105 350 179 350 179 361 105 361 text 0
477 338 488 338 488 350 477 350 text 0
489 338 539 338 539 349 489 349 text 0
464 351 474 351 474 362 464 362 text 0
476 350 539 350 539 361 476 361 text 0
465 385 474 385 474 396 465 396 text 0
476 385 539 385 539 396 476 396 text 0
104 383 166 383 166 395 104 395 text 0
182 383 242 383 242 397 182 397 text 0
77 395 192 395 192 408 77 408 text 0
208 397 270 397 270 409 208 409 text 0
284 397 323 397 323 407 284 407 text 0
76 404 190 404 190 418 76 418 text 0
209 406 235 406 235 419 209 419 text 0
251 407 252 407 252 420 251 420 text 0
273 407 346 407 346 421 273 421 text 0
105 428 140 428 140 441 105 441 text 0
156 429 215 429 215 442 156 442 text 0
248 429 282 429 282 442 248 442 text 0
298 430 356 430 356 443 298 443 text 0
376 431 435 431 435 444 376 444 text 0
104 440 113 440 113 452 104 452 text 0
118 441 127 441 127 452 118 452 text 0
274 443 282 443 282 455 274 455 text 0
286 443 346 443 346 455 286 455 text 0
104 452 113 452 113 463 104 463 text 0
274 453 282 453 282 466 274 466 text 0
288 453 348 453 348 466 288 466 text 0
505 431 541 431 541 441 505 441 text 0
480 442 489 442 489 454 480 454 text 0
493 442 540 442 540 454 493 454 text 0
480 453 489 453 489 465 480 465 text 0
493 453 540 453 540 465 493 465 text 0
78 475 139 475 139 487 78 487 text 0
156 475 178 475 178 487 156 487 text 0
208 477 464 477 464 489 208 489 text 0
77 488 153 488 153 497 77 497 text 0
169 488 190 488 190 498 169 498 text 0
196 489 200 489 200 500 196 500 text 0
222 490 426 490 426 499 222 499 text 0
169 521 282 521 282 534 169 534 text 0
286 521 296 521 296 534 286 534 text 0
298 521 343 521 343 534 298 534 text 0
364 523 440 523 440 535 364 535 text 0
455 522 490 522 490 535 455 535 text 0
496 522 497 522 497 535 496 535 text 0
155 533 230 533 230 545 155 545 text 0
247 533 283 533 283 545 247 545 text 0
291 533 292 533 292 545 291 545 text 0
313 534 361 534 361 545 313 545 text 0
376 534 412 534 412 545 376 545 text 0
441 535 464 535 464 546 441 546 text 0
472 534 473 534 473 545 472 545 text 0
481 534 514 534 514 545 481 545 text 0
298 545 360 545 360 556 298 556 text 0
260 556 334 556 334 569 260 569 text 0
350 557 374 557 374 568 350 568 text 0
380 557 381 557 381 568 380 568 text 0
168 579 193 579 193 591 168 591 text 0
377 581 503 581 503 593 377 593 text 0
77 591 177 591 177 603 77 603 text 0
196 592 219 592 219 603 196 603 text 0
225 592 226 592 226 603 225 603 text 0
404 593 504 593 504 605 404 605 text 0
181 604 270 604 270 616 181 616 text 0
286 604 374 604 374 615 286 615 text 0
391 605 402 605 402 615 391 615 text 0
416 605 479 605 479 617 416 617 text 0
77 615 200 615 200 626 77 626 text 0
288 616 387 616 387 626 288 626 text 0
481 616 490 616 490 628 481 628 text 0
505 616 528 616 528 628 505 628 text 0
545 617 568 617 568 628 545 628 text 0
365 627 414 627 414 638 365 638 text 0
238 90 372 90 372 102 238 102 text 0
171 89 214 89 214 98 171 98 text 0
177 115 181 115 181 123 177 123 text 0
175 128 184 128 184 136 175 136 text 0
91 44 131 44 131 53 91 53 text 0
189 280 204 280 204 289 189 289 text 0
74 256 89 256 89 264 74 264 text 0
118 452 143 452 143 462 118 462 text 0
222 583 228 583 228 589 222 589 text 0
77 580 151 580 151 590 77 590 text 0