96 121 189 121 189 134 96 134 text 0
195 120 277 120 277 134 195 134 text 0
285 122 306 122 306 135 285 135 text 0
317 121 431 121 431 135 317 135 text 0
439 123 527 123 527 136 439 136 text 0
201 140 277 140 277 153 201 153 text 0
285 140 347 140 347 153 285 153 text 0
357 140 426 140 426 153 357 153 text 0
261 166 365 166 365 180 261 180 text 0
260 181 288 181 288 192 260 192 text 0
182 179 253 179 253 194 182 194 text 0
305 180 452 180 452 196 305 196 text 0
299 196 366 196 366 208 299 208 text 0
159 197 295 197 295 209 159 209 text 0
369 196 467 196 467 209 369 209 text 0
227 211 324 211 324 223 227 223 text 0
329 211 399 211 399 224 329 224 text 0
187 227 245 227 245 238 187 238 text 0
250 226 331 226 331 238 250 238 text 0
337 227 439 227 439 238 337 238 text 0
228 257 262 257 262 268 228 268 text 0
269 258 346 258 346 269 269 269 text 0
354 258 396 258 396 269 354 269 text 0
61 288 128 288 128 299 61 299 text 0
191 289 306 289 306 300 191 300 text 0
188 303 271 303 271 315 188 315 text 0
290 305 371 305 371 316 290 316 text 0
377 305 415 305 415 315 377 315 text 0
61 302 104 302 104 320 61 320 text 0
61 319 131 319 131 330 61 330 text 0
191 319 248 319 248 330 191 330 text 0
192 334 236 334 236 345 192 345 text 0
60 333 142 333 142 347 60 347 text 0
60 358 105 358 105 370 60 370 text 0
435 359 511 359 511 370 435 370 text 0
198 357 237 357 237 375 198 375 text 0
296 358 347 358 347 375 296 375 text 0
61 379 156 379 156 390 61 390 text 0
162 379 244 379 244 390 162 390 text 0
247 380 372 380 372 390 247 390 text 0
379 379 461 379 461 394 379 394 text 0
223 394 233 394 233 405 223 405 text 0
283 394 348 394 348 405 283 405 text 0
449 395 511 395 511 406 449 406 text 0
61 391 165 391 165 410 61 410 text 0
536 395 567 395 567 406 536 406 text 0
60 414 156 414 156 426 60 426 text 0
224 415 249 415 249 426 224 426 text 0
253 415 378 415 378 426 253 426 text 0
165 414 218 414 218 427 165 427 text 0
385 416 455 416 455 430 385 430 text 0
60 427 165 427 165 441 60 441 text 0
222 430 231 430 231 441 222 441 text 0
449 431 511 431 511 442 449 442 text 0
536 431 567 431 567 442 536 442 text 0
294 429 348 429 348 447 294 447 text 0
310 461 390 461 390 472 310 472 text 0
501 461 565 461 565 472 501 472 text 0
196 460 306 460 306 475 196 475 text 0
293 480 340 480 340 491 293 491 text 0
347 480 390 480 390 491 347 491 text 0
500 481 565 481 565 492 500 492 text 0
294 494 341 494 341 506 294 506 text 0
344 495 389 495 389 507 344 507 text 0
524 496 565 496 565 507 524 507 text 0
523 511 564 511 564 522 523 522 text 0
290 509 364 509 364 527 290 527 text 0
294 536 394 536 394 549 294 549 text 0
523 537 564 537 564 549 523 549 text 0
60 566 106 566 106 578 60 578 text 0
393 567 429 567 429 578 393 578 text 0
243 567 320 567 320 578 243 578 text 0
109 567 202 567 202 580 109 580 text 0
120 586 151 586 151 599 120 599 text 0
249 587 310 587 310 598 249 598 text 0
62 586 94 586 94 599 62 599 text 0
384 587 438 587 438 598 384 598 text 0
245 612 327 612 327 623 245 623 text 0
330 612 382 612 382 623 330 623 text 0
192 625 280 625 280 640 192 640 text 0
288 625 352 625 352 640 288 640 text 0
358 626 435 626 435 639 358 639 text 0