195 72 250 72 250 81 195 81 text 0
387 72 419 72 419 80 387 80 text 0
262 72 329 72 329 80 262 80 text 0
341 72 374 72 374 80 341 80 text 0
254 83 361 83 361 93 254 93 text 0
187 107 272 107 272 116 187 116 text 0
298 107 429 107 429 116 298 116 text 0
230 118 252 118 252 128 230 128 text 0
332 118 420 118 420 128 332 128 text 0
197 119 217 119 217 128 197 128 text 0
264 119 320 119 320 128 264 128 text 0
310 130 373 130 373 140 310 140 text 0
242 131 297 131 297 140 242 140 text 0
345 142 410 142 410 151 345 151 text 0
209 143 264 143 264 152 209 152 text 0
276 143 331 143 331 152 276 152 text 0
300 154 433 154 433 163 300 163 text 0
198 154 230 154 230 163 198 163 text 0
244 155 267 155 267 164 244 164 text 0
298 177 379 177 379 194 298 194 text 0
252 178 288 178 288 196 252 196 text 0
175 208 390 208 390 217 175 217 text 0
95 208 149 208 149 218 95 218 text 0
413 219 502 219 502 230 413 230 text 0
345 220 399 220 399 229 345 229 text 0
425 231 470 231 470 241 425 241 text 0
346 232 399 232 399 241 346 241 text 0
346 243 404 243 404 253 346 253 text 0
482 244 535 244 535 252 482 252 text 0
95 244 161 244 161 253 95 253 text 0
176 244 277 244 277 253 176 253 text 0
505 267 527 267 527 276 505 276 text 0
426 268 492 268 492 276 426 276 text 0
96 268 222 268 222 278 96 278 text 0
505 303 527 303 527 312 505 312 text 0
438 303 493 303 493 312 438 312 text 0
291 303 323 303 323 311 291 311 text 0
211 302 278 302 278 312 211 312 text 0
97 303 199 303 199 312 97 312 text 0
506 326 528 326 528 335 506 335 text 0
438 326 493 326 493 335 438 335 text 0
97 327 199 327 199 336 97 336 text 0
212 327 256 327 256 336 212 336 text 0
267 327 321 327 321 336 267 336 text 0
506 350 528 350 528 359 506 359 text 0
452 350 494 350 494 359 452 359 text 0
268 350 324 350 324 359 268 359 text 0
212 351 256 351 256 359 212 359 text 0
98 351 198 351 198 359 98 359 text 0
212 374 256 374 256 383 212 383 text 0
268 374 370 374 370 383 268 383 text 0
384 374 415 374 415 383 384 383 text 0
428 374 438 374 438 383 428 383 text 0
97 375 196 375 196 383 97 383 text 0
530 386 552 386 552 395 530 395 text 0
442 386 495 386 495 395 442 395 text 0
212 386 256 386 256 395 212 395 text 0
132 387 142 387 142 395 132 395 text 0
189 388 199 388 199 394 189 394 text 0
155 389 176 389 176 397 155 397 text 0
440 422 497 422 497 430 440 430 text 0
315 422 349 422 349 431 315 431 text 0
361 422 382 422 382 431 361 431 text 0
99 422 151 422 151 431 99 431 text 0
166 422 189 422 189 430 166 430 text 0
206 421 304 421 304 432 206 432 text 0
452 433 496 433 496 442 452 442 text 0
198 433 243 433 243 443 198 443 text 0
97 433 189 433 189 444 97 444 text 0
440 445 496 445 496 454 440 454 text 0
167 446 246 446 246 455 167 455 text 0
99 446 151 446 151 456 99 456 text 0
430 469 497 469 497 479 430 479 text 0
99 470 143 470 143 479 99 479 text 0
453 505 522 505 522 514 453 514 text 0
338 506 394 506 394 515 338 515 text 0
155 506 178 506 178 515 155 515 text 0
97 506 131 506 131 515 97 515 text 0
247 508 268 508 268 515 247 515 text 0
441 518 498 518 498 527 441 527 text 0
157 517 208 517 208 527 157 527 text 0
225 518 257 518 257 527 225 527 text 0
99 518 141 518 141 527 99 527 text 0
142 542 166 542 166 552 142 552 text 0
485 542 501 542 501 551 485 551 text 0
182 541 234 541 234 553 182 553 text 0
97 541 123 541 123 553 97 553 text 0
159 590 214 590 214 599 159 599 text 0
283 590 351 590 351 600 283 600 text 0
421 590 486 590 486 600 421 600 text 0
363 591 408 591 408 599 363 599 text 0
226 592 268 592 268 600 226 600 text 0