34 89 86 89 86 102 34 102 text 0
104 90 186 90 186 104 104 104 text 0
37 104 99 104 99 116 37 116 text 0
114 105 177 105 177 116 114 116 text 0
194 105 294 105 294 117 194 117 text 0
37 118 139 118 139 132 37 132 text 0
154 119 240 119 240 133 154 133 text 0
259 120 283 120 283 134 259 134 text 0
288 120 293 120 293 134 288 134 text 0
303 120 308 120 308 134 303 134 text 0
324 121 390 121 390 135 324 135 text 0
37 133 67 133 67 145 37 145 text 0
69 133 70 133 70 145 69 145 text 0
80 133 82 133 82 145 80 145 text 0
89 133 100 133 100 145 89 145 text 0
106 133 151 133 151 145 106 145 text 0
157 134 162 134 162 145 157 145 text 0
167 134 256 134 256 146 167 146 text 0
37 146 98 146 98 159 37 159 text 0
115 146 160 146 160 160 115 160 text 0
181 147 307 147 307 161 181 161 text 0
35 161 320 161 320 175 35 175 text 0
38 175 113 175 113 190 38 190 text 0
129 175 206 175 206 190 129 190 text 0
207 175 215 175 215 190 207 190 text 0
233 175 280 175 280 190 233 190 text 0
300 175 415 175 415 190 300 190 text 0
432 175 470 175 470 190 432 190 text 0
475 175 482 175 482 190 475 190 text 0
39 190 62 190 62 203 39 203 text 0
69 190 71 190 71 203 69 203 text 0
77 190 101 190 101 203 77 203 text 0
115 190 176 190 176 204 115 204 text 0
195 191 204 191 204 204 195 204 text 0
221 191 284 191 284 204 221 204 text 0
38 204 113 204 113 216 38 216 text 0
129 204 153 204 153 216 129 216 text 0
160 204 161 204 161 216 160 216 text 0
181 204 391 204 391 217 181 217 text 0
367 232 414 232 414 244 367 244 text 0
424 233 426 233 426 244 424 244 text 0
447 233 510 233 510 245 447 245 text 0
41 232 100 232 100 244 41 244 text 0
121 232 123 232 123 244 121 244 text 0
142 232 270 232 270 244 142 244 text 0
37 246 74 246 74 258 37 258 text 0
89 246 111 246 111 258 89 258 text 0
117 246 122 246 122 258 117 258 text 0
142 245 165 245 165 258 142 258 text 0
77 274 244 274 244 286 77 286 text 0
248 274 257 274 257 285 248 285 text 0
38 286 87 286 87 301 38 301 text 0
104 285 193 285 193 301 104 301 text 0
209 286 243 286 243 300 209 300 text 0
261 286 296 286 296 301 261 301 text 0
381 286 392 286 392 301 381 301 text 0
394 287 405 287 405 301 394 301 text 0
79 299 245 299 245 313 79 313 text 0
251 301 257 301 257 313 251 313 text 0
42 313 103 313 103 325 42 325 text 0
116 314 193 314 193 326 116 326 text 0
209 315 298 315 298 327 209 327 text 0
381 316 391 316 391 327 381 327 text 0
394 316 405 316 405 327 394 327 text 0
500 288 509 288 509 302 500 302 text 0
514 288 567 288 567 301 514 301 text 0
488 315 499 315 499 328 488 328 text 0
502 315 568 315 568 328 502 328 text 0
40 340 190 340 190 354 40 354 text 0
41 355 192 355 192 368 41 368 text 0
435 343 456 343 456 356 435 356 text 0
464 343 568 343 568 356 464 356 text 0
410 356 427 356 427 368 410 368 text 0
439 356 486 356 486 367 439 367 text 0
517 356 563 356 563 367 517 367 text 0
40 381 113 381 113 397 40 397 text 0
196 382 247 382 247 397 196 397 text 0
289 382 352 382 352 398 289 398 text 0
368 383 407 383 407 397 368 397 text 0
477 384 486 384 486 398 477 398 text 0
493 383 556 383 556 399 493 399 text 0
39 410 76 410 76 422 39 422 text 0
40 424 50 424 50 435 40 435 text 0
53 424 63 424 63 435 53 435 text 0
195 410 233 410 233 424 195 424 text 0
250 411 325 411 325 425 250 425 text 0
262 425 271 425 271 438 262 438 text 0
277 425 326 425 326 438 277 438 text 0
394 412 471 412 471 425 394 425 text 0
490 412 570 412 570 425 490 425 text 0
489 427 498 427 498 439 489 439 text 0
505 426 569 426 569 439 505 439 text 0
38 449 83 449 83 462 38 462 text 0
93 451 128 451 128 463 93 463 text 0
223 451 284 451 284 467 223 467 text 0
301 451 378 451 378 468 301 468 text 0
42 462 91 462 91 478 42 478 text 0
102 463 253 463 253 480 102 480 text 0
276 466 283 466 283 481 276 481 text 0
301 467 402 467 402 482 301 482 text 0
424 466 490 466 490 481 424 481 text 0
500 466 532 466 532 478 500 478 text 0
529 463 545 463 545 476 529 476 text 0
540 462 570 462 570 474 540 474 text 0
195 479 297 479 297 493 195 493 text 0
314 481 389 481 389 494 314 494 text 0
191 530 410 530 410 545 191 545 text 0
142 559 152 559 152 573 142 573 text 0
418 551 434 551 434 563 418 563 text 0
476 548 483 548 483 560 476 560 text 0
501 546 546 546 546 557 501 557 text 0
168 585 201 585 201 598 168 598 text 0
217 585 240 585 240 598 217 598 text 0
258 585 316 585 316 598 258 598 text 0
200 91 250 91 250 104 200 104 text 0
87 559 117 559 117 572 87 572 text 0
37 557 79 557 79 571 37 571 text 0
447 550 475 550 475 561 447 561 text 0