37 61 527 61 527 76 37 76 text 0
350 84 414 84 414 91 350 91 text 0
205 84 267 84 267 91 205 91 text 0
278 84 338 84 338 91 278 91 text 0
429 84 438 84 438 91 429 91 text 0
45 84 80 84 80 91 45 91 text 0
448 84 516 84 516 92 448 92 text 0
90 84 194 84 194 92 90 92 text 0
188 93 244 93 244 101 188 101 text 0
42 93 108 93 108 101 42 101 text 0
118 93 179 93 179 101 118 101 text 0
393 105 442 105 442 112 393 112 text 0
44 105 109 105 109 113 44 113 text 0
264 105 382 105 382 113 264 113 text 0
118 104 242 104 242 115 118 115 text 0
91 118 206 118 206 126 91 126 text 0
217 118 268 118 268 126 217 126 text 0
43 118 81 118 81 126 43 126 text 0
217 130 316 130 316 138 217 138 text 0
125 130 158 130 158 138 125 138 text 0
174 130 328 130 328 138 174 138 text 0
46 130 82 130 82 138 46 138 text 0
95 130 118 130 118 138 95 138 text 0
608 134 610 134 610 136 608 136 text 0
493 135 610 135 610 144 493 144 text 0
426 136 482 136 482 144 426 144 text 0
33 143 97 143 97 151 33 151 text 0
102 143 136 143 136 151 102 151 text 0
187 154 225 154 225 161 187 161 text 0
234 154 273 154 273 161 234 161 text 0
33 154 99 154 99 161 33 161 text 0
105 154 179 154 179 161 105 161 text 0
279 153 384 153 384 162 279 162 text 0
194 177 306 177 306 185 194 185 text 0
111 177 187 177 187 185 111 185 text 0
38 177 102 177 102 185 38 185 text 0
281 204 417 204 417 212 281 212 text 0
52 204 193 204 193 212 52 212 text 0
511 204 615 204 615 213 511 213 text 0
431 204 502 204 502 213 431 213 text 0
283 216 354 216 354 223 283 223 text 0
81 230 92 230 92 237 81 237 text 0
103 230 114 230 114 237 103 237 text 0
124 230 196 230 196 237 124 237 text 0
497 230 546 230 546 238 497 238 text 0
575 230 603 230 603 238 575 238 text 0
247 245 287 245 287 253 247 253 text 0
151 245 238 245 238 253 151 253 text 0
29 245 80 245 80 253 29 253 text 0
90 245 142 245 142 253 90 253 text 0
296 245 351 245 351 254 296 254 text 0
495 245 544 245 544 255 495 255 text 0
252 258 339 258 339 266 252 266 text 0
495 258 546 258 546 268 495 268 text 0
249 273 300 273 300 284 249 284 text 0
501 277 545 277 545 284 501 284 text 0
250 290 315 290 315 297 250 297 text 0
323 289 356 289 356 298 323 298 text 0
495 291 549 291 549 299 495 299 text 0
305 307 355 307 355 315 305 315 text 0
252 307 296 307 296 315 252 315 text 0
499 308 549 308 549 317 499 317 text 0
252 333 307 333 307 341 252 341 text 0
488 333 550 333 550 342 488 342 text 0
253 346 338 346 338 354 253 354 text 0
498 347 550 347 550 356 498 356 text 0
31 366 73 366 73 373 31 373 text 0
267 365 398 365 398 374 267 374 text 0
82 365 176 365 176 374 82 374 text 0
498 365 589 365 589 376 498 376 text 0
542 376 588 376 588 386 542 386 text 0
353 379 399 379 399 386 353 386 text 0
95 379 130 379 130 386 95 386 text 0
34 379 59 379 59 386 34 386 text 0
66 379 87 379 87 387 66 387 text 0
418 411 540 411 540 420 418 420 text 0
136 411 299 411 299 420 136 420 text 0
81 412 110 412 110 421 81 421 text 0
30 412 72 412 72 421 30 421 text 0
335 411 382 411 382 421 335 421 text 0
298 475 427 475 427 483 298 483 text 0
435 475 451 475 451 483 435 483 text 0
458 475 592 475 592 483 458 483 text 0
74 476 147 476 147 484 74 484 text 0
155 476 201 476 201 484 155 484 text 0
252 476 288 476 288 483 252 483 text 0
208 477 244 477 244 483 208 483 text 0
398 497 543 497 543 504 398 504 text 0
325 497 391 497 391 504 325 504 text 0
272 497 316 497 316 504 272 504 text 0
124 498 206 498 206 505 124 505 text 0
214 498 264 498 264 505 214 505 text 0
299 510 370 510 370 517 299 517 text 0
210 511 291 511 291 518 210 518 text 0
378 511 461 511 461 518 378 518 text 0
321 534 369 534 369 541 321 541 text 0
380 534 479 534 479 541 380 541 text 0
488 534 540 534 540 541 488 541 text 0
227 534 294 534 294 541 227 541 text 0
128 534 221 534 221 541 128 541 text 0
566 556 593 556 593 563 566 563 text 0
424 557 471 557 471 564 424 564 text 0
479 557 556 557 556 564 479 564 text 0
264 557 316 557 316 564 264 564 text 0
324 557 416 557 416 564 324 564 text 0
202 557 257 557 257 564 202 564 text 0
107 557 192 557 192 564 107 564 text 0
319 570 345 570 345 577 319 577 text 0
477 570 612 570 612 577 477 577 text 0
353 570 468 570 468 577 353 577 text 0
260 571 306 571 306 578 260 578 text 0
193 571 254 571 254 578 193 578 text 0
60 571 185 571 185 578 60 578 text 0
260 585 371 585 371 592 260 592 text 0
243 605 354 605 354 614 243 614 text 0
98 606 175 606 175 614 98 614 text 0
184 606 233 606 233 614 184 614 text 0
372 605 573 605 573 616 372 616 text 0