154 111 192 111 192 135 154 135 text 0
222 110 377 110 377 131 222 131 text 0
405 106 438 106 438 129 405 129 text 0
474 105 534 105 534 127 474 127 text 0
178 132 441 132 441 147 178 147 text 0
43 153 57 153 57 174 43 174 text 0
112 152 284 152 284 170 112 170 text 0
311 147 357 147 357 168 311 168 text 0
372 146 515 146 515 164 372 164 text 0
542 142 585 142 585 163 542 163 text 0
109 171 149 171 149 192 109 192 text 0
161 171 173 171 173 191 161 191 text 0
182 170 217 170 217 190 182 190 text 0
248 169 376 169 376 187 248 187 text 0
399 165 515 165 515 184 399 184 text 0
203 188 420 188 420 204 203 204 text 0
48 223 150 223 150 242 48 242 text 0
183 220 191 220 191 242 183 242 text 0
222 219 447 219 447 237 222 237 text 0
43 244 125 244 125 261 43 261 text 0
42 261 102 261 102 280 42 280 text 0
132 260 171 260 171 279 132 279 text 0
185 260 190 260 190 279 185 279 text 0
129 293 240 293 240 311 129 311 text 0
290 289 308 289 308 308 290 308 text 0
42 315 127 315 127 333 42 333 text 0
154 313 194 313 194 333 154 333 text 0
222 311 326 311 326 328 222 328 text 0
358 308 469 308 469 325 358 325 text 0
451 324 467 324 467 346 451 346 text 0
477 324 586 324 586 343 477 343 text 0
45 376 109 376 109 391 45 391 text 0
46 395 109 395 109 408 46 408 text 0
478 369 494 369 494 385 478 385 text 0
503 369 590 369 590 383 503 383 text 0
479 388 591 388 591 400 479 400 text 0
43 430 145 430 145 446 43 446 text 0
453 424 468 424 468 440 453 440 text 0
478 424 586 424 586 437 478 437 text 0
43 469 100 469 100 484 43 484 text 0
132 468 171 468 171 484 132 484 text 0
185 468 190 468 190 484 185 484 text 0
200 467 305 467 305 483 200 483 text 0
46 505 80 505 80 525 46 525 text 0
109 505 212 505 212 524 109 524 text 0
245 505 283 505 283 524 245 524 text 0
297 504 302 504 302 524 297 524 text 0
473 503 582 503 582 518 473 518 text 0
44 537 194 537 194 556 44 556 text 0
204 536 213 536 213 556 204 556 text 0
242 536 379 536 379 555 242 555 text 0
404 536 534 536 534 554 404 554 text 0
43 567 57 567 57 589 43 589 text 0
87 567 126 567 126 589 87 589 text 0
136 567 144 567 144 589 136 589 text 0
427 566 466 566 466 588 427 588 text 0
479 566 486 566 486 588 479 588 text 0
131 600 170 600 170 619 131 619 text 0
222 600 257 600 257 619 222 619 text 0
295 600 463 600 463 619 295 619 text 0
62 117 126 117 126 135 62 135 text 0
172 11 214 11 214 28 172 28 text 0
251 9 421 9 421 26 251 26 text 0
227 242 328 242 328 258 227 258 text 0
183 249 190 249 190 257 183 257 text 0
216 262 309 262 309 276 216 276 text 0
335 288 451 288 451 306 335 306 text 0
456 392 474 392 474 401 456 401 text 0
492 569 581 569 581 585 492 585 text 0
331 571 401 571 401 587 331 587 text 0
154 570 240 570 240 586 154 586 text 0