140 152 172 152 172 159 140 159 text 0
190 152 261 152 261 159 190 159 text 0
332 152 367 152 367 159 332 159 text 0
383 152 418 152 418 159 383 159 text 0
283 152 314 152 314 160 283 160 text 0
204 162 239 162 239 170 204 170 text 0
154 161 187 161 187 170 154 170 text 0
281 161 391 161 391 170 281 170 text 0
332 172 393 172 393 180 332 180 text 0
204 172 213 172 213 179 204 179 text 0
409 172 444 172 444 180 409 180 text 0
64 172 97 172 97 179 64 179 text 0
116 172 187 172 187 179 116 179 text 0
232 171 313 171 313 180 232 180 text 0
460 172 479 172 479 181 460 181 text 0
76 182 162 182 162 190 76 190 text 0
179 181 341 181 341 190 179 190 text 0
357 182 466 182 466 191 357 191 text 0
88 192 149 192 149 200 88 200 text 0
165 192 212 192 212 200 165 200 text 0
370 191 469 191 469 200 370 200 text 0
229 192 351 192 351 201 229 201 text 0
179 202 200 202 200 210 179 210 text 0
217 202 238 202 238 210 217 210 text 0
281 201 441 201 441 211 281 211 text 0
116 202 161 202 161 211 116 211 text 0
180 213 289 213 289 221 180 221 text 0
305 213 364 213 364 221 305 221 text 0
191 223 238 223 238 231 191 231 text 0
256 222 353 222 353 231 256 231 text 0
24 242 109 242 109 250 24 250 text 0
126 242 250 242 250 250 126 250 text 0
268 242 327 242 327 250 268 250 text 0
396 242 444 242 444 250 396 250 text 0
345 242 380 242 380 250 345 250 text 0
462 241 482 241 482 251 462 251 text 0
512 242 533 242 533 250 512 250 text 0
24 251 71 251 71 259 24 259 text 0
114 252 187 252 187 260 114 260 text 0
24 262 186 262 186 269 24 269 text 0
308 262 341 262 341 270 308 270 text 0
370 262 417 262 417 270 370 270 text 0
460 262 507 262 507 270 460 270 text 0
24 271 109 271 109 279 24 279 text 0
127 271 252 271 252 279 127 279 text 0
345 271 380 271 380 279 345 279 text 0
268 271 330 271 330 280 268 280 text 0
396 272 443 272 443 279 396 279 text 0
462 271 533 271 533 280 462 280 text 0
24 281 71 281 71 289 24 289 text 0
113 281 186 281 186 290 113 290 text 0
367 292 421 292 421 300 367 300 text 0
308 292 341 292 341 299 308 299 text 0
24 292 186 292 186 299 24 299 text 0
460 293 507 293 507 300 460 300 text 0
23 302 123 302 123 310 23 310 text 0
139 302 264 302 264 310 139 310 text 0
373 302 469 302 469 310 373 310 text 0
281 302 353 302 353 310 281 310 text 0
511 303 533 303 533 310 511 310 text 0
23 312 110 312 110 320 23 320 text 0
152 312 161 312 161 320 152 320 text 0
23 322 109 322 109 330 23 330 text 0
308 322 312 322 312 330 308 330 text 0
331 322 341 322 341 330 331 330 text 0
357 322 417 322 417 330 357 330 text 0
447 322 507 322 507 330 447 330 text 0
151 342 161 342 161 350 151 350 text 0
524 343 533 343 533 350 524 350 text 0
24 342 108 342 108 351 24 351 text 0
408 342 480 342 480 351 408 351 text 0
24 361 81 361 81 369 24 369 text 0
177 362 250 362 250 370 177 370 text 0
102 361 150 361 150 370 102 370 text 0
434 362 456 362 456 370 434 370 text 0
472 362 533 362 533 370 472 370 text 0
23 372 71 372 71 380 23 380 text 0
435 372 456 372 456 380 435 380 text 0
472 372 533 372 533 380 472 380 text 0
23 392 58 392 58 400 23 400 text 0
253 391 338 391 338 401 253 401 text 0
383 392 467 392 467 400 383 400 text 0
74 392 160 392 160 401 74 401 text 0
305 401 368 401 368 410 305 410 text 0
23 402 58 402 58 410 23 410 text 0
74 403 122 403 122 410 74 410 text 0
447 403 494 403 494 410 447 410 text 0
369 432 389 432 389 440 369 440 text 0
409 432 533 432 533 440 409 440 text 0
22 432 122 432 122 440 22 440 text 0
141 432 199 432 199 440 141 440 text 0
216 432 263 432 263 440 216 440 text 0
280 433 327 433 327 440 280 440 text 0
138 442 186 442 186 450 138 450 text 0
293 442 366 442 366 450 293 450 text 0
228 443 275 443 275 450 228 450 text 0
23 443 123 443 123 451 23 451 text 0
102 462 199 462 199 470 102 470 text 0
215 462 250 462 250 470 215 470 text 0
268 462 354 462 354 470 268 470 text 0
370 462 443 462 443 470 370 470 text 0
242 472 290 472 290 480 242 480 text 0
152 472 161 472 161 480 152 480 text 0
178 472 225 472 225 480 178 480 text 0
305 472 402 472 402 480 305 480 text 0
280 482 328 482 328 489 280 489 text 0
344 482 428 482 428 489 344 489 text 0
126 482 225 482 225 490 126 490 text 0
243 482 264 482 264 490 243 490 text 0