34 46 103 46 103 69 34 69 text 0
132 47 334 47 334 70 132 70 text 0
118 70 184 70 184 89 118 89 text 0
205 71 291 71 291 90 205 90 text 0
311 70 480 70 480 91 311 91 text 0
50 91 132 91 132 111 50 111 text 0
155 91 189 91 189 111 155 111 text 0
190 91 203 91 203 111 190 111 text 0
208 91 323 91 323 111 208 111 text 0
346 91 532 91 532 111 346 111 text 0
189 112 287 112 287 130 189 130 text 0
308 112 395 112 395 130 308 130 text 0
205 133 376 133 376 149 205 149 text 0
119 154 237 154 237 170 119 170 text 0
254 154 391 154 391 170 254 170 text 0
16 182 97 182 97 198 16 198 text 0
242 183 408 183 408 198 242 198 text 0
11 203 79 203 79 219 11 219 text 0
242 202 376 202 376 218 242 218 text 0
12 222 66 222 66 243 12 243 text 0
83 222 115 222 115 242 83 242 text 0
210 223 212 223 212 239 210 239 text 0
240 223 306 223 306 240 240 240 text 0
14 254 170 254 170 273 14 273 text 0
343 255 387 255 387 272 343 272 text 0
479 255 489 255 489 273 479 273 text 0
492 255 548 255 548 273 492 273 text 0
14 276 183 276 183 294 14 294 text 0
478 278 491 278 491 290 478 290 text 0
493 278 550 278 550 294 493 294 text 0
13 322 148 322 148 338 13 338 text 0
14 343 149 343 149 358 14 358 text 0
430 322 450 322 450 341 430 341 text 0
453 322 541 322 541 341 453 341 text 0
408 344 425 344 425 363 408 363 text 0
433 344 543 344 543 363 433 363 text 0
8 385 97 385 97 403 8 403 text 0
430 390 441 390 441 408 430 408 text 0
449 390 548 390 548 408 449 408 text 0
10 406 80 406 80 425 10 425 text 0
98 406 164 406 164 425 98 425 text 0
448 411 459 411 459 429 448 429 text 0
465 411 548 411 548 430 465 430 text 0
9 436 60 436 60 456 9 456 text 0
81 437 129 437 129 459 81 459 text 0
150 438 252 438 252 460 150 460 text 0
12 459 27 459 27 475 12 475 text 0
28 459 59 459 59 475 28 475 text 0
229 462 306 462 306 478 229 478 text 0
0 481 24 481 24 497 0 497 text 0
31 480 63 480 63 496 31 496 text 0
237 481 304 481 304 498 237 498 text 0
473 483 550 483 550 500 473 500 text 0
0 508 129 508 129 527 0 527 text 0
139 509 142 509 142 527 139 527 text 0
171 509 251 509 251 527 171 527 text 0
273 509 354 509 354 528 273 528 text 0
0 528 114 528 114 547 0 547 text 0
140 529 144 529 144 545 140 545 text 0
167 529 444 529 444 548 167 548 text 0
30 549 372 549 372 568 30 568 text 0
15 579 61 579 61 596 15 596 text 0
122 581 125 581 125 597 122 597 text 0
134 581 199 581 199 598 134 598 text 0
414 584 426 584 426 598 414 598 text 0
448 583 479 583 479 598 448 598 text 0
487 584 490 584 490 598 487 598 text 0
502 584 569 584 569 598 502 598 text 0
171 614 205 614 205 632 171 632 text 0
231 614 258 614 258 632 231 632 text 0
281 614 418 614 418 633 281 633 text 0
361 49 431 49 431 68 361 68 text 0
476 52 551 52 551 73 476 73 text 0
410 154 469 154 469 168 410 168 text 0
204 208 217 208 217 218 204 218 text 0
208 188 215 188 215 199 208 199 text 0
341 280 392 280 392 294 341 294 text 0
475 462 550 462 550 477 475 477 text 0
81 581 114 581 114 596 81 596 text 0