90 96 285 96 285 108 90 108 text 0
294 97 312 97 312 108 294 108 text 0
322 97 418 97 418 108 322 108 text 0
426 97 557 97 557 108 426 108 text 0
175 114 250 114 250 124 175 124 text 0
369 115 453 115 453 124 369 124 text 0
256 115 334 115 334 124 256 124 text 0
459 115 546 115 546 124 459 124 text 0
105 115 167 115 167 125 105 125 text 0
342 115 360 115 360 125 342 125 text 0
246 132 313 132 313 141 246 141 text 0
321 132 399 132 399 141 321 141 text 0
407 132 515 132 515 141 407 141 text 0
133 132 238 132 238 143 133 143 text 0
333 150 386 150 386 159 333 159 text 0
113 150 162 150 162 159 113 159 text 0
170 150 310 150 310 159 170 159 text 0
394 149 537 149 537 159 394 159 text 0
321 150 325 150 325 161 321 161 text 0
161 165 228 165 228 175 161 175 text 0
236 164 486 164 486 179 236 179 text 0
303 186 340 186 340 195 303 195 text 0
350 186 508 186 508 195 350 195 text 0
142 185 245 185 245 197 142 197 text 0
251 185 297 185 297 197 251 197 text 0
273 203 309 203 309 212 273 212 text 0
164 203 214 203 214 212 164 212 text 0
319 203 486 203 486 212 319 212 text 0
221 203 265 203 265 215 221 215 text 0
302 226 402 226 402 235 302 235 text 0
248 226 294 226 294 235 248 235 text 0
54 246 131 246 131 255 54 255 text 0
139 246 182 246 182 255 139 255 text 0
233 246 352 246 352 255 233 255 text 0
235 264 354 264 354 273 235 273 text 0
363 264 422 264 422 273 363 273 text 0
55 263 106 263 106 273 55 273 text 0
116 265 119 265 119 273 116 273 text 0
237 281 245 281 245 290 237 290 text 0
55 280 171 280 171 290 55 290 text 0
430 302 473 302 473 313 430 313 text 0
528 302 595 302 595 313 528 313 text 0
55 322 124 322 124 331 55 331 text 0
132 322 200 322 200 331 132 331 text 0
85 338 116 338 116 347 85 347 text 0
167 338 238 338 238 347 167 347 text 0
411 338 482 338 482 347 411 347 text 0
172 360 265 360 265 371 172 371 text 0
411 361 484 361 484 370 411 370 text 0
413 379 487 379 487 390 413 390 text 0
82 380 278 380 278 389 82 389 text 0
89 398 142 398 142 407 89 407 text 0
150 398 192 398 192 407 150 407 text 0
201 398 224 398 224 407 201 407 text 0
227 398 278 398 278 407 227 407 text 0
412 398 484 398 484 407 412 407 text 0
169 422 265 422 265 435 169 435 text 0
411 425 483 425 483 434 411 434 text 0
219 440 262 440 262 449 219 449 text 0
437 440 484 440 484 449 437 449 text 0
128 440 211 440 211 452 128 452 text 0
59 464 113 464 113 473 59 473 text 0
219 464 227 464 227 473 219 473 text 0
120 464 195 464 195 476 120 476 text 0
460 487 499 487 499 496 460 496 text 0
261 486 401 486 401 498 261 498 text 0
62 488 113 488 113 497 62 497 text 0
505 486 557 486 557 498 505 498 text 0
120 488 222 488 222 499 120 499 text 0
330 507 401 507 401 516 330 516 text 0
510 507 557 507 557 516 510 516 text 0
61 505 100 505 100 518 61 518 text 0
154 506 219 506 219 518 154 518 text 0
247 568 333 568 333 580 247 580 text 0
339 570 391 570 391 579 339 579 text 0
193 585 286 585 286 594 193 594 text 0
374 585 449 585 449 594 374 594 text 0
295 586 366 586 366 595 295 595 text 0