79 72 159 72 159 83 79 83 text 0
192 74 296 74 296 83 192 83 text 0
325 74 541 74 541 84 325 84 text 0
83 82 350 82 350 90 83 90 text 0
408 84 543 84 543 92 408 92 text 0
133 91 244 91 244 100 133 100 text 0
297 91 378 91 378 100 297 100 text 0
400 91 484 91 484 100 400 100 text 0
257 99 365 99 365 108 257 108 text 0
267 107 331 107 331 117 267 117 text 0
183 109 237 109 237 116 183 116 text 0
127 109 157 109 157 118 127 118 text 0
346 110 409 110 409 117 346 117 text 0
425 110 493 110 493 118 425 118 text 0
217 117 287 117 287 125 217 125 text 0
167 118 198 118 198 126 167 126 text 0
310 118 379 118 379 126 310 126 text 0
394 118 446 118 446 126 394 126 text 0
113 126 209 126 209 135 113 135 text 0
221 127 265 127 265 135 221 135 text 0
291 127 358 127 358 135 291 135 text 0
441 128 504 128 504 136 441 136 text 0
368 128 426 128 426 136 368 136 text 0
60 136 100 136 100 143 60 143 text 0
127 136 167 136 167 143 127 143 text 0
311 136 361 136 361 144 311 144 text 0
210 136 304 136 304 144 210 144 text 0
381 136 412 136 412 144 381 144 text 0
453 136 559 136 559 144 453 144 text 0
229 145 258 145 258 152 229 152 text 0
171 145 216 145 216 152 171 152 text 0
283 144 447 144 447 154 283 154 text 0
158 162 295 162 295 178 158 178 text 0
364 163 457 163 457 178 364 178 text 0
311 164 352 164 352 178 311 178 text 0
36 198 95 198 95 207 36 207 text 0
37 215 127 215 127 223 37 223 text 0
335 215 388 215 388 224 335 224 text 0
145 216 167 216 167 223 145 223 text 0
188 216 319 216 319 224 188 224 text 0
415 216 554 216 554 225 415 225 text 0
227 225 278 225 278 233 227 233 text 0
37 224 189 224 189 233 37 233 text 0
411 225 522 225 522 234 411 234 text 0
334 225 385 225 385 234 334 234 text 0
202 227 207 227 207 232 202 232 text 0
36 242 91 242 91 251 36 251 text 0
385 243 426 243 426 251 385 251 text 0
461 242 547 242 547 252 461 252 text 0
273 243 322 243 322 252 273 252 text 0
376 253 419 253 419 260 376 260 text 0
498 252 542 252 542 260 498 260 text 0
35 259 212 259 212 268 35 268 text 0
492 260 577 260 577 269 492 269 text 0
282 261 289 261 289 268 282 268 text 0
371 261 428 261 428 270 371 270 text 0
36 268 102 268 102 278 36 278 text 0
117 270 155 270 155 278 117 278 text 0
170 270 229 270 229 278 170 278 text 0
240 270 278 270 278 278 240 278 text 0
296 270 375 270 375 279 296 279 text 0
372 287 387 287 387 296 372 296 text 0
35 287 101 287 101 297 35 297 text 0
113 288 219 288 219 297 113 297 text 0
243 315 362 315 362 323 243 323 text 0
388 316 430 316 430 323 388 323 text 0
528 316 582 316 582 323 528 323 text 0
524 324 579 324 579 331 524 331 text 0
320 323 378 323 378 332 320 332 text 0
322 332 433 332 433 341 322 341 text 0
523 332 578 332 578 341 523 341 text 0
70 340 201 340 201 349 70 349 text 0
471 341 577 341 577 349 471 349 text 0
67 350 184 350 184 358 67 358 text 0
437 350 581 350 581 359 437 359 text 0
68 359 225 359 225 368 68 368 text 0
450 360 579 360 579 368 450 368 text 0
185 376 209 376 209 386 185 386 text 0
263 377 368 377 368 386 263 386 text 0
382 377 413 377 413 387 382 387 text 0
219 377 247 377 247 387 219 387 text 0
421 378 493 378 493 386 421 386 text 0
126 377 177 377 177 386 126 386 text 0
288 394 383 394 383 403 288 403 text 0
232 395 274 395 274 404 232 404 text 0
45 412 96 412 96 420 45 420 text 0
258 413 341 413 341 423 258 423 text 0
480 413 572 413 572 423 480 423 text 0
406 413 429 413 429 425 406 425 text 0
45 429 84 429 84 440 45 440 text 0
512 430 574 430 574 439 512 439 text 0
288 430 342 430 342 439 288 439 text 0
406 431 421 431 421 439 406 439 text 0
516 458 579 458 579 465 516 465 text 0
358 457 422 457 422 466 358 466 text 0
302 457 342 457 342 466 302 466 text 0
188 494 247 494 247 503 188 503 text 0
106 496 179 496 179 503 106 503 text 0
260 496 299 496 299 502 260 502 text 0
311 496 349 496 349 503 311 503 text 0
363 496 501 496 501 503 363 503 text 0
324 505 434 505 434 511 324 511 text 0
447 506 478 506 478 512 447 512 text 0
271 505 313 505 313 513 271 513 text 0
216 505 260 505 260 512 216 512 text 0
135 505 209 505 209 513 135 513 text 0
126 513 220 513 220 520 126 520 text 0
478 514 546 514 546 520 478 520 text 0
70 514 116 514 116 521 70 521 text 0
423 514 462 514 462 521 423 521 text 0
236 514 337 514 337 521 236 521 text 0
355 515 404 515 404 521 355 521 text 0
43 522 153 522 153 528 43 528 text 0
355 522 412 522 412 529 355 529 text 0
422 522 574 522 574 529 422 529 text 0
289 522 342 522 342 529 289 529 text 0
160 522 249 522 249 529 160 529 text 0
264 523 273 523 273 530 264 530 text 0
408 530 478 530 478 537 408 537 text 0
55 530 133 530 133 537 55 537 text 0
139 530 195 530 195 537 139 537 text 0
285 529 392 529 392 539 285 539 text 0
246 530 278 530 278 538 246 538 text 0
532 531 559 531 559 538 532 538 text 0
208 530 236 530 236 538 208 538 text 0
489 530 521 530 521 539 489 539 text 0
339 537 448 537 448 546 339 546 text 0
161 538 273 538 273 546 161 546 text 0
283 538 326 538 326 546 283 546 text 0