116 109 152 109 152 119 116 119 text 0
173 109 242 109 242 120 173 120 text 0
398 109 437 109 437 119 398 119 text 0
455 109 493 109 493 119 455 119 text 0
273 109 379 109 379 121 273 121 text 0
175 122 212 122 212 134 175 134 text 0
315 122 436 122 436 134 315 134 text 0
229 123 268 123 268 134 229 134 text 0
75 135 112 135 112 146 75 146 text 0
133 135 211 135 211 146 133 146 text 0
230 136 240 136 240 146 230 146 text 0
371 136 437 136 437 147 371 147 text 0
455 136 493 136 493 147 455 147 text 0
260 136 349 136 349 148 260 148 text 0
512 136 533 136 533 148 512 148 text 0
88 149 183 149 183 160 88 160 text 0
202 149 382 149 382 160 202 160 text 0
399 150 519 150 519 162 399 162 text 0
104 163 171 163 171 173 104 173 text 0
188 163 239 163 239 174 188 174 text 0
412 163 521 163 521 174 412 174 text 0
257 163 392 163 392 175 257 175 text 0
245 176 269 176 269 187 245 187 text 0
202 177 226 177 226 187 202 187 text 0
134 176 183 176 183 188 134 188 text 0
291 176 478 176 478 188 291 188 text 0
259 190 365 190 365 202 259 202 text 0
286 203 381 203 381 214 286 214 text 0
231 204 269 204 269 214 231 214 text 0
34 230 99 230 99 241 34 241 text 0
118 230 170 230 170 241 118 241 text 0
569 231 593 231 593 241 569 241 text 0
32 244 166 244 166 255 32 255 text 0
218 244 283 244 283 256 218 256 text 0
33 257 212 257 212 268 33 268 text 0
345 258 381 258 381 268 345 268 text 0
401 258 466 258 466 268 401 268 text 0
500 258 563 258 563 269 500 269 text 0
187 271 297 271 297 282 187 282 text 0
32 270 170 270 170 282 32 282 text 0
314 271 353 271 353 282 314 282 text 0
569 272 593 272 593 282 569 282 text 0
33 284 85 284 85 295 33 295 text 0
134 285 212 285 212 297 134 297 text 0
32 297 212 297 212 309 32 309 text 0
345 298 381 298 381 309 345 309 text 0
511 298 563 298 563 309 511 309 text 0
414 299 465 299 465 309 414 309 text 0
31 311 83 311 83 322 31 322 text 0
158 311 226 311 226 322 158 322 text 0
103 311 142 311 142 323 103 323 text 0
343 312 365 312 365 323 343 323 text 0
244 312 325 312 325 323 244 323 text 0
569 313 593 313 593 323 569 323 text 0
32 325 85 325 85 336 32 336 text 0
135 325 213 325 213 337 135 337 text 0
34 339 125 339 125 349 34 349 text 0
413 339 435 339 435 349 413 349 text 0
345 339 381 339 381 349 345 349 text 0
541 339 564 339 564 349 541 349 text 0
512 340 534 340 534 350 512 350 text 0
443 338 479 338 479 353 443 353 text 0
34 364 125 364 125 377 34 377 text 0
175 366 184 366 184 376 175 376 text 0
581 366 592 366 592 377 581 377 text 0
455 365 533 365 533 378 455 378 text 0
557 369 561 369 561 377 557 377 text 0
33 392 96 392 96 403 33 403 text 0
119 392 181 392 181 402 119 402 text 0
203 393 240 393 240 403 203 403 text 0
483 393 508 393 508 403 483 403 text 0
527 393 592 393 592 403 527 403 text 0
31 405 141 405 141 416 31 416 text 0
159 406 296 406 296 417 159 417 text 0
483 406 522 406 522 417 483 417 text 0
540 407 593 407 593 417 540 417 text 0
31 418 98 418 98 429 31 429 text 0
117 419 212 419 212 430 117 430 text 0
527 420 592 420 592 431 527 431 text 0
483 420 508 420 508 430 483 430 text 0
32 433 85 433 85 443 32 443 text 0
483 433 508 433 508 444 483 444 text 0
525 433 593 433 593 444 525 444 text 0
32 445 112 445 112 456 32 456 text 0
497 446 522 446 522 457 497 457 text 0
540 446 593 446 593 457 540 457 text 0
33 472 71 472 71 482 33 482 text 0
88 472 183 472 183 484 88 484 text 0
287 472 380 472 380 484 287 484 text 0
427 473 520 473 520 485 427 485 text 0
34 485 70 485 70 495 34 495 text 0
90 485 155 485 155 496 90 496 text 0
343 486 408 486 408 497 343 497 text 0
498 486 551 486 551 497 498 497 text 0
33 525 142 525 142 536 33 536 text 0
244 526 294 526 294 536 244 536 text 0
315 526 367 526 367 536 315 536 text 0
161 526 226 526 226 537 161 537 text 0
456 526 596 526 596 537 456 537 text 0
415 527 435 527 435 537 415 537 text 0
33 539 142 539 142 549 33 549 text 0
158 539 211 539 211 549 158 549 text 0
259 539 339 539 339 550 259 550 text 0
231 544 240 544 240 546 231 546 text 0
357 539 394 539 394 550 357 550 text 0
243 566 282 566 282 577 243 577 text 0
118 566 226 566 226 577 118 577 text 0
301 566 395 566 395 577 301 577 text 0
414 567 494 567 494 578 414 578 text 0
174 579 185 579 185 590 174 590 text 0
202 579 254 579 254 590 202 590 text 0
343 579 440 579 440 590 343 590 text 0
273 580 325 580 325 590 273 590 text 0
147 593 254 593 254 604 147 604 text 0
273 593 297 593 297 604 273 604 text 0
315 593 367 593 367 604 315 604 text 0
386 593 471 593 471 604 386 604 text 0