162 83 314 83 314 97 162 97 text 0
330 82 404 82 404 98 330 98 text 0
421 81 508 81 508 96 421 96 text 0
70 101 146 101 146 117 70 117 text 0
162 100 197 100 197 117 162 117 text 0
205 100 208 100 208 117 205 117 text 0
230 100 288 100 288 117 230 117 text 0
303 100 340 100 340 116 303 116 text 0
347 100 349 100 349 116 347 116 text 0
369 100 393 100 393 116 369 116 text 0
400 99 403 99 403 115 400 115 text 0
409 99 431 99 431 115 409 115 text 0
447 99 525 99 525 115 447 115 text 0
540 98 603 98 603 114 540 114 text 0
304 121 368 121 368 133 304 133 text 0
228 138 261 138 261 154 228 154 text 0
269 138 272 138 272 154 269 154 text 0
291 138 326 138 326 154 291 154 text 0
342 138 431 138 431 152 342 152 text 0
71 162 222 162 222 177 71 177 text 0
239 162 314 162 314 177 239 177 text 0
449 161 470 161 470 177 449 177 text 0
485 161 588 161 588 176 485 176 text 0
97 180 171 180 171 197 97 197 text 0
188 180 262 180 262 196 188 196 text 0
270 180 271 180 271 196 270 196 text 0
291 179 366 179 366 196 291 196 text 0
382 179 418 179 418 196 382 196 text 0
450 180 510 180 510 196 450 196 text 0
525 179 562 179 562 196 525 196 text 0
174 199 197 199 197 215 174 215 text 0
205 199 207 199 207 215 205 215 text 0
252 199 326 199 326 214 252 214 text 0
344 199 405 199 405 214 344 214 text 0
420 199 483 199 483 214 420 214 text 0
107 223 237 223 237 241 107 241 text 0
382 225 401 225 401 239 382 239 text 0
406 225 412 225 412 239 406 239 text 0
429 224 606 224 606 238 429 238 text 0
58 244 82 244 82 261 58 261 text 0
87 244 93 244 93 261 87 261 text 0
97 244 124 244 124 261 97 261 text 0
127 244 134 244 134 261 127 261 text 0
139 244 224 244 224 261 139 261 text 0
233 244 239 244 239 261 233 261 text 0
244 244 262 244 262 261 244 261 text 0
383 243 393 243 393 257 383 257 text 0
401 243 402 243 402 257 401 257 text 0
410 243 485 243 485 257 410 257 text 0
504 243 511 243 511 257 504 257 text 0
516 243 523 243 523 257 516 257 text 0
529 243 602 243 602 258 529 258 text 0
55 263 92 263 92 279 55 279 text 0
100 263 109 263 109 279 100 279 text 0
112 262 287 262 287 279 112 279 text 0
330 261 443 261 443 277 330 277 text 0
452 260 453 260 453 277 452 277 text 0
525 260 598 260 598 276 525 276 text 0
60 280 94 280 94 297 60 297 text 0
100 280 103 280 103 297 100 297 text 0
110 279 210 279 210 297 110 297 text 0
225 279 249 279 249 296 225 296 text 0
257 279 258 279 258 296 257 296 text 0
265 278 353 278 353 296 265 296 text 0
107 300 135 300 135 316 107 316 text 0
153 299 180 299 180 316 153 316 text 0
199 299 205 299 205 315 199 315 text 0
199 320 305 320 305 336 199 336 text 0
336 319 495 319 495 335 336 335 text 0
109 345 171 345 171 362 109 362 text 0
190 344 260 344 260 360 190 360 text 0
408 364 469 364 469 383 408 383 text 0
476 364 482 364 482 383 476 383 text 0
499 363 540 363 540 381 499 381 text 0
569 362 608 362 608 381 569 381 text 0
70 384 120 384 120 403 70 403 text 0
135 384 235 384 235 403 135 403 text 0
252 384 327 384 327 402 252 402 text 0
343 383 588 383 588 402 343 402 text 0
124 429 147 429 147 445 124 445 text 0
161 429 434 429 434 445 161 445 text 0
450 429 471 429 471 445 450 445 text 0
489 429 536 429 536 445 489 445 text 0
110 448 172 448 172 465 110 465 text 0
188 448 263 448 263 465 188 465 text 0
281 448 355 448 355 465 281 465 text 0
372 448 550 448 550 465 372 465 text 0
136 508 371 508 371 543 136 543 text 0
392 506 603 506 603 542 392 542 text 0
136 556 214 556 214 573 136 573 text 0
230 556 254 556 254 575 230 575 text 0
257 556 267 556 267 575 257 575 text 0
280 556 329 556 329 575 280 575 text 0
411 556 460 556 460 575 411 575 text 0
476 556 525 556 525 575 476 575 text 0
189 575 473 575 473 593 189 593 text 0
163 599 224 599 224 615 163 615 text 0
245 599 252 599 252 615 245 615 text 0
256 599 305 599 305 615 256 615 text 0
329 162 434 162 434 177 329 177 text 0
63 223 79 223 79 242 63 242 text 0
461 263 511 263 511 276 461 276 text 0
473 278 512 278 512 295 473 295 text 0
538 279 604 279 604 294 538 294 text 0
498 298 588 298 588 314 498 314 text 0
54 347 96 347 96 362 54 362 text 0
341 558 396 558 396 573 341 573 text 0
134 602 150 602 150 616 134 616 text 0
322 602 421 602 421 615 322 615 text 0
435 602 517 602 517 614 435 614 text 0
216 201 237 201 237 216 216 216 text 0