75 25 171 25 171 44 75 44 text 0
197 25 332 25 332 43 197 43 text 0
356 24 390 24 390 43 356 43 text 0
418 24 471 24 471 43 418 43 text 0
480 33 490 33 490 43 480 43 text 0
33 46 171 46 171 66 33 66 text 0
194 46 205 46 205 66 194 66 text 0
235 45 311 45 311 65 235 65 text 0
355 45 637 45 637 64 355 64 text 0
115 70 313 70 313 90 115 90 text 0
335 70 371 70 371 90 335 90 text 0
381 70 384 70 384 89 381 89 text 0
396 70 433 70 433 89 396 89 text 0
440 70 444 70 444 89 440 89 text 0
457 70 547 70 547 90 457 90 text 0
35 94 212 94 212 115 35 115 text 0
216 93 231 93 231 115 216 115 text 0
233 92 372 92 372 113 233 113 text 0
395 91 452 91 452 113 395 113 text 0
460 91 464 91 464 113 460 113 text 0
477 91 615 91 615 112 477 112 text 0
96 115 229 115 229 134 96 134 text 0
256 115 325 115 325 134 256 134 text 0
337 115 350 115 350 134 337 134 text 0
376 115 574 115 574 134 376 134 text 0
74 137 190 137 190 156 74 156 text 0
214 137 250 137 250 156 214 156 text 0
260 137 264 137 264 156 260 156 text 0
275 137 594 137 594 156 275 156 text 0
135 159 514 159 514 179 135 179 text 0
35 195 127 195 127 215 35 215 text 0
137 195 149 195 149 215 137 215 text 0
159 195 348 195 348 215 159 215 text 0
395 195 470 195 470 215 395 215 text 0
480 195 483 195 483 215 480 215 text 0
516 195 613 195 613 215 516 215 text 0
33 219 91 219 91 237 33 237 text 0
113 218 147 218 147 236 113 236 text 0
160 218 170 218 170 236 160 236 text 0
181 218 190 218 190 236 181 236 text 0
174 260 233 260 233 282 174 282 text 0
274 260 347 260 347 282 274 282 text 0
374 260 487 260 487 282 374 282 text 0
35 305 151 305 151 326 35 326 text 0
174 305 210 305 210 326 174 326 text 0
235 305 251 305 251 326 235 326 text 0
274 305 371 305 371 326 274 326 text 0
34 328 251 328 251 347 34 347 text 0
273 329 290 329 290 347 273 347 text 0
294 329 330 329 330 347 294 347 text 0
496 328 508 328 508 349 496 349 text 0
514 328 632 328 632 349 514 349 text 0
34 372 150 372 150 391 34 391 text 0
33 392 267 392 267 414 33 414 text 0
516 373 528 373 528 392 516 392 text 0
533 373 631 373 631 392 533 392 text 0
497 396 507 396 507 414 497 414 text 0
513 396 630 396 630 414 513 414 text 0
32 438 60 438 60 458 32 458 text 0
72 438 149 438 149 458 72 458 text 0
494 439 507 439 507 458 494 458 text 0
513 439 631 439 631 458 513 458 text 0
32 480 129 480 129 501 32 501 text 0
153 480 190 480 190 501 153 501 text 0
197 480 201 480 201 501 197 501 text 0
233 481 287 481 287 501 233 501 text 0
34 503 191 503 191 523 34 523 text 0
33 545 89 545 89 568 33 568 text 0
112 545 150 545 150 568 112 568 text 0
157 545 161 545 161 568 157 568 text 0
192 545 269 545 269 568 192 568 text 0
432 550 448 550 448 568 432 568 text 0
471 549 508 549 508 568 471 568 text 0
516 550 519 550 519 568 516 568 text 0
553 550 630 550 630 568 553 568 text 0
292 591 326 591 326 613 292 613 text 0
353 591 507 591 507 613 353 613 text 0
495 24 570 24 570 43 495 43 text 0