82 32 218 32 218 46 82 46 text 0
238 32 386 32 386 46 238 46 text 0
410 34 466 34 466 45 410 45 text 0
482 34 512 34 512 45 482 45 text 0
203 47 251 47 251 59 203 59 text 0
272 45 317 45 317 59 272 59 text 0
325 46 334 46 334 60 325 60 text 0
115 59 229 59 229 73 115 73 text 0
253 59 285 59 285 73 253 73 text 0
316 59 475 59 475 73 316 73 text 0
79 73 196 73 196 87 79 87 text 0
219 73 250 73 250 87 219 87 text 0
270 73 439 73 439 87 270 87 text 0
462 76 495 76 495 86 462 86 text 0
497 73 503 73 503 87 497 87 text 0
116 87 149 87 149 100 116 100 text 0
170 87 198 87 198 100 170 100 text 0
208 87 213 87 213 100 208 100 text 0
226 87 234 87 234 100 226 100 text 0
272 87 366 87 366 100 272 100 text 0
378 87 385 87 385 100 378 100 text 0
409 87 495 87 495 100 409 100 text 0
153 100 191 100 191 114 153 114 text 0
255 100 303 100 303 114 255 114 text 0
324 100 440 100 440 114 324 114 text 0
29 119 199 119 199 133 29 133 text 0
409 121 458 121 458 136 409 136 text 0
477 120 510 120 510 136 477 136 text 0
550 120 575 120 575 136 550 136 text 0
30 132 100 132 100 145 30 145 text 0
117 132 198 132 198 146 117 146 text 0
30 154 109 154 109 165 30 165 text 0
480 155 487 155 487 168 480 168 text 0
492 154 579 154 579 167 492 167 text 0
30 174 161 174 161 188 30 188 text 0
468 175 479 175 479 191 468 191 text 0
492 175 576 175 576 190 492 190 text 0
33 190 163 190 163 206 33 206 text 0
447 192 456 192 456 208 447 208 text 0
464 192 576 192 576 208 464 208 text 0
27 213 104 213 104 227 27 227 text 0
131 213 208 213 208 227 131 227 text 0
480 215 487 215 487 229 480 229 text 0
493 215 579 215 579 228 493 228 text 0
103 251 126 251 126 264 103 264 text 0
130 251 133 251 133 264 130 264 text 0
153 251 323 251 323 264 153 264 text 0
395 251 428 251 428 264 395 264 text 0
441 251 462 251 462 264 441 264 text 0
468 251 472 251 472 264 468 264 text 0
488 251 578 251 578 264 488 264 text 0
27 264 80 264 80 276 27 276 text 0
94 264 113 264 113 276 94 276 text 0
119 264 124 264 124 276 119 276 text 0
129 264 173 264 173 276 129 276 text 0
179 264 185 264 185 276 179 276 text 0
185 264 252 264 252 276 185 276 text 0
525 265 579 265 579 276 525 276 text 0
165 277 219 277 219 289 165 289 text 0
236 277 241 277 241 289 236 289 text 0
255 277 287 277 287 289 255 289 text 0
293 277 297 277 297 289 293 289 text 0
302 277 335 277 335 289 302 289 text 0
351 277 358 277 358 289 351 289 text 0
372 277 438 277 438 289 372 289 text 0
235 291 342 291 342 303 235 303 text 0
421 303 506 303 506 317 421 317 text 0
221 318 288 318 288 330 221 330 text 0
302 318 381 318 381 330 302 330 text 0
236 331 344 331 344 343 236 343 text 0
190 344 297 344 297 357 190 357 text 0
328 344 366 344 366 357 328 357 text 0
28 357 59 357 59 369 28 369 text 0
76 357 80 357 80 369 76 369 text 0
96 357 254 357 254 369 96 369 text 0
533 358 577 358 577 368 533 368 text 0
199 371 241 371 241 382 199 382 text 0
256 371 301 371 301 382 256 382 text 0
317 371 320 371 320 382 317 382 text 0
339 371 404 371 404 383 339 383 text 0
85 383 139 383 139 396 85 396 text 0
153 383 253 383 253 396 153 396 text 0
267 383 297 383 297 396 267 396 text 0
313 383 357 383 357 396 313 396 text 0
371 383 448 383 448 396 371 396 text 0
463 382 519 382 519 396 463 396 text 0
177 397 198 397 198 410 177 410 text 0
211 396 288 396 288 410 211 410 text 0
302 396 415 396 415 410 302 410 text 0
131 423 220 423 220 437 131 437 text 0
348 423 414 423 414 437 348 437 text 0
430 423 449 423 449 437 430 437 text 0
465 423 472 423 472 437 465 437 text 0
190 437 263 437 263 450 190 450 text 0
280 437 332 437 332 449 280 449 text 0
348 437 369 437 369 449 348 449 text 0
374 437 377 437 377 449 374 449 text 0
397 436 402 436 402 449 397 449 text 0
51 449 129 449 129 463 51 463 text 0
143 449 175 449 175 463 143 463 text 0
200 450 313 450 313 464 200 464 text 0
325 450 346 450 346 463 325 463 text 0
349 450 355 450 355 463 349 463 text 0
372 450 394 450 394 463 372 463 text 0
399 450 402 450 402 463 399 463 text 0
418 450 440 450 440 464 418 464 text 0
454 450 462 450 462 464 454 464 text 0
476 451 544 451 544 465 476 465 text 0
236 464 290 464 290 477 236 477 text 0
294 464 299 464 299 477 294 477 text 0
303 464 358 464 358 477 303 477 text 0
114 502 308 502 308 535 114 535 text 0
317 503 576 503 576 536 317 536 text 0
178 542 219 542 219 555 178 555 text 0
235 543 302 543 302 555 235 555 text 0
316 543 429 543 429 555 316 555 text 0
33 602 82 602 82 615 33 615 text 0
100 602 133 602 133 617 100 617 text 0
173 602 180 602 180 617 173 617 text 0
395 603 404 603 404 615 395 615 text 0
429 603 459 603 459 615 429 615 text 0
501 603 582 603 582 616 501 616 text 0
273 616 439 616 439 628 273 628 text 0
218 102 234 102 234 113 218 113 text 0
203 102 209 102 209 111 203 111 text 0
338 155 356 155 356 166 338 166 text 0
319 155 336 155 336 165 319 165 text 0
24 252 91 252 91 263 24 263 text 0
232 425 338 425 338 435 232 435 text 0
221 617 251 617 251 629 221 629 text 0
165 617 204 617 204 628 165 628 text 0