85 66 246 66 246 91 85 91 text 0
275 65 390 65 390 90 275 90 text 0
417 64 581 64 581 88 417 88 text 0
591 55 598 55 598 87 591 87 text 0
139 98 182 98 182 117 139 117 text 0
186 98 198 98 198 117 186 117 text 0
206 97 232 97 232 116 206 116 text 0
257 96 470 96 470 113 257 113 text 0
492 93 544 93 544 112 492 112 text 0
549 104 555 104 555 112 549 112 text 0
189 122 310 122 310 143 189 143 text 0
314 121 326 121 326 142 314 142 text 0
330 121 359 121 359 142 330 142 text 0
135 148 237 148 237 166 135 166 text 0
256 146 328 146 328 165 256 165 text 0
332 145 343 145 343 165 332 165 text 0
354 145 413 145 413 164 354 164 text 0
423 144 433 144 433 164 423 164 text 0
439 144 505 144 505 163 439 163 text 0
525 143 559 143 559 162 525 162 text 0
152 172 184 172 184 193 152 193 text 0
192 172 194 172 194 193 192 193 text 0
207 171 236 171 236 193 207 193 text 0
257 171 412 171 412 191 257 191 text 0
417 169 428 169 428 191 417 191 text 0
431 169 553 169 553 190 431 190 text 0
171 195 253 195 253 217 171 217 text 0
273 195 335 195 335 217 273 217 text 0
363 194 537 194 537 216 363 216 text 0
65 234 152 234 152 253 65 253 text 0
260 232 264 232 264 254 260 254 text 0
294 231 461 231 461 253 294 253 text 0
66 259 131 259 131 277 66 277 text 0
259 257 264 257 264 278 259 278 text 0
293 257 428 257 428 277 293 277 text 0
61 280 117 280 117 304 61 304 text 0
133 280 165 280 165 304 133 304 text 0
64 322 174 322 174 340 64 340 text 0
64 347 160 347 160 368 64 368 text 0
174 346 276 346 276 368 174 368 text 0
65 372 104 372 104 392 65 392 text 0
123 372 146 372 146 392 123 392 text 0
165 372 190 372 190 392 165 392 text 0
518 320 528 320 528 343 518 343 text 0
534 320 602 320 602 343 534 343 text 0
397 345 404 345 404 368 397 368 text 0
416 345 439 345 439 368 416 368 text 0
517 346 526 346 526 368 517 368 text 0
533 346 601 346 601 370 533 370 text 0
395 372 405 372 405 394 395 394 text 0
415 372 438 372 438 394 415 394 text 0
531 373 541 373 541 394 531 394 text 0
66 426 198 426 198 444 66 444 text 0
63 451 199 451 199 472 63 472 text 0
482 425 501 425 501 447 482 447 text 0
507 425 593 425 593 448 507 448 text 0
458 452 476 452 476 473 458 473 text 0
480 452 594 452 594 474 480 474 text 0
62 503 145 503 145 521 62 521 text 0
497 504 509 504 509 525 497 525 text 0
515 504 597 504 597 525 515 525 text 0
132 528 248 528 248 547 132 547 text 0
288 553 352 553 352 572 288 572 text 0
62 586 162 586 162 608 62 608 text 0
186 586 190 586 190 608 186 608 text 0
215 586 489 586 489 606 215 606 text 0
260 289 265 289 265 300 260 300 text 0
544 375 599 375 599 392 544 392 text 0
410 323 440 323 440 338 410 338 text 0
394 322 411 322 411 339 394 339 text 0
287 283 359 283 359 301 287 301 text 0
80 528 115 528 115 551 80 551 text 0