408 116 447 116 447 128 408 128 text 0
297 117 379 117 379 129 297 129 text 0
460 116 505 116 505 130 460 130 text 0
192 117 259 117 259 129 192 129 text 0
134 116 163 116 163 130 134 130 text 0
515 134 528 134 528 146 515 146 text 0
381 133 446 133 446 146 381 146 text 0
459 134 503 134 503 146 459 146 text 0
94 135 136 135 136 145 94 145 text 0
246 135 257 135 257 146 246 146 text 0
150 135 229 135 229 146 150 146 text 0
274 135 353 135 353 146 274 146 text 0
406 151 517 151 517 163 406 163 text 0
110 153 206 153 206 164 110 164 text 0
216 152 394 152 394 163 216 163 text 0
121 169 190 169 190 180 121 180 text 0
269 169 395 169 395 180 269 180 text 0
417 169 529 169 529 181 417 181 text 0
202 169 257 169 257 182 202 182 text 0
257 187 285 187 285 199 257 199 text 0
160 187 203 187 203 198 160 198 text 0
311 187 474 187 474 198 311 198 text 0
218 187 244 187 244 198 218 198 text 0
311 205 366 205 366 216 311 216 text 0
269 205 299 205 299 216 269 216 text 0
53 240 174 240 174 252 53 252 text 0
189 241 284 241 284 251 189 251 text 0
571 241 598 241 598 251 571 251 text 0
299 240 394 240 394 254 299 254 text 0
151 258 244 258 244 271 151 271 text 0
52 259 107 259 107 271 52 271 text 0
503 275 568 275 568 287 503 287 text 0
54 275 146 275 146 287 54 287 text 0
352 276 365 276 365 288 352 288 text 0
380 276 393 276 393 288 380 288 text 0
418 277 472 277 472 289 418 289 text 0
122 293 219 293 219 306 122 306 text 0
570 294 596 294 596 305 570 305 text 0
52 294 110 294 110 305 52 305 text 0
232 294 272 294 272 305 232 305 text 0
52 311 110 311 110 323 52 323 text 0
151 312 246 312 246 323 151 323 text 0
420 329 472 329 472 341 420 341 text 0
512 329 570 329 570 342 512 342 text 0
377 328 393 328 393 342 377 342 text 0
55 330 147 330 147 341 55 341 text 0
351 331 364 331 364 341 351 341 text 0
189 364 204 364 204 376 189 376 text 0
579 365 597 365 597 377 579 377 text 0
461 364 540 364 540 378 461 378 text 0
52 364 146 364 146 380 52 380 text 0
530 398 598 398 598 410 530 410 text 0
487 399 516 399 516 412 487 412 text 0
53 400 119 400 119 412 53 412 text 0
136 400 188 400 188 412 136 412 text 0
217 399 299 399 299 412 217 412 text 0
529 416 596 416 596 428 529 428 text 0
53 416 108 416 108 428 53 428 text 0
484 417 517 417 517 429 484 429 text 0
52 452 94 452 94 463 52 463 text 0
112 451 149 451 149 463 112 463 text 0
504 450 557 450 557 464 504 464 text 0
461 451 487 451 487 463 461 463 text 0
164 451 272 451 272 464 164 464 text 0
289 452 311 452 311 463 289 463 text 0
326 452 390 452 390 464 326 464 text 0
324 487 380 487 380 498 324 498 text 0
257 486 311 486 311 499 257 499 text 0
423 487 449 487 449 499 423 499 text 0
180 487 245 487 245 499 180 499 text 0
52 487 163 487 163 499 52 499 text 0
462 486 597 486 597 500 462 500 text 0
339 505 423 505 423 516 339 516 text 0
271 505 323 505 323 515 271 515 text 0
49 505 162 505 162 516 49 516 text 0
174 505 227 505 227 517 174 517 text 0
422 540 501 540 501 552 422 552 text 0
314 540 408 540 408 551 314 551 text 0
133 540 244 540 244 553 133 553 text 0
256 541 299 541 299 553 256 553 text 0
188 558 200 558 200 568 188 568 text 0
337 557 434 557 434 569 337 569 text 0
215 558 257 558 257 569 215 569 text 0
269 558 325 558 325 570 269 570 text 0
286 575 312 575 312 587 286 587 text 0
159 575 273 575 273 586 159 586 text 0
328 575 382 575 382 586 328 586 text 0
393 575 474 575 474 586 393 586 text 0