131 23 168 23 168 35 131 35 text 0
182 23 284 23 284 35 182 35 text 0
299 23 414 23 414 35 299 35 text 0
430 23 476 23 476 35 430 35 text 0
144 35 232 35 232 48 144 48 text 0
248 35 285 35 285 48 248 48 text 0
291 35 293 35 293 48 291 48 text 0
313 35 414 35 414 48 313 48 text 0
431 35 468 35 468 48 431 48 text 0
474 35 475 35 475 48 474 48 text 0
183 47 207 47 207 59 183 59 text 0
213 47 215 47 215 59 213 59 text 0
224 47 258 47 258 59 224 59 text 0
276 47 339 47 339 59 276 59 text 0
341 47 348 47 348 59 341 59 text 0
348 47 441 47 441 59 348 59 text 0
105 60 167 60 167 73 105 73 text 0
183 60 324 60 324 73 183 73 text 0
339 60 376 60 376 73 339 73 text 0
393 60 519 60 519 73 393 73 text 0
39 81 166 81 166 95 39 95 text 0
35 91 84 91 84 105 35 105 text 0
92 93 95 93 95 105 92 105 text 0
117 93 178 93 178 107 117 107 text 0
484 85 490 85 490 98 484 98 text 0
509 85 586 85 586 97 509 97 text 0
36 114 126 114 126 128 36 128 text 0
141 115 192 115 192 129 141 129 text 0
208 115 299 115 299 130 208 130 text 0
314 117 324 117 324 131 314 131 text 0
328 117 352 117 352 131 328 131 text 0
37 129 128 129 128 141 37 141 text 0
142 129 193 129 193 140 142 140 text 0
209 128 299 128 299 140 209 140 text 0
316 128 326 128 326 140 316 140 text 0
329 128 353 128 353 140 329 140 text 0
38 142 154 142 154 155 38 155 text 0
169 141 247 141 247 154 169 154 text 0
315 140 327 140 327 154 315 154 text 0
330 140 354 140 354 153 330 153 text 0
39 155 155 155 155 167 39 167 text 0
170 154 247 154 247 166 170 166 text 0
316 154 326 154 326 165 316 165 text 0
330 154 353 154 353 165 330 165 text 0
36 168 116 168 116 181 36 181 text 0
131 167 222 167 222 180 131 180 text 0
238 167 274 167 274 180 238 180 text 0
316 167 326 167 326 180 316 180 text 0
329 166 354 166 354 180 329 180 text 0
39 181 116 181 116 192 39 192 text 0
132 181 235 181 235 192 132 192 text 0
251 180 288 180 288 192 251 192 text 0
316 180 326 180 326 192 316 192 text 0
329 180 354 180 354 192 329 192 text 0
41 195 117 195 117 208 41 208 text 0
133 194 223 194 223 208 133 208 text 0
239 194 275 194 275 207 239 207 text 0
317 194 327 194 327 207 317 207 text 0
330 194 354 194 354 207 330 207 text 0
43 207 117 207 117 221 43 221 text 0
133 207 171 207 171 220 133 220 text 0
186 207 274 207 274 220 186 220 text 0
330 206 354 206 354 220 330 220 text 0
44 219 106 219 106 233 44 233 text 0
122 219 172 219 172 233 122 233 text 0
187 219 198 219 198 233 187 233 text 0
213 219 262 219 262 233 213 233 text 0
45 233 107 233 107 246 45 246 text 0
122 232 185 232 185 245 122 245 text 0
316 233 327 233 327 243 316 243 text 0
330 233 353 233 353 243 330 243 text 0
47 245 57 245 57 257 47 257 text 0
73 245 120 245 120 257 73 257 text 0
137 245 146 245 146 257 137 257 text 0
162 245 211 245 211 257 162 257 text 0
47 258 108 258 108 270 47 270 text 0
124 258 186 258 186 270 124 270 text 0
318 258 328 258 328 269 318 269 text 0
330 258 353 258 353 269 330 269 text 0
49 270 135 270 135 283 49 283 text 0
150 270 212 270 212 283 150 283 text 0
227 270 301 270 301 283 227 283 text 0
317 270 327 270 327 283 317 283 text 0
330 270 354 270 354 283 330 283 text 0
51 282 84 282 84 295 51 295 text 0
101 282 134 282 134 295 101 295 text 0
150 282 213 282 213 295 150 295 text 0
316 283 328 283 328 294 316 294 text 0
330 283 354 283 354 294 330 294 text 0
51 295 85 295 85 307 51 307 text 0
104 295 136 295 136 307 104 307 text 0
152 295 215 295 215 307 152 307 text 0
318 295 329 295 329 307 318 307 text 0
330 296 354 296 354 307 330 307 text 0
497 124 506 124 506 134 497 134 text 0
511 123 559 123 559 134 511 134 text 0
499 135 508 135 508 145 499 145 text 0
513 135 562 135 562 145 513 145 text 0
502 144 507 144 507 154 502 154 text 0
503 154 513 154 513 167 503 167 text 0
515 154 567 154 567 167 515 167 text 0
515 166 567 166 567 180 515 180 text 0
502 181 512 181 512 192 502 192 text 0
514 180 566 180 566 191 514 191 text 0
502 193 512 193 512 206 502 206 text 0
515 193 566 193 566 206 515 206 text 0
500 207 511 207 511 218 500 218 text 0
514 207 565 207 565 219 514 219 text 0
501 233 509 233 509 244 501 244 text 0
515 233 563 233 563 245 515 245 text 0
500 258 507 258 507 269 500 269 text 0
516 258 564 258 564 268 516 268 text 0
487 270 497 270 497 282 487 282 text 0
502 270 563 270 563 282 502 282 text 0
501 283 511 283 511 295 501 295 text 0
513 283 564 283 564 294 513 294 text 0
499 296 511 296 511 307 499 307 text 0
512 296 563 296 563 306 512 306 text 0
51 332 122 332 122 342 51 342 text 0
499 320 508 320 508 332 499 332 text 0
512 320 562 320 562 332 512 332 text 0
485 332 494 332 494 343 485 343 text 0
497 332 559 332 559 343 497 343 text 0
50 355 112 355 112 367 50 367 text 0
127 355 187 355 187 367 127 367 text 0
486 355 495 355 495 366 486 366 text 0
499 355 560 355 560 366 499 366 text 0
101 378 174 378 174 393 101 393 text 0
178 378 184 378 184 393 178 393 text 0
203 378 252 378 252 392 203 392 text 0
268 378 369 378 369 392 268 392 text 0
48 390 85 390 85 404 48 404 text 0
92 390 93 390 93 404 92 404 text 0
100 390 240 390 240 404 100 404 text 0
243 390 251 390 251 404 243 404 text 0
254 390 317 390 317 404 254 404 text 0
332 390 396 390 396 404 332 404 text 0
47 416 56 416 56 430 47 430 text 0
64 416 66 416 66 430 64 430 text 0
74 416 161 416 161 430 74 430 text 0
177 416 186 416 186 430 177 430 text 0
194 416 197 416 197 430 194 430 text 0
203 416 305 416 305 430 203 430 text 0
346 416 356 416 356 430 346 430 text 0
363 416 365 416 365 430 363 430 text 0
372 416 447 416 447 430 372 430 text 0
464 416 473 416 473 430 464 430 text 0
480 416 482 416 482 430 480 430 text 0
489 416 563 416 563 430 489 430 text 0
47 429 83 429 83 442 47 442 text 0
90 429 92 429 92 442 90 442 text 0
99 429 213 429 213 442 99 442 text 0
229 429 253 429 253 442 229 442 text 0
259 429 262 429 262 442 259 442 text 0
268 429 344 429 344 442 268 442 text 0
358 429 395 429 395 442 358 442 text 0
402 429 404 429 404 442 402 442 text 0
411 429 433 429 433 442 411 442 text 0
450 428 499 428 499 441 450 441 text 0
505 428 508 428 508 441 505 441 text 0
514 428 563 428 563 441 514 441 text 0
75 441 106 441 106 454 75 454 text 0
117 441 123 441 123 454 117 454 text 0
129 441 305 441 305 454 129 454 text 0
323 441 434 441 434 454 323 454 text 0
450 441 514 441 514 454 450 454 text 0
527 441 589 441 589 454 527 454 text 0
51 453 97 453 97 466 51 466 text 0
114 453 138 453 138 466 114 466 text 0
142 453 150 453 150 466 142 466 text 0
154 453 202 453 202 466 154 466 text 0
209 453 212 453 212 466 209 466 text 0
218 453 266 453 266 466 218 466 text 0
334 454 421 454 421 467 334 467 text 0
371 465 421 465 421 476 371 476 text 0
54 476 116 476 116 487 54 487 text 0
130 475 203 475 203 486 130 486 text 0
258 486 318 486 318 498 258 498 text 0
346 487 369 487 369 498 346 498 text 0
119 497 227 497 227 510 119 510 text 0
244 497 279 497 279 510 244 510 text 0
297 497 344 497 344 510 297 510 text 0
350 497 429 497 429 510 350 510 text 0
447 497 508 497 508 510 447 510 text 0
71 508 118 508 118 521 71 521 text 0
130 508 235 508 235 521 130 521 text 0
236 508 244 508 244 521 236 521 text 0
246 508 321 508 321 521 246 521 text 0
334 508 570 508 570 521 334 521 text 0
55 534 130 534 130 547 55 547 text 0
144 533 169 533 169 546 144 546 text 0
171 533 176 533 176 546 171 546 text 0
194 533 244 533 244 546 194 546 text 0
258 532 306 532 306 546 258 546 text 0
322 532 370 532 370 545 322 545 text 0
384 532 433 532 433 545 384 545 text 0
55 544 115 544 115 558 55 558 text 0
130 544 231 544 231 558 130 558 text 0
238 544 241 544 241 558 238 558 text 0
258 544 370 544 370 558 258 558 text 0
385 544 421 544 421 558 385 558 text 0
449 544 510 544 510 558 449 558 text 0
525 544 561 544 561 558 525 558 text 0
52 558 76 558 76 572 52 572 text 0
82 558 84 558 84 572 82 572 text 0
104 558 115 558 115 572 104 572 text 0
121 567 124 567 124 572 121 572 text 0
249 557 252 557 252 572 249 572 text 0
271 557 332 557 332 572 271 572 text 0
337 557 341 557 341 572 337 572 text 0
359 557 432 557 432 571 359 571 text 0
439 557 442 557 442 571 439 571 text 0
463 557 562 557 562 571 463 571 text 0
207 571 434 571 434 582 207 582 text 0
193 583 217 583 217 596 193 596 text 0
224 583 227 583 227 596 224 596 text 0
232 583 433 583 433 595 232 595 text 0
180 596 229 596 229 609 180 609 text 0
245 595 345 595 345 609 245 609 text 0
360 595 434 595 434 608 360 608 text 0
441 595 444 595 444 608 441 608 text 0
46 625 60 625 60 637 46 637 text 0
73 624 99 624 99 636 73 636 text 0
104 624 108 624 108 636 104 636 text 0
114 623 192 623 192 634 114 634 text 0
502 622 526 622 526 634 502 634 text 0
532 622 537 622 537 634 532 634 text 0
542 623 593 623 593 635 542 635 text 0
403 87 442 87 442 98 403 98 text 0
457 87 481 87 481 97 457 97 text 0
502 170 512 170 512 177 502 177 text 0
52 320 128 320 128 329 52 329 text 0
50 380 85 380 85 390 50 390 text 0
142 559 245 559 245 570 142 570 text 0
450 622 489 622 489 633 450 633 text 0