417 77 566 77 566 89 417 89 text 0
41 78 112 78 112 89 41 89 text 0
122 78 201 78 201 89 122 89 text 0
212 78 408 78 408 89 212 89 text 0
283 92 324 92 324 101 283 101 text 0
350 92 506 92 506 101 350 101 text 0
336 94 340 94 340 101 336 101 text 0
94 92 210 92 210 104 94 104 text 0
220 92 273 92 273 104 220 104 text 0
40 104 80 104 80 114 40 114 text 0
136 104 218 104 218 114 136 114 text 0
229 105 311 105 311 114 229 114 text 0
351 105 445 105 445 114 351 114 text 0
90 105 126 105 126 115 90 115 text 0
455 105 555 105 555 115 455 115 text 0
321 105 342 105 342 115 321 115 text 0
298 117 385 117 385 126 298 126 text 0
83 117 158 117 158 126 83 126 text 0
394 118 512 118 512 126 394 126 text 0
167 117 286 117 286 127 167 127 text 0
199 130 296 130 296 139 199 139 text 0
302 130 330 130 330 139 302 139 text 0
339 130 399 130 399 139 339 139 text 0
156 143 206 143 206 151 156 151 text 0
277 143 437 143 437 151 277 151 text 0
212 143 256 143 256 153 212 153 text 0
209 160 267 160 267 171 209 171 text 0
273 161 398 161 398 171 273 171 text 0
116 182 181 182 181 191 116 191 text 0
41 182 99 182 99 191 41 191 text 0
452 184 530 184 530 193 452 193 text 0
324 184 444 184 444 192 324 192 text 0
540 184 576 184 576 192 540 192 text 0
41 193 76 193 76 202 41 202 text 0
116 193 181 193 181 202 116 202 text 0
150 206 216 206 216 214 150 214 text 0
40 206 124 206 124 215 40 215 text 0
399 223 454 223 454 232 399 232 text 0
41 223 79 223 79 233 41 233 text 0
98 223 218 223 218 233 98 233 text 0
486 224 589 224 589 234 486 234 text 0
67 237 79 237 79 246 67 246 text 0
93 237 112 237 112 246 93 246 text 0
120 237 206 237 206 246 120 246 text 0
215 237 268 237 268 246 215 246 text 0
409 238 455 238 455 246 409 246 text 0
488 238 545 238 545 246 488 246 text 0
555 238 589 238 589 246 555 246 text 0
91 249 272 249 272 259 91 259 text 0
67 261 79 261 79 270 67 270 text 0
91 261 133 261 133 270 91 270 text 0
141 261 225 261 225 270 141 270 text 0
233 262 287 262 287 270 233 270 text 0
407 262 455 262 455 270 407 270 text 0
499 262 588 262 588 270 499 270 text 0
91 273 207 273 207 281 91 281 text 0
67 286 79 286 79 294 67 294 text 0
94 286 132 286 132 294 94 294 text 0
229 286 282 286 282 295 229 295 text 0
407 286 455 286 455 295 407 295 text 0
485 286 588 286 588 295 485 295 text 0
138 285 219 285 219 297 138 297 text 0
90 297 272 297 272 308 90 308 text 0
66 310 80 310 80 318 66 318 text 0
409 310 455 310 455 319 409 319 text 0
486 310 587 310 587 319 486 319 text 0
92 310 220 310 220 319 92 319 text 0
229 310 282 310 282 319 229 319 text 0
91 321 309 321 309 332 91 332 text 0
91 334 361 334 361 343 91 343 text 0
69 334 77 334 77 343 69 343 text 0
409 335 455 335 455 343 409 343 text 0
499 335 588 335 588 343 499 343 text 0
69 348 77 348 77 357 69 357 text 0
91 348 220 348 220 357 91 357 text 0
227 348 282 348 282 357 227 357 text 0
498 349 588 349 588 357 498 357 text 0
408 349 455 349 455 358 408 358 text 0
90 360 168 360 168 369 90 369 text 0
179 360 219 360 219 369 179 369 text 0
67 372 77 372 77 381 67 381 text 0
91 372 182 372 182 381 91 381 text 0
410 373 455 373 455 381 410 381 text 0
499 373 588 373 588 381 499 381 text 0
67 386 79 386 79 395 67 395 text 0
91 386 156 386 156 395 91 395 text 0
162 386 278 386 278 395 162 395 text 0
410 386 455 386 455 395 410 395 text 0
499 387 588 387 588 395 499 395 text 0
143 385 157 385 157 398 143 398 text 0
67 399 79 399 79 408 67 408 text 0
92 399 111 399 111 408 92 408 text 0
554 399 588 399 588 408 554 408 text 0
119 399 218 399 218 408 119 408 text 0
227 399 280 399 280 408 227 408 text 0
397 399 455 399 455 408 397 408 text 0
485 399 545 399 545 408 485 408 text 0
528 414 569 414 569 421 528 421 text 0
78 413 120 413 120 424 78 424 text 0
131 413 209 413 209 424 131 424 text 0
54 423 78 423 78 432 54 432 text 0
91 423 133 423 133 432 91 432 text 0
283 423 336 423 336 432 283 432 text 0
138 423 276 423 276 432 138 432 text 0
408 423 455 423 455 432 408 432 text 0
485 423 545 423 545 432 485 432 text 0
554 423 588 423 588 432 554 432 text 0
53 438 80 438 80 447 53 447 text 0
184 438 208 438 208 447 184 447 text 0
248 438 301 438 301 447 248 447 text 0
472 438 544 438 544 447 472 447 text 0
96 438 156 438 156 448 96 448 text 0
498 458 545 458 545 466 498 466 text 0
41 456 138 456 138 468 41 468 text 0
496 474 543 474 543 483 496 483 text 0
43 474 146 474 146 484 43 484 text 0
152 474 188 474 188 484 152 484 text 0
40 490 93 490 93 499 40 499 text 0
101 490 194 490 194 499 101 499 text 0
203 491 258 491 258 499 203 499 text 0
455 490 544 490 544 501 455 501 text 0
453 507 543 507 543 518 453 518 text 0
41 505 107 505 107 520 41 520 text 0
41 526 98 526 98 538 41 538 text 0
113 529 240 529 240 538 113 538 text 0
41 544 96 544 96 553 41 553 text 0
124 544 145 544 145 553 124 553 text 0
259 545 304 545 304 553 259 553 text 0
374 545 425 545 425 553 374 553 text 0
215 545 253 545 253 553 215 553 text 0
466 545 573 545 573 555 466 555 text 0
44 560 79 560 79 569 44 569 text 0
120 560 154 560 154 569 120 569 text 0
228 561 299 561 299 569 228 569 text 0
500 561 571 561 571 569 500 569 text 0
365 561 423 561 423 569 365 569 text 0
43 574 98 574 98 586 43 586 text 0
365 577 423 577 423 585 365 585 text 0
500 577 571 577 571 585 500 585 text 0
228 577 299 577 299 585 228 585 text 0
41 600 134 600 134 611 41 611 text 0
207 601 211 601 211 612 207 612 text 0
223 600 246 600 246 612 223 612 text 0
550 601 563 601 563 612 550 612 text 0
255 600 355 600 355 612 255 612 text 0
364 603 445 603 445 612 364 612 text 0
456 600 536 600 536 614 456 614 text 0
141 603 193 603 193 614 141 614 text 0
115 615 154 615 154 623 115 623 text 0
231 616 354 616 354 623 231 623 text 0
196 616 225 616 225 623 196 623 text 0
549 616 557 616 557 623 549 623 text 0
47 616 110 616 110 623 47 623 text 0
359 616 419 616 419 623 359 623 text 0
159 617 191 617 191 623 159 623 text 0
424 617 444 617 444 623 424 623 text 0
448 616 541 616 541 625 448 625 text 0
328 615 355 615 355 626 328 626 text 0