143 24 180 24 180 44 143 44 text 0
205 24 396 24 396 43 205 43 text 0
421 24 496 24 496 44 421 44 text 0
20 43 265 43 265 66 20 66 text 0
291 41 320 41 320 66 291 66 text 0
327 41 343 41 343 66 327 66 text 0
347 41 386 41 386 65 347 65 text 0
386 41 401 41 401 65 386 65 text 0
405 41 445 41 445 65 405 65 text 0
461 40 476 40 476 65 461 65 text 0
484 40 488 40 488 65 484 65 text 0
499 40 515 40 515 65 499 65 text 0
539 40 613 40 613 64 539 64 text 0
40 67 121 67 121 89 40 89 text 0
145 66 222 66 222 88 145 88 text 0
247 66 403 66 403 87 247 87 text 0
406 65 420 65 420 87 406 87 text 0
426 65 574 65 574 86 426 86 text 0
82 88 347 88 347 106 82 106 text 0
369 90 423 90 423 105 369 105 text 0
484 84 579 84 579 104 484 104 text 0
19 109 101 109 101 131 19 131 text 0
126 107 186 107 186 130 126 130 text 0
193 107 197 107 197 130 193 130 text 0
208 107 246 107 246 129 208 129 text 0
254 106 257 106 257 129 254 129 text 0
269 106 522 106 522 127 269 127 text 0
543 104 599 104 599 126 543 126 text 0
605 103 610 103 610 126 605 126 text 0
23 131 124 131 124 152 23 152 text 0
149 129 248 129 248 151 149 151 text 0
272 127 406 127 406 149 272 149 text 0
434 126 463 126 463 149 434 149 text 0
470 125 484 125 484 148 470 148 text 0
493 125 620 125 620 146 493 146 text 0
24 152 354 152 354 171 24 171 text 0
378 147 407 147 407 170 378 170 text 0
418 157 425 157 425 170 418 170 text 0
440 146 626 146 626 167 440 167 text 0
27 187 130 187 130 209 27 209 text 0
133 185 140 185 140 208 133 208 text 0
151 184 355 184 355 204 151 204 text 0
396 179 475 179 475 201 396 201 text 0
479 177 486 177 486 201 479 201 text 0
512 176 602 176 602 198 512 198 text 0
27 211 89 211 89 232 27 232 text 0
111 208 151 208 151 230 111 230 text 0
155 207 162 207 162 230 155 230 text 0
172 207 212 207 212 229 172 229 text 0
173 249 238 249 238 272 173 272 text 0
274 246 353 246 353 269 274 269 text 0
378 244 479 244 479 266 378 266 text 0
28 300 154 300 154 316 28 316 text 0
173 295 216 295 216 314 173 314 text 0
237 293 257 293 257 313 237 313 text 0
281 292 296 292 296 311 281 311 text 0
323 290 374 290 374 309 323 309 text 0
28 320 196 320 196 340 28 340 text 0
214 314 297 314 297 336 214 336 text 0
317 310 358 310 358 334 317 334 text 0
377 309 399 309 399 333 377 333 text 0
398 308 438 308 438 331 398 331 text 0
500 305 517 305 517 329 500 329 text 0
517 304 632 304 632 325 517 325 text 0
27 364 156 364 156 382 27 382 text 0
33 381 276 381 276 409 33 409 text 0
518 347 534 347 534 367 518 367 text 0
532 342 629 342 629 365 532 365 text 0
497 367 515 367 515 390 497 390 text 0
519 366 627 366 627 385 519 385 text 0
492 413 509 413 509 433 492 433 text 0
506 410 624 410 624 431 506 431 text 0
29 431 138 431 138 450 29 450 text 0
30 475 137 475 137 495 30 495 text 0
156 470 199 470 199 492 156 492 text 0
202 468 213 468 213 492 202 492 text 0
239 466 298 466 298 488 239 488 text 0
29 493 202 493 202 519 29 519 text 0
116 540 148 540 148 559 116 559 text 0
187 537 262 537 262 554 187 554 text 0
409 533 433 533 433 552 409 552 text 0
449 532 484 532 484 551 449 551 text 0
491 531 504 531 504 551 491 551 text 0
531 531 617 531 617 550 531 550 text 0
324 583 481 583 481 610 324 610 text 0
444 88 468 88 468 104 444 104 text 0
27 542 102 542 102 563 27 563 text 0
265 584 303 584 303 607 265 607 text 0
167 586 236 586 236 608 167 608 text 0