92 19 296 19 296 35 92 35 text 0
325 21 367 21 367 34 325 34 text 0
395 18 412 18 412 35 395 35 text 0
441 19 551 19 551 36 441 36 text 0
222 33 303 33 303 47 222 47 text 0
325 34 423 34 423 48 325 48 text 0
113 45 214 45 214 60 113 60 text 0
236 46 302 46 302 61 236 61 text 0
324 47 460 47 460 62 324 62 text 0
481 48 512 48 512 63 481 63 text 0
522 48 523 48 523 63 522 63 text 0
112 59 144 59 144 74 112 74 text 0
153 59 156 59 156 74 153 74 text 0
169 60 215 60 215 75 169 75 text 0
237 60 389 60 389 75 237 75 text 0
396 61 403 61 403 75 396 75 text 0
410 61 526 61 526 76 410 76 text 0
240 75 408 75 408 89 240 89 text 0
204 87 372 87 372 103 204 103 text 0
393 89 454 89 454 104 393 104 text 0
275 110 440 110 440 123 275 123 text 0
45 123 109 123 109 134 45 134 text 0
276 124 409 124 409 135 276 135 text 0
45 134 92 134 92 149 45 149 text 0
115 134 147 134 147 149 115 149 text 0
273 137 339 137 339 149 273 149 text 0
43 158 113 158 113 170 43 170 text 0
379 160 392 160 392 170 379 170 text 0
395 160 421 160 421 170 395 170 text 0
497 160 506 160 506 172 497 172 text 0
511 160 580 160 580 172 511 172 text 0
45 189 182 189 182 201 45 201 text 0
47 203 182 203 182 215 47 215 text 0
466 189 484 189 484 201 466 201 text 0
489 189 576 189 576 201 489 201 text 0
442 204 460 204 460 216 442 216 text 0
465 204 577 204 577 217 465 217 text 0
504 234 585 234 585 245 504 245 text 0
44 231 128 231 128 245 44 245 text 0
64 246 234 246 234 258 64 258 text 0
275 260 339 260 339 271 275 271 text 0
47 278 71 278 71 293 47 293 text 0
81 278 163 278 163 293 81 293 text 0
185 278 217 278 217 293 185 293 text 0
224 282 232 282 232 292 224 292 text 0
256 278 445 278 445 293 256 293 text 0
45 312 92 312 92 325 45 325 text 0
114 313 146 313 146 325 114 325 text 0
154 313 158 313 158 325 154 325 text 0
167 313 233 313 233 325 167 325 text 0
448 314 463 314 463 325 448 325 text 0
485 314 517 314 517 325 485 325 text 0
524 314 528 314 528 325 524 325 text 0
537 314 603 314 603 326 537 326 text 0
48 349 111 349 111 360 48 360 text 0
127 349 148 349 148 360 127 360 text 0
153 349 157 349 157 360 153 360 text 0
163 349 334 349 334 360 163 360 text 0
431 350 464 350 464 358 431 358 text 0
477 350 498 350 498 358 477 358 text 0
503 350 507 350 507 358 503 358 text 0
511 350 602 350 602 358 511 358 text 0
49 360 102 360 102 371 49 371 text 0
116 360 136 360 136 371 116 371 text 0
142 360 146 360 146 371 142 371 text 0
152 360 195 360 195 371 152 371 text 0
200 360 206 360 206 371 200 371 text 0
210 360 277 360 277 371 210 371 text 0
548 360 602 360 602 368 548 368 text 0
177 370 242 370 242 380 177 380 text 0
257 370 265 370 265 380 257 380 text 0
278 370 309 370 309 380 278 380 text 0
316 370 320 370 320 380 316 380 text 0
325 370 358 370 358 380 325 380 text 0
374 370 381 370 381 380 374 380 text 0
394 370 463 370 463 379 394 379 text 0
260 381 368 381 368 392 260 392 text 0
446 390 529 390 529 401 446 401 text 0
259 401 367 401 367 412 259 412 text 0
212 413 322 413 322 423 212 423 text 0
352 413 390 413 390 423 352 423 text 0
46 423 80 423 80 434 46 434 text 0
96 423 100 423 100 434 96 434 text 0
116 423 278 423 278 433 116 433 text 0
569 423 602 423 602 431 569 431 text 0
221 433 266 433 266 443 221 443 text 0
279 433 325 433 325 443 279 443 text 0
342 433 343 433 343 443 342 443 text 0
361 433 428 433 428 443 361 443 text 0
106 444 162 444 162 455 106 455 text 0
174 443 277 443 277 454 174 454 text 0
290 443 324 443 324 454 290 454 text 0
338 443 383 443 383 453 338 453 text 0
489 442 543 442 543 453 489 453 text 0
197 454 220 454 220 464 197 464 text 0
233 454 311 454 311 464 233 464 text 0
326 454 439 454 439 464 326 464 text 0
148 465 278 465 278 476 148 476 text 0
306 464 486 464 486 475 306 475 text 0
268 486 371 486 371 497 268 497 text 0
69 497 138 497 138 508 69 508 text 0
150 497 184 497 184 508 150 508 text 0
186 497 194 497 194 508 186 508 text 0
210 497 221 497 221 508 210 508 text 0
223 497 233 497 233 508 223 508 text 0
235 496 267 496 267 508 235 508 text 0
280 496 373 496 373 507 280 507 text 0
379 495 394 495 394 507 379 507 text 0
408 498 431 498 431 506 408 506 text 0
435 495 439 495 439 506 435 506 text 0
454 495 476 495 476 506 454 506 text 0
502 495 533 495 533 506 502 506 text 0
550 495 556 495 556 506 550 506 text 0
150 508 209 508 209 519 150 519 text 0
221 507 325 507 325 518 221 518 text 0
338 507 395 507 395 518 338 518 text 0
398 507 405 507 405 518 398 518 text 0
409 506 486 506 486 517 409 517 text 0
134 538 334 538 334 564 134 564 text 0
351 537 604 537 604 563 351 563 text 0
200 570 244 570 244 581 200 581 text 0
259 570 325 570 325 581 259 581 text 0
339 569 453 569 453 579 339 579 text 0
50 600 100 600 100 613 50 613 text 0
121 599 152 599 152 613 121 613 text 0
159 599 163 599 163 613 159 613 text 0
171 599 238 599 238 612 171 612 text 0
452 597 466 597 466 610 452 610 text 0
526 597 535 597 535 610 526 610 text 0
540 596 604 596 604 609 540 609 text 0
319 621 456 621 456 632 319 632 text 0
39 109 132 109 132 120 39 120 text 0
239 113 249 113 249 121 239 121 text 0
239 127 250 127 250 134 239 134 text 0
241 140 249 140 249 148 241 148 text 0
482 235 497 235 497 242 482 242 text 0
397 444 479 444 479 453 397 453 text 0
569 497 585 497 585 506 569 506 text 0
485 598 518 598 518 609 485 609 text 0
268 622 302 622 302 633 268 633 text 0