243 50 277 50 277 61 243 61 text 0
292 50 350 50 350 62 292 62 text 0
219 66 278 66 278 78 219 78 text 0
291 67 387 67 387 79 291 79 text 0
110 66 200 66 200 80 110 80 text 0
401 67 447 67 447 81 401 81 text 0
464 67 481 67 481 81 464 81 text 0
160 78 217 78 217 96 160 96 text 0
232 84 326 84 326 96 232 96 text 0
340 85 419 85 419 98 340 98 text 0
183 101 241 101 241 113 183 113 text 0
254 101 313 101 313 113 254 113 text 0
329 103 398 103 398 115 329 115 text 0
172 118 214 118 214 130 172 130 text 0
365 118 411 118 411 131 365 131 text 0
304 118 350 118 350 131 304 131 text 0
233 118 287 118 287 132 233 132 text 0
181 135 216 135 216 148 181 148 text 0
233 136 411 136 411 148 233 148 text 0
118 205 313 205 313 229 118 229 text 0
14 217 97 217 97 228 14 228 text 0
498 215 544 215 544 234 498 234 text 0
555 215 581 215 581 234 555 234 text 0
85 232 202 232 202 244 85 244 text 0
222 232 314 232 314 245 222 245 text 0
12 232 59 232 59 246 12 246 text 0
111 266 168 266 168 278 111 278 text 0
12 266 46 266 46 278 12 278 text 0
452 268 459 268 459 277 452 277 text 0
60 267 99 267 99 278 60 278 text 0
510 267 543 267 543 278 510 278 text 0
555 267 580 267 580 278 555 278 text 0
182 265 314 265 314 280 182 280 text 0
29 283 44 283 44 296 29 296 text 0
29 300 81 300 81 313 29 313 text 0
510 335 543 335 543 347 510 347 text 0
369 335 420 335 420 347 369 347 text 0
554 336 581 336 581 347 554 347 text 0
317 337 356 337 356 347 317 347 text 0
510 351 580 351 580 364 510 364 text 0
353 352 374 352 374 364 353 364 text 0
389 352 420 352 420 364 389 364 text 0
558 369 578 369 578 380 558 380 text 0
504 369 554 369 554 381 504 381 text 0
329 369 424 369 424 382 329 382 text 0
462 405 580 405 580 428 462 428 text 0
291 415 351 415 351 427 291 427 text 0
366 415 421 415 421 427 366 427 text 0
499 464 582 464 582 476 499 476 text 0
376 464 424 464 424 476 376 476 text 0
511 482 582 482 582 494 511 494 text 0
353 480 424 480 424 495 353 495 text 0
233 515 290 515 290 527 233 527 text 0
304 516 348 516 348 527 304 527 text 0
171 532 242 532 242 544 171 544 text 0
256 532 313 532 313 544 256 544 text 0
366 533 411 533 411 545 366 545 text 0
329 536 351 536 351 545 329 545 text 0
353 548 412 548 412 561 353 561 text 0
184 548 340 548 340 561 184 561 text 0
13 582 137 582 137 592 13 592 text 0
153 582 219 582 219 592 153 592 text 0
241 582 284 582 284 592 241 592 text 0
350 582 420 582 420 592 350 592 text 0
432 582 456 582 456 593 432 593 text 0