42 26 130 26 130 39 42 39 text 0
146 28 285 28 285 39 146 39 text 0
304 26 577 26 577 43 304 43 text 0
114 40 165 40 165 51 114 51 text 0
168 44 173 44 173 51 168 51 text 0
195 40 228 40 228 52 195 52 text 0
253 41 298 41 298 53 253 53 text 0
337 43 385 43 385 52 337 52 text 0
391 48 400 48 400 54 391 54 text 0
425 43 474 43 474 55 425 55 text 0
477 50 486 50 486 55 477 55 text 0
60 52 81 52 81 63 60 63 text 0
98 51 199 51 199 65 98 65 text 0
218 53 259 53 259 67 218 67 text 0
297 57 455 57 455 67 297 67 text 0
479 58 527 58 527 69 479 69 text 0
535 63 541 63 541 69 535 69 text 0
133 66 302 66 302 78 133 78 text 0
390 70 422 70 422 81 390 81 text 0
431 69 432 69 432 82 431 82 text 0
446 72 476 72 476 83 446 83 text 0
205 79 282 79 282 93 205 93 text 0
294 80 301 80 301 93 294 93 text 0
306 80 417 80 417 95 306 95 text 0
119 89 230 89 230 105 119 105 text 0
254 92 313 92 313 107 254 107 text 0
341 93 512 93 512 110 341 110 text 0
36 106 114 106 114 120 36 120 text 0
258 113 420 113 420 127 258 127 text 0
36 120 96 120 96 132 36 132 text 0
259 124 389 124 389 138 259 138 text 0
36 131 82 131 82 145 36 145 text 0
103 133 132 133 132 146 103 146 text 0
228 138 230 138 230 146 228 146 text 0
258 138 321 138 321 148 258 148 text 0
34 151 128 151 128 165 34 165 text 0
499 165 571 165 571 176 499 176 text 0
33 176 170 176 170 189 33 189 text 0
36 190 172 190 172 200 36 200 text 0
459 188 471 188 471 200 459 200 text 0
481 189 565 189 565 202 481 202 text 0
464 201 575 201 575 215 464 215 text 0
37 216 116 216 116 230 37 230 text 0
481 229 494 229 494 240 481 240 text 0
500 230 588 230 588 244 500 244 text 0
269 252 336 252 336 263 269 263 text 0
16 263 140 263 140 282 16 282 text 0
167 268 171 268 171 283 167 283 text 0
202 269 477 269 477 292 202 292 text 0
47 298 92 298 92 313 47 313 text 0
152 301 162 301 162 315 152 315 text 0
457 311 464 311 464 323 457 323 text 0
491 312 520 312 520 324 491 324 text 0
531 313 532 313 532 324 531 324 text 0
544 313 607 313 607 326 544 326 text 0
52 333 178 333 178 347 52 347 text 0
214 338 252 338 252 349 214 349 text 0
51 343 224 343 224 357 51 357 text 0
263 349 302 349 302 359 263 359 text 0
310 351 312 351 312 360 310 360 text 0
425 357 616 357 616 370 425 370 text 0
200 358 280 358 280 367 200 367 text 0
294 359 371 359 371 370 294 370 text 0
391 363 393 363 393 371 391 371 text 0
413 364 468 364 468 373 413 373 text 0
54 360 165 360 165 371 54 371 text 0
310 368 396 368 396 379 310 379 text 0
530 376 573 376 573 385 530 385 text 0
590 379 608 379 608 387 590 387 text 0
472 382 553 382 553 395 472 395 text 0
272 383 304 383 304 392 272 392 text 0
318 385 394 385 394 395 318 395 text 0
64 386 166 386 166 399 64 399 text 0
194 391 204 391 204 400 194 400 text 0
443 403 484 403 484 412 443 412 text 0
489 409 496 409 496 413 489 413 text 0
518 402 552 402 552 415 518 415 text 0
570 404 595 404 595 416 570 416 text 0
195 400 290 400 290 412 195 412 text 0
307 404 334 404 334 413 307 413 text 0
345 406 393 406 393 416 345 416 text 0
409 408 461 408 461 419 409 419 text 0
69 402 103 402 103 413 69 413 text 0
114 404 115 404 115 414 114 414 text 0
133 404 211 404 211 418 133 418 text 0
244 409 318 409 318 423 244 423 text 0
356 414 435 414 435 428 356 428 text 0
468 419 592 419 592 435 468 435 text 0
67 411 91 411 91 420 67 420 text 0
105 413 212 413 212 426 105 426 text 0
476 429 514 429 514 438 476 438 text 0
536 432 550 432 550 440 536 440 text 0
557 433 560 433 560 440 557 440 text 0
566 433 592 433 592 442 566 442 text 0
71 429 85 429 85 438 71 438 text 0
116 430 209 430 209 443 116 443 text 0
223 435 224 435 224 444 223 444 text 0
243 436 455 436 455 455 243 455 text 0
71 438 124 438 124 449 71 449 text 0
156 442 202 442 202 453 156 453 text 0
219 445 221 445 221 454 219 454 text 0
240 447 283 447 283 457 240 457 text 0
310 450 351 450 351 460 310 460 text 0
374 453 406 453 406 463 374 463 text 0
138 451 154 451 154 460 138 460 text 0
325 461 388 461 388 473 325 473 text 0
404 465 525 465 525 479 404 479 text 0
213 464 229 464 229 473 213 473 text 0
246 466 316 466 316 478 246 478 text 0
334 471 443 471 443 485 334 485 text 0
161 500 284 500 284 523 161 523 text 0
320 509 495 509 495 535 320 535 text 0
46 515 50 515 50 528 46 528 text 0
79 516 118 516 118 531 79 531 text 0
88 533 98 533 98 545 88 545 text 0
107 534 273 534 273 551 107 551 text 0
33 544 114 544 114 557 33 557 text 0
120 546 126 546 126 561 120 561 text 0
137 547 156 547 156 562 137 562 text 0
238 565 298 565 298 577 238 577 text 0
27 566 67 566 67 578 27 578 text 0
89 569 103 569 103 579 89 579 text 0
119 570 149 570 149 581 119 581 text 0
157 571 162 571 162 581 157 581 text 0
164 574 254 574 254 584 164 584 text 0
25 576 53 576 53 585 25 585 text 0
71 578 112 578 112 588 71 588 text 0
381 548 431 548 431 558 381 558 text 0
450 550 587 550 587 564 450 564 text 0
438 549 441 549 441 561 438 561 text 0
396 560 460 560 460 571 396 571 text 0
469 563 472 563 472 572 469 572 text 0
481 564 582 564 582 577 481 577 text 0
30 604 66 604 66 617 30 617 text 0
96 607 120 607 120 619 96 619 text 0
129 608 136 608 136 619 129 619 text 0
176 627 203 627 203 638 176 638 text 0
231 629 258 629 258 640 231 640 text 0
284 631 368 631 368 639 284 639 text 0
414 623 423 623 423 631 414 631 text 0
449 625 472 625 472 634 449 634 text 0
501 628 561 628 561 640 501 640 text 0
318 69 372 69 372 78 318 78 text 0
224 129 234 129 234 135 224 135 text 0
223 116 233 116 233 123 223 123 text 0
484 164 497 164 497 170 484 170 text 0
379 162 409 162 409 170 379 170 text 0
363 162 378 162 378 169 363 169 text 0
433 201 455 201 455 208 433 208 text 0
54 232 107 232 107 242 54 242 text 0
111 302 145 302 145 312 111 312 text 0
168 304 235 304 235 315 168 315 text 0
377 344 613 344 613 360 377 360 text 0
69 420 457 420 457 444 69 444 text 0
172 453 223 453 223 463 172 463 text 0
233 456 310 456 310 467 233 467 text 0
34 531 83 531 83 542 34 542 text 0
267 577 325 577 325 587 267 587 text 0
138 609 209 609 209 620 138 620 text 0