160 26 316 26 316 35 160 35 text 0
13 76 106 76 106 87 13 87 text 0
205 77 348 77 348 89 205 89 text 0
364 78 408 78 408 89 364 89 text 0
11 87 91 87 91 97 11 97 text 0
98 87 106 87 106 97 98 97 text 0
111 87 220 87 220 98 111 98 text 0
231 88 268 88 268 98 231 98 text 0
275 89 278 89 278 98 275 98 text 0
298 88 372 88 372 99 298 99 text 0
12 97 51 97 51 107 12 107 text 0
69 98 92 98 92 108 69 108 text 0
123 98 269 98 269 109 123 109 text 0
285 99 360 99 360 110 285 110 text 0
13 108 37 108 37 118 13 118 text 0
45 108 46 108 46 118 45 118 text 0
54 108 92 108 92 118 54 118 text 0
109 109 200 109 200 120 109 120 text 0
220 110 229 110 229 120 220 120 text 0
247 110 349 110 349 121 247 121 text 0
12 120 51 120 51 128 12 128 text 0
83 121 129 121 129 129 83 129 text 0
150 121 296 121 296 130 150 130 text 0
312 122 362 122 362 130 312 130 text 0
370 123 371 123 371 130 370 130 text 0
379 123 518 123 518 132 379 132 text 0
15 131 78 131 78 140 15 140 text 0
98 132 105 132 105 140 98 140 text 0
124 132 217 132 217 140 124 140 text 0
290 133 293 133 293 141 290 141 text 0
301 132 431 132 431 141 301 141 text 0
16 143 94 143 94 153 16 153 text 0
112 144 137 144 137 154 112 154 text 0
152 143 366 143 366 154 152 154 text 0
316 156 440 156 440 163 316 163 text 0
462 156 522 156 522 163 462 163 text 0
20 167 99 167 99 175 20 175 text 0
115 167 139 167 139 175 115 175 text 0
183 167 391 167 391 175 183 175 text 0
21 179 73 179 73 187 21 187 text 0
79 179 80 179 80 187 79 187 text 0
88 179 192 179 192 187 88 187 text 0
197 179 204 179 204 187 197 187 text 0
209 179 324 179 324 186 209 186 text 0
329 178 337 178 337 186 329 186 text 0
341 178 560 178 560 186 341 186 text 0
23 191 113 191 113 198 23 198 text 0
130 191 181 191 181 198 130 198 text 0
200 191 202 191 202 198 200 198 text 0
225 190 361 190 361 197 225 197 text 0
24 201 87 201 87 210 24 210 text 0
105 201 115 201 115 210 105 210 text 0
122 201 123 201 123 210 122 210 text 0
132 201 193 201 193 210 132 210 text 0
212 201 222 201 222 210 212 210 text 0
229 201 230 201 230 210 229 210 text 0
24 213 119 213 119 221 24 221 text 0
122 213 128 213 128 221 122 221 text 0
134 213 287 213 287 220 134 220 text 0
304 212 388 212 388 220 304 220 text 0
27 224 116 224 116 231 27 231 text 0
134 224 197 224 197 231 134 231 text 0
30 235 340 235 340 242 30 242 text 0
31 245 77 245 77 255 31 255 text 0
96 245 146 245 146 254 96 254 text 0
161 245 211 245 211 254 161 254 text 0
218 245 220 245 220 254 218 254 text 0
228 245 302 245 302 254 228 254 text 0
318 244 328 244 328 254 318 254 text 0
330 244 340 244 340 254 330 254 text 0
420 245 430 245 430 252 420 252 text 0
434 244 503 244 503 252 434 252 text 0
30 256 340 256 340 264 30 264 text 0
44 267 105 267 105 276 44 276 text 0
228 267 302 267 302 275 228 275 text 0
318 266 328 266 328 275 318 275 text 0
332 266 352 266 352 275 332 275 text 0
446 267 456 267 456 274 446 274 text 0
459 267 507 267 507 274 459 274 text 0
29 278 65 278 65 287 29 287 text 0
84 278 159 278 159 286 84 286 text 0
408 277 417 277 417 286 408 286 text 0
422 277 494 277 494 286 422 286 text 0
29 289 106 289 106 298 29 298 text 0
436 288 445 288 445 295 436 295 text 0
448 288 496 288 496 295 448 295 text 0
28 300 105 300 105 309 28 309 text 0
410 299 418 299 418 306 410 306 text 0
424 299 496 299 496 306 424 306 text 0
26 309 103 309 103 319 26 319 text 0
121 310 143 310 143 320 121 320 text 0
279 310 301 310 301 320 279 320 text 0
26 320 78 320 78 331 26 331 text 0
94 320 131 320 131 330 94 330 text 0
173 320 214 320 214 330 173 330 text 0
227 320 302 320 302 330 227 330 text 0
347 318 419 318 419 329 347 329 text 0
436 318 455 318 455 329 436 329 text 0
27 331 65 331 65 341 27 341 text 0
80 331 142 331 142 340 80 340 text 0
254 330 313 330 313 340 254 340 text 0
338 330 393 330 393 339 338 339 text 0
473 330 508 330 508 338 473 338 text 0
28 343 38 343 38 351 28 351 text 0
42 343 52 343 52 351 42 351 text 0
215 343 223 343 223 350 215 350 text 0
229 342 298 342 298 349 229 349 text 0
448 342 456 342 456 349 448 349 text 0
461 342 508 342 508 349 461 349 text 0
44 354 67 354 67 362 44 362 text 0
241 353 250 353 250 360 241 360 text 0
252 353 302 353 302 360 252 360 text 0
448 352 456 352 456 360 448 360 text 0
460 352 508 352 508 360 460 360 text 0
27 364 77 364 77 372 27 372 text 0
87 364 93 364 93 372 87 372 text 0
98 364 198 364 198 371 98 371 text 0
203 364 211 364 211 372 203 372 text 0
216 363 339 363 339 371 216 371 text 0
357 363 429 363 429 371 357 371 text 0
82 375 159 375 159 383 82 383 text 0
252 375 271 375 271 383 252 383 text 0
291 374 354 374 354 382 291 382 text 0
368 374 466 374 466 381 368 381 text 0
187 411 446 411 446 419 187 419 text 0
31 436 39 436 39 444 31 444 text 0
48 436 56 436 56 444 48 444 text 0
56 435 117 435 117 443 56 443 text 0
135 434 186 434 186 442 135 442 text 0
198 434 326 434 326 441 198 441 text 0
341 432 464 432 464 439 341 439 text 0
31 447 119 447 119 454 31 454 text 0
135 445 285 445 285 452 135 452 text 0
33 456 59 456 59 467 33 467 text 0
72 456 170 456 170 466 72 466 text 0
188 454 198 454 198 465 188 465 text 0
211 454 314 454 314 464 211 464 text 0
331 452 377 452 377 463 331 463 text 0
396 451 466 451 466 462 396 462 text 0
27 467 188 467 188 476 27 476 text 0
200 465 236 465 236 475 200 475 text 0
250 464 298 464 298 475 250 475 text 0
315 464 413 464 413 474 315 474 text 0
429 462 477 462 477 473 429 473 text 0
35 477 119 477 119 488 35 488 text 0
138 476 186 476 186 487 138 487 text 0
198 476 313 476 313 486 198 486 text 0
329 474 413 474 413 484 329 484 text 0
38 490 152 490 152 498 38 498 text 0
161 488 288 488 288 496 161 496 text 0
303 486 348 486 348 495 303 495 text 0
370 485 437 485 437 494 370 494 text 0
442 484 451 484 451 493 442 493 text 0
43 500 127 500 127 509 43 509 text 0
135 499 171 499 171 508 135 508 text 0
188 498 252 498 252 508 188 508 text 0
266 498 350 498 350 507 266 507 text 0
365 497 448 497 448 506 365 506 text 0
45 506 101 506 101 520 45 520 text 0
111 506 166 506 166 520 111 520 text 0
179 506 277 506 277 519 179 519 text 0
288 505 351 505 351 519 288 519 text 0
365 504 492 504 492 517 365 517 text 0
39 521 114 521 114 532 39 532 text 0
124 518 137 518 137 533 124 533 text 0
138 517 177 517 177 532 138 532 text 0
188 517 213 517 213 532 188 532 text 0
238 516 406 516 406 531 238 531 text 0
45 531 174 531 174 542 45 542 text 0
190 528 326 528 326 541 190 541 text 0
343 528 407 528 407 541 343 541 text 0
416 527 427 527 427 540 416 540 text 0
39 542 98 542 98 553 39 553 text 0
94 542 103 542 103 553 94 553 text 0
148 542 158 542 158 552 148 552 text 0
161 542 286 542 286 551 161 551 text 0
304 541 338 541 338 551 304 551 text 0
354 541 474 541 474 551 354 551 text 0
42 550 108 550 108 564 42 564 text 0
123 550 208 550 208 563 123 563 text 0
227 549 274 549 274 563 227 563 text 0
288 549 311 549 311 562 288 562 text 0
327 548 370 548 370 562 327 562 text 0
394 548 451 548 451 561 394 561 text 0
47 566 133 566 133 575 47 575 text 0
30 576 83 576 83 588 30 588 text 0
99 575 145 575 145 587 99 587 text 0
159 574 249 574 249 584 159 584 text 0
262 572 287 572 287 583 262 583 text 0
300 571 374 571 374 582 300 582 text 0
378 569 381 569 381 582 378 582 text 0
123 78 192 78 192 87 123 87 text 0
157 311 264 311 264 318 157 318 text 0
145 322 160 322 160 329 145 329 text 0
173 374 238 374 238 383 173 383 text 0
29 354 40 354 40 361 29 361 text 0
427 529 506 529 506 538 427 538 text 0