192 119 286 119 286 130 192 130 text 0
313 118 555 118 555 131 313 131 text 0
143 119 164 119 164 130 143 130 text 0
230 134 383 134 383 147 230 147 text 0
180 150 212 150 212 161 180 161 text 0
229 150 261 150 261 161 229 161 text 0
301 150 447 150 447 162 301 162 text 0
119 166 150 166 150 176 119 176 text 0
461 165 507 165 507 176 461 176 text 0
229 166 251 166 251 176 229 176 text 0
265 166 447 166 447 178 265 178 text 0
302 181 360 181 360 192 302 192 text 0
376 180 434 180 434 192 376 192 text 0
230 181 288 181 288 192 230 192 text 0
386 197 422 197 422 207 386 207 text 0
276 197 373 197 373 208 276 208 text 0
292 212 373 212 373 223 292 223 text 0
243 212 276 212 276 224 243 224 text 0
220 214 238 214 238 222 220 222 text 0
22 242 68 242 68 254 22 254 text 0
83 243 115 243 115 254 83 254 text 0
131 244 227 244 227 255 131 255 text 0
265 244 322 244 322 255 265 255 text 0
241 243 251 243 251 256 241 256 text 0
22 257 115 257 115 269 22 269 text 0
130 259 251 259 251 272 130 272 text 0
22 273 115 273 115 285 22 285 text 0
131 273 215 273 215 287 131 287 text 0
582 289 606 289 606 300 582 300 text 0
22 288 115 288 115 300 22 300 text 0
268 289 361 289 361 300 268 300 text 0
374 290 398 290 398 301 374 301 text 0
130 289 251 289 251 302 130 302 text 0
22 320 33 320 33 330 22 330 text 0
547 320 605 320 605 330 547 330 text 0
338 320 397 320 397 331 338 331 text 0
254 320 324 320 324 331 254 331 text 0
145 321 239 321 239 331 145 331 text 0
22 351 33 351 33 362 22 362 text 0
548 351 606 351 606 362 548 362 text 0
59 351 93 351 93 362 59 362 text 0
108 351 166 351 166 362 108 362 text 0
558 366 605 366 605 377 558 377 text 0
59 366 93 366 93 378 59 378 text 0
107 367 129 367 129 378 107 378 text 0
558 382 602 382 602 393 558 393 text 0
59 382 154 382 154 394 59 394 text 0
167 382 202 382 202 394 167 394 text 0
548 413 606 413 606 434 548 434 text 0
59 422 93 422 93 434 59 434 text 0
108 423 164 423 164 434 108 434 text 0
548 437 605 437 605 448 548 448 text 0
59 436 106 436 106 448 59 448 text 0
558 453 606 453 606 474 558 474 text 0
59 463 130 463 130 474 59 474 text 0
192 507 337 507 337 519 192 519 text 0
350 507 398 507 398 519 350 519 text 0
412 507 473 507 473 519 412 519 text 0
120 507 178 507 178 519 120 519 text 0
71 522 139 522 139 536 71 536 text 0
143 522 552 522 552 536 143 536 text 0
144 538 176 538 176 550 144 550 text 0
254 538 298 538 298 550 254 550 text 0
449 539 483 539 483 550 449 550 text 0
194 539 239 539 239 549 194 549 text 0
314 539 336 539 336 549 314 549 text 0
350 538 434 538 434 551 350 551 text 0