195 101 355 101 355 115 195 115 text 0
51 101 125 101 125 115 51 115 text 0
134 102 183 102 183 116 134 116 text 0
281 117 362 117 362 133 281 133 text 0
48 117 68 117 68 133 48 133 text 0
80 119 156 119 156 133 80 133 text 0
167 119 273 119 273 133 167 133 text 0
48 135 118 135 118 151 48 151 text 0
290 135 438 135 438 151 290 151 text 0
130 137 196 137 196 151 130 151 text 0
203 137 280 137 280 151 203 151 text 0
49 153 100 153 100 169 49 169 text 0
111 155 261 155 261 169 111 169 text 0
92 173 154 173 154 187 92 187 text 0
162 172 333 172 333 188 162 188 text 0
49 209 117 209 117 223 49 223 text 0
437 244 565 244 565 258 437 258 text 0
50 245 159 245 159 259 50 259 text 0
355 245 426 245 426 259 355 259 text 0
197 245 345 245 345 259 197 259 text 0
166 247 187 247 187 259 166 259 text 0
403 261 503 261 503 276 403 276 text 0
322 262 391 262 391 276 322 276 text 0
52 262 238 262 238 278 52 278 text 0
51 281 175 281 175 295 51 295 text 0
53 316 110 316 110 330 53 330 text 0
314 318 354 318 354 330 314 330 text 0
377 318 489 318 489 330 377 330 text 0
221 317 275 317 275 331 221 331 text 0
403 334 467 334 467 347 403 347 text 0
309 333 371 333 371 348 309 348 text 0
52 333 186 333 186 349 52 349 text 0
254 335 263 335 263 349 254 349 text 0
52 351 259 351 259 366 52 366 text 0
271 351 335 351 335 366 271 366 text 0
343 351 430 351 430 366 343 366 text 0
48 387 131 387 131 402 48 402 text 0
139 390 269 390 269 402 139 402 text 0
356 390 363 390 363 402 356 402 text 0
52 424 191 424 191 438 52 438 text 0
234 424 294 424 294 438 234 438 text 0
53 441 112 441 112 454 53 454 text 0
198 442 246 442 246 456 198 456 text 0
51 459 103 459 103 472 51 472 text 0
198 460 247 460 247 473 198 473 text 0
52 476 98 476 98 490 52 490 text 0
193 477 242 477 242 491 193 491 text 0
51 494 191 494 191 509 51 509 text 0
245 494 296 494 296 510 245 510 text 0
51 511 132 511 132 527 51 527 text 0
202 512 266 512 266 528 202 528 text 0
51 529 120 529 120 545 51 545 text 0
198 529 267 529 267 546 198 546 text 0
51 547 161 547 161 562 51 562 text 0
223 547 287 547 287 563 223 563 text 0
55 583 148 583 148 599 55 599 text 0
159 585 225 585 225 598 159 598 text 0
235 585 284 585 284 598 235 598 text 0
294 584 345 584 345 599 294 599 text 0
356 585 525 585 525 601 356 601 text 0
51 601 138 601 138 616 51 616 text 0
146 602 198 602 198 615 146 615 text 0