57 43 204 43 204 65 57 65 text 0
225 43 326 43 326 65 225 65 text 0
351 42 608 42 608 63 351 63 text 0
617 40 622 40 622 63 617 63 text 0
134 66 309 66 309 85 134 85 text 0
332 64 520 64 520 83 332 83 text 0
531 62 537 62 537 83 531 83 text 0
98 86 241 86 241 106 98 106 text 0
262 84 311 84 311 105 262 105 text 0
320 84 330 84 330 105 320 105 text 0
335 84 511 84 511 103 335 103 text 0
528 82 579 82 579 102 528 102 text 0
587 82 593 82 593 103 587 103 text 0
115 106 150 106 150 129 115 129 text 0
157 106 164 106 164 129 157 129 text 0
169 106 256 106 256 127 169 127 text 0
280 104 437 104 437 125 280 125 text 0
441 102 453 102 453 125 441 125 text 0
459 102 578 102 578 123 459 123 text 0
152 125 278 125 278 147 152 147 text 0
296 125 528 125 528 146 296 146 text 0
56 168 147 168 147 191 56 191 text 0
155 167 166 167 166 192 155 192 text 0
168 167 350 167 350 190 168 190 text 0
410 165 460 165 460 189 410 189 text 0
482 164 516 164 516 188 482 188 text 0
524 164 530 164 530 188 524 188 text 0
556 163 623 163 623 187 556 187 text 0
56 193 129 193 129 212 56 212 text 0
155 192 162 192 162 212 155 212 text 0
171 192 202 192 202 212 171 212 text 0
211 192 218 192 218 212 211 212 text 0
227 191 258 191 258 211 227 211 text 0
192 255 256 255 256 278 192 278 text 0
306 253 372 253 372 276 306 276 text 0
419 251 519 251 519 273 419 273 text 0
110 305 263 305 263 323 110 323 text 0
283 301 301 301 301 322 283 322 text 0
48 328 185 328 185 351 48 351 text 0
204 325 263 325 263 349 204 349 text 0
269 325 277 325 277 349 269 349 text 0
305 323 319 323 319 348 305 348 text 0
326 323 357 323 357 347 326 347 text 0
532 297 639 297 639 315 532 315 text 0
516 320 527 320 527 342 516 342 text 0
535 319 623 319 623 340 535 340 text 0
519 366 532 366 532 387 519 387 text 0
539 365 628 365 628 385 539 385 text 0
48 376 163 376 163 397 48 397 text 0
544 390 632 390 632 409 544 409 text 0
526 437 539 437 539 460 526 460 text 0
545 436 636 436 636 457 545 457 text 0
44 446 246 446 246 473 44 473 text 0
587 539 596 539 596 559 587 559 text 0
596 539 639 539 639 559 596 559 text 0
39 558 100 558 100 579 39 579 text 0
122 555 160 555 160 577 122 577 text 0
170 552 182 552 182 576 170 576 text 0
188 552 265 552 265 573 188 573 text 0
206 603 270 603 270 624 206 624 text 0
292 599 354 599 354 623 292 623 text 0
376 592 535 592 535 622 376 622 text 0
519 391 537 391 537 405 519 405 text 0
44 402 164 402 164 422 44 422 text 0
552 540 583 540 583 560 552 560 text 0
511 542 533 542 533 560 511 560 text 0