311 117 552 117 552 131 311 131 text 0
189 120 282 120 282 132 189 132 text 0
92 121 112 121 112 132 92 132 text 0
141 121 161 121 161 132 141 132 text 0
228 135 381 135 381 149 228 149 text 0
298 150 444 150 444 163 298 163 text 0
176 152 210 152 210 164 176 164 text 0
226 152 257 152 257 163 226 163 text 0
458 166 506 166 506 177 458 177 text 0
116 167 148 167 148 179 116 179 text 0
261 167 444 167 444 179 261 179 text 0
155 167 249 167 249 180 155 180 text 0
372 182 432 182 432 194 372 194 text 0
298 183 358 183 358 194 298 194 text 0
188 183 285 183 285 194 188 194 text 0
384 198 419 198 419 209 384 209 text 0
274 198 371 198 371 209 274 209 text 0
203 198 237 198 237 209 203 209 text 0
255 201 258 201 258 209 255 209 text 0
238 213 273 213 273 223 238 223 text 0
289 213 373 213 373 223 289 223 text 0
263 244 319 244 319 255 263 255 text 0
18 244 65 244 65 255 18 255 text 0
81 244 112 244 112 255 81 255 text 0
128 244 224 244 224 255 128 255 text 0
238 244 248 244 248 256 238 256 text 0
19 259 112 259 112 271 19 271 text 0
131 259 248 259 248 272 131 272 text 0
19 275 112 275 112 286 19 286 text 0
129 275 210 275 210 288 129 288 text 0
580 289 604 289 604 299 580 299 text 0
372 290 395 290 395 301 372 301 text 0
263 290 358 290 358 301 263 301 text 0
19 290 112 290 112 301 19 301 text 0
131 290 248 290 248 303 131 303 text 0
556 320 604 320 604 331 556 331 text 0
251 321 322 321 322 332 251 332 text 0
21 322 27 322 27 332 21 332 text 0
143 320 236 320 236 332 143 332 text 0
556 351 604 351 604 362 556 362 text 0
21 351 27 351 27 362 21 362 text 0
105 351 149 351 149 362 105 362 text 0
55 351 90 351 90 362 55 362 text 0
556 366 604 366 604 376 556 376 text 0
55 367 90 367 90 378 55 378 text 0
104 367 127 367 127 378 104 378 text 0
544 381 604 381 604 392 544 392 text 0
164 382 200 382 200 393 164 393 text 0
55 382 152 382 152 393 55 393 text 0
556 412 604 412 604 434 556 434 text 0
105 424 163 424 163 435 105 435 text 0
56 424 90 424 90 435 56 435 text 0
554 436 604 436 604 447 554 447 text 0
55 438 102 438 102 448 55 448 text 0
556 452 604 452 604 473 556 473 text 0
55 463 127 463 127 474 55 474 text 0
189 507 335 507 335 518 189 518 text 0
348 508 396 508 396 519 348 519 text 0
117 507 175 507 175 519 117 519 text 0
410 507 504 507 504 520 410 520 text 0
195 522 283 522 283 534 195 534 text 0
291 522 553 522 553 535 291 535 text 0
68 523 137 523 137 535 68 535 text 0
142 523 185 523 185 535 142 535 text 0
141 538 173 538 173 549 141 549 text 0
250 538 295 538 295 549 250 549 text 0
312 538 335 538 335 549 312 549 text 0
445 538 481 538 481 549 445 549 text 0
190 538 237 538 237 549 190 549 text 0
348 538 433 538 433 550 348 550 text 0