115 40 227 40 227 51 115 51 text 0
255 41 346 41 346 52 255 52 text 0
375 41 511 41 511 53 375 53 text 0
146 53 196 53 196 68 146 68 text 0
203 54 217 54 217 69 203 69 text 0
217 54 254 54 254 69 217 69 text 0
269 54 461 54 461 70 269 70 text 0
108 68 301 68 301 83 108 83 text 0
322 69 369 69 369 83 322 83 text 0
411 70 493 70 493 84 411 84 text 0
96 81 181 81 181 95 96 95 text 0
198 82 284 82 284 96 198 96 text 0
307 82 353 82 353 96 307 96 text 0
364 83 366 83 366 96 364 96 text 0
393 83 425 83 425 96 393 96 text 0
433 83 437 83 437 96 433 96 text 0
448 84 480 84 480 97 448 97 text 0
483 83 491 83 491 97 483 97 text 0
497 83 510 83 510 97 497 97 text 0
201 98 282 98 282 108 201 108 text 0
291 98 299 98 299 108 291 108 text 0
306 98 422 98 422 109 306 109 text 0
113 110 231 110 231 122 113 122 text 0
253 111 314 111 314 123 253 123 text 0
343 112 513 112 513 123 343 123 text 0
33 130 108 130 108 140 33 140 text 0
225 131 229 131 229 141 225 141 text 0
256 131 423 131 423 142 256 142 text 0
31 143 95 143 95 154 31 154 text 0
226 145 230 145 230 155 226 155 text 0
259 145 390 145 390 155 259 155 text 0
30 156 79 156 79 169 30 169 text 0
100 156 132 156 132 169 100 169 text 0
227 158 230 158 230 169 227 169 text 0
257 159 323 159 323 170 257 170 text 0
33 175 131 175 131 192 33 192 text 0
136 176 139 176 139 191 136 191 text 0
150 176 231 176 231 192 150 192 text 0
138 178 141 178 141 189 138 189 text 0
362 181 404 181 404 190 362 190 text 0
481 182 491 182 491 193 481 193 text 0
495 182 562 182 562 194 495 194 text 0
33 206 167 206 167 217 33 217 text 0
32 220 167 220 167 231 32 231 text 0
450 209 465 209 465 221 450 221 text 0
475 209 559 209 559 222 475 222 text 0
427 223 442 223 442 236 427 236 text 0
452 223 561 223 561 237 452 237 text 0
30 247 113 247 113 260 30 260 text 0
48 261 218 261 218 273 48 273 text 0
258 276 322 276 322 288 258 288 text 0
169 294 199 294 199 307 169 307 text 0
207 294 209 294 209 307 207 307 text 0
240 295 289 295 289 307 240 307 text 0
95 326 127 326 127 339 95 339 text 0
133 327 140 327 140 340 133 340 text 0
151 327 217 327 217 341 151 341 text 0
437 331 450 331 450 341 437 341 text 0
470 331 500 331 500 342 470 342 text 0
509 332 516 332 516 342 509 342 text 0
524 332 590 332 590 343 524 343 text 0
29 362 93 362 93 374 29 374 text 0
138 363 142 363 142 374 138 374 text 0
146 364 318 364 318 377 146 377 text 0
415 367 449 367 449 377 415 377 text 0
463 368 486 368 486 378 463 378 text 0
491 368 497 368 497 378 491 378 text 0
502 368 592 368 592 379 502 379 text 0
30 373 83 373 83 383 30 383 text 0
96 374 117 374 117 384 96 384 text 0
121 374 125 374 125 384 121 384 text 0
134 375 177 375 177 385 134 385 text 0
185 375 190 375 190 385 185 385 text 0
189 375 257 375 257 386 189 386 text 0
537 379 590 379 590 388 537 388 text 0
158 385 224 385 224 397 158 397 text 0
240 386 247 386 247 397 240 397 text 0
261 386 292 386 292 397 261 397 text 0
300 387 302 387 302 398 300 398 text 0
310 387 342 387 342 398 310 398 text 0
359 388 363 388 363 398 359 398 text 0
242 398 351 398 351 408 242 408 text 0
432 408 517 408 517 421 432 421 text 0
243 417 351 417 351 429 243 429 text 0
198 427 308 427 308 437 198 437 text 0
335 427 374 427 374 440 335 440 text 0
31 434 63 434 63 444 31 444 text 0
100 435 262 435 262 446 100 446 text 0
465 440 521 440 521 451 465 451 text 0
536 441 591 441 591 452 536 452 text 0
206 445 250 445 250 457 206 457 text 0
265 445 310 445 310 458 265 458 text 0
349 447 414 447 414 459 349 459 text 0
94 453 148 453 148 465 94 465 text 0
161 455 262 455 262 467 161 467 text 0
274 456 308 456 308 467 274 467 text 0
324 457 367 457 367 469 324 469 text 0
382 457 460 457 460 470 382 470 text 0
477 459 532 459 532 470 477 470 text 0
186 464 207 464 207 475 186 475 text 0
221 465 299 465 299 477 221 477 text 0
314 466 426 466 426 479 314 479 text 0
134 473 266 473 266 486 134 486 text 0
301 476 471 476 471 489 301 489 text 0
144 492 198 492 198 503 144 503 text 0
212 493 256 493 256 504 212 504 text 0
274 494 338 494 338 506 274 506 text 0
355 495 422 495 422 507 355 507 text 0
431 498 451 498 451 507 431 507 text 0
42 503 168 503 168 513 42 513 text 0
178 502 210 502 210 513 178 513 text 0
215 502 220 502 220 513 215 513 text 0
234 504 293 504 293 512 234 512 text 0
304 503 360 503 360 515 304 515 text 0
374 504 428 504 428 516 374 516 text 0
444 505 460 505 460 516 444 516 text 0
465 506 472 506 472 517 465 517 text 0
488 508 511 508 511 517 488 517 text 0
514 511 523 511 523 518 514 518 text 0
537 509 558 509 558 517 537 517 text 0
168 513 226 513 226 522 168 522 text 0
306 514 360 514 360 525 306 525 text 0
368 514 373 514 373 525 368 525 text 0
376 514 450 514 450 526 376 526 text 0
128 541 325 541 325 568 128 568 text 0
339 541 587 541 587 569 339 569 text 0
192 573 233 573 233 584 192 584 text 0
249 573 317 573 317 583 249 583 text 0
329 572 442 572 442 583 329 583 text 0
44 603 92 603 92 615 44 615 text 0
113 602 146 602 146 614 113 614 text 0
153 602 157 602 157 614 153 614 text 0
442 601 455 601 455 611 442 611 text 0
476 603 507 603 507 611 476 611 text 0
311 622 448 622 448 633 311 633 text 0
486 252 571 252 571 265 486 265 text 0
464 252 484 252 484 261 464 261 text 0
25 295 149 295 149 305 25 305 text 0
107 365 131 365 131 372 107 372 text 0
379 389 457 389 457 398 379 398 text 0
568 508 582 508 582 516 568 516 text 0
468 499 490 499 490 507 468 507 text 0
237 513 296 513 296 522 237 522 text 0
522 602 597 602 597 612 522 612 text 0
163 604 234 604 234 613 163 613 text 0
261 624 292 624 292 634 261 634 text 0