383 83 523 83 523 95 383 95 text 0
97 100 152 100 152 111 97 111 text 0
257 100 421 100 421 111 257 111 text 0
431 100 490 100 490 111 431 111 text 0
502 100 560 100 560 111 502 111 text 0
163 100 245 100 245 112 163 112 text 0
347 115 385 115 385 124 347 124 text 0
191 114 252 114 252 124 191 124 text 0
274 114 337 114 337 124 274 124 text 0
396 113 468 113 468 126 396 126 text 0
261 120 266 120 266 126 261 126 text 0
206 128 377 128 377 138 206 138 text 0
92 129 195 129 195 139 92 139 text 0
388 129 451 129 451 139 388 139 text 0
460 129 565 129 565 140 460 140 text 0
112 143 143 143 143 153 112 153 text 0
349 143 383 143 383 153 349 153 text 0
168 143 303 143 303 153 168 153 text 0
407 143 542 143 542 153 407 153 text 0
393 145 395 145 395 152 393 152 text 0
271 158 302 158 302 167 271 167 text 0
176 158 216 158 216 167 176 167 text 0
326 158 483 158 483 167 326 167 text 0
313 160 318 160 318 167 313 167 text 0
224 157 262 157 262 169 224 169 text 0
237 181 282 181 282 191 237 191 text 0
290 181 383 181 383 191 290 191 text 0
44 202 116 202 116 212 44 212 text 0
212 202 239 202 239 212 212 212 text 0
249 201 358 201 358 214 249 214 text 0
139 204 156 204 156 212 139 212 text 0
44 217 92 217 92 227 44 227 text 0
212 217 306 217 306 227 212 227 text 0
316 217 406 217 406 227 316 227 text 0
417 217 445 217 445 227 417 227 text 0
43 233 117 233 117 243 43 243 text 0
214 233 260 233 260 243 214 243 text 0
140 235 157 235 157 242 140 242 text 0
43 248 123 248 123 258 43 258 text 0
132 248 163 248 163 258 132 258 text 0
212 250 234 250 234 257 212 257 text 0
316 264 406 264 406 274 316 274 text 0
44 264 115 264 115 274 44 274 text 0
417 264 445 264 445 274 417 274 text 0
212 264 306 264 306 274 212 274 text 0
128 264 171 264 171 274 128 274 text 0
291 281 329 281 329 292 291 292 text 0
104 281 159 281 159 293 104 293 text 0
337 281 390 281 390 293 337 293 text 0
447 281 531 281 531 293 447 293 text 0
214 280 247 280 247 294 214 294 text 0
43 281 90 281 90 295 43 295 text 0
103 298 230 298 230 308 103 308 text 0
242 298 335 298 335 308 242 308 text 0
43 299 94 299 94 308 43 308 text 0
425 298 462 298 462 309 425 309 text 0
343 298 386 298 386 310 343 310 text 0
395 300 414 300 414 310 395 310 text 0
338 317 384 317 384 326 338 326 text 0
238 317 245 317 245 326 238 326 text 0
483 317 528 317 528 326 483 326 text 0
540 319 563 319 563 327 540 327 text 0
44 334 70 334 70 343 44 343 text 0
78 334 205 334 205 343 78 343 text 0
459 334 498 334 498 343 459 343 text 0
216 333 422 333 422 345 216 345 text 0
431 335 450 335 450 345 431 345 text 0
329 351 384 351 384 361 329 361 text 0
238 351 245 351 245 361 238 361 text 0
472 351 527 351 527 361 472 361 text 0
540 354 563 354 563 362 540 362 text 0
43 373 56 373 56 384 43 384 text 0
305 373 360 373 360 387 305 387 text 0
471 374 529 374 529 385 471 385 text 0
241 374 296 374 296 386 241 386 text 0
68 373 146 373 146 387 68 387 text 0
252 394 293 394 293 403 252 403 text 0
328 394 362 394 362 403 328 403 text 0
301 394 319 394 319 405 301 405 text 0
485 395 530 395 530 405 485 405 text 0
241 416 292 416 292 426 241 426 text 0
201 417 236 417 236 426 201 426 text 0
471 415 529 415 529 428 471 428 text 0
300 416 362 416 362 429 300 429 text 0
220 435 315 435 315 448 220 448 text 0
323 435 361 435 361 448 323 448 text 0
475 437 527 437 527 448 475 448 text 0
203 458 292 458 292 468 203 468 text 0
144 459 193 459 193 468 144 468 text 0
103 459 137 459 137 469 103 469 text 0
300 458 362 458 362 471 300 471 text 0
473 460 529 460 529 470 473 470 text 0
45 476 93 476 93 485 45 485 text 0
475 477 530 477 530 487 475 487 text 0
482 498 530 498 530 508 482 508 text 0
44 498 122 498 122 509 44 509 text 0
280 534 320 534 320 543 280 543 text 0
44 532 78 532 78 545 44 545 text 0
485 534 519 534 519 544 485 544 text 0
528 533 578 533 578 545 528 545 text 0
414 533 467 533 467 545 414 545 text 0
87 533 171 533 171 545 87 545 text 0
337 534 406 534 406 544 337 544 text 0
99 554 129 554 129 563 99 563 text 0
544 554 581 554 581 563 544 563 text 0
421 554 468 554 468 563 421 563 text 0
313 554 323 554 323 563 313 563 text 0
43 554 68 554 68 563 43 563 text 0
74 555 91 555 91 564 74 564 text 0
258 604 322 604 322 614 258 614 text 0
203 606 248 606 248 615 203 615 text 0
134 605 198 605 198 615 134 615 text 0
460 606 463 606 463 614 460 614 text 0
329 605 387 605 387 615 329 615 text 0
392 606 450 606 450 617 392 617 text 0