368 138 436 138 436 162 368 162 text 0
245 165 330 165 330 190 245 190 text 0
189 192 240 192 240 217 189 217 text 0
262 191 366 191 366 217 262 217 text 0
387 190 419 190 419 216 387 216 text 0
439 190 525 190 525 215 439 215 text 0
548 189 599 189 599 215 548 215 text 0
119 218 150 218 150 245 119 245 text 0
158 217 168 217 168 245 158 245 text 0
171 217 227 217 227 244 171 244 text 0
231 217 241 217 241 244 231 244 text 0
248 216 258 216 258 244 248 244 text 0
277 216 409 216 409 242 277 242 text 0
410 215 424 215 424 242 410 242 text 0
422 214 552 214 552 241 422 241 text 0
119 245 240 245 240 271 119 271 text 0
263 243 293 243 293 270 263 270 text 0
299 243 308 243 308 270 299 270 text 0
331 243 528 243 528 268 331 268 text 0
51 284 221 284 221 310 51 310 text 0
388 281 438 281 438 309 388 309 text 0
460 281 492 281 492 308 460 308 text 0
500 280 505 280 505 308 500 308 text 0
532 280 598 280 598 307 532 307 text 0
45 311 114 311 114 335 45 335 text 0
118 310 128 310 128 335 118 335 text 0
139 311 222 311 222 335 139 335 text 0
460 345 470 345 470 371 460 371 text 0
483 345 580 345 580 370 483 370 text 0
46 403 102 403 102 428 46 428 text 0
47 431 104 431 104 452 47 452 text 0
494 398 586 398 586 420 494 420 text 0
455 434 469 434 469 448 455 448 text 0
476 426 585 426 585 450 476 450 text 0
52 480 130 480 130 503 52 503 text 0
480 478 576 478 576 498 480 498 text 0
54 517 175 517 175 540 54 540 text 0
179 523 186 523 186 539 179 539 text 0
214 516 224 516 224 539 214 539 text 0
233 516 243 516 243 539 233 539 text 0
242 515 365 515 365 538 242 538 text 0
385 514 399 514 399 538 385 538 text 0
407 515 417 515 417 538 407 538 text 0
52 554 104 554 104 578 52 578 text 0
162 561 169 561 169 579 162 579 text 0
177 550 242 550 242 578 177 578 text 0
440 550 452 550 452 573 440 573 text 0
474 550 502 550 502 573 474 573 text 0
508 550 517 550 517 573 508 573 text 0
526 550 591 550 591 573 526 573 text 0
331 575 466 575 466 599 331 599 text 0
226 142 273 142 273 164 226 164 text 0
278 142 346 142 346 163 278 163 text 0
353 167 398 167 398 187 353 187 text 0
44 194 170 194 170 214 44 214 text 0
40 349 168 349 168 374 40 374 text 0
370 349 404 349 404 371 370 371 text 0
350 355 365 355 365 370 350 370 text 0
474 405 488 405 488 419 474 419 text 0
457 482 471 482 471 494 457 494 text 0
258 577 313 577 313 598 258 598 text 0
195 579 235 579 235 602 195 602 text 0
123 553 159 553 159 576 123 576 text 0