180 56 226 56 226 68 180 68 text 0
240 56 272 56 272 68 240 68 text 0
339 57 373 57 373 69 339 69 text 0
292 56 322 56 322 70 292 70 text 0
389 56 505 56 505 70 389 70 text 0
410 73 482 73 482 85 410 85 text 0
339 74 398 74 398 85 339 85 text 0
497 73 520 73 520 85 497 85 text 0
167 74 202 74 202 85 167 85 text 0
277 74 325 74 325 85 277 85 text 0
217 73 260 73 260 86 217 86 text 0
205 90 227 90 227 101 205 101 text 0
339 89 398 89 398 101 339 101 text 0
411 89 482 89 482 101 411 101 text 0
191 90 201 90 201 101 191 101 text 0
241 89 321 89 321 102 241 102 text 0
277 105 337 105 337 117 277 117 text 0
351 105 409 105 409 118 351 118 text 0
425 106 496 106 496 117 425 117 text 0
179 105 260 105 260 119 179 119 text 0
254 121 275 121 275 134 254 134 text 0
207 121 240 121 240 134 207 134 text 0
314 122 459 122 459 134 314 134 text 0
294 125 297 125 297 134 294 134 text 0
241 139 337 139 337 151 241 151 text 0
350 138 410 138 410 151 350 151 text 0
180 155 272 155 272 167 180 167 text 0
282 155 325 155 325 167 282 167 text 0
411 155 459 155 459 167 411 167 text 0
339 155 373 155 373 168 339 168 text 0
472 155 508 155 508 168 472 168 text 0
388 161 398 161 398 163 388 163 text 0
514 188 557 188 557 200 514 200 text 0
143 188 285 188 285 200 143 200 text 0
486 188 506 188 506 200 486 200 text 0
143 204 227 204 227 217 143 217 text 0
242 204 324 204 324 217 242 217 text 0
69 237 175 237 175 250 69 250 text 0
511 237 557 237 557 250 511 250 text 0
70 256 126 256 126 267 70 267 text 0
143 256 203 256 203 267 143 267 text 0
218 256 261 256 261 267 218 267 text 0
278 256 313 256 313 267 278 267 text 0
511 256 557 256 557 267 511 267 text 0
143 271 203 271 203 282 143 282 text 0
326 271 362 271 362 282 326 282 text 0
70 271 126 271 126 282 70 282 text 0
511 271 557 271 557 282 511 282 text 0
267 271 310 271 310 282 267 282 text 0
216 271 249 271 249 284 216 284 text 0
70 288 117 288 117 299 70 299 text 0
500 288 558 288 558 299 500 299 text 0
72 304 117 304 117 316 72 316 text 0
131 304 189 304 189 316 131 316 text 0
206 304 212 304 212 316 206 316 text 0
377 304 410 304 410 316 377 316 text 0
511 304 558 304 558 316 511 316 text 0
289 303 362 303 362 318 289 318 text 0
119 321 203 321 203 332 119 332 text 0
265 321 497 321 497 332 265 332 text 0
218 321 249 321 249 332 218 332 text 0
70 336 104 336 104 349 70 349 text 0
315 336 386 336 386 349 315 349 text 0
523 337 558 337 558 349 523 349 text 0
118 337 203 337 203 350 118 350 text 0
71 353 93 353 93 365 71 365 text 0
107 353 118 353 118 365 107 365 text 0
131 353 154 353 154 365 131 365 text 0
511 353 558 353 558 365 511 365 text 0
339 353 387 353 387 366 339 366 text 0
70 369 127 369 127 382 70 382 text 0
340 370 387 370 387 382 340 382 text 0
511 370 558 370 558 382 511 382 text 0
425 386 460 386 460 398 425 398 text 0
474 386 558 386 558 398 474 398 text 0
71 385 191 385 191 400 71 400 text 0
208 387 265 387 265 399 208 399 text 0
364 387 411 387 411 399 364 399 text 0
71 404 152 404 152 416 71 416 text 0
169 404 253 404 253 416 169 416 text 0
265 404 325 404 325 416 265 416 text 0
340 404 411 404 411 416 340 416 text 0
425 404 460 404 460 416 425 416 text 0
218 452 277 452 277 465 218 465 text 0
292 452 363 452 363 465 292 465 text 0
376 453 472 453 472 465 376 465 text 0
244 469 399 469 399 481 244 481 text 0
194 469 227 469 227 481 194 481 text 0
415 469 483 469 483 482 415 482 text 0
170 486 228 486 228 498 170 498 text 0
242 486 277 486 277 498 242 498 text 0
291 486 327 486 327 497 291 497 text 0
339 486 388 486 388 498 339 498 text 0
401 486 510 486 510 498 401 498 text 0
316 501 364 501 364 514 316 514 text 0
231 501 302 501 302 514 231 514 text 0
377 501 436 501 436 514 377 514 text 0