231 65 296 65 296 86 231 86 text 0
311 64 392 64 392 84 311 84 text 0
229 88 295 88 295 108 229 108 text 0
310 86 390 86 390 106 310 106 text 0
68 114 161 114 161 135 68 135 text 0
176 112 268 112 268 134 176 134 text 0
275 111 279 111 279 133 275 133 text 0
324 111 401 111 401 132 324 132 text 0
420 110 459 110 459 131 420 131 text 0
474 110 486 110 486 132 474 132 text 0
502 109 554 109 554 131 502 131 text 0
81 135 106 135 106 155 81 155 text 0
112 135 116 135 116 156 112 156 text 0
122 135 132 135 132 156 122 156 text 0
163 135 282 135 282 155 163 155 text 0
289 134 297 134 297 154 289 154 text 0
294 133 391 133 391 154 294 154 text 0
406 133 444 133 444 153 406 153 text 0
452 133 455 133 455 153 452 153 text 0
461 132 554 132 554 152 461 152 text 0
122 158 213 158 213 180 122 180 text 0
229 158 269 158 269 180 229 180 text 0
284 157 500 157 500 177 284 177 text 0
217 184 324 184 324 206 217 206 text 0
339 182 417 182 417 205 339 205 text 0
528 229 594 229 594 250 528 250 text 0
29 231 93 231 93 255 29 255 text 0
101 231 104 231 104 255 101 255 text 0
123 231 253 231 253 255 123 255 text 0
29 256 80 256 80 278 29 278 text 0
125 255 229 255 229 276 125 276 text 0
29 300 39 300 39 323 29 323 text 0
55 300 106 300 106 323 55 323 text 0
123 300 134 300 134 323 123 323 text 0
151 300 214 300 214 323 151 323 text 0
232 300 255 300 255 323 232 323 text 0
29 325 93 325 93 348 29 348 text 0
110 325 162 325 162 348 110 348 text 0
168 325 171 325 171 348 168 348 text 0
179 324 202 324 202 347 179 347 text 0
218 324 283 324 283 347 218 347 text 0
393 327 405 327 405 344 393 344 text 0
406 327 418 327 418 344 406 344 text 0
515 325 526 325 526 344 515 344 text 0
529 325 595 325 595 344 529 344 text 0
29 370 186 370 186 396 29 396 text 0
30 397 186 397 186 419 30 419 text 0
463 371 484 371 484 394 463 394 text 0
489 371 592 371 592 394 489 394 text 0
435 394 457 394 457 419 435 419 text 0
462 394 592 394 592 418 462 418 text 0
31 444 94 444 94 466 31 466 text 0
112 444 174 444 174 466 112 466 text 0
192 444 268 444 268 466 192 466 text 0
517 444 527 444 527 464 517 464 text 0
530 444 595 444 595 464 530 464 text 0
29 492 67 492 67 515 29 515 text 0
69 492 81 492 81 515 69 515 text 0
83 492 132 492 132 514 83 514 text 0
138 492 148 492 148 514 138 514 text 0
152 492 216 492 216 514 152 514 text 0
232 491 309 491 309 514 232 514 text 0
30 556 69 556 69 577 30 577 text 0
84 555 109 555 109 577 84 577 text 0
114 555 118 555 118 577 114 577 text 0
137 555 186 555 186 576 137 576 text 0
448 554 458 554 458 574 448 574 text 0
477 554 500 554 500 574 477 574 text 0
507 554 511 554 511 574 507 574 text 0
530 553 596 553 596 573 530 573 text 0
273 601 298 601 298 623 273 623 text 0
314 601 420 601 420 623 314 623 text 0
475 231 502 231 502 251 475 251 text 0
420 231 462 231 462 252 420 252 text 0
98 261 105 261 105 275 98 275 text 0
219 604 259 604 259 623 219 623 text 0