89 61 225 61 225 74 89 74 text 0
42 77 102 77 102 94 42 94 text 0
117 75 164 75 164 92 117 92 text 0
179 74 201 74 201 91 179 91 text 0
257 72 261 72 261 90 257 90 text 0
43 94 153 94 153 108 43 108 text 0
167 90 202 90 202 106 167 106 text 0
209 89 212 89 212 106 209 106 text 0
230 88 340 88 340 102 230 102 text 0
355 85 391 85 391 101 355 101 text 0
396 84 399 84 399 101 396 101 text 0
419 84 443 84 443 100 419 100 text 0
447 83 451 83 451 100 447 100 text 0
457 82 481 82 481 98 457 98 text 0
483 81 495 81 495 98 483 98 text 0
496 81 508 81 508 98 496 98 text 0
181 105 253 105 253 119 181 119 text 0
269 103 278 103 278 118 269 118 text 0
293 102 378 102 378 115 293 115 text 0
47 124 118 124 118 140 47 140 text 0
133 121 304 121 304 135 133 135 text 0
321 116 521 116 521 129 321 129 text 0
63 154 122 154 122 169 63 169 text 0
152 152 155 152 155 168 152 168 text 0
174 151 291 151 291 164 174 164 text 0
65 170 111 170 111 184 65 184 text 0
175 167 233 167 233 181 175 181 text 0
176 182 222 182 222 197 176 197 text 0
350 239 359 239 359 251 350 251 text 0
362 239 384 239 384 251 362 251 text 0
511 235 521 235 521 250 511 250 text 0
524 235 569 235 569 249 524 249 text 0
72 216 153 216 153 228 72 228 text 0
61 230 106 230 106 244 61 244 text 0
168 228 214 228 214 242 168 242 text 0
63 246 120 246 120 258 63 258 text 0
75 258 228 258 228 271 75 271 text 0
64 272 169 272 169 285 64 285 text 0
182 270 204 270 204 285 182 285 text 0
218 269 240 269 240 284 218 284 text 0
254 268 299 268 299 283 254 283 text 0
350 268 360 268 360 281 350 281 text 0
362 268 384 268 384 281 362 281 text 0
499 264 508 264 508 281 499 281 text 0
510 264 569 264 569 280 510 280 text 0
75 300 143 300 143 314 75 314 text 0
73 315 143 315 143 328 73 328 text 0
536 296 545 296 545 311 536 311 text 0
549 296 590 296 590 311 549 311 text 0
524 312 532 312 532 327 524 327 text 0
535 311 595 311 595 326 535 326 text 0
82 344 140 344 140 359 82 359 text 0
499 341 508 341 508 356 499 356 text 0
512 341 571 341 571 356 512 356 text 0
79 376 115 376 115 389 79 389 text 0
79 392 88 392 88 406 79 406 text 0
91 392 114 392 114 406 91 406 text 0
180 376 214 376 214 393 180 393 text 0
230 375 298 375 298 391 230 391 text 0
339 374 410 374 410 391 339 391 text 0
426 374 496 374 496 391 426 391 text 0
242 391 252 391 252 406 242 406 text 0
255 391 296 391 296 406 255 406 text 0
426 389 436 389 436 406 426 406 text 0
438 389 496 389 496 405 438 405 text 0
117 423 164 423 164 440 117 440 text 0
180 423 275 423 275 440 180 440 text 0
75 456 163 456 163 474 75 474 text 0
203 456 324 456 324 474 203 474 text 0
74 488 145 488 145 506 74 506 text 0
151 487 162 487 162 506 151 506 text 0
164 487 197 487 197 506 164 506 text 0
203 487 211 487 211 506 203 506 text 0
215 486 286 486 286 505 215 505 text 0
289 486 299 486 299 505 289 505 text 0
303 486 308 486 308 505 303 505 text 0
315 485 337 485 337 504 315 504 text 0
341 485 376 485 376 503 341 503 text 0
378 485 388 485 388 504 378 504 text 0
73 506 123 506 123 522 73 522 text 0
518 501 527 501 527 515 518 515 text 0
530 500 575 500 575 513 530 513 text 0
458 568 494 568 494 584 458 584 text 0
510 567 534 567 534 584 510 584 text 0
549 567 595 567 595 583 549 583 text 0
69 560 160 560 160 575 69 575 text 0
167 558 170 558 170 575 167 575 text 0
191 558 196 558 196 575 191 575 text 0
69 577 80 577 80 595 69 595 text 0
95 577 121 577 121 594 95 594 text 0
126 576 129 576 129 594 126 594 text 0
136 576 187 576 187 593 136 593 text 0
188 592 219 592 219 610 188 610 text 0
232 590 269 590 269 609 232 609 text 0
285 590 385 590 385 606 285 606 text 0
217 75 253 75 253 87 217 87 text 0
263 74 301 74 301 86 263 86 text 0
314 71 353 71 353 85 314 85 text 0
369 70 406 70 406 85 369 85 text 0
414 69 455 69 455 83 414 83 text 0
468 68 509 68 509 81 468 81 text 0
151 172 159 172 159 180 151 180 text 0
153 185 159 185 159 196 153 196 text 0
112 186 139 186 139 198 112 198 text 0
62 185 103 185 103 198 62 198 text 0
137 507 189 507 189 520 137 520 text 0