302 124 389 124 389 137 302 137 text 0
403 124 446 124 446 137 403 137 text 0
462 124 504 124 504 137 462 137 text 0
7 124 130 124 130 138 7 138 text 0
140 124 232 124 232 138 140 138 text 0
243 126 288 126 288 137 243 137 text 0
109 139 171 139 171 153 109 153 text 0
11 141 96 141 96 153 11 153 text 0
188 141 274 141 274 153 188 153 text 0
390 156 419 156 419 168 390 168 text 0
288 157 374 157 374 168 288 168 text 0
97 157 171 157 171 169 97 169 text 0
186 157 272 157 272 168 186 168 text 0
11 157 40 157 40 169 11 169 text 0
54 158 84 158 84 169 54 169 text 0
11 172 96 172 96 184 11 184 text 0
113 173 172 173 172 185 113 185 text 0
188 173 274 173 274 188 188 188 text 0
14 188 237 188 237 201 14 201 text 0
187 200 328 200 328 216 187 216 text 0
11 203 113 203 113 216 11 216 text 0
128 205 172 205 172 216 128 216 text 0
127 219 317 219 317 232 127 232 text 0
11 221 50 221 50 233 11 233 text 0
70 221 113 221 113 233 70 233 text 0
447 252 476 252 476 264 447 264 text 0
575 267 594 267 594 279 575 279 text 0
489 267 546 267 546 279 489 279 text 0
215 268 272 268 272 280 215 280 text 0
288 268 360 268 360 280 288 280 text 0
158 268 200 268 200 280 158 280 text 0
12 268 142 268 142 280 12 280 text 0
491 284 547 284 547 296 491 296 text 0
66 283 190 283 190 298 66 298 text 0
171 317 242 317 242 328 171 328 text 0
490 317 549 317 549 328 490 328 text 0
17 317 83 317 83 329 17 329 text 0
99 317 152 317 152 328 99 328 text 0
492 331 549 331 549 344 492 344 text 0
7 331 72 331 72 345 7 345 text 0
142 348 301 348 301 361 142 361 text 0
489 348 548 348 548 360 489 360 text 0
11 348 126 348 126 360 11 360 text 0
11 363 99 363 99 376 11 376 text 0
113 364 155 364 155 376 113 376 text 0
491 365 548 365 548 376 491 376 text 0
300 379 360 379 360 393 300 393 text 0
11 381 52 381 52 393 11 393 text 0
417 381 456 381 456 392 417 392 text 0
475 381 517 381 517 392 475 392 text 0
241 381 282 381 282 393 241 393 text 0
96 380 155 380 155 393 96 393 text 0
418 396 475 396 475 408 418 408 text 0
11 396 26 396 26 407 11 407 text 0
113 396 141 396 141 408 113 408 text 0
289 396 346 396 346 408 289 408 text 0
140 427 217 427 217 442 140 442 text 0
231 428 273 428 273 440 231 440 text 0
288 428 329 428 329 440 288 440 text 0
345 428 461 428 461 440 345 440 text 0
213 444 243 444 243 457 213 457 text 0
257 444 373 444 373 457 257 457 text 0
142 461 185 461 185 473 142 473 text 0
198 461 301 461 301 473 198 473 text 0
315 461 360 461 360 473 315 473 text 0
418 461 447 461 447 473 418 473 text 0
374 463 403 463 403 473 374 473 text 0
301 477 515 477 515 489 301 489 text 0
83 478 155 478 155 489 83 489 text 0
170 478 229 478 229 489 170 489 text 0
243 479 286 479 286 489 243 489 text 0
98 492 229 492 229 505 98 505 text 0
389 492 446 492 446 505 389 505 text 0
244 493 373 493 373 505 244 505 text 0
462 494 504 494 504 505 462 505 text 0
243 508 398 508 398 521 243 521 text 0
183 509 228 509 228 521 183 521 text 0
243 525 286 525 286 537 243 537 text 0
39 525 83 525 83 537 39 537 text 0
98 525 229 525 229 537 98 537 text 0
302 525 403 525 403 537 302 537 text 0
418 525 549 525 549 537 418 537 text 0
504 540 562 540 562 553 504 553 text 0
460 542 490 542 490 553 460 553 text 0
389 542 445 542 445 553 389 553 text 0
168 542 243 542 243 554 168 554 text 0
39 542 155 542 155 554 39 554 text 0
257 542 373 542 373 554 257 554 text 0
534 558 576 558 576 569 534 569 text 0
403 558 519 558 519 570 403 570 text 0
273 558 387 558 387 570 273 570 text 0
200 558 257 558 257 570 200 570 text 0
11 558 97 558 97 570 11 570 text 0
113 558 185 558 185 570 113 570 text 0
82 573 183 573 183 586 82 586 text 0
243 573 357 573 357 586 243 586 text 0
373 573 514 573 514 586 373 586 text 0
201 575 227 575 227 586 201 586 text 0
171 590 227 590 227 602 171 602 text 0
54 590 155 590 155 602 54 602 text 0
364 590 533 590 533 602 364 602 text 0
246 590 346 590 346 602 246 602 text 0
171 606 242 606 242 618 171 618 text 0
315 606 430 606 430 618 315 618 text 0