151 27 358 27 358 38 151 38 text 0
389 29 524 29 524 40 389 40 text 0
108 38 189 38 189 49 108 49 text 0
213 39 290 39 290 51 213 51 text 0
325 40 368 40 368 51 325 51 text 0
375 41 386 41 386 52 375 52 text 0
395 41 425 41 425 52 395 52 text 0
449 41 576 41 576 53 449 53 text 0
90 48 185 48 185 61 90 61 text 0
213 50 349 50 349 63 213 63 text 0
378 51 522 51 522 65 378 65 text 0
554 54 581 54 581 66 554 66 text 0
591 54 595 54 595 65 591 65 text 0
69 60 97 60 97 71 69 71 text 0
114 60 119 60 119 71 114 71 text 0
124 61 146 61 146 70 124 70 text 0
195 62 247 62 247 71 195 71 text 0
268 62 317 62 317 73 268 73 text 0
325 68 334 68 334 74 325 74 text 0
342 63 422 63 422 74 342 74 text 0
447 64 477 64 477 75 447 75 text 0
485 64 495 64 495 75 485 75 text 0
504 65 527 65 527 76 504 76 text 0
540 65 550 65 550 76 540 76 text 0
558 65 568 65 568 76 558 76 text 0
594 66 623 66 623 77 594 77 text 0
95 71 138 71 138 83 95 83 text 0
144 72 155 72 155 83 144 83 text 0
161 72 360 72 360 85 161 85 text 0
468 75 474 75 474 86 468 86 text 0
480 76 598 76 598 88 480 88 text 0
249 85 421 85 421 97 249 97 text 0
141 95 276 95 276 107 141 107 text 0
301 96 438 96 438 109 301 109 text 0
463 98 523 98 523 110 463 110 text 0
52 111 125 111 125 121 52 121 text 0
284 113 452 113 452 125 284 125 text 0
54 123 117 123 117 132 54 132 text 0
253 126 254 126 254 134 253 134 text 0
287 126 422 126 422 135 287 135 text 0
251 138 254 138 254 145 251 145 text 0
282 138 349 138 349 145 282 145 text 0
120 134 154 134 154 144 120 144 text 0
128 153 135 153 135 164 128 164 text 0
158 153 223 153 223 166 158 166 text 0
52 165 120 165 120 176 52 176 text 0
140 165 224 165 224 177 140 177 text 0
124 179 139 179 139 189 124 189 text 0
158 178 208 178 208 191 158 191 text 0
52 189 254 189 254 201 52 201 text 0
391 168 401 168 401 180 391 180 text 0
407 169 429 169 429 180 407 180 text 0
512 170 593 170 593 183 512 183 text 0
391 193 396 193 396 200 391 200 text 0
404 193 430 193 430 200 404 200 text 0
525 194 596 194 596 204 525 204 text 0
50 213 186 213 186 224 50 224 text 0
48 226 185 226 185 236 48 236 text 0
480 217 496 217 496 228 480 228 text 0
504 218 594 218 594 229 504 229 text 0
455 230 473 230 473 240 455 240 text 0
481 230 596 230 596 242 481 242 text 0
46 249 130 249 130 260 46 260 text 0
498 255 509 255 509 265 498 265 text 0
516 255 602 255 602 266 516 266 text 0
64 261 166 261 166 272 64 272 text 0
280 276 348 276 348 286 280 286 text 0
178 292 193 292 193 302 178 302 text 0
210 292 250 292 250 302 210 302 text 0
262 291 263 291 263 303 262 303 text 0
272 293 332 293 332 302 272 302 text 0
346 294 399 294 399 303 346 303 text 0
44 301 128 301 128 314 44 314 text 0
150 302 384 302 384 316 150 316 text 0
43 313 355 313 355 328 43 328 text 0
178 328 247 328 247 339 178 339 text 0
302 329 400 329 400 340 302 340 text 0
165 339 233 339 233 351 165 351 text 0
257 340 293 340 293 351 257 351 text 0
197 354 237 354 237 363 197 363 text 0
256 352 280 352 280 364 256 364 text 0
289 352 295 352 295 364 289 364 text 0
302 352 340 352 340 364 302 364 text 0
47 361 186 361 186 375 47 375 text 0
212 363 341 363 341 376 212 376 text 0
51 374 101 374 101 387 51 387 text 0
124 374 148 374 148 387 124 387 text 0
168 375 266 375 266 389 168 389 text 0
286 376 515 376 515 391 286 391 text 0
50 385 85 385 85 398 50 398 text 0
84 386 165 386 165 399 84 399 text 0
189 387 226 387 226 399 189 399 text 0
234 387 246 387 246 399 234 399 text 0
262 387 362 387 362 401 262 401 text 0
51 414 96 414 96 426 51 426 text 0
120 415 150 415 150 426 120 426 text 0
172 415 237 415 237 428 172 428 text 0
458 420 469 420 469 428 458 428 text 0
493 420 523 420 523 428 493 428 text 0
532 421 534 421 534 429 532 429 text 0
547 421 611 421 611 430 547 430 text 0
50 444 120 444 120 454 50 454 text 0
141 445 161 445 161 454 141 454 text 0
171 445 309 445 309 456 171 456 text 0
388 448 482 448 482 458 388 458 text 0
490 449 498 449 498 458 490 458 text 0
504 449 604 449 604 459 504 459 text 0
46 453 66 453 66 461 46 461 text 0
85 454 108 454 108 462 85 462 text 0
127 454 146 454 146 462 127 462 text 0
171 455 230 455 230 463 171 463 text 0
247 455 335 455 335 464 247 464 text 0
354 457 417 457 417 465 354 465 text 0
570 460 608 460 608 467 570 467 text 0
409 465 457 465 457 475 409 475 text 0
101 471 282 471 282 481 101 481 text 0
300 474 432 474 432 483 300 483 text 0
173 485 273 485 273 495 173 495 text 0
289 487 298 487 298 496 289 496 text 0
311 487 421 487 421 498 311 498 text 0
455 489 493 489 493 499 455 499 text 0
117 494 233 494 233 502 117 502 text 0
249 496 284 496 284 504 249 504 text 0
303 497 352 497 352 505 303 505 text 0
368 498 443 498 443 507 368 507 text 0
462 499 538 499 538 508 462 508 text 0
143 502 164 502 164 512 143 512 text 0
264 504 363 504 363 515 264 515 text 0
384 506 525 506 525 516 384 516 text 0
196 512 219 512 219 521 196 521 text 0
237 512 322 512 322 522 237 522 text 0
343 513 470 513 470 524 343 524 text 0
51 524 100 524 100 533 51 533 text 0
118 525 167 525 167 534 118 534 text 0
185 525 260 525 260 535 185 535 text 0
290 527 354 527 354 536 290 536 text 0
362 528 363 528 363 537 362 537 text 0
370 528 418 528 418 537 370 537 text 0
450 529 498 529 498 538 450 538 text 0
518 530 539 530 539 539 518 539 text 0
559 530 608 530 608 539 559 539 text 0
147 534 207 534 207 544 147 544 text 0
229 535 273 535 273 544 229 544 text 0
292 536 345 536 345 545 292 545 text 0
356 536 431 536 431 546 356 546 text 0
451 538 526 538 526 547 451 547 text 0
242 549 427 549 427 570 242 570 text 0
202 571 221 571 221 579 202 579 text 0
266 572 474 572 474 582 266 582 text 0
53 583 98 583 98 593 53 593 text 0
119 584 218 584 218 595 119 595 text 0
335 586 450 586 450 598 335 598 text 0
58 598 102 598 102 610 58 610 text 0
126 599 155 599 155 611 126 611 text 0
179 600 242 600 242 612 179 612 text 0
464 605 477 605 477 614 464 614 text 0
499 606 531 606 531 615 499 615 text 0
539 606 541 606 541 615 539 615 text 0
555 605 620 605 620 615 555 615 text 0
276 617 301 617 301 629 276 629 text 0
328 618 463 618 463 631 328 631 text 0
47 134 106 134 106 144 47 144 text 0
252 116 258 116 258 122 252 122 text 0
374 75 456 75 456 85 374 85 text 0
47 178 106 178 106 188 47 188 text 0
47 153 107 153 107 162 47 162 text 0
38 290 73 290 73 300 38 300 text 0
87 291 162 291 162 301 87 301 text 0
46 327 167 327 167 337 46 337 text 0
41 340 136 340 136 349 41 349 text 0
46 350 105 350 105 361 46 361 text 0
120 352 182 352 182 361 120 361 text 0
42 471 88 471 88 479 42 479 text 0
183 504 250 504 250 511 183 511 text 0
238 586 315 586 315 596 238 596 text 0
213 618 253 618 253 628 213 628 text 0