236 0 268 0 268 9 236 9 text 0
290 0 434 0 434 8 290 8 text 0
137 49 348 49 348 59 137 59 text 0
372 46 514 46 514 57 372 57 text 0
99 64 184 64 184 77 99 77 text 0
203 63 289 63 289 75 203 75 text 0
312 62 362 62 362 74 312 74 text 0
380 61 414 61 414 73 380 73 text 0
436 60 486 60 486 73 436 73 text 0
504 60 571 60 571 72 504 72 text 0
99 78 255 78 255 88 99 88 text 0
276 75 312 75 312 87 276 87 text 0
308 75 319 75 319 87 308 87 text 0
327 75 485 75 485 85 327 85 text 0
505 72 541 72 541 84 505 84 text 0
547 78 552 78 552 84 547 84 text 0
64 91 169 91 169 102 64 102 text 0
188 89 255 89 255 100 188 100 text 0
275 88 308 88 308 100 275 100 text 0
315 87 320 87 320 99 315 99 text 0
328 87 360 87 360 99 328 99 text 0
383 87 400 87 400 99 383 99 text 0
401 86 417 86 417 98 401 98 text 0
418 86 612 86 612 97 418 97 text 0
207 101 289 101 289 112 207 112 text 0
310 100 327 100 327 112 310 112 text 0
345 99 464 99 464 110 345 110 text 0
242 114 411 114 411 124 242 124 text 0
139 128 274 128 274 138 139 138 text 0
294 126 431 126 431 136 294 136 text 0
450 124 512 124 512 135 450 135 text 0
61 148 139 148 139 156 61 156 text 0
61 160 123 160 123 168 61 168 text 0
58 171 106 171 106 181 58 181 text 0
125 170 157 170 157 180 125 180 text 0
249 146 253 146 253 155 249 155 text 0
278 145 443 145 443 152 278 152 text 0
250 157 255 157 255 167 250 167 text 0
281 157 413 157 413 166 281 166 text 0
248 170 253 170 253 178 248 178 text 0
279 169 345 169 345 176 279 176 text 0
55 190 107 190 107 197 55 197 text 0
128 189 183 189 183 196 128 196 text 0
61 201 112 201 112 211 61 211 text 0
129 200 196 200 196 211 129 211 text 0
213 199 283 199 283 210 213 210 text 0
382 185 395 185 395 194 382 194 text 0
397 185 422 185 422 194 397 194 text 0
383 199 395 199 395 207 383 207 text 0
398 199 422 199 422 207 398 207 text 0
498 185 510 185 510 195 498 195 text 0
513 184 583 184 583 194 513 194 text 0
499 198 510 198 510 208 499 208 text 0
514 198 583 198 583 207 514 207 text 0
56 227 189 227 189 235 56 235 text 0
59 240 190 240 190 248 59 248 text 0
468 224 488 224 488 234 468 234 text 0
489 223 579 223 579 232 489 232 text 0
445 236 463 236 463 246 445 246 text 0
468 235 578 235 578 245 468 245 text 0
54 263 137 263 137 272 54 272 text 0
70 276 170 276 170 283 70 283 text 0
211 302 235 302 235 311 211 311 text 0
256 302 295 302 295 311 256 311 text 0
302 301 309 301 309 311 302 311 text 0
316 301 367 301 367 310 316 310 text 0
384 301 440 301 440 310 384 310 text 0
447 300 453 300 453 310 447 310 text 0
53 316 136 316 136 324 53 324 text 0
153 315 381 315 381 322 153 322 text 0
53 327 358 327 358 337 53 337 text 0
184 340 251 340 251 348 184 348 text 0
275 339 278 339 278 347 275 347 text 0
298 339 397 339 397 346 298 346 text 0
57 353 140 353 140 361 57 361 text 0
148 352 150 352 150 361 148 361 text 0
171 352 240 352 240 360 171 360 text 0
255 351 296 351 296 360 255 360 text 0
59 365 110 365 110 373 59 373 text 0
128 365 184 365 184 373 128 373 text 0
199 364 238 364 238 372 199 372 text 0
255 364 284 364 284 372 255 372 text 0
287 363 295 363 295 372 287 372 text 0
57 376 110 376 110 386 57 386 text 0
128 376 196 376 196 385 128 385 text 0
214 375 321 375 321 385 214 385 text 0
343 375 379 375 379 384 343 384 text 0
57 388 172 388 172 398 57 398 text 0
194 388 225 388 225 398 194 398 text 0
232 388 235 388 235 398 232 398 text 0
261 387 361 387 361 397 261 397 text 0
57 417 105 417 105 428 57 428 text 0
125 416 157 416 157 428 125 428 text 0
163 416 167 416 167 428 163 428 text 0
177 417 241 417 241 428 177 428 text 0
452 416 468 416 468 423 452 423 text 0
484 415 520 415 520 422 484 422 text 0
527 415 532 415 532 422 527 422 text 0
537 415 604 415 604 422 537 422 text 0
174 447 177 447 177 456 174 456 text 0
182 446 308 446 308 455 182 455 text 0
378 445 476 445 476 454 378 454 text 0
497 444 603 444 603 453 497 453 text 0
53 457 156 457 156 464 53 464 text 0
171 456 232 456 232 463 171 463 text 0
246 455 334 455 334 462 246 462 text 0
350 454 413 454 413 462 350 462 text 0
565 454 597 454 597 463 565 463 text 0
403 463 452 463 452 471 403 471 text 0
53 473 89 473 89 482 53 482 text 0
95 473 99 473 99 482 95 482 text 0
104 473 282 473 282 481 104 481 text 0
299 471 426 471 426 480 299 480 text 0
170 487 273 487 273 496 170 496 text 0
286 486 291 486 291 496 286 496 text 0
310 486 416 486 416 495 310 495 text 0
447 486 484 486 484 495 447 495 text 0
118 497 230 497 230 505 118 505 text 0
247 496 280 496 280 505 247 505 text 0
300 496 348 496 348 505 300 505 text 0
363 495 439 495 439 504 363 504 text 0
456 495 529 495 529 504 456 504 text 0
145 505 168 505 168 514 145 514 text 0
186 505 245 505 245 514 186 514 text 0
263 504 361 504 361 513 263 513 text 0
379 504 517 504 517 512 379 512 text 0
196 514 219 514 219 522 196 522 text 0
236 513 321 513 321 522 236 522 text 0
339 513 466 513 466 521 339 521 text 0
56 529 105 529 105 538 56 538 text 0
120 528 171 528 171 537 120 537 text 0
175 528 178 528 178 537 175 537 text 0
184 528 259 528 259 537 184 537 text 0
292 528 350 528 350 537 292 537 text 0
354 527 365 527 365 536 354 536 text 0
443 527 492 527 492 536 443 536 text 0
507 527 531 527 531 536 507 536 text 0
539 527 541 527 541 536 539 536 text 0
225 537 276 537 276 545 225 545 text 0
278 537 287 537 287 545 278 545 text 0
291 536 340 536 340 544 291 544 text 0
352 536 427 536 427 544 352 544 text 0
239 551 273 551 273 554 239 554 text 0
241 553 422 553 422 569 241 569 text 0
202 575 224 575 224 583 202 583 text 0
266 575 467 575 467 582 266 582 text 0
55 590 104 590 104 599 55 599 text 0
120 590 220 590 220 599 120 599 text 0
329 589 445 589 445 598 329 598 text 0
125 607 159 607 159 615 125 615 text 0
165 607 167 607 167 615 165 615 text 0
176 606 244 606 244 615 176 615 text 0
455 606 468 606 468 615 455 615 text 0
489 606 519 606 519 615 489 615 text 0
529 606 535 606 535 616 529 616 text 0
541 606 608 606 608 615 541 615 text 0
324 624 459 624 459 633 324 633 text 0
502 261 592 261 592 270 502 270 text 0
486 261 501 261 501 266 486 266 text 0
275 284 348 284 348 293 275 293 text 0
51 304 85 304 85 314 51 314 text 0
95 303 200 303 200 313 95 313 text 0
55 447 130 447 130 455 55 455 text 0
144 447 170 447 170 455 144 455 text 0
442 537 526 537 526 544 442 544 text 0
366 529 417 529 417 535 366 535 text 0
549 527 600 527 600 535 549 535 text 0
228 590 315 590 315 597 228 597 text 0
268 626 304 626 304 634 268 634 text 0
211 624 251 624 251 633 211 633 text 0
53 607 112 607 112 616 53 616 text 0