149 29 355 29 355 39 149 39 text 0
385 27 523 27 523 38 385 38 text 0
108 43 191 43 191 55 108 55 text 0
213 43 296 43 296 55 213 55 text 0
320 42 369 42 369 54 320 54 text 0
388 41 422 41 422 54 388 54 text 0
445 41 494 41 494 53 445 53 text 0
108 57 262 57 262 68 108 68 text 0
340 54 493 54 493 65 340 65 text 0
513 53 546 53 546 66 513 66 text 0
553 53 557 53 557 66 553 66 text 0
70 68 174 68 174 79 70 79 text 0
197 67 258 67 258 79 197 79 text 0
283 67 315 67 315 79 283 79 text 0
323 67 326 67 326 79 323 79 text 0
337 67 367 67 367 78 337 78 text 0
392 66 405 66 405 78 392 78 text 0
410 67 423 67 423 78 410 78 text 0
426 66 622 66 622 77 426 77 text 0
320 80 334 80 334 92 320 92 text 0
350 80 469 80 469 92 350 92 text 0
248 93 421 93 421 103 248 103 text 0
142 105 274 105 274 117 142 117 text 0
301 104 437 104 437 116 301 116 text 0
457 104 519 104 519 116 457 116 text 0
59 123 135 123 135 133 59 133 text 0
286 123 448 123 448 133 286 133 text 0
57 135 122 135 122 145 57 145 text 0
253 136 255 136 255 146 253 146 text 0
284 136 417 136 417 146 284 146 text 0
55 148 102 148 102 159 55 159 text 0
124 147 156 147 156 158 124 158 text 0
250 148 254 148 254 158 250 158 text 0
281 148 348 148 348 157 281 157 text 0
50 165 171 165 171 177 50 177 text 0
185 166 288 166 288 177 185 177 text 0
389 166 396 166 396 177 389 177 text 0
404 166 429 166 429 177 404 177 text 0
508 167 591 167 591 178 508 178 text 0
53 180 105 180 105 190 53 190 text 0
126 180 181 180 181 191 126 191 text 0
388 181 402 181 402 190 388 190 text 0
404 181 428 181 428 190 404 190 text 0
507 180 516 180 516 191 507 191 text 0
525 181 591 181 591 191 525 191 text 0
128 193 135 193 135 205 128 205 text 0
155 193 210 193 210 206 155 206 text 0
51 205 254 205 254 218 51 218 text 0
523 208 532 208 532 218 523 218 text 0
538 208 592 208 592 218 538 218 text 0
54 219 107 219 107 228 54 228 text 0
128 219 196 219 196 228 128 228 text 0
215 220 283 220 283 229 215 229 text 0
388 219 402 219 402 231 388 231 text 0
405 219 430 219 430 231 405 231 text 0
508 219 518 219 518 231 508 231 text 0
524 219 592 219 592 231 524 231 text 0
50 245 187 245 187 256 50 256 text 0
50 258 187 258 187 268 50 268 text 0
477 246 494 246 494 256 477 256 text 0
498 246 587 246 587 257 498 257 text 0
453 259 469 259 469 271 453 271 text 0
475 259 589 259 589 271 475 271 text 0
494 285 504 285 504 295 494 295 text 0
511 285 601 285 601 295 511 295 text 0
46 284 132 284 132 295 46 295 text 0
63 295 167 295 167 306 63 306 text 0
282 308 347 308 347 319 282 319 text 0
90 325 98 325 98 337 90 337 text 0
110 325 119 325 119 337 110 337 text 0
117 325 204 325 204 337 117 337 text 0
221 325 234 325 234 337 221 337 text 0
254 325 295 325 295 337 254 337 text 0
304 325 312 325 312 337 304 337 text 0
317 326 370 326 370 338 317 338 text 0
386 326 449 326 449 337 386 337 text 0
454 330 461 330 461 338 454 338 text 0
42 338 129 338 129 349 42 349 text 0
148 338 386 338 386 349 148 349 text 0
38 351 353 351 353 363 38 363 text 0
178 364 248 364 248 375 178 375 text 0
273 364 276 364 276 375 273 375 text 0
300 364 401 364 401 375 300 375 text 0
43 377 128 377 128 388 43 388 text 0
137 377 142 377 142 388 137 388 text 0
163 377 235 377 235 388 163 388 text 0
253 377 293 377 293 388 253 388 text 0
44 390 100 390 100 401 44 401 text 0
119 390 175 390 175 401 119 401 text 0
194 390 234 390 234 401 194 401 text 0
254 390 280 390 280 401 254 401 text 0
287 390 295 390 295 401 287 401 text 0
297 390 339 390 339 401 297 401 text 0
44 402 97 402 97 414 44 414 text 0
120 402 190 402 190 413 120 413 text 0
208 402 320 402 320 413 208 413 text 0
49 414 71 414 71 426 49 426 text 0
189 414 220 414 220 426 189 426 text 0
228 414 233 414 233 426 228 426 text 0
259 413 362 413 362 425 259 425 text 0
50 443 97 443 97 454 50 454 text 0
118 443 150 443 150 454 118 454 text 0
160 443 162 443 162 454 160 454 text 0
173 443 237 443 237 454 173 454 text 0
456 444 469 444 469 451 456 451 text 0
490 444 521 444 521 451 490 451 text 0
532 444 534 444 534 451 532 451 text 0
542 444 609 444 609 451 542 451 text 0
173 472 175 472 175 481 173 481 text 0
181 472 307 472 307 481 181 481 text 0
379 472 476 472 476 481 379 481 text 0
493 471 592 471 592 480 493 480 text 0
54 481 155 481 155 490 54 490 text 0
171 481 227 481 227 489 171 489 text 0
248 481 308 481 308 489 248 489 text 0
404 489 453 489 453 499 404 499 text 0
51 500 87 500 87 509 51 509 text 0
92 500 100 500 100 509 92 509 text 0
101 500 282 500 282 509 101 509 text 0
298 500 426 500 426 509 298 509 text 0
173 512 272 512 272 521 173 521 text 0
309 512 424 512 424 521 309 521 text 0
449 512 487 512 487 521 449 521 text 0
114 522 227 522 227 532 114 532 text 0
246 522 280 522 280 532 246 532 text 0
301 522 349 522 349 532 301 532 text 0
365 522 449 522 449 532 365 532 text 0
459 522 533 522 533 532 459 532 text 0
140 532 163 532 163 541 140 541 text 0
183 532 242 532 242 541 183 541 text 0
261 532 362 532 362 541 261 541 text 0
380 532 521 532 521 541 380 541 text 0
194 541 217 541 217 550 194 550 text 0
233 541 320 541 320 550 233 550 text 0
339 542 468 542 468 551 339 551 text 0
49 553 98 553 98 562 49 562 text 0
114 553 164 553 164 563 114 563 text 0
180 553 255 553 255 563 180 563 text 0
287 554 348 554 348 563 287 563 text 0
356 554 362 554 362 563 356 563 text 0
365 554 416 554 416 563 365 563 text 0
445 554 495 554 495 564 445 564 text 0
544 555 546 555 546 564 544 564 text 0
143 562 205 562 205 572 143 572 text 0
220 563 271 563 271 572 220 572 text 0
278 563 280 563 280 572 278 572 text 0
287 562 335 562 335 572 287 572 text 0
356 563 430 563 430 572 356 572 text 0
446 563 522 563 522 572 446 572 text 0
239 577 423 577 423 594 239 594 text 0
52 594 96 594 96 601 52 601 text 0
116 594 214 594 214 602 116 602 text 0
234 595 308 595 308 603 234 603 text 0
329 596 445 596 445 603 329 603 text 0
54 608 102 608 102 618 54 618 text 0
123 609 154 609 154 619 123 619 text 0
164 609 166 609 166 619 164 619 text 0
176 609 240 609 240 619 176 619 text 0
456 612 469 612 469 619 456 619 text 0
492 612 521 612 521 619 492 619 text 0
532 612 533 612 533 619 532 619 text 0
544 612 610 612 610 619 544 619 text 0
322 626 457 626 457 636 322 636 text 0
510 42 578 42 578 52 510 52 text 0
282 56 320 56 320 66 282 66 text 0
216 81 298 81 298 91 216 91 text 0
252 127 260 127 260 133 252 133 text 0
47 194 108 194 108 204 47 204 text 0
404 209 432 209 432 217 404 217 text 0
384 209 404 209 404 217 384 217 text 0
41 327 82 327 82 337 41 337 text 0
83 415 169 415 169 425 83 425 text 0
52 473 125 473 125 480 52 480 text 0
140 473 167 473 167 480 140 480 text 0
562 482 598 482 598 489 562 489 text 0
512 556 538 556 538 563 512 563 text 0
552 555 608 555 608 563 552 563 text 0
270 628 300 628 300 637 270 637 text 0