324 122 410 122 410 134 324 134 text 0
41 122 156 122 156 134 41 134 text 0
421 122 468 122 468 134 421 134 text 0
479 122 523 122 523 134 479 134 text 0
169 122 255 122 255 134 169 134 text 0
265 122 314 122 314 134 265 134 text 0
252 132 313 132 313 143 252 143 text 0
42 133 158 133 158 144 42 144 text 0
320 133 381 133 381 144 320 144 text 0
168 133 240 133 240 145 168 145 text 0
41 146 97 146 97 158 41 158 text 0
196 146 211 146 211 158 196 158 text 0
111 146 182 146 182 158 111 158 text 0
41 160 97 160 97 172 41 172 text 0
112 160 169 160 169 172 112 172 text 0
42 175 254 175 254 187 42 187 text 0
41 189 140 189 140 201 41 201 text 0
154 189 197 189 197 202 154 202 text 0
212 189 353 189 353 202 212 202 text 0
42 204 85 204 85 216 42 216 text 0
155 204 338 204 338 216 155 216 text 0
99 204 140 204 140 216 99 216 text 0
466 234 494 234 494 246 466 246 text 0
183 248 226 248 226 260 183 260 text 0
284 248 325 248 325 260 284 260 text 0
339 248 381 248 381 260 339 260 text 0
396 248 438 248 438 260 396 260 text 0
240 248 267 248 267 260 240 260 text 0
43 248 169 248 169 260 43 260 text 0
591 249 609 249 609 260 591 260 text 0
509 248 565 248 565 260 509 260 text 0
282 262 325 262 325 274 282 274 text 0
240 262 267 262 267 274 240 274 text 0
184 262 225 262 225 274 184 274 text 0
43 262 169 262 169 274 43 274 text 0
339 263 381 263 381 275 339 275 text 0
396 263 438 263 438 275 396 275 text 0
508 262 566 262 566 275 508 275 text 0
594 263 609 263 609 275 594 275 text 0
183 276 226 276 226 289 183 289 text 0
42 276 168 276 168 289 42 289 text 0
592 277 607 277 607 289 592 289 text 0
283 277 324 277 324 289 283 289 text 0
240 277 267 277 267 289 240 289 text 0
340 277 438 277 438 289 340 289 text 0
508 278 566 278 566 290 508 290 text 0
183 292 226 292 226 304 183 304 text 0
42 292 168 292 168 304 42 304 text 0
340 292 438 292 438 304 340 304 text 0
240 292 267 292 267 304 240 304 text 0
283 292 324 292 324 304 283 304 text 0
509 292 565 292 565 304 509 304 text 0
592 293 609 293 609 304 592 304 text 0
86 306 127 306 127 317 86 317 text 0
212 305 268 305 268 318 212 318 text 0
169 306 196 306 196 318 169 318 text 0
40 306 71 306 71 318 40 318 text 0
141 306 155 306 155 318 141 318 text 0
496 307 579 307 579 319 496 319 text 0
97 321 211 321 211 333 97 333 text 0
496 321 565 321 565 333 496 333 text 0
43 350 112 350 112 362 43 362 text 0
129 350 182 350 182 362 129 362 text 0
200 349 266 349 266 362 200 362 text 0
496 351 566 351 566 363 496 363 text 0
41 363 99 363 99 376 41 376 text 0
496 364 566 364 566 376 496 376 text 0
111 393 211 393 211 405 111 405 text 0
43 393 98 393 98 405 43 405 text 0
285 393 352 393 352 405 285 405 text 0
227 393 268 393 268 405 227 405 text 0
496 394 565 394 565 406 496 406 text 0
41 407 84 407 84 419 41 419 text 0
268 408 311 408 311 419 268 419 text 0
127 407 184 407 184 419 127 419 text 0
439 407 480 407 480 420 439 420 text 0
326 407 381 407 381 420 326 420 text 0
496 408 537 408 537 420 496 420 text 0
43 422 55 422 55 433 43 433 text 0
140 422 168 422 168 434 140 434 text 0
438 422 494 422 494 434 438 434 text 0
297 422 367 422 367 434 297 434 text 0
255 451 296 451 296 463 255 463 text 0
368 451 481 451 481 463 368 463 text 0
170 451 239 451 239 463 170 463 text 0
311 451 352 451 352 465 311 465 text 0
240 465 267 465 267 477 240 477 text 0
282 465 395 465 395 477 282 477 text 0
170 479 211 479 211 491 170 491 text 0
226 479 324 479 324 492 226 492 text 0
438 480 466 480 466 492 438 492 text 0
396 480 424 480 424 492 396 492 text 0
339 480 381 480 381 492 339 492 text 0
112 494 183 494 183 506 112 506 text 0
197 494 253 494 253 506 197 506 text 0
325 495 533 495 533 507 325 507 text 0
268 496 310 496 310 506 268 506 text 0
127 508 253 508 253 520 127 520 text 0
269 508 395 508 395 520 269 520 text 0
411 509 466 509 466 520 411 520 text 0
481 511 522 511 522 520 481 520 text 0
211 522 253 522 253 534 211 534 text 0
269 523 421 523 421 535 269 535 text 0
70 537 111 537 111 549 70 549 text 0
127 537 254 537 254 549 127 549 text 0
268 537 311 537 311 549 268 549 text 0
324 537 423 537 423 549 324 549 text 0
440 537 565 537 565 549 440 549 text 0
69 551 183 551 183 563 69 563 text 0
410 552 465 552 465 563 410 563 text 0
197 552 268 552 268 563 197 563 text 0
282 552 395 552 395 563 282 563 text 0
483 552 509 552 509 564 483 564 text 0
522 552 580 552 580 564 522 564 text 0
40 566 125 566 125 578 40 578 text 0
140 566 211 566 211 578 140 578 text 0
226 566 281 566 281 578 226 578 text 0
296 566 409 566 409 578 296 578 text 0
423 566 536 566 536 578 423 578 text 0
551 567 594 567 594 579 551 579 text 0
226 580 253 580 253 592 226 592 text 0
112 580 210 580 210 592 112 592 text 0
269 581 381 581 381 593 269 593 text 0
396 581 534 581 534 593 396 593 text 0
111 595 168 595 168 606 111 606 text 0
183 595 238 595 238 607 183 607 text 0
255 595 351 595 351 607 255 607 text 0
368 595 536 595 536 607 368 607 text 0
198 609 267 609 267 621 198 621 text 0
339 609 452 609 452 621 339 621 text 0