121 24 423 24 423 44 121 44 text 0
55 58 146 58 146 69 55 69 text 0
160 59 203 59 203 70 160 70 text 0
216 60 225 60 225 71 216 71 text 0
240 60 295 60 295 71 240 71 text 0
311 61 350 61 350 72 311 72 text 0
366 62 397 62 397 73 366 73 text 0
415 62 521 62 521 75 415 75 text 0
135 78 167 78 167 89 135 89 text 0
183 78 222 78 222 91 183 91 text 0
240 80 258 80 258 90 240 90 text 0
272 80 359 80 359 92 272 92 text 0
376 82 428 82 428 93 376 93 text 0
76 97 106 97 106 108 76 108 text 0
122 98 143 98 143 108 122 108 text 0
157 98 189 98 189 109 157 109 text 0
204 99 235 99 235 110 204 110 text 0
251 99 292 99 292 111 251 111 text 0
306 100 338 100 338 111 306 111 text 0
352 100 407 100 407 112 352 112 text 0
419 101 473 101 473 114 419 114 text 0
490 102 509 102 509 114 490 114 text 0
169 119 198 119 198 130 169 130 text 0
239 118 289 118 289 131 239 131 text 0
216 121 220 121 220 130 216 130 text 0
303 120 349 120 349 132 303 132 text 0
365 121 406 121 406 132 365 132 text 0
52 136 141 136 141 149 52 149 text 0
170 138 222 138 222 150 170 150 text 0
304 140 348 140 348 151 304 151 text 0
410 142 436 142 436 153 410 153 text 0
443 142 497 142 497 154 443 154 text 0
141 157 175 157 175 169 141 169 text 0
189 157 220 157 220 170 189 170 text 0
233 159 255 159 255 170 233 170 text 0
292 159 427 159 427 172 292 172 text 0
119 196 149 196 149 208 119 208 text 0
163 196 183 196 183 207 163 207 text 0
205 198 450 198 450 209 205 209 text 0
287 225 321 225 321 238 287 238 text 0
413 227 435 227 435 239 413 239 text 0
61 244 103 244 103 255 61 255 text 0
115 245 124 245 124 255 115 255 text 0
138 244 285 244 285 257 138 257 text 0
49 264 112 264 112 275 49 275 text 0
126 264 193 264 193 276 126 276 text 0
205 265 249 265 249 277 205 277 text 0
310 266 316 266 316 277 310 277 text 0
448 267 491 267 491 279 448 279 text 0
513 268 526 268 526 279 513 279 text 0
58 284 101 284 101 295 58 295 text 0
113 284 123 284 123 295 113 295 text 0
138 285 284 285 284 296 138 296 text 0
47 303 112 303 112 314 47 314 text 0
127 303 157 303 157 315 127 315 text 0
170 304 214 304 214 315 170 315 text 0
227 304 247 304 247 316 227 316 text 0
311 305 314 305 314 316 311 316 text 0
431 307 501 307 501 318 431 318 text 0
514 307 523 307 523 318 514 318 text 0
90 324 178 324 178 335 90 335 text 0
437 326 492 326 492 341 437 341 text 0
91 363 200 363 200 374 91 374 text 0
213 365 255 365 255 376 213 376 text 0
433 367 496 367 496 378 433 378 text 0
40 382 85 382 85 393 40 393 text 0
442 384 486 384 486 398 442 398 text 0
132 402 197 402 197 413 132 413 text 0
211 403 244 403 244 413 211 413 text 0
441 405 485 405 485 415 441 415 text 0
87 421 141 421 141 431 87 431 text 0
154 421 265 421 265 433 154 433 text 0
280 422 289 422 289 433 280 433 text 0
40 440 71 440 71 450 40 450 text 0
107 440 151 440 151 451 107 451 text 0
218 440 298 440 298 452 218 452 text 0
349 442 424 442 424 454 349 454 text 0
38 459 47 459 47 470 38 470 text 0
119 459 139 459 139 470 119 470 text 0
257 460 299 460 299 472 257 472 text 0
360 462 403 462 403 473 360 473 text 0
36 498 261 498 261 511 36 511 text 0
291 499 399 499 399 512 291 512 text 0
426 501 513 501 513 514 426 514 text 0
105 518 160 518 160 530 105 530 text 0
174 518 215 518 215 530 174 530 text 0
231 519 297 519 297 531 231 531 text 0
310 520 355 520 355 531 310 531 text 0
369 521 433 521 433 533 369 533 text 0
186 538 262 538 262 550 186 550 text 0
276 539 296 539 296 550 276 550 text 0
311 539 366 539 366 551 311 551 text 0
103 557 193 557 193 568 103 568 text 0
205 557 250 557 250 569 205 569 text 0
263 558 342 558 342 570 263 570 text 0
358 560 445 560 445 571 358 571 text 0
174 577 227 577 227 588 174 588 text 0
287 577 376 577 376 590 287 590 text 0