141 45 225 45 225 56 141 56 text 0
244 43 452 43 452 52 244 52 text 0
33 59 191 59 191 69 33 69 text 0
210 56 277 56 277 67 210 67 text 0
298 54 349 54 349 66 298 66 text 0
348 53 366 53 366 66 348 66 text 0
368 53 421 53 421 65 368 65 text 0
438 52 491 52 491 64 438 64 text 0
512 50 561 50 561 62 512 62 text 0
21 70 36 70 36 83 21 83 text 0
49 70 155 70 155 81 49 81 text 0
172 68 209 68 209 80 172 80 text 0
226 67 289 67 289 79 226 79 text 0
297 65 385 65 385 77 297 77 text 0
405 64 508 64 508 75 405 75 text 0
531 62 579 62 579 74 531 74 text 0
119 81 154 81 154 93 119 93 text 0
159 80 165 80 165 93 159 93 text 0
174 80 205 80 205 92 174 92 text 0
227 79 314 79 314 90 227 90 text 0
314 78 329 78 329 90 314 90 text 0
330 77 455 77 455 87 330 87 text 0
102 92 222 92 222 104 102 104 text 0
244 88 493 88 493 101 244 101 text 0
152 115 207 115 207 129 152 129 text 0
226 115 437 115 437 126 226 126 text 0
366 140 420 140 420 154 366 154 text 0
439 139 474 139 474 153 439 153 text 0
479 139 485 139 485 153 479 153 text 0
511 138 579 138 579 152 511 152 text 0
11 145 185 145 185 156 11 156 text 0
12 158 85 158 85 170 12 170 text 0
85 158 94 158 94 171 85 171 text 0
120 157 204 157 204 169 120 169 text 0
15 185 100 185 100 198 15 198 text 0
312 181 329 181 329 195 312 195 text 0
419 180 521 180 521 193 419 193 text 0
19 213 103 213 103 226 19 226 text 0
397 207 419 207 419 222 397 222 text 0
423 207 532 207 532 221 423 221 text 0
21 228 190 228 190 241 21 241 text 0
338 224 360 224 360 239 338 239 text 0
366 223 532 223 532 236 366 236 text 0
26 254 124 254 124 267 26 267 text 0
143 252 258 252 258 265 143 265 text 0
23 267 107 267 107 279 23 279 text 0
403 261 417 261 417 273 403 273 text 0
424 261 519 261 519 272 424 272 text 0
41 290 141 290 141 303 41 303 text 0
158 288 193 288 193 302 158 302 text 0
196 287 204 287 204 302 196 302 text 0
468 282 553 282 553 295 468 295 text 0
259 299 294 299 294 312 259 312 text 0
299 297 305 297 305 311 299 311 text 0
332 297 415 297 415 309 332 309 text 0
261 336 351 336 351 343 261 343 text 0
366 334 406 334 406 342 366 342 text 0
94 347 98 347 98 357 94 357 text 0
117 346 311 346 311 353 117 353 text 0
395 342 434 342 434 351 395 351 text 0
438 341 442 341 442 351 438 351 text 0
448 341 556 341 556 349 448 349 text 0
11 356 76 356 76 363 11 363 text 0
89 355 115 355 115 363 89 363 text 0
117 355 122 355 122 363 117 363 text 0
128 355 204 355 204 362 128 362 text 0
519 349 558 349 558 357 519 357 text 0
87 363 112 363 112 371 87 371 text 0
117 362 121 362 121 371 117 371 text 0
127 362 205 362 205 370 127 370 text 0
408 358 461 358 461 366 408 366 text 0
468 358 470 358 470 367 468 367 text 0
478 357 555 357 555 366 478 366 text 0
7 371 30 371 30 380 7 380 text 0
33 371 43 371 43 381 33 381 text 0
219 368 256 368 256 378 219 378 text 0
263 368 271 368 271 378 263 378 text 0
274 368 311 368 311 377 274 377 text 0
422 367 462 367 462 376 422 376 text 0
467 366 477 366 477 375 467 375 text 0
476 366 560 366 560 374 476 374 text 0
221 386 347 386 347 398 221 398 text 0
335 395 392 395 392 405 335 405 text 0
93 406 229 406 229 416 93 416 text 0
233 405 243 405 243 416 233 416 text 0
243 404 312 404 312 415 243 415 text 0
316 404 326 404 326 415 316 415 text 0
324 404 378 404 378 415 324 415 text 0
386 403 434 403 434 414 386 414 text 0
112 416 239 416 239 428 112 428 text 0
275 414 429 414 429 426 275 426 text 0
164 427 321 427 321 438 164 438 text 0
357 426 402 426 402 437 357 437 text 0
0 440 47 440 47 449 0 449 text 0
63 440 116 440 116 449 63 449 text 0
123 439 125 439 125 449 123 449 text 0
134 440 213 440 213 449 134 449 text 0
339 439 379 439 379 447 339 447 text 0
385 439 390 439 390 447 385 447 text 0
397 438 562 438 562 446 397 446 text 0
50 449 115 449 115 457 50 457 text 0
131 448 240 448 240 456 131 456 text 0
244 448 250 448 250 456 244 456 text 0
257 447 482 447 482 456 257 456 text 0
186 456 255 456 255 466 186 466 text 0
271 456 338 456 338 465 271 465 text 0
0 467 35 467 35 477 0 477 text 0
40 467 47 467 47 476 40 476 text 0
51 467 242 467 242 475 51 475 text 0
270 466 309 466 309 475 270 475 text 0
317 466 320 466 320 475 317 475 text 0
92 476 157 476 157 486 92 486 text 0
174 475 283 475 283 485 174 485 text 0
299 475 451 475 451 484 299 484 text 0
161 484 267 484 267 493 161 493 text 0
286 484 308 484 308 493 286 493 text 0
316 484 319 484 319 493 316 493 text 0
326 484 380 484 380 493 326 493 text 0
17 490 79 490 79 499 17 499 text 0
95 491 213 491 213 500 95 500 text 0
232 492 269 492 269 500 232 500 text 0
287 492 340 492 340 501 287 501 text 0
358 493 437 493 437 502 358 502 text 0
456 493 522 493 522 502 456 502 text 0
38 502 158 502 158 516 38 516 text 0
195 506 579 506 579 520 195 520 text 0
170 515 260 515 260 524 170 524 text 0
277 516 374 516 374 525 277 525 text 0
129 520 159 520 159 529 129 529 text 0
173 522 263 522 263 532 173 532 text 0
278 523 412 523 412 533 278 533 text 0
172 534 300 534 300 547 172 547 text 0
312 536 485 536 485 550 312 550 text 0
28 555 146 555 146 566 28 566 text 0
153 554 159 554 159 566 153 566 text 0
187 555 194 555 194 566 187 566 text 0
204 555 212 555 212 566 204 566 text 0
217 554 267 554 267 567 217 567 text 0
289 555 299 555 299 567 289 567 text 0
37 573 84 573 84 583 37 583 text 0
105 574 136 574 136 584 105 584 text 0
145 574 147 574 147 584 145 584 text 0
432 577 442 577 442 585 432 585 text 0
464 577 494 577 494 585 464 585 text 0
508 578 513 578 513 586 508 586 text 0
518 578 584 578 584 587 518 587 text 0
171 597 220 597 220 609 171 609 text 0
242 598 294 598 294 609 242 609 text 0
311 596 444 596 444 608 311 608 text 0
333 183 364 183 364 194 333 194 text 0
405 182 417 182 417 188 405 188 text 0
222 289 295 289 295 298 222 298 text 0
312 288 365 288 365 296 312 296 text 0
381 285 450 285 450 295 381 295 text 0
154 301 242 301 242 312 154 312 text 0
118 340 161 340 161 347 118 347 text 0
174 338 248 338 248 344 174 344 text 0
46 372 189 372 189 377 46 377 text 0
13 365 80 365 80 371 13 371 text 0
16 349 89 349 89 355 16 355 text 0
328 465 555 465 555 473 328 473 text 0
154 575 223 575 223 582 154 582 text 0