119 11 156 11 156 18 119 18 text 0
162 11 171 11 171 18 162 18 text 0
175 11 244 11 244 18 175 18 text 0
455 11 466 11 466 19 455 19 text 0
487 10 520 10 520 19 487 19 text 0
527 11 536 11 536 19 527 19 text 0
542 11 604 11 604 20 542 20 text 0
320 27 456 27 456 35 320 35 text 0
144 67 353 67 353 76 144 76 text 0
377 67 510 67 510 76 377 76 text 0
102 77 185 77 185 87 102 87 text 0
205 77 286 77 286 88 205 88 text 0
313 78 360 78 360 89 313 89 text 0
382 79 411 79 411 89 382 89 text 0
439 78 482 78 482 89 439 89 text 0
100 89 248 89 248 98 100 98 text 0
275 89 481 89 481 98 275 98 text 0
504 90 536 90 536 98 504 98 text 0
546 90 547 90 547 98 546 98 text 0
64 98 163 98 163 108 64 108 text 0
188 99 251 99 251 109 188 109 text 0
275 99 306 99 306 109 275 109 text 0
316 99 317 99 317 109 316 109 text 0
330 100 356 100 356 110 330 110 text 0
385 100 393 100 393 110 385 110 text 0
405 100 412 100 412 110 405 110 text 0
419 100 604 100 604 111 419 111 text 0
207 110 282 110 282 119 207 119 text 0
343 111 458 111 458 120 343 120 text 0
238 121 411 121 411 130 238 130 text 0
131 130 264 130 264 142 131 142 text 0
291 131 426 131 426 143 291 143 text 0
450 131 510 131 510 143 450 143 text 0
57 149 115 149 115 156 57 156 text 0
43 159 107 159 107 167 43 167 text 0
41 171 91 171 91 181 41 181 text 0
108 170 143 170 143 180 108 180 text 0
275 148 440 148 440 157 275 157 text 0
239 160 242 160 242 167 239 167 text 0
273 160 410 160 410 167 273 167 text 0
237 171 242 171 242 178 237 178 text 0
267 171 337 171 337 177 267 177 text 0
378 199 384 199 384 210 378 210 text 0
391 199 418 199 418 210 391 210 text 0
514 200 583 200 583 211 514 211 text 0
46 187 93 187 93 199 46 199 text 0
117 188 124 188 124 199 117 199 text 0
150 189 212 189 212 200 150 200 text 0
44 201 111 201 111 210 44 210 text 0
130 201 213 201 213 210 130 210 text 0
117 214 129 214 129 224 117 224 text 0
140 215 198 215 198 224 140 224 text 0
47 227 246 227 246 236 47 236 text 0
47 237 99 237 99 248 47 248 text 0
115 237 185 237 185 248 115 248 text 0
203 237 273 237 273 248 203 248 text 0
43 250 92 250 92 261 43 261 text 0
116 250 213 250 213 261 116 261 text 0
375 227 384 227 384 236 375 236 text 0
393 227 414 227 414 235 393 235 text 0
511 226 520 226 520 236 511 236 text 0
525 226 580 226 580 236 525 236 text 0
512 237 578 237 578 249 512 249 text 0
376 250 383 250 383 261 376 261 text 0
508 251 577 251 577 261 508 261 text 0
45 275 177 275 177 283 45 283 text 0
43 287 179 287 179 295 43 295 text 0
464 275 480 275 480 285 464 285 text 0
485 275 574 275 574 285 485 285 text 0
440 287 458 287 458 297 440 297 text 0
463 287 574 287 574 297 463 297 text 0
42 308 121 308 121 318 42 318 text 0
59 321 158 321 158 330 59 330 text 0
78 348 86 348 86 359 78 359 text 0
107 348 114 348 114 359 107 359 text 0
117 348 186 348 186 359 117 359 text 0
297 348 298 348 298 359 297 359 text 0
305 349 360 349 360 360 305 360 text 0
379 349 434 349 434 360 379 360 text 0
443 349 445 349 445 359 443 359 text 0
47 360 129 360 129 368 47 368 text 0
146 360 374 360 374 368 146 368 text 0
45 371 345 371 345 381 45 381 text 0
53 383 160 383 160 391 53 391 text 0
177 383 242 383 242 392 177 392 text 0
267 383 269 383 269 392 267 392 text 0
291 383 388 383 388 392 291 392 text 0
50 394 130 394 130 402 50 402 text 0
137 395 144 395 144 402 137 402 text 0
164 395 230 395 230 402 164 402 text 0
250 395 289 395 289 402 250 402 text 0
53 405 102 405 102 414 53 414 text 0
125 405 176 405 176 414 125 414 text 0
193 405 230 405 230 414 193 414 text 0
284 406 291 406 291 415 284 415 text 0
54 416 101 416 101 424 54 424 text 0
124 416 191 416 191 424 124 424 text 0
208 416 315 416 315 425 208 425 text 0
190 427 221 427 221 435 190 435 text 0
230 427 232 427 232 435 230 435 text 0
258 427 355 427 355 435 258 435 text 0
124 454 154 454 154 463 124 463 text 0
161 454 168 454 168 463 161 463 text 0
173 453 237 453 237 463 173 463 text 0
449 454 460 454 460 462 449 462 text 0
482 454 513 454 513 462 482 462 text 0
520 454 524 454 524 462 520 462 text 0
533 454 597 454 597 462 533 462 text 0
175 481 306 481 306 489 175 489 text 0
376 481 470 481 470 489 376 489 text 0
482 481 492 481 492 489 482 489 text 0
490 481 595 481 595 489 490 489 text 0
60 491 157 491 157 498 60 498 text 0
171 490 228 490 228 498 171 498 text 0
246 490 306 490 306 498 246 498 text 0
401 497 450 497 450 506 401 506 text 0
108 506 282 506 282 515 108 515 text 0
299 506 425 506 425 515 299 515 text 0
177 517 238 517 238 526 177 526 text 0
242 517 278 517 278 526 242 526 text 0
308 517 358 517 358 526 308 526 text 0
379 517 414 517 414 526 379 526 text 0
446 517 482 517 482 526 446 526 text 0
123 525 231 525 231 534 123 534 text 0
250 526 279 526 279 534 250 534 text 0
302 526 349 526 349 534 302 534 text 0
364 526 437 526 437 534 364 534 text 0
456 526 528 526 528 534 456 534 text 0
150 533 172 533 172 541 150 541 text 0
265 533 362 533 362 541 265 541 text 0
379 533 516 533 516 541 379 541 text 0
201 541 223 541 223 549 201 549 text 0
239 540 323 540 323 549 239 549 text 0
340 541 465 541 465 549 340 549 text 0
63 552 111 552 111 561 63 561 text 0
125 552 174 552 174 561 125 561 text 0
444 550 492 550 492 560 444 560 text 0
506 550 530 550 530 560 506 560 text 0
538 550 540 550 540 560 538 560 text 0
154 561 214 561 214 570 154 570 text 0
229 560 278 560 278 569 229 569 text 0
292 560 339 560 339 568 292 568 text 0
357 559 428 559 428 568 357 568 text 0
248 572 430 572 430 588 248 588 text 0
65 594 114 594 114 601 65 601 text 0
132 593 231 593 231 599 132 599 text 0
340 590 450 590 450 598 340 598 text 0
72 609 120 609 120 617 72 617 text 0
138 609 171 609 171 617 138 617 text 0
178 609 184 609 184 617 178 617 text 0
190 609 256 609 256 617 190 617 text 0
467 606 480 606 480 615 467 615 text 0
501 606 532 606 532 615 501 615 text 0
540 605 544 605 544 614 540 614 text 0
551 605 615 605 615 613 551 613 text 0
230 626 267 626 267 635 230 635 text 0
288 625 315 625 315 634 288 634 text 0
338 625 475 625 475 633 338 633 text 0
269 28 302 28 302 36 269 36 text 0
52 12 105 12 105 20 52 20 text 0
501 80 563 80 563 89 501 89 text 0
238 151 247 151 247 157 238 157 text 0
495 201 509 201 509 207 495 207 text 0
490 239 504 239 504 244 490 244 text 0
495 253 506 253 506 258 495 258 text 0
40 215 99 215 99 222 40 222 text 0
502 311 588 311 588 320 502 320 text 0
480 311 498 311 498 316 480 316 text 0
272 333 339 333 339 341 272 341 text 0
43 349 70 349 70 357 43 357 text 0
201 349 232 349 232 357 201 357 text 0
246 348 287 348 287 357 246 357 text 0
246 407 277 407 277 414 246 414 text 0
294 406 339 406 339 414 294 414 text 0
335 418 380 418 380 425 335 425 text 0
57 427 173 427 173 435 57 435 text 0
53 454 105 454 105 462 53 462 text 0
57 482 126 482 126 489 57 489 text 0
140 482 167 482 167 489 140 489 text 0
554 490 594 490 594 497 554 497 text 0
544 552 601 552 601 559 544 559 text 0
285 552 416 552 416 558 285 558 text 0
444 561 523 561 523 567 444 567 text 0
188 552 267 552 267 560 188 560 text 0
56 507 98 507 98 514 56 514 text 0
240 592 327 592 327 599 240 599 text 0
206 26 248 26 248 36 206 36 text 0