178 21 242 21 242 36 178 36 text 0
271 21 520 21 520 38 271 38 text 0
270 37 345 37 345 50 270 50 text 0
128 49 191 49 191 63 128 63 text 0
215 49 279 49 279 63 215 63 text 0
304 50 345 50 345 64 304 64 text 0
355 51 362 51 362 64 355 64 text 0
390 51 455 51 455 65 390 65 text 0
479 52 523 52 523 66 479 66 text 0
144 63 181 63 181 76 144 76 text 0
185 63 196 63 196 76 185 76 text 0
208 63 264 63 264 77 208 77 text 0
281 64 390 64 390 78 281 78 text 0
393 65 404 65 404 78 393 78 text 0
404 65 525 65 525 79 404 79 text 0
180 76 228 76 228 90 180 90 text 0
232 76 239 76 239 90 232 90 text 0
267 77 332 77 332 91 267 91 text 0
355 78 401 78 401 91 355 91 text 0
424 79 454 79 454 92 424 92 text 0
481 79 511 79 511 93 481 93 text 0
147 90 250 90 250 105 147 105 text 0
267 91 301 91 301 105 267 105 text 0
306 91 318 91 318 105 306 105 text 0
62 110 142 110 142 124 62 124 text 0
286 113 449 113 449 125 286 125 text 0
62 125 124 125 124 138 62 138 text 0
255 126 257 126 257 138 255 138 text 0
286 126 417 126 417 138 286 138 text 0
129 139 158 139 158 151 129 151 text 0
254 141 257 141 257 151 254 151 text 0
282 141 347 141 347 150 282 150 text 0
61 160 169 160 169 173 61 173 text 0
387 161 393 161 393 175 387 175 text 0
405 162 427 162 427 176 405 176 text 0
491 163 499 163 499 177 491 177 text 0
505 163 585 163 585 178 505 178 text 0
58 189 191 189 191 202 58 202 text 0
57 203 190 203 190 216 57 216 text 0
450 194 466 194 466 206 450 206 text 0
475 194 582 194 582 206 475 206 text 0
426 208 442 208 442 220 426 220 text 0
451 208 582 208 582 222 451 222 text 0
470 238 479 238 479 250 470 250 text 0
489 239 585 239 585 252 489 252 text 0
53 230 134 230 134 243 53 243 text 0
68 242 235 242 235 258 68 258 text 0
278 259 341 259 341 273 278 273 text 0
44 272 66 272 66 286 44 286 text 0
81 272 160 272 160 288 81 288 text 0
186 274 216 274 216 289 186 289 text 0
258 276 321 276 321 291 258 291 text 0
39 304 86 304 86 320 39 320 text 0
109 305 138 305 138 321 109 321 text 0
148 306 151 306 151 321 148 321 text 0
162 306 228 306 228 322 162 322 text 0
452 314 464 314 464 323 452 323 text 0
488 315 520 315 520 324 488 324 text 0
530 316 532 316 532 324 530 324 text 0
544 316 608 316 608 326 544 326 text 0
121 345 142 345 142 354 121 354 text 0
146 345 149 345 149 354 146 354 text 0
157 345 330 345 330 357 157 357 text 0
430 350 464 350 464 359 430 359 text 0
479 351 496 351 496 359 479 359 text 0
508 352 513 352 513 360 508 360 text 0
516 351 609 351 609 361 516 361 text 0
43 353 96 353 96 363 43 363 text 0
109 354 128 354 128 364 109 364 text 0
133 355 138 355 138 363 133 363 text 0
147 355 192 355 192 365 147 365 text 0
196 356 201 356 201 364 196 364 text 0
204 356 271 356 271 366 204 366 text 0
553 362 609 362 609 371 553 371 text 0
208 366 240 366 240 377 208 377 text 0
273 367 304 367 304 378 273 378 text 0
313 368 315 368 315 378 313 378 text 0
321 368 353 368 353 379 321 379 text 0
371 369 377 369 377 379 371 379 text 0
254 377 361 377 361 390 254 390 text 0
442 390 528 390 528 402 442 402 text 0
253 398 362 398 362 409 253 409 text 0
210 408 338 408 338 420 210 420 text 0
371 409 407 409 407 420 371 420 text 0
44 416 75 416 75 425 44 425 text 0
92 417 96 417 96 425 92 425 text 0
114 417 273 417 273 427 114 427 text 0
475 422 531 422 531 430 475 430 text 0
545 422 601 422 601 431 545 431 text 0
217 428 261 428 261 437 217 437 text 0
275 429 319 429 319 438 275 438 text 0
336 430 338 430 338 438 336 438 text 0
358 429 422 429 422 439 358 439 text 0
105 437 158 437 158 446 105 446 text 0
172 437 272 437 272 447 172 447 text 0
285 439 315 439 315 448 285 448 text 0
333 439 377 439 377 448 333 448 text 0
392 440 469 440 469 450 392 450 text 0
485 441 540 441 540 450 485 450 text 0
196 447 216 447 216 457 196 457 text 0
230 446 306 446 306 458 230 458 text 0
321 448 433 448 433 460 321 460 text 0
142 457 274 457 274 467 142 467 text 0
308 459 477 459 477 469 308 469 text 0
231 477 263 477 263 485 231 485 text 0
277 477 400 477 400 486 277 486 text 0
210 486 284 486 284 495 210 495 text 0
302 487 353 487 353 496 302 496 text 0
368 488 388 488 388 497 368 497 text 0
392 488 397 488 397 496 392 496 text 0
416 487 436 487 436 497 416 497 text 0
97 496 182 496 182 506 97 506 text 0
198 497 225 497 225 506 198 506 text 0
255 497 299 497 299 506 255 506 text 0
312 498 328 498 328 507 312 507 text 0
335 498 340 498 340 507 335 507 text 0
356 498 376 498 376 507 356 507 text 0
381 498 386 498 386 507 381 507 text 0
405 499 424 499 424 508 405 508 text 0
462 499 468 499 468 507 462 507 text 0
483 499 548 499 548 508 483 508 text 0
244 508 298 508 298 516 244 516 text 0
303 509 311 509 311 517 303 517 text 0
310 508 390 508 390 517 310 517 text 0
132 537 327 537 327 563 132 563 text 0
340 537 586 537 586 564 340 564 text 0
196 570 239 570 239 582 196 582 text 0
336 571 401 571 401 582 336 582 text 0
408 571 448 571 448 583 408 583 text 0
51 596 97 596 97 608 51 608 text 0
120 597 149 597 149 609 120 609 text 0
446 602 458 602 458 610 446 610 text 0
479 601 510 601 510 610 479 610 text 0
519 602 520 602 520 610 519 610 text 0
534 602 596 602 596 611 534 611 text 0
206 620 240 620 240 631 206 631 text 0
315 620 445 620 445 631 315 631 text 0
369 39 420 39 420 49 369 49 text 0
337 93 529 93 529 106 337 106 text 0
253 115 261 115 261 125 253 125 text 0
39 343 107 343 107 352 39 352 text 0
389 370 469 370 469 379 389 379 text 0
255 572 324 572 324 582 255 582 text 0
171 600 240 600 240 612 171 612 text 0
263 621 299 621 299 631 263 631 text 0