223 25 422 25 422 35 223 35 text 0
450 23 466 23 466 34 450 34 text 0
251 39 335 39 335 51 251 51 text 0
354 38 418 38 418 49 354 49 text 0
129 54 282 54 282 66 129 66 text 0
302 52 466 52 466 63 302 63 text 0
487 49 535 49 535 62 487 62 text 0
540 49 542 49 542 62 540 62 text 0
110 69 144 69 144 84 110 84 text 0
149 69 155 69 155 84 149 84 text 0
165 68 214 68 214 83 165 83 text 0
216 67 228 67 228 82 216 82 text 0
229 67 246 67 246 82 229 82 text 0
266 67 417 67 417 79 266 79 text 0
419 64 430 64 430 79 419 79 text 0
433 64 546 64 546 77 433 77 text 0
146 83 248 83 248 97 146 97 text 0
267 80 301 80 301 96 267 96 text 0
306 87 315 87 315 96 306 96 text 0
335 79 517 79 517 92 335 92 text 0
57 108 144 108 144 121 57 121 text 0
255 104 260 104 260 118 255 118 text 0
286 103 446 103 446 114 286 114 text 0
58 123 127 123 127 136 58 136 text 0
288 118 417 118 417 130 288 130 text 0
284 132 353 132 353 147 284 147 text 0
59 163 130 163 130 176 59 176 text 0
147 161 204 161 204 174 147 174 text 0
386 154 402 154 402 169 386 169 text 0
403 154 430 154 430 168 403 168 text 0
497 151 511 151 511 166 497 166 text 0
510 151 578 151 578 165 510 165 text 0
61 197 202 197 202 205 61 205 text 0
61 212 201 212 201 222 61 222 text 0
470 184 488 184 488 197 470 197 text 0
493 184 572 184 572 195 493 195 text 0
449 200 467 200 467 212 449 212 text 0
470 199 574 199 574 211 470 211 text 0
486 229 500 229 500 242 486 242 text 0
500 229 579 229 579 241 500 241 text 0
56 243 149 243 149 254 56 254 text 0
78 255 253 255 253 272 78 272 text 0
289 266 353 266 353 276 289 276 text 0
62 296 91 296 91 310 62 310 text 0
97 295 185 295 185 306 97 306 text 0
199 290 239 290 239 304 199 304 text 0
238 289 251 289 251 304 238 304 text 0
268 288 322 288 322 300 268 300 text 0
450 317 468 317 468 326 450 326 text 0
482 315 516 315 516 324 482 324 text 0
518 314 526 314 526 323 518 323 text 0
534 313 596 313 596 320 534 320 text 0
59 333 116 333 116 346 59 346 text 0
129 331 168 331 168 344 129 344 text 0
170 329 181 329 181 342 170 342 text 0
62 373 133 373 133 381 62 381 text 0
141 369 170 369 170 379 141 379 text 0
167 367 177 367 177 379 167 379 text 0
177 360 355 360 355 375 177 375 text 0
431 355 469 355 469 362 431 362 text 0
476 352 499 352 499 360 476 360 text 0
501 351 510 351 510 360 501 360 text 0
514 348 598 348 598 360 514 360 text 0
129 382 156 382 156 390 129 390 text 0
154 380 165 380 165 389 154 389 text 0
166 380 214 380 214 387 166 387 text 0
215 377 225 377 225 386 215 386 text 0
224 376 295 376 295 382 224 382 text 0
545 358 598 358 598 369 545 369 text 0
272 384 283 384 283 393 272 393 text 0
292 383 325 383 325 391 292 391 text 0
325 382 334 382 334 391 325 391 text 0
335 381 372 381 372 389 335 389 text 0
380 379 393 379 393 388 380 388 text 0
399 376 473 376 473 387 399 387 text 0
270 394 381 394 381 402 270 402 text 0
448 392 536 392 536 405 448 405 text 0
274 417 381 417 381 420 274 420 text 0
224 429 338 429 338 434 224 434 text 0
61 452 102 452 102 459 61 459 text 0
111 449 120 449 120 458 111 458 text 0
135 438 301 438 301 455 135 455 text 0
471 423 533 423 533 435 471 435 text 0
539 422 596 422 596 428 539 428 text 0
235 452 285 452 285 458 235 458 text 0
289 448 340 448 340 453 289 453 text 0
349 444 358 444 358 453 349 453 text 0
368 443 437 443 437 448 368 448 text 0
122 470 183 470 183 475 122 475 text 0
189 465 296 465 296 468 189 468 text 0
302 457 337 457 337 465 302 465 text 0
347 455 394 455 394 462 347 462 text 0
400 451 480 451 480 456 400 456 text 0
485 444 546 444 546 454 485 454 text 0
211 473 242 473 242 484 211 484 text 0
248 467 326 467 326 480 248 480 text 0
335 459 452 459 452 473 335 473 text 0
162 482 295 482 295 499 162 499 text 0
271 499 371 499 371 511 271 511 text 0
381 495 395 495 395 503 381 503 text 0
95 525 139 525 139 534 95 534 text 0
133 522 160 522 160 533 133 533 text 0
154 520 206 520 206 530 154 530 text 0
209 516 252 516 252 526 209 526 text 0
244 514 259 514 259 526 244 526 text 0
266 512 342 512 342 519 266 519 text 0
339 506 374 506 374 517 339 517 text 0
369 505 379 505 379 517 369 517 text 0
387 503 421 503 421 514 387 514 text 0
410 501 426 501 426 513 410 513 text 0
430 500 472 500 472 510 430 510 text 0
473 497 491 497 491 508 473 508 text 0
494 495 554 495 554 504 494 504 text 0
200 522 304 522 304 539 200 539 text 0
309 518 371 518 371 529 309 529 text 0
373 516 387 516 387 526 373 526 text 0
382 512 456 512 456 525 382 525 text 0
141 551 341 551 341 591 141 591 text 0
351 537 596 537 596 571 351 571 text 0
206 591 262 591 262 601 206 601 text 0
266 584 338 584 338 597 266 597 text 0
345 575 455 575 455 590 345 590 text 0
449 605 470 605 470 613 449 613 text 0
481 603 515 603 515 610 481 610 text 0
515 600 528 600 528 609 515 609 text 0
535 595 597 595 597 609 535 609 text 0
254 121 262 121 262 131 254 131 text 0
255 137 266 137 266 147 255 147 text 0
131 139 165 139 165 150 131 150 text 0
57 139 113 139 113 153 57 153 text 0
183 328 252 328 252 339 183 339 text 0
61 383 123 383 123 395 61 395 text 0
323 465 484 465 484 486 323 486 text 0
184 619 254 619 254 636 184 636 text 0
136 629 169 629 169 640 136 640 text 0
335 628 461 628 461 640 335 640 text 0