414 106 562 106 562 121 414 121 text 0
210 106 405 106 405 122 210 122 text 0
40 107 111 107 111 122 40 122 text 0
121 107 200 107 200 122 121 122 text 0
350 126 503 126 503 139 350 139 text 0
282 127 322 127 322 139 282 139 text 0
218 126 270 126 270 142 218 142 text 0
93 127 208 127 208 142 93 142 text 0
347 144 442 144 442 156 347 156 text 0
228 144 309 144 309 156 228 156 text 0
41 144 80 144 80 156 41 156 text 0
136 143 216 143 216 156 136 156 text 0
319 144 340 144 340 157 319 157 text 0
453 144 551 144 551 157 453 157 text 0
89 144 125 144 125 157 89 157 text 0
83 161 156 161 156 173 83 173 text 0
393 161 510 161 510 173 393 173 text 0
294 161 382 161 382 173 294 173 text 0
166 161 283 161 283 175 166 175 text 0
198 178 293 178 293 190 198 190 text 0
300 178 327 178 327 190 300 190 text 0
338 179 397 179 397 191 338 191 text 0
154 197 203 197 203 208 154 208 text 0
274 198 434 198 434 209 274 209 text 0
211 198 254 198 254 211 211 211 text 0
272 221 395 221 395 235 272 235 text 0
209 221 266 221 266 235 209 235 text 0
115 251 180 251 180 263 115 263 text 0
40 251 90 251 90 263 40 263 text 0
452 253 529 253 529 265 452 265 text 0
536 253 573 253 573 264 536 264 text 0
324 253 442 253 442 265 324 265 text 0
39 267 75 267 75 278 39 278 text 0
115 267 180 267 180 278 115 278 text 0
40 284 124 284 124 297 40 297 text 0
149 284 213 284 213 298 149 298 text 0
397 308 452 308 452 319 397 319 text 0
40 308 78 308 78 322 40 322 text 0
96 308 216 308 216 322 96 322 text 0
483 309 585 309 585 322 483 322 text 0
41 327 79 327 79 339 41 339 text 0
91 328 132 328 132 339 91 339 text 0
139 327 275 327 275 339 139 339 text 0
406 328 453 328 453 339 406 339 text 0
484 328 542 328 542 339 484 339 text 0
552 328 585 328 585 339 552 339 text 0
282 327 334 327 334 339 282 339 text 0
526 347 567 347 567 357 526 357 text 0
125 346 208 346 208 359 125 359 text 0
80 346 121 346 121 359 80 359 text 0
41 362 80 362 80 374 41 374 text 0
183 363 191 363 191 373 183 373 text 0
247 363 299 363 299 373 247 373 text 0
484 363 542 363 542 373 484 373 text 0
96 362 155 362 155 376 96 376 text 0
497 388 542 388 542 399 497 399 text 0
40 385 137 385 137 403 40 403 text 0
495 411 541 411 541 421 495 421 text 0
40 410 145 410 145 424 40 424 text 0
153 411 189 411 189 423 153 423 text 0
470 433 542 433 542 447 470 447 text 0
101 435 193 435 193 446 101 446 text 0
41 435 93 435 93 446 41 446 text 0
201 435 257 435 257 446 201 446 text 0
40 457 109 457 109 471 40 471 text 0
471 458 541 458 541 471 471 471 text 0
40 484 100 484 100 501 40 501 text 0
112 486 239 486 239 501 112 501 text 0
41 509 95 509 95 521 41 521 text 0
258 510 303 510 303 521 258 521 text 0
124 510 144 510 144 521 124 521 text 0
216 510 253 510 253 521 216 521 text 0
375 510 423 510 423 521 375 521 text 0
466 510 570 510 570 523 466 523 text 0
511 532 569 532 569 543 511 543 text 0
377 532 419 532 419 543 377 543 text 0
43 532 77 532 77 543 43 543 text 0
120 532 153 532 153 543 120 543 text 0
239 531 301 531 301 544 239 544 text 0
42 550 97 550 97 563 42 563 text 0
511 553 569 553 569 564 511 564 text 0
239 551 296 551 296 566 239 566 text 0
377 552 419 552 419 564 377 564 text 0
223 586 244 586 244 601 223 601 text 0
254 586 354 586 354 601 254 601 text 0
41 586 133 586 133 601 41 601 text 0
363 589 443 589 443 601 363 601 text 0
455 587 534 587 534 604 455 604 text 0
141 590 192 590 192 604 141 604 text 0
423 606 443 606 443 619 423 619 text 0
112 606 154 606 154 619 112 619 text 0
195 607 224 607 224 617 195 617 text 0
229 607 324 607 324 617 229 617 text 0
359 607 417 607 417 617 359 617 text 0
547 608 556 608 556 617 547 617 text 0
45 606 109 606 109 620 45 620 text 0
328 608 352 608 352 617 328 617 text 0
159 609 190 609 190 617 159 617 text 0
446 607 540 607 540 619 446 619 text 0