82 55 104 55 104 81 82 81 text 0
112 55 126 55 126 81 112 81 text 0
133 55 280 55 280 81 133 81 text 0
304 56 489 56 489 81 304 81 text 0
185 87 258 87 258 103 185 103 text 0
277 87 323 87 323 103 277 103 text 0
339 87 387 87 387 103 339 103 text 0
94 105 167 105 167 117 94 117 text 0
176 105 243 105 243 118 176 118 text 0
251 105 288 105 288 118 251 118 text 0
292 106 294 106 294 118 292 118 text 0
364 106 370 106 370 118 364 118 text 0
378 106 414 106 414 118 378 118 text 0
64 118 147 118 147 129 64 129 text 0
156 118 251 118 251 129 156 129 text 0
260 118 283 118 283 129 260 129 text 0
287 118 288 118 288 129 287 129 text 0
298 118 321 118 321 129 298 129 text 0
324 118 326 118 326 129 324 129 text 0
331 118 352 118 352 129 331 129 text 0
360 118 423 118 423 129 360 129 text 0
427 118 433 118 433 129 427 129 text 0
435 118 495 118 495 129 435 129 text 0
76 129 140 129 140 141 76 141 text 0
148 129 195 129 195 141 148 141 text 0
204 129 267 129 267 141 204 141 text 0
290 129 332 129 332 141 290 141 text 0
336 129 337 129 337 141 336 141 text 0
349 129 381 129 381 141 349 141 text 0
390 129 423 129 423 141 390 141 text 0
432 129 452 129 452 141 432 141 text 0
461 129 482 129 482 141 461 141 text 0
41 141 99 141 99 152 41 152 text 0
108 141 131 141 131 152 108 152 text 0
141 141 142 141 142 152 141 152 text 0
154 141 198 141 198 152 154 152 text 0
207 141 240 141 240 152 207 152 text 0
249 141 294 141 294 152 249 152 text 0
303 141 335 141 335 152 303 152 text 0
345 141 365 141 365 152 345 152 text 0
376 141 383 141 383 152 376 152 text 0
390 141 459 141 459 152 390 152 text 0
459 141 466 141 466 152 459 152 text 0
473 141 517 141 517 152 473 152 text 0
37 166 103 166 103 177 37 177 text 0
114 166 183 166 183 177 114 177 text 0
486 175 590 175 590 183 486 183 text 0
2 184 22 184 22 194 2 194 text 0
32 184 65 184 65 194 32 194 text 0
74 184 94 184 94 194 74 194 text 0
104 184 125 184 125 194 104 194 text 0
508 185 589 185 589 193 508 193 text 0
13 194 20 194 20 206 13 206 text 0
23 194 80 194 80 206 23 206 text 0
91 194 92 194 92 206 91 206 text 0
104 194 181 194 181 206 104 206 text 0
191 194 272 194 272 206 191 206 text 0
1 208 34 208 34 219 1 219 text 0
44 208 135 208 135 219 44 219 text 0
151 207 277 207 277 217 151 217 text 0
1 219 35 219 35 232 1 232 text 0
46 219 51 219 51 232 46 232 text 0
61 219 157 219 157 232 61 232 text 0
164 219 169 219 169 232 164 232 text 0
171 219 277 219 277 232 171 232 text 0
280 219 285 219 285 232 280 232 text 0
285 219 330 219 330 232 285 232 text 0
339 219 343 219 343 232 339 232 text 0
346 219 482 219 482 232 346 232 text 0
39 250 74 250 74 262 39 262 text 0
84 249 139 249 139 261 84 261 text 0
146 249 156 249 156 261 146 261 text 0
164 249 187 249 187 261 164 261 text 0
195 249 205 249 205 261 195 261 text 0
212 249 252 249 252 260 212 260 text 0
261 249 367 249 367 260 261 260 text 0
446 249 453 249 453 261 446 261 text 0
465 249 484 249 484 261 465 261 text 0
543 249 593 249 593 261 543 261 text 0
39 260 125 260 125 272 39 272 text 0
134 260 163 260 163 272 134 272 text 0
172 260 235 260 235 272 172 272 text 0
243 260 309 260 309 272 243 272 text 0
316 260 370 260 370 272 316 272 text 0
380 260 420 260 420 272 380 272 text 0
418 260 423 260 423 272 418 272 text 0
434 260 451 260 451 272 434 272 text 0
460 260 523 260 523 272 460 272 text 0
554 260 593 260 593 272 554 272 text 0
0 288 48 288 48 300 0 300 text 0
59 288 62 288 62 299 59 299 text 0
74 288 119 288 119 300 74 300 text 0
0 302 65 302 65 314 0 314 text 0
77 302 80 302 80 314 77 314 text 0
91 302 164 302 164 314 91 314 text 0
297 285 331 285 331 298 297 298 text 0
339 285 418 285 418 298 339 298 text 0
298 298 377 298 377 310 298 310 text 0
298 311 332 311 332 323 298 323 text 0
340 311 419 311 419 323 340 323 text 0
297 327 415 327 415 340 297 340 text 0
297 342 405 342 405 355 297 355 text 0
534 285 596 285 596 299 534 299 text 0
533 311 595 311 595 322 533 322 text 0
518 328 592 328 592 342 518 342 text 0
500 343 593 343 593 357 500 357 text 0
87 377 110 377 110 391 87 391 text 0
120 377 206 377 206 392 120 392 text 0
218 378 299 378 299 393 218 393 text 0
302 378 347 378 347 393 302 393 text 0
360 378 429 378 429 393 360 393 text 0
432 379 442 379 442 393 432 393 text 0
448 379 454 379 454 393 448 393 text 0
454 379 501 379 501 393 454 393 text 0
23 387 108 387 108 403 23 403 text 0
114 388 168 388 168 404 114 404 text 0
177 389 343 389 343 406 177 406 text 0
342 390 349 390 349 405 342 405 text 0
357 390 385 390 385 405 357 405 text 0
396 390 431 390 431 406 396 406 text 0
442 391 452 391 452 406 442 406 text 0
465 391 480 391 480 406 465 406 text 0
488 391 541 391 541 407 488 407 text 0
63 402 155 402 155 416 63 416 text 0
163 403 258 403 258 417 163 417 text 0
269 404 342 404 342 418 269 418 text 0
354 404 445 404 445 418 354 418 text 0
464 405 496 405 496 418 464 418 text 0
496 405 501 405 501 419 496 419 text 0
169 421 389 421 389 435 169 435 text 0
206 436 253 436 253 446 206 446 text 0
262 436 354 436 354 447 262 447 text 0
48 444 150 444 150 458 48 458 text 0
161 446 166 446 166 458 161 458 text 0
166 446 283 446 283 460 166 460 text 0
289 448 294 448 294 460 289 460 text 0
297 448 347 448 347 461 297 461 text 0
358 449 362 449 362 461 358 461 text 0
363 449 525 449 525 464 363 464 text 0
30 471 68 471 68 495 30 495 text 0
77 471 126 471 126 496 77 496 text 0
135 473 175 473 175 497 135 497 text 0
186 473 196 473 196 497 186 497 text 0
408 477 534 477 534 502 408 502 text 0
96 495 476 495 476 516 96 516 text 0
173 535 399 535 399 551 173 551 text 0
303 109 325 109 325 117 303 117 text 0
331 107 363 107 363 117 331 117 text 0
425 108 462 108 462 117 425 117 text 0
8 251 33 251 33 261 8 261 text 0
9 262 31 262 31 272 9 272 text 0
55 377 79 377 79 391 55 391 text 0