16 6 209 6 209 24 16 24 text 0
174 62 327 62 327 74 174 74 text 0
354 63 507 63 507 75 354 75 text 0
127 81 345 81 345 93 127 93 text 0
473 81 531 81 531 93 473 93 text 0
379 81 452 81 452 93 379 93 text 0
103 100 145 100 145 111 103 111 text 0
172 100 235 100 235 111 172 111 text 0
262 100 304 100 304 112 262 112 text 0
376 100 551 100 551 112 376 112 text 0
104 117 165 117 165 129 104 129 text 0
200 117 236 117 236 129 200 129 text 0
309 117 574 117 574 130 309 130 text 0
308 156 439 156 439 168 308 168 text 0
468 156 575 156 575 168 468 168 text 0
59 155 179 155 179 169 59 169 text 0
220 157 280 157 280 167 220 167 text 0
61 174 143 174 143 186 61 186 text 0
171 174 281 174 281 186 171 186 text 0
445 174 575 174 575 187 445 187 text 0
308 176 416 176 416 186 308 186 text 0
126 192 178 192 178 204 126 204 text 0
262 193 416 193 416 204 262 204 text 0
444 193 530 193 530 204 444 204 text 0
118 211 227 211 227 221 118 221 text 0
272 210 568 210 568 223 272 223 text 0
58 247 120 247 120 258 58 258 text 0
172 246 393 246 393 259 172 259 text 0
428 246 529 246 529 260 428 260 text 0
56 265 139 265 139 277 56 277 text 0
331 265 389 265 389 277 331 277 text 0
260 265 301 265 301 276 260 276 text 0
467 265 597 265 597 278 467 278 text 0
240 300 347 300 347 314 240 314 text 0
149 301 211 301 211 314 149 314 text 0
58 301 120 301 120 314 58 314 text 0
238 320 256 320 256 332 238 332 text 0
467 321 597 321 597 333 467 333 text 0
57 337 119 337 119 351 57 351 text 0
238 338 347 338 347 350 238 350 text 0
146 338 209 338 209 350 146 350 text 0
442 357 597 357 597 370 442 370 text 0
240 356 256 356 256 373 240 373 text 0
350 376 369 376 369 388 350 388 text 0
398 376 437 376 437 389 398 389 text 0
123 413 181 413 181 423 123 423 text 0
218 413 254 413 254 423 218 423 text 0
282 413 344 413 344 424 282 424 text 0
441 414 595 414 595 425 441 425 text 0
561 408 601 408 601 432 561 432 text 0
123 429 181 429 181 441 123 441 text 0
214 428 254 428 254 442 214 442 text 0
558 430 595 430 595 442 558 442 text 0
464 430 540 430 540 442 464 442 text 0
123 466 225 466 225 477 123 477 text 0
282 465 457 465 457 479 282 479 text 0
510 467 589 467 589 478 510 478 text 0
121 483 299 483 299 495 121 495 text 0
464 483 540 483 540 495 464 495 text 0
558 484 595 484 595 496 558 496 text 0
121 500 208 500 208 512 121 512 text 0
442 501 540 501 540 513 442 513 text 0
556 502 595 502 595 514 556 514 text 0
101 536 162 536 162 548 101 548 text 0
197 537 343 537 343 549 197 549 text 0
371 538 412 538 412 550 371 550 text 0
441 538 497 538 497 550 441 550 text 0
101 573 207 573 207 585 101 585 text 0
236 573 321 573 321 585 236 585 text 0
441 575 501 575 501 585 441 585 text 0
350 575 410 575 410 585 350 585 text 0
188 592 412 592 412 604 188 604 text 0