144 56 277 56 277 71 144 71 text 0
301 56 380 56 380 70 301 70 text 0
403 56 499 56 499 71 403 71 text 0
98 71 182 71 182 86 98 86 text 0
183 71 265 71 265 86 183 86 text 0
285 71 383 71 383 86 285 86 text 0
405 71 555 71 555 86 405 86 text 0
62 87 158 87 158 102 62 102 text 0
181 87 227 87 227 102 181 102 text 0
235 87 239 87 239 102 235 102 text 0
250 87 273 87 273 102 250 102 text 0
284 87 363 87 363 102 284 102 text 0
387 87 502 87 502 102 387 102 text 0
525 87 589 87 589 102 525 102 text 0
148 103 176 103 176 117 148 117 text 0
186 103 188 103 188 117 186 117 text 0
199 103 259 103 259 117 199 117 text 0
147 118 261 118 261 132 147 132 text 0
284 118 519 118 519 132 284 132 text 0
63 133 226 133 226 145 63 145 text 0
472 135 503 135 503 148 472 148 text 0
510 133 525 133 525 148 510 148 text 0
63 147 122 147 122 160 63 160 text 0
131 147 137 147 137 160 131 160 text 0
163 148 243 148 243 161 163 161 text 0
62 170 138 170 138 185 62 185 text 0
164 171 242 171 242 186 164 186 text 0
62 199 154 199 154 213 62 213 text 0
62 216 255 216 255 229 62 229 text 0
455 202 466 202 466 215 455 215 text 0
474 202 553 202 553 215 474 215 text 0
438 217 450 217 450 231 438 231 text 0
455 217 553 217 553 231 455 231 text 0
60 245 136 245 136 259 60 259 text 0
439 247 450 247 450 260 439 260 text 0
457 247 555 247 555 260 457 260 text 0
60 268 172 268 172 283 60 283 text 0
183 268 185 268 185 283 183 283 text 0
215 269 225 269 225 283 215 283 text 0
248 269 363 269 363 283 248 283 text 0
387 269 398 269 398 284 387 284 text 0
404 269 414 269 414 284 404 284 text 0
112 292 278 292 278 307 112 307 text 0
305 293 380 293 380 308 305 308 text 0
404 294 552 294 552 309 404 309 text 0
149 316 172 316 172 325 149 325 text 0
177 316 180 316 180 325 177 325 text 0
406 317 443 317 443 326 406 326 text 0
459 317 482 317 482 326 459 326 text 0
488 317 490 317 490 326 488 326 text 0
498 317 599 317 599 327 498 327 text 0
524 327 599 327 599 335 524 335 text 0
176 333 237 333 237 342 176 342 text 0
255 334 259 334 259 342 255 342 text 0
278 334 361 334 361 343 278 343 text 0
382 334 466 334 466 343 382 343 text 0
446 343 545 343 545 352 446 352 text 0
241 351 315 351 315 360 241 360 text 0
330 352 417 352 417 361 330 361 text 0
139 358 261 358 261 368 139 368 text 0
293 359 442 359 442 369 293 369 text 0
474 360 519 360 519 369 474 369 text 0
177 368 226 368 226 376 177 376 text 0
240 369 276 369 276 377 240 377 text 0
281 369 285 369 285 377 281 377 text 0
113 376 211 376 211 386 113 386 text 0
240 377 339 377 339 387 240 387 text 0
349 378 355 378 355 387 349 387 text 0
369 378 519 378 519 388 369 388 text 0
76 385 137 385 137 394 76 394 text 0
152 385 263 385 263 394 152 394 text 0
279 386 315 386 315 394 279 394 text 0
331 386 379 386 379 395 331 395 text 0
408 387 492 387 492 396 408 396 text 0
510 387 572 387 572 396 510 396 text 0
190 395 214 395 214 402 190 402 text 0
228 395 312 395 312 402 228 402 text 0
331 396 455 396 455 403 331 403 text 0
190 412 290 412 290 419 190 419 text 0
304 413 366 413 366 419 304 419 text 0
382 414 455 414 455 421 382 421 text 0
77 419 150 419 150 428 77 428 text 0
166 419 199 419 199 428 166 428 text 0
206 420 212 420 212 428 206 428 text 0
232 420 289 420 289 429 232 429 text 0
305 420 379 420 379 429 305 429 text 0
395 421 418 421 418 430 395 430 text 0
423 421 425 421 425 430 423 430 text 0
446 421 469 421 469 430 446 430 text 0
474 422 477 422 477 430 474 430 text 0
498 421 520 421 520 430 498 430 text 0
561 422 571 422 571 430 561 430 text 0
165 428 226 428 226 437 165 437 text 0
246 429 299 429 299 438 246 438 text 0
322 429 379 429 379 438 322 438 text 0
203 463 334 463 334 478 203 478 text 0
351 463 529 463 529 479 351 479 text 0
65 533 109 533 109 548 65 548 text 0
133 533 160 533 160 548 133 548 text 0
170 533 172 533 172 548 170 548 text 0
183 533 245 533 245 549 183 549 text 0
457 536 466 536 466 549 457 549 text 0
489 536 519 536 519 549 489 549 text 0
528 536 532 536 532 549 528 549 text 0
541 536 603 536 603 550 541 550 text 0
200 570 261 570 261 585 200 585 text 0
285 571 330 571 330 585 285 585 text 0
354 571 483 571 483 587 354 587 text 0
283 104 365 104 365 117 283 117 text 0
398 104 521 104 521 116 398 116 text 0
399 134 453 134 453 147 399 147 text 0
539 135 606 135 606 148 539 148 text 0
455 173 557 173 557 185 455 185 text 0
434 175 454 175 454 184 434 184 text 0
369 173 399 173 399 184 369 184 text 0
350 175 366 175 366 185 350 185 text 0
187 318 381 318 381 325 187 325 text 0
60 317 132 317 132 324 60 324 text 0
61 325 125 325 125 332 61 332 text 0
135 325 278 325 278 333 135 333 text 0
292 370 471 370 471 377 292 377 text 0
392 431 480 431 480 438 392 438 text 0