84 32 220 32 220 46 84 46 text 0
242 31 409 31 409 45 242 45 text 0
68 45 152 45 152 56 68 56 text 0
172 45 272 45 272 56 172 56 text 0
293 45 513 45 513 56 293 56 text 0
535 45 583 45 583 56 535 56 text 0
591 45 595 45 595 56 591 56 text 0
120 59 220 59 220 69 120 69 text 0
242 59 304 59 304 69 242 69 text 0
395 59 426 59 426 69 395 69 text 0
434 59 436 59 436 69 434 69 text 0
209 70 284 70 284 79 209 79 text 0
310 69 320 69 320 79 310 79 text 0
341 69 454 69 454 78 341 78 text 0
138 79 250 79 250 89 138 89 text 0
272 79 304 79 304 89 272 89 text 0
312 79 315 79 315 89 312 89 text 0
340 78 513 78 513 87 340 87 text 0
47 95 129 95 129 105 47 105 text 0
242 93 243 93 243 104 242 104 text 0
272 93 440 93 440 103 272 103 text 0
49 107 112 107 112 117 49 117 text 0
241 105 244 105 244 116 241 116 text 0
274 105 407 105 407 116 274 116 text 0
49 119 98 119 98 131 49 131 text 0
116 118 149 118 149 131 116 131 text 0
243 118 249 118 249 129 243 129 text 0
271 118 338 118 338 130 271 130 text 0
152 132 312 132 312 151 152 151 text 0
357 132 488 132 488 151 357 151 text 0
53 159 98 159 98 172 53 172 text 0
107 159 112 159 112 172 107 172 text 0
139 159 237 159 237 172 139 172 text 0
52 172 165 172 165 185 52 185 text 0
188 172 233 172 233 185 188 185 text 0
246 172 257 172 257 185 246 185 text 0
261 172 323 172 323 185 261 185 text 0
330 171 341 171 341 185 330 185 text 0
344 173 535 173 535 183 344 183 text 0
55 186 151 186 151 199 55 199 text 0
155 185 166 185 166 198 155 198 text 0
172 185 303 185 303 198 172 198 text 0
326 184 357 184 357 197 326 197 text 0
365 184 371 184 371 197 365 197 text 0
379 184 477 184 477 197 379 197 text 0
55 204 176 204 176 216 55 216 text 0
380 204 393 204 393 216 380 216 text 0
398 204 422 204 422 216 398 216 text 0
499 204 508 204 508 216 499 216 text 0
512 204 581 204 581 216 512 216 text 0
55 231 187 231 187 243 55 243 text 0
57 244 187 244 187 255 57 255 text 0
444 231 463 231 463 242 444 242 text 0
470 231 579 231 579 243 470 243 text 0
445 244 462 244 462 255 445 255 text 0
467 244 509 244 509 255 467 255 text 0
518 244 527 244 527 255 518 255 text 0
539 244 578 244 578 255 539 255 text 0
56 268 136 268 136 280 56 280 text 0
484 270 496 270 496 281 484 281 text 0
503 270 586 270 586 281 503 281 text 0
73 281 239 281 239 292 73 292 text 0
281 293 343 293 343 305 281 305 text 0
192 310 225 310 225 320 192 320 text 0
233 310 234 310 234 320 233 320 text 0
262 310 310 310 310 321 262 321 text 0
193 326 256 326 256 340 193 340 text 0
279 327 377 327 377 340 279 340 text 0
402 327 500 327 500 340 402 340 text 0
187 340 295 340 295 351 187 351 text 0
314 340 396 340 396 351 314 351 text 0
415 341 497 341 497 352 415 352 text 0
58 355 103 355 103 368 58 368 text 0
126 356 155 356 155 368 126 368 text 0
164 357 166 357 166 369 164 369 text 0
455 359 467 359 467 369 455 369 text 0
488 359 521 359 521 369 488 369 text 0
528 359 532 359 532 369 528 369 text 0
544 359 607 359 607 369 544 369 text 0
134 390 156 390 156 398 134 398 text 0
158 391 163 391 163 398 158 398 text 0
170 390 340 390 340 399 170 399 text 0
436 391 469 391 469 400 436 400 text 0
483 391 503 391 503 400 483 400 text 0
509 391 511 391 511 400 509 400 text 0
517 392 608 392 608 401 517 401 text 0
57 399 109 399 109 407 57 407 text 0
124 399 143 399 143 407 124 407 text 0
149 399 155 399 155 407 149 407 text 0
158 400 200 400 200 407 158 407 text 0
207 399 213 399 213 407 207 407 text 0
215 399 281 399 281 407 215 407 text 0
554 402 608 402 608 408 554 408 text 0
183 408 248 408 248 416 183 416 text 0
263 409 270 409 270 416 263 416 text 0
284 409 318 409 318 417 284 417 text 0
322 410 329 410 329 417 322 417 text 0
331 409 366 409 366 417 331 417 text 0
380 410 386 410 386 417 380 417 text 0
401 410 466 410 466 417 401 417 text 0
264 417 371 417 371 427 264 427 text 0
450 427 533 427 533 437 450 437 text 0
251 436 317 436 317 444 251 444 text 0
332 436 408 436 408 444 332 444 text 0
264 445 371 445 371 453 264 453 text 0
219 454 325 454 325 464 219 464 text 0
357 454 394 454 394 464 357 464 text 0
58 462 89 462 89 470 58 470 text 0
105 462 107 462 107 470 105 470 text 0
124 462 282 462 282 471 124 471 text 0
563 466 607 466 607 473 563 473 text 0
228 472 272 472 272 479 228 479 text 0
285 472 329 472 329 480 285 480 text 0
347 473 349 473 349 480 347 480 text 0
367 473 431 473 431 481 367 481 text 0
112 479 170 479 170 489 112 489 text 0
180 480 226 480 226 490 180 490 text 0
232 480 286 480 286 490 232 490 text 0
295 481 325 481 325 491 295 491 text 0
343 481 386 481 386 491 343 491 text 0
492 482 546 482 546 492 492 492 text 0
205 489 226 489 226 498 205 498 text 0
240 489 315 489 315 499 240 499 text 0
331 490 442 490 442 500 331 500 text 0
159 507 250 507 250 515 159 515 text 0
261 508 349 508 349 516 261 516 text 0
365 508 430 508 430 516 365 516 text 0
445 509 462 509 462 516 445 516 text 0
69 515 181 515 181 524 69 524 text 0
194 516 317 516 317 525 194 525 text 0
332 517 361 517 361 525 332 525 text 0
390 517 485 517 485 526 390 526 text 0
504 518 524 518 524 527 504 527 text 0
528 519 535 519 535 527 528 527 text 0
549 519 570 519 570 527 549 527 text 0
577 519 585 519 585 527 577 527 text 0
148 526 169 526 169 533 148 533 text 0
196 526 214 526 214 534 196 534 text 0
228 526 283 526 283 534 228 534 text 0
367 527 423 527 423 536 367 536 text 0
427 528 433 528 433 536 427 536 text 0
436 528 512 528 512 536 436 536 text 0
139 552 335 552 335 576 139 576 text 0
345 553 606 553 606 578 345 578 text 0
204 581 245 581 245 592 204 592 text 0
346 583 456 583 456 592 346 592 text 0
60 602 105 602 105 614 60 614 text 0
127 603 157 603 157 615 127 615 text 0
167 604 168 604 168 615 167 615 text 0
179 604 242 604 242 616 179 616 text 0
453 609 466 609 466 619 453 619 text 0
487 609 518 609 518 619 487 619 text 0
527 609 529 609 529 619 527 619 text 0
542 609 605 609 605 619 542 619 text 0
274 621 296 621 296 634 274 634 text 0
323 622 453 622 453 637 323 637 text 0
431 32 563 32 563 44 431 44 text 0
54 311 170 311 170 320 54 320 text 0
175 359 246 359 246 368 175 368 text 0
260 583 331 583 331 591 260 591 text 0
302 526 354 526 354 535 302 535 text 0
480 509 504 509 504 518 480 518 text 0
399 482 479 482 479 490 399 490 text 0