120 117 170 117 170 130 120 130 text 0
444 117 482 117 482 130 444 130 text 0
499 118 538 118 538 131 499 131 text 0
187 117 432 117 432 131 187 131 text 0
257 133 387 133 387 149 257 149 text 0
93 149 130 149 130 162 93 162 text 0
255 149 347 149 347 163 255 163 text 0
145 150 171 150 171 163 145 163 text 0
186 150 226 150 226 163 186 163 text 0
362 150 468 150 468 163 362 163 text 0
484 150 575 150 575 167 484 167 text 0
108 167 173 167 173 179 108 179 text 0
188 167 269 167 269 179 188 179 text 0
283 167 443 167 443 179 283 179 text 0
458 166 534 166 534 183 458 183 text 0
390 182 456 182 456 195 390 195 text 0
310 182 362 182 362 196 310 196 text 0
187 182 294 182 294 197 187 197 text 0
268 199 378 199 378 214 268 214 text 0
312 232 403 232 403 244 312 244 text 0
255 232 293 232 293 244 255 244 text 0
365 247 525 247 525 261 365 261 text 0
80 247 119 247 119 261 80 261 text 0
189 247 279 247 279 261 189 261 text 0
135 248 173 248 173 264 135 264 text 0
527 279 593 279 593 293 527 293 text 0
55 279 186 279 186 293 55 293 text 0
52 295 91 295 91 308 52 308 text 0
187 296 223 296 223 309 187 309 text 0
107 296 172 296 172 309 107 309 text 0
243 295 361 295 361 309 243 309 text 0
53 311 119 311 119 324 53 324 text 0
215 311 362 311 362 324 215 324 text 0
379 311 444 311 444 324 379 324 text 0
459 312 538 312 538 325 459 325 text 0
553 313 593 313 593 325 553 325 text 0
148 315 197 315 197 325 148 325 text 0
335 328 386 328 386 341 335 341 text 0
462 328 594 328 594 341 462 341 text 0
66 328 77 328 77 341 66 341 text 0
94 328 321 328 321 341 94 341 text 0
404 329 453 329 453 341 404 341 text 0
241 360 294 360 294 373 241 373 text 0
308 360 402 360 402 373 308 373 text 0
53 376 106 376 106 390 53 390 text 0
461 378 539 378 539 391 461 391 text 0
120 378 201 378 201 391 120 391 text 0
105 393 171 393 171 407 105 407 text 0
52 393 91 393 91 407 52 407 text 0
189 394 266 394 266 407 189 407 text 0
459 394 538 394 538 407 459 407 text 0
53 409 119 409 119 423 53 423 text 0
134 409 214 409 214 423 134 423 text 0
461 410 539 410 539 424 461 424 text 0
51 426 132 426 132 439 51 439 text 0
146 426 199 426 199 439 146 439 text 0
457 427 538 427 538 440 457 440 text 0
80 443 159 443 159 456 80 456 text 0
175 443 228 443 228 456 175 456 text 0
245 443 350 443 350 456 245 456 text 0
367 443 416 443 416 456 367 456 text 0
432 443 485 443 485 456 432 456 text 0
499 443 552 443 552 456 499 456 text 0
53 474 117 474 117 489 53 489 text 0
227 475 348 475 348 489 227 489 text 0
132 475 213 475 213 489 132 489 text 0
457 475 540 475 540 491 457 491 text 0
53 492 159 492 159 506 53 506 text 0
173 492 239 492 239 506 173 506 text 0
259 492 296 492 296 506 259 506 text 0
310 492 362 492 362 506 310 506 text 0
378 492 428 492 428 506 378 506 text 0
52 508 131 508 131 522 52 522 text 0
147 508 196 508 196 523 147 523 text 0
215 508 362 508 362 523 215 523 text 0
53 525 145 525 145 539 53 539 text 0
161 527 211 527 211 539 161 539 text 0
232 526 403 526 403 540 232 540 text 0
241 542 347 542 347 556 241 556 text 0
363 542 416 542 416 560 363 560 text 0
270 575 334 575 334 588 270 588 text 0
348 576 389 576 389 589 348 589 text 0
227 591 281 591 281 605 227 605 text 0
322 591 375 591 375 605 322 605 text 0
393 590 428 590 428 607 393 607 text 0
295 595 309 595 309 605 295 605 text 0
185 607 456 607 456 622 185 622 text 0