105 42 265 42 265 53 105 53 text 0
330 43 384 43 384 53 330 53 text 0
280 44 313 44 313 54 280 54 text 0
400 42 508 42 508 56 400 56 text 0
105 64 509 64 509 93 105 93 text 0
478 100 541 100 541 109 478 109 text 0
211 102 318 102 318 109 211 109 text 0
325 102 365 102 365 109 325 109 text 0
369 102 411 102 411 109 369 109 text 0
419 101 473 101 473 109 419 109 text 0
83 101 204 101 204 109 83 109 text 0
308 111 369 111 369 119 308 119 text 0
382 111 433 111 433 119 382 119 text 0
232 112 299 112 299 119 232 119 text 0
82 112 111 112 111 119 82 119 text 0
123 112 158 112 158 119 123 119 text 0
169 112 225 112 225 120 169 120 text 0
439 112 538 112 538 120 439 120 text 0
439 122 471 122 471 128 439 128 text 0
213 122 264 122 264 129 213 129 text 0
142 122 206 122 206 129 142 129 text 0
270 122 328 122 328 130 270 130 text 0
337 122 433 122 433 130 337 130 text 0
189 133 229 133 229 139 189 139 text 0
236 133 257 133 257 139 236 139 text 0
276 133 430 133 430 139 276 139 text 0
265 134 270 134 270 139 265 139 text 0
150 146 232 146 232 156 150 156 text 0
252 146 334 146 334 156 252 156 text 0
356 146 471 146 471 156 356 156 text 0
233 162 280 162 280 174 233 174 text 0
305 163 348 163 348 174 305 174 text 0
218 181 266 181 266 192 218 192 text 0
290 181 404 181 404 192 290 192 text 0
426 209 589 209 589 220 426 220 text 0
241 210 319 210 319 220 241 220 text 0
52 209 216 209 216 222 52 222 text 0
186 228 247 228 247 239 186 239 text 0
271 228 405 228 405 239 271 239 text 0
48 229 109 229 109 239 48 239 text 0
133 229 166 229 166 239 133 239 text 0
169 247 251 247 251 257 169 257 text 0
48 247 144 247 144 258 48 258 text 0
461 271 507 271 507 281 461 281 text 0
532 270 592 270 592 282 532 282 text 0
48 271 63 271 63 282 48 282 text 0
66 274 114 274 114 282 66 282 text 0
496 305 595 305 595 316 496 316 text 0
48 307 133 307 133 317 48 317 text 0
220 306 440 306 440 317 220 317 text 0
155 306 201 306 201 317 155 317 text 0
309 341 369 341 369 353 309 353 text 0
496 342 563 342 563 353 496 353 text 0
48 342 99 342 99 353 48 353 text 0
121 342 204 342 204 353 121 353 text 0
228 342 289 342 289 353 228 353 text 0
50 362 133 362 133 383 50 383 text 0
496 363 566 363 566 383 496 383 text 0
51 394 117 394 117 405 51 405 text 0
496 394 561 394 561 405 496 405 text 0
497 413 561 413 561 423 497 423 text 0
51 413 150 413 150 423 51 423 text 0
188 430 254 430 254 441 188 441 text 0
88 430 168 430 168 441 88 441 text 0
296 431 305 431 305 441 296 441 text 0
53 431 64 431 64 441 53 441 text 0
121 453 185 453 185 463 121 463 text 0
53 454 101 454 101 464 53 464 text 0
446 453 560 453 560 465 446 465 text 0
290 453 405 453 405 465 290 465 text 0
496 470 564 470 564 480 496 480 text 0
343 470 408 470 408 480 343 480 text 0
53 471 83 471 83 480 53 480 text 0
107 470 167 470 167 481 107 481 text 0
70 493 152 493 152 503 70 503 text 0
481 493 563 493 563 503 481 503 text 0
171 492 220 492 220 503 171 503 text 0
392 492 459 492 459 503 392 503 text 0
274 492 373 492 373 503 274 503 text 0
241 494 255 494 255 503 241 503 text 0
484 527 576 527 576 538 484 538 text 0
69 528 101 528 101 538 69 538 text 0
292 528 340 528 340 538 292 538 text 0
362 528 461 528 461 538 362 538 text 0
241 528 271 528 271 538 241 538 text 0
155 528 219 528 219 538 155 538 text 0
121 529 134 529 134 538 121 538 text 0
123 545 254 545 254 555 123 555 text 0
309 544 512 544 512 557 309 557 text 0
209 561 375 561 375 574 209 574 text 0
137 564 198 564 198 572 137 572 text 0
384 564 495 564 495 573 384 573 text 0