444 105 546 105 546 116 444 116 text 0
380 103 431 103 431 119 380 119 text 0
185 104 316 104 316 121 185 121 text 0
322 104 371 104 371 120 322 120 text 0
46 104 176 104 176 120 46 120 text 0
184 119 226 119 226 132 184 132 text 0
314 120 382 120 382 133 314 133 text 0
136 120 168 120 168 133 136 133 text 0
389 120 408 120 408 134 389 134 text 0
416 121 487 121 487 135 416 135 text 0
244 121 303 121 303 135 244 135 text 0
106 137 189 137 189 149 106 149 text 0
199 135 288 135 288 151 199 151 text 0
413 136 504 136 504 150 413 150 text 0
297 137 396 137 396 152 297 152 text 0
195 150 258 150 258 165 195 165 text 0
111 152 187 152 187 164 111 164 text 0
337 152 441 152 441 165 337 165 text 0
264 153 325 153 325 166 264 166 text 0
445 152 498 152 498 167 445 167 text 0
226 167 386 167 386 180 226 180 text 0
132 183 183 183 183 198 132 198 text 0
299 184 481 184 481 198 299 198 text 0
189 184 241 184 241 200 189 200 text 0
246 184 282 184 282 199 246 199 text 0
248 210 294 210 294 225 248 225 text 0
302 212 404 212 404 224 302 224 text 0
41 227 77 227 77 239 41 239 text 0
81 226 117 226 117 240 81 240 text 0
183 230 312 230 312 243 183 243 text 0
41 247 95 247 95 258 41 258 text 0
414 247 450 247 450 258 414 258 text 0
320 246 403 246 403 260 320 260 text 0
179 247 311 247 311 260 179 260 text 0
42 263 124 263 124 275 42 275 text 0
185 264 252 264 252 277 185 277 text 0
74 289 207 289 207 302 74 302 text 0
373 291 434 291 434 303 373 303 text 0
289 291 330 291 330 303 289 303 text 0
450 292 538 292 538 303 450 303 text 0
126 306 244 306 244 318 126 318 text 0
76 308 109 308 109 319 76 319 text 0
41 309 54 309 54 319 41 319 text 0
472 310 536 310 536 320 472 320 text 0
312 309 329 309 329 322 312 322 text 0
371 310 440 310 440 322 371 322 text 0
123 319 153 319 153 329 123 329 text 0
157 320 192 320 192 329 157 329 text 0
200 320 242 320 242 330 200 330 text 0
269 345 332 345 332 357 269 357 text 0
491 345 555 345 555 357 491 357 text 0
122 362 176 362 176 374 122 374 text 0
245 363 341 363 341 374 245 374 text 0
184 363 237 363 237 376 184 376 text 0
496 363 556 363 556 375 496 375 text 0
118 388 171 388 171 400 118 400 text 0
180 388 275 388 275 400 180 400 text 0
285 389 328 389 328 400 285 400 text 0
494 389 554 389 554 400 494 400 text 0
53 389 110 389 110 402 53 402 text 0
493 413 556 413 556 427 493 427 text 0
238 414 329 414 329 426 238 426 text 0
173 415 229 415 229 427 173 427 text 0
43 446 90 446 90 461 43 461 text 0
96 448 203 448 203 461 96 461 text 0
42 465 85 465 85 479 42 479 text 0
93 467 151 467 151 478 93 478 text 0
164 467 190 467 190 478 164 478 text 0
458 467 504 467 504 480 458 480 text 0
252 469 331 469 331 479 252 479 text 0
345 468 431 468 431 481 345 481 text 0
64 484 93 484 93 496 64 496 text 0
166 485 212 485 212 495 166 495 text 0
454 483 501 483 501 497 454 497 text 0
336 484 401 484 401 497 336 497 text 0
42 511 91 511 91 522 42 522 text 0
179 512 230 512 230 523 179 523 text 0
120 527 198 527 198 538 120 538 text 0
66 527 111 527 111 540 66 540 text 0
207 530 262 530 262 541 207 541 text 0
165 580 230 580 230 591 165 591 text 0
371 580 429 580 429 594 371 594 text 0
295 581 363 581 363 594 295 594 text 0
239 582 280 582 280 593 239 593 text 0
438 582 505 582 505 598 438 598 text 0