117 49 205 49 205 74 117 74 text 0
232 49 370 49 370 74 232 74 text 0
398 49 557 49 557 74 398 74 text 0
85 82 113 82 113 112 85 112 text 0
137 82 164 82 164 112 137 112 text 0
187 82 253 82 253 113 187 113 text 0
273 83 415 83 415 113 273 113 text 0
443 84 503 84 503 114 443 114 text 0
511 84 523 84 523 114 511 114 text 0
585 85 592 85 592 115 585 115 text 0
141 112 194 112 194 145 141 145 text 0
191 113 205 113 205 145 191 145 text 0
211 113 317 113 317 146 211 146 text 0
329 114 526 114 526 148 329 148 text 0
523 115 534 115 534 147 523 147 text 0
68 147 168 147 168 172 68 172 text 0
191 148 325 148 325 173 191 173 text 0
346 150 466 150 466 175 346 175 text 0
493 151 610 151 610 176 493 176 text 0
313 180 487 180 487 206 313 206 text 0
508 182 577 182 577 208 508 208 text 0
156 211 225 211 225 236 156 236 text 0
242 212 305 212 305 237 242 237 text 0
335 212 525 212 525 239 335 239 text 0
63 255 134 255 134 282 63 282 text 0
251 260 254 260 254 284 251 284 text 0
283 260 452 260 452 285 283 285 text 0
60 287 123 287 123 309 60 309 text 0
253 292 256 292 256 316 253 316 text 0
285 292 419 292 419 317 285 317 text 0
61 316 108 316 108 343 61 343 text 0
128 316 160 316 160 344 128 344 text 0
253 322 257 322 257 345 253 345 text 0
283 322 349 322 349 345 283 345 text 0
60 366 125 366 125 392 60 392 text 0
392 374 405 374 405 396 392 396 text 0
409 374 435 374 435 396 409 396 text 0
512 378 521 378 521 405 512 405 text 0
528 378 599 378 599 406 528 406 text 0
62 434 194 434 194 461 62 461 text 0
67 467 197 467 197 498 67 498 text 0
483 446 500 446 500 478 483 478 text 0
506 446 599 446 599 478 506 478 text 0
484 480 601 480 601 516 484 516 text 0
251 523 260 523 260 524 251 524 text 0
64 535 144 535 144 561 64 561 text 0
80 568 130 568 130 590 80 590 text 0
295 609 355 609 355 638 295 638 text 0
520 554 607 554 607 579 520 579 text 0
500 553 517 553 517 572 500 572 text 0
456 482 480 482 480 500 456 500 text 0
522 85 575 85 575 112 522 112 text 0
101 180 300 180 300 206 101 206 text 0