233 25 351 25 351 39 233 39 text 0
378 25 447 25 447 39 378 39 text 0
221 42 311 42 311 54 221 54 text 0
332 40 361 40 361 53 332 53 text 0
224 55 311 55 311 68 224 68 text 0
334 54 456 54 456 67 334 67 text 0
74 68 182 68 182 83 74 83 text 0
205 67 273 67 273 82 205 82 text 0
295 67 354 67 354 82 295 82 text 0
547 65 581 65 581 80 547 80 text 0
589 65 591 65 591 80 589 80 text 0
169 83 206 83 206 97 169 97 text 0
211 82 217 82 217 96 211 96 text 0
226 82 239 82 239 96 226 96 text 0
261 82 367 82 367 95 261 95 text 0
389 80 510 80 510 93 389 93 text 0
133 96 240 96 240 109 133 109 text 0
263 95 328 95 328 108 263 108 text 0
356 95 546 95 546 107 356 107 text 0
45 120 131 120 131 132 45 132 text 0
285 117 458 117 458 126 285 126 text 0
45 133 115 133 115 146 45 146 text 0
253 131 258 131 258 143 253 143 text 0
284 131 425 131 425 140 284 140 text 0
119 145 155 145 155 159 119 159 text 0
253 146 259 146 259 156 253 156 text 0
285 145 355 145 355 154 285 154 text 0
47 168 151 168 151 181 47 181 text 0
396 164 405 164 405 173 396 173 text 0
414 164 440 164 440 173 414 173 text 0
517 161 529 161 529 173 517 173 text 0
532 161 602 161 602 172 532 172 text 0
49 199 197 199 197 210 49 210 text 0
48 213 195 213 195 225 48 225 text 0
487 191 507 191 507 202 487 202 text 0
512 190 600 190 600 201 512 201 text 0
464 205 486 205 486 217 464 217 text 0
491 205 604 205 604 215 491 215 text 0
507 233 521 233 521 245 507 245 text 0
524 232 611 232 611 244 524 244 text 0
46 243 139 243 139 254 46 254 text 0
64 255 255 255 255 268 64 268 text 0
294 263 360 263 360 275 294 275 text 0
42 288 70 288 70 301 42 301 text 0
80 287 163 287 163 299 80 299 text 0
190 287 228 287 228 297 190 297 text 0
233 283 244 283 244 297 233 297 text 0
267 282 324 282 324 295 267 295 text 0
64 301 112 301 112 314 64 314 text 0
117 300 134 300 134 313 117 313 text 0
136 299 217 299 217 311 136 311 text 0
227 297 284 297 284 309 227 309 text 0
304 295 377 295 377 306 304 306 text 0
27 319 87 319 87 331 27 331 text 0
104 317 143 317 143 329 104 329 text 0
149 316 158 316 158 328 149 328 text 0
165 316 239 316 239 327 165 327 text 0
473 309 492 309 492 320 473 320 text 0
511 307 548 307 548 319 511 319 text 0
554 307 560 307 560 319 554 319 text 0
566 306 639 306 639 317 566 317 text 0
23 358 103 358 103 367 23 367 text 0
116 358 145 358 145 365 116 365 text 0
145 353 154 353 154 365 145 365 text 0
157 348 356 348 356 362 157 362 text 0
450 343 487 343 487 350 450 350 text 0
499 342 523 342 523 350 499 350 text 0
527 341 534 341 534 349 527 349 text 0
536 341 633 341 633 347 536 347 text 0
104 366 130 366 130 373 104 373 text 0
134 365 143 365 143 372 134 372 text 0
147 365 201 365 201 370 147 370 text 0
210 362 289 362 289 366 210 366 text 0
572 350 630 350 630 358 572 358 text 0
265 368 275 368 275 376 265 376 text 0
289 367 322 367 322 375 289 375 text 0
328 366 334 366 334 374 328 374 text 0
338 366 375 366 375 374 338 374 text 0
389 365 400 365 400 373 389 373 text 0
410 363 486 363 486 370 410 370 text 0
265 376 386 376 386 386 265 386 text 0
464 380 552 380 552 390 464 390 text 0
227 399 302 399 302 407 227 407 text 0
314 393 438 393 438 404 314 404 text 0
272 405 388 405 388 415 272 415 text 0
222 418 336 418 336 425 222 425 text 0
367 413 406 413 406 422 367 422 text 0
44 432 81 432 81 440 44 440 text 0
97 431 104 431 104 439 97 439 text 0
115 427 293 427 293 438 115 438 text 0
503 416 622 416 622 426 503 426 text 0
230 437 281 437 281 445 230 445 text 0
289 435 339 435 339 443 289 443 text 0
353 433 361 433 361 442 353 442 text 0
373 432 447 432 447 439 373 439 text 0
111 450 171 450 171 458 111 458 text 0
182 448 292 448 292 453 182 453 text 0
302 444 339 444 339 452 302 452 text 0
352 442 399 442 399 449 352 449 text 0
409 438 491 438 491 448 409 448 text 0
502 437 561 437 561 444 502 444 text 0
206 456 234 456 234 466 206 466 text 0
244 455 327 455 327 463 244 463 text 0
339 452 459 452 459 458 339 458 text 0
230 473 294 473 294 482 230 482 text 0
302 471 365 471 365 480 302 480 text 0
375 468 447 468 447 477 375 477 text 0
198 485 280 485 280 493 198 493 text 0
291 481 351 481 351 490 291 490 text 0
362 479 388 479 388 488 362 488 text 0
386 478 397 478 397 488 386 488 text 0
411 477 482 477 482 485 411 485 text 0
89 499 163 499 163 508 89 508 text 0
175 496 224 496 224 506 175 506 text 0
235 493 273 493 273 504 235 504 text 0
269 492 285 492 285 503 269 503 text 0
283 491 388 491 388 500 283 500 text 0
397 487 423 487 423 498 397 498 text 0
417 486 430 486 430 498 417 498 text 0
442 485 468 485 468 497 442 497 text 0
468 485 477 485 477 496 468 496 text 0
488 483 502 483 502 495 488 495 text 0
512 483 581 483 581 492 512 492 text 0
256 504 320 504 320 510 256 510 text 0
320 501 331 501 331 510 320 510 text 0
326 499 414 499 414 509 326 509 text 0
129 534 346 534 346 560 129 560 text 0
356 526 608 526 608 548 356 548 text 0
210 564 262 564 262 574 210 574 text 0
353 556 467 556 467 570 353 570 text 0
56 597 112 597 112 609 56 609 text 0
126 594 167 594 167 607 126 607 text 0
169 591 181 591 181 606 169 606 text 0
461 580 481 580 481 593 461 593 text 0
492 579 529 579 529 591 492 591 text 0
533 578 546 578 546 591 533 591 text 0
550 577 613 577 613 588 550 588 text 0
277 607 315 607 315 619 277 619 text 0
331 603 472 603 472 617 331 617 text 0
364 68 532 68 532 79 364 79 text 0
250 121 259 121 259 128 250 128 text 0
45 148 101 148 101 160 45 160 text 0
27 368 94 368 94 376 27 376 text 0
176 369 253 369 253 379 176 379 text 0
270 560 340 560 340 571 270 571 text 0
184 593 256 593 256 602 184 602 text 0
222 609 258 609 258 622 222 622 text 0