168 29 290 29 290 44 168 44 text 0
298 33 425 33 425 48 298 48 text 0
124 43 233 43 233 60 124 60 text 0
240 46 289 46 289 61 240 61 text 0
299 48 334 48 334 60 299 60 text 0
359 49 409 49 409 62 359 62 text 0
414 50 465 50 465 63 414 63 text 0
102 60 137 60 137 71 102 71 text 0
146 60 193 60 193 75 146 75 text 0
203 62 262 62 262 74 203 74 text 0
269 64 362 64 362 80 269 80 text 0
371 66 447 66 447 80 371 80 text 0
459 68 487 68 487 83 459 83 text 0
135 77 226 77 226 93 135 93 text 0
235 80 284 80 284 94 235 94 text 0
296 83 386 83 386 98 296 98 text 0
397 84 452 84 452 99 397 99 text 0
181 95 249 95 249 109 181 109 text 0
257 98 317 98 317 111 257 111 text 0
327 100 411 100 411 116 327 116 text 0
223 116 367 116 367 131 223 131 text 0
163 134 208 134 208 146 163 146 text 0
217 136 264 136 264 151 217 151 text 0
273 137 420 137 420 152 273 152 text 0
207 156 258 156 258 170 207 170 text 0
268 158 379 158 379 173 268 173 text 0
77 176 130 176 130 188 77 188 text 0
148 178 219 178 219 190 148 190 text 0
335 182 442 182 442 196 335 196 text 0
451 186 460 186 460 196 451 196 text 0
470 186 522 186 522 197 470 197 text 0
78 195 108 195 108 206 78 206 text 0
147 195 209 195 209 208 147 208 text 0
75 216 162 216 162 227 75 227 text 0
187 218 254 218 254 230 187 230 text 0
82 235 117 235 117 249 82 249 text 0
137 236 245 236 245 251 137 251 text 0
356 240 403 240 403 252 356 252 text 0
472 241 521 241 521 260 472 260 text 0
76 260 246 260 246 275 76 275 text 0
254 264 306 264 306 276 254 276 text 0
317 266 385 266 385 278 317 278 text 0
392 267 460 267 460 279 392 279 text 0
478 270 504 270 504 281 478 281 text 0
107 282 112 282 112 292 107 292 text 0
129 281 201 281 201 293 129 293 text 0
361 288 402 288 402 298 361 298 text 0
477 287 520 287 520 305 477 305 text 0
75 304 179 304 179 316 75 316 text 0
188 306 232 306 232 318 188 318 text 0
240 307 258 307 258 318 240 318 text 0
264 308 377 308 377 321 264 321 text 0
385 310 457 310 457 323 385 323 text 0
477 312 505 312 505 323 477 323 text 0
127 323 203 323 203 336 127 336 text 0
103 326 111 326 111 336 103 336 text 0
360 331 401 331 401 342 360 342 text 0
475 332 518 332 518 343 475 343 text 0
100 350 111 350 111 361 100 361 text 0
131 350 186 350 186 364 131 364 text 0
216 350 232 350 232 364 216 364 text 0
276 352 328 352 328 366 276 366 text 0
475 354 521 354 521 369 475 369 text 0
81 371 178 371 178 385 81 385 text 0
184 372 215 372 215 387 184 387 text 0
475 377 523 377 523 389 475 389 text 0
78 391 133 391 133 403 78 403 text 0
141 392 235 392 235 405 141 405 text 0
240 394 291 394 291 406 240 406 text 0
474 398 515 398 515 409 474 409 text 0
79 413 140 413 140 424 79 424 text 0
462 419 516 419 516 430 462 430 text 0
78 431 159 431 159 446 78 446 text 0
460 437 515 437 515 448 460 448 text 0
78 455 128 455 128 467 78 467 text 0
138 456 248 456 248 473 138 473 text 0
78 475 137 475 137 487 78 487 text 0
162 476 180 476 180 488 162 488 text 0
226 477 263 477 263 491 226 491 text 0
270 478 308 478 308 491 270 491 text 0
367 478 416 478 416 492 367 492 text 0
467 479 517 479 517 493 467 493 text 0
78 498 107 498 107 511 78 511 text 0
149 498 180 498 180 512 149 512 text 0
262 499 307 499 307 513 262 513 text 0
370 501 415 501 415 515 370 515 text 0
472 503 516 503 516 516 472 516 text 0
73 519 126 519 126 531 73 531 text 0
263 522 306 522 306 534 263 534 text 0
371 523 414 523 414 535 371 535 text 0
471 523 513 523 513 536 471 536 text 0
58 544 141 544 141 560 58 560 text 0
209 547 227 547 227 561 209 561 text 0
241 547 329 547 329 562 241 562 text 0
151 549 197 549 197 564 151 564 text 0
341 551 413 551 413 563 341 563 text 0
425 550 502 550 502 567 425 567 text 0
70 571 137 571 137 583 70 583 text 0
144 571 184 571 184 583 144 583 text 0
229 573 260 573 260 584 229 584 text 0
190 574 223 574 223 583 190 583 text 0
266 573 362 573 362 585 266 585 text 0
369 573 398 573 398 585 369 585 text 0
402 574 464 574 464 586 402 586 text 0
471 577 491 577 491 586 471 586 text 0
327 589 338 589 338 601 327 601 text 0
224 589 318 589 318 604 224 604 text 0