0 29 30 29 30 39 0 39 text 0
40 29 42 29 42 39 40 39 text 0
48 29 100 29 100 39 48 39 text 0
119 28 210 28 210 38 119 38 text 0
229 28 266 28 266 38 229 38 text 0
271 28 279 28 279 38 271 38 text 0
284 27 336 27 336 37 284 37 text 0
352 27 444 27 444 36 352 36 text 0
0 39 73 39 73 50 0 50 text 0
90 38 156 38 156 49 90 49 text 0
173 38 289 38 289 48 173 48 text 0
312 37 354 37 354 48 312 48 text 0
355 37 365 37 365 48 355 48 text 0
367 37 393 37 393 48 367 48 text 0
406 37 444 37 444 48 406 48 text 0
452 36 454 36 454 48 452 48 text 0
0 50 35 50 35 61 0 61 text 0
38 49 48 49 48 61 38 61 text 0
49 49 107 49 107 60 49 60 text 0
106 49 144 49 144 60 106 60 text 0
159 49 239 49 239 60 159 60 text 0
255 48 279 48 279 59 255 59 text 0
311 48 361 48 361 59 311 59 text 0
379 47 399 47 399 58 379 58 text 0
420 47 444 47 444 58 420 58 text 0
451 47 453 47 453 58 451 58 text 0
0 61 88 61 88 70 0 70 text 0
105 60 143 60 143 69 105 69 text 0
146 60 156 60 156 69 146 69 text 0
214 60 252 60 252 69 214 69 text 0
261 59 263 59 263 68 261 68 text 0
285 59 347 59 347 68 285 68 text 0
352 59 362 59 362 68 352 68 text 0
365 59 455 59 455 68 365 68 text 0
50 69 144 69 144 81 50 81 text 0
160 69 266 69 266 81 160 81 text 0
351 67 485 67 485 78 351 78 text 0
9 100 75 100 75 108 9 108 text 0
135 99 267 99 267 107 135 107 text 0
7 110 59 110 59 118 7 118 text 0
135 108 199 108 199 118 135 118 text 0
64 119 89 119 89 129 64 129 text 0
136 119 186 119 186 129 136 129 text 0
327 169 336 169 336 176 327 176 text 0
340 169 364 169 364 176 340 176 text 0
492 165 569 165 569 174 492 174 text 0
0 150 173 150 173 160 0 160 text 0
0 160 6 160 6 169 0 169 text 0
10 160 36 160 36 169 10 169 text 0
52 160 62 160 62 169 52 169 text 0
81 160 145 160 145 169 81 169 text 0
0 170 104 170 104 179 0 179 text 0
107 169 117 169 117 179 107 179 text 0
0 180 172 180 172 187 0 187 text 0
50 190 62 190 62 198 50 198 text 0
81 189 159 189 159 198 81 198 text 0
0 200 89 200 89 207 0 207 text 0
0 209 172 209 172 216 0 216 text 0
0 218 33 218 33 228 0 228 text 0
49 218 60 218 60 227 49 227 text 0
77 218 129 218 129 226 77 226 text 0
0 228 103 228 103 238 0 238 text 0
339 196 364 196 364 204 339 204 text 0
478 195 568 195 568 203 478 203 text 0
327 226 337 226 337 234 327 234 text 0
9 248 89 248 89 256 9 256 text 0
9 258 89 258 89 266 9 266 text 0
531 244 591 244 591 252 531 252 text 0
505 253 513 253 513 262 505 262 text 0
478 272 487 272 487 280 478 280 text 0
489 272 569 272 569 280 489 280 text 0
25 275 89 275 89 285 25 285 text 0
107 274 171 274 171 285 107 285 text 0
0 286 132 286 132 296 0 296 text 0
151 284 227 284 227 295 151 295 text 0
245 283 249 283 249 294 245 294 text 0
260 283 266 283 266 294 260 294 text 0
277 283 283 283 283 294 277 294 text 0
26 304 64 304 64 314 26 314 text 0
80 304 133 304 133 314 80 314 text 0
177 303 215 303 215 313 177 313 text 0
231 302 295 302 295 312 231 312 text 0
314 302 378 302 378 312 314 312 text 0
191 312 201 312 201 323 191 323 text 0
203 312 283 312 283 322 203 322 text 0
26 326 36 326 36 334 26 334 text 0
41 326 63 326 63 334 41 334 text 0
219 322 283 322 283 332 219 332 text 0
449 302 489 302 489 309 449 309 text 0
424 310 490 310 490 320 424 320 text 0
425 321 433 321 433 330 425 330 text 0
435 321 488 321 488 329 435 329 text 0
0 362 108 362 108 373 0 373 text 0
234 360 420 360 420 371 234 371 text 0
440 359 462 359 462 371 440 371 text 0
5 372 55 372 55 382 5 382 text 0
71 372 177 372 177 382 71 382 text 0
8 390 85 390 85 400 8 400 text 0
100 389 165 389 165 400 100 400 text 0
180 389 218 389 218 400 180 400 text 0
236 388 278 388 278 399 236 399 text 0
292 388 314 388 314 399 292 399 text 0
373 393 380 393 380 398 373 398 text 0
12 400 46 400 46 409 12 409 text 0
50 400 58 400 58 409 50 409 text 0
62 400 114 400 114 409 62 409 text 0
115 400 155 400 155 409 115 409 text 0
158 399 166 399 166 408 158 408 text 0
169 399 273 399 273 407 169 407 text 0
289 398 313 398 313 407 289 407 text 0
320 398 328 398 328 407 320 407 text 0
329 398 381 398 381 407 329 407 text 0
14 410 34 410 34 419 14 419 text 0
40 410 48 410 48 419 40 419 text 0
53 409 73 409 73 419 53 419 text 0
79 409 87 409 87 419 79 419 text 0
91 409 131 409 131 419 91 419 text 0
143 409 167 409 167 418 143 418 text 0
182 409 260 409 260 418 182 418 text 0
277 408 351 408 351 417 277 417 text 0
10 419 115 419 115 426 10 426 text 0
118 418 127 418 127 426 118 426 text 0
132 418 166 418 166 426 132 426 text 0
175 418 177 418 177 426 175 426 text 0
186 418 206 418 206 426 186 426 text 0
216 418 222 418 222 426 216 426 text 0
224 417 314 417 314 425 224 425 text 0
331 416 435 416 435 424 331 424 text 0
10 428 36 428 36 437 10 437 text 0
41 428 45 428 45 437 41 437 text 0
50 428 182 428 182 435 50 435 text 0
9 438 89 438 89 445 9 445 text 0
105 437 131 437 131 444 105 444 text 0
136 437 142 437 142 445 136 445 text 0
146 436 396 436 396 441 146 441 text 0
9 446 237 446 237 456 9 456 text 0
63 519 337 519 337 531 63 531 text 0
7 534 135 534 135 543 7 543 text 0
149 531 211 531 211 541 149 541 text 0
224 529 332 529 332 538 224 538 text 0
7 553 123 553 123 562 7 562 text 0
137 550 209 550 209 560 137 560 text 0
214 548 226 548 226 559 214 559 text 0
228 548 296 548 296 558 228 558 text 0
7 562 59 562 59 573 7 573 text 0
128 559 138 559 138 571 128 571 text 0
178 558 238 558 238 569 178 569 text 0
303 555 305 555 305 567 303 567 text 0
312 555 332 555 332 566 312 566 text 0
5 573 60 573 60 583 5 583 text 0
74 571 176 571 176 580 74 580 text 0
176 569 188 569 188 580 176 580 text 0
10 582 111 582 111 591 10 591 text 0
115 579 125 579 125 590 115 590 text 0
121 579 225 579 225 588 121 588 text 0
9 592 66 592 66 600 9 600 text 0
76 591 98 591 98 600 76 600 text 0
102 590 111 590 111 599 102 599 text 0
266 587 314 587 314 596 266 596 text 0
443 611 481 611 481 619 443 619 text 0
493 609 521 609 521 616 493 616 text 0
525 608 528 608 528 615 525 615 text 0
536 606 586 606 586 615 536 615 text 0
43 607 134 607 134 617 43 617 text 0
138 607 148 607 148 617 138 617 text 0
164 606 240 606 240 616 164 616 text 0
259 605 324 605 324 615 259 615 text 0
212 623 248 623 248 633 212 633 text 0
251 623 369 623 369 633 251 633 text 0
462 47 502 47 502 55 462 55 text 0
296 70 326 70 326 77 296 77 text 0
0 81 229 81 229 91 0 91 text 0
3 120 47 120 47 128 3 128 text 0
502 224 572 224 572 233 502 233 text 0
0 190 36 190 36 199 0 199 text 0
341 227 367 227 367 234 341 234 text 0
327 197 337 197 337 204 327 204 text 0
517 253 599 253 599 263 517 263 text 0
515 245 529 245 529 251 515 251 text 0
410 313 422 313 422 319 410 319 text 0
124 363 215 363 215 371 124 371 text 0
39 316 51 316 51 323 39 323 text 0
27 316 38 316 38 323 27 323 text 0
326 390 368 390 368 397 326 397 text 0
251 558 297 558 297 566 251 566 text 0
136 561 161 561 161 569 136 569 text 0
73 562 123 562 123 570 73 570 text 0
187 569 263 569 263 577 187 577 text 0
112 590 188 590 188 598 112 598 text 0
70 616 98 616 98 623 70 623 text 0
117 617 165 617 165 622 117 622 text 0
44 616 56 616 56 623 44 623 text 0