280 89 525 89 525 102 280 102 text 0
183 90 251 90 251 102 183 102 text 0
82 93 151 93 151 104 82 104 text 0
295 105 318 105 318 115 295 115 text 0
419 104 504 104 504 116 419 116 text 0
331 104 401 104 401 117 331 117 text 0
220 105 279 105 279 116 220 116 text 0
517 105 543 105 543 117 517 117 text 0
145 106 205 106 205 118 145 118 text 0
108 107 127 107 127 119 108 119 text 0
72 109 94 109 94 119 72 119 text 0
369 120 467 120 467 130 369 130 text 0
231 121 279 121 279 131 231 131 text 0
293 120 351 120 351 132 293 132 text 0
159 121 218 121 218 132 159 132 text 0
369 134 416 134 416 145 369 145 text 0
270 134 354 134 354 146 270 146 text 0
208 135 251 135 251 147 208 147 text 0
342 149 392 149 392 160 342 160 text 0
281 149 329 149 329 161 281 161 text 0
407 150 454 150 454 161 407 161 text 0
218 150 264 150 264 162 218 162 text 0
182 152 204 152 204 162 182 162 text 0
294 165 377 165 377 176 294 176 text 0
243 165 279 165 279 176 243 176 text 0
152 196 189 196 189 208 152 208 text 0
34 198 89 198 89 209 34 209 text 0
283 225 338 225 338 236 283 236 text 0
256 226 265 226 265 239 256 239 text 0
144 226 241 226 241 238 144 238 text 0
96 228 127 228 127 238 96 238 text 0
33 229 79 229 79 239 33 239 text 0
143 240 304 240 304 253 143 253 text 0
33 242 126 242 126 254 33 254 text 0
280 255 378 255 378 267 280 267 text 0
391 255 415 255 415 267 391 267 text 0
579 256 601 256 601 266 579 266 text 0
143 256 265 256 265 269 143 269 text 0
94 258 126 258 126 269 94 269 text 0
33 258 79 258 79 269 33 269 text 0
577 286 600 286 600 297 577 297 text 0
502 286 563 286 563 297 502 297 text 0
183 286 301 286 301 299 183 299 text 0
133 288 166 288 166 298 133 298 text 0
71 288 115 288 115 298 71 298 text 0
35 289 41 289 41 298 35 298 text 0
71 296 104 296 104 317 71 317 text 0
181 302 216 302 216 313 181 313 text 0
230 301 350 301 350 314 230 314 text 0
118 301 165 301 165 314 118 314 text 0
577 315 600 315 600 327 577 327 text 0
502 316 562 316 562 327 502 327 text 0
292 316 352 316 352 328 292 328 text 0
192 317 228 317 228 328 192 328 text 0
243 317 274 317 274 328 243 328 text 0
367 316 399 316 399 329 367 329 text 0
71 318 154 318 154 330 71 330 text 0
37 318 41 318 41 329 37 329 text 0
67 333 105 333 105 343 67 343 text 0
578 345 599 345 599 356 578 356 text 0
515 345 562 345 562 357 515 357 text 0
147 348 152 348 152 356 147 356 text 0
218 347 278 347 278 358 218 358 text 0
70 346 127 346 127 359 70 359 text 0
173 347 204 347 204 358 173 358 text 0
34 350 42 350 42 359 34 359 text 0
539 389 599 389 599 400 539 400 text 0
119 391 177 391 177 402 119 402 text 0
71 391 104 391 104 403 71 403 text 0
32 393 43 393 43 403 32 403 text 0
550 404 598 404 598 416 550 416 text 0
119 406 142 406 142 417 119 417 text 0
69 406 103 406 103 417 69 417 text 0
538 435 548 435 548 441 538 441 text 0
538 434 598 434 598 456 538 456 text 0
119 447 178 447 178 458 119 458 text 0
72 446 104 446 104 458 72 458 text 0
528 458 598 458 598 470 528 470 text 0
71 460 118 460 118 472 71 472 text 0
538 474 598 474 598 496 538 496 text 0
70 486 140 486 140 497 70 497 text 0
561 528 596 528 596 538 561 538 text 0
414 529 484 529 484 539 414 539 text 0
36 529 68 529 68 540 36 540 text 0
83 528 166 528 166 541 83 541 text 0
549 542 597 542 597 553 549 553 text 0
425 543 486 543 486 554 425 554 text 0
34 544 56 544 56 554 34 554 text 0
71 544 104 544 104 554 71 554 text 0
119 544 142 544 142 554 119 554 text 0
364 573 410 573 410 583 364 583 text 0
425 573 486 573 486 583 425 583 text 0
278 572 349 572 349 584 278 584 text 0
144 573 202 573 202 584 144 584 text 0
218 573 261 573 261 584 218 584 text 0