61 31 125 31 125 46 61 46 text 0
154 33 360 33 360 44 154 44 text 0
388 34 548 34 548 46 388 46 text 0
104 46 169 46 169 57 104 57 text 0
189 45 291 45 291 58 189 58 text 0
313 48 413 48 413 58 313 58 text 0
435 49 481 49 481 60 435 60 text 0
30 57 131 57 131 72 30 72 text 0
156 57 218 57 218 73 156 73 text 0
243 58 483 58 483 74 243 74 text 0
501 62 536 62 536 74 501 74 text 0
121 73 152 73 152 84 121 84 text 0
161 70 164 70 164 84 161 84 text 0
174 74 206 74 206 84 174 84 text 0
227 73 327 73 327 85 227 85 text 0
336 74 464 74 464 86 336 86 text 0
210 85 378 85 378 97 210 97 text 0
122 98 241 98 241 111 122 111 text 0
262 99 394 99 394 112 262 112 text 0
419 99 463 99 463 112 419 112 text 0
23 117 104 117 104 128 23 128 text 0
247 118 409 118 409 129 247 129 text 0
22 129 85 129 85 140 22 140 text 0
216 131 218 131 218 141 216 141 text 0
248 131 378 131 378 141 248 141 text 0
20 141 67 141 67 154 20 154 text 0
89 141 121 141 121 154 89 154 text 0
246 144 310 144 310 152 246 152 text 0
20 161 74 161 74 173 20 173 text 0
93 162 147 162 147 174 93 174 text 0
171 162 175 162 175 174 171 174 text 0
482 162 491 162 491 174 482 174 text 0
497 161 550 161 550 173 497 173 text 0
1 176 102 176 102 188 1 188 text 0
123 176 190 176 190 188 123 188 text 0
350 177 358 177 358 187 350 187 text 0
367 177 390 177 390 187 367 187 text 0
482 177 491 177 491 188 482 188 text 0
498 177 549 177 549 188 498 188 text 0
4 190 103 190 103 203 4 203 text 0
120 190 188 190 188 203 120 203 text 0
209 191 275 191 275 203 209 203 text 0
296 191 304 191 304 203 296 203 text 0
481 192 491 192 491 203 481 203 text 0
497 192 548 192 548 203 497 203 text 0
2 205 147 205 147 217 2 217 text 0
165 205 219 205 219 217 165 217 text 0
238 205 306 205 306 217 238 217 text 0
468 205 477 205 477 216 468 216 text 0
485 205 549 205 549 216 485 216 text 0
350 162 359 162 359 173 350 173 text 0
365 162 391 162 391 172 365 172 text 0
21 232 156 232 156 242 21 242 text 0
20 246 157 246 157 257 20 257 text 0
437 232 455 232 455 243 437 243 text 0
462 232 546 232 546 242 462 242 text 0
415 245 434 245 434 257 415 257 text 0
438 246 549 246 549 257 438 257 text 0
0 271 100 271 100 282 0 282 text 0
457 273 467 273 467 283 457 283 text 0
473 273 556 273 556 283 473 283 text 0
34 285 137 285 137 295 34 295 text 0
242 296 314 296 314 307 242 307 text 0
19 315 67 315 67 328 19 328 text 0
158 314 260 314 260 326 158 326 text 0
17 329 33 329 33 339 17 339 text 0
36 329 67 329 67 339 36 339 text 0
246 328 311 328 311 340 246 340 text 0
489 329 555 329 555 339 489 339 text 0
17 340 33 340 33 352 17 352 text 0
37 340 68 340 68 352 37 352 text 0
249 341 309 341 309 352 249 352 text 0
466 342 555 342 555 351 466 351 text 0
18 359 134 359 134 371 18 371 text 0
138 359 149 359 149 371 138 371 text 0
176 359 260 359 260 371 176 371 text 0
282 359 364 359 364 371 282 371 text 0
17 371 119 371 119 383 17 383 text 0
147 371 149 371 149 384 147 384 text 0
176 371 450 371 450 384 176 384 text 0
18 401 66 401 66 414 18 414 text 0
128 402 131 402 131 414 128 414 text 0
493 403 505 403 505 414 493 414 text 0
506 403 569 403 569 414 506 414 text 0
137 435 139 435 139 446 137 446 text 0
147 435 274 435 274 446 147 446 text 0
345 435 443 435 443 446 345 446 text 0
458 435 562 435 562 445 458 445 text 0
13 445 77 445 77 456 13 456 text 0
91 445 128 445 128 455 91 455 text 0
145 445 169 445 169 455 145 455 text 0
191 445 193 445 193 455 191 455 text 0
213 445 313 445 313 455 213 455 text 0
18 455 36 455 36 464 18 464 text 0
54 455 82 455 82 464 54 464 text 0
137 455 196 455 196 464 137 464 text 0
213 455 274 455 274 464 213 464 text 0
370 464 418 464 418 473 370 473 text 0
15 472 51 472 51 482 15 482 text 0
60 472 61 472 61 482 60 482 text 0
68 472 248 472 248 483 68 483 text 0
267 472 392 472 392 484 267 484 text 0
138 488 243 488 243 499 138 499 text 0
252 488 262 488 262 499 252 499 text 0
276 488 382 488 382 499 276 499 text 0
415 488 452 488 452 499 415 499 text 0
213 500 242 500 242 509 213 509 text 0
265 500 314 500 314 509 265 509 text 0
329 499 403 499 403 509 329 509 text 0
422 499 495 499 495 509 422 509 text 0
106 509 129 509 129 520 106 520 text 0
226 509 326 509 326 519 226 519 text 0
345 508 482 508 482 519 345 519 text 0
158 519 183 519 183 529 158 529 text 0
198 519 286 519 286 528 198 528 text 0
304 519 431 519 431 528 304 528 text 0
15 535 63 535 63 546 15 546 text 0
78 535 133 535 133 546 78 546 text 0
133 535 145 535 145 546 133 546 text 0
321 534 323 534 323 545 321 545 text 0
330 534 378 534 378 545 330 545 text 0
474 534 495 534 495 545 474 545 text 0
106 545 169 545 169 556 106 556 text 0
184 545 234 545 234 556 184 556 text 0
242 544 249 544 249 556 242 556 text 0
320 544 393 544 393 555 320 555 text 0
164 562 412 562 412 584 164 584 text 0
12 587 63 587 63 598 12 598 text 0
80 586 181 586 181 598 80 598 text 0
197 586 273 586 273 598 197 598 text 0
293 586 297 586 297 598 293 598 text 0
304 587 392 587 392 599 304 599 text 0
85 603 117 603 117 616 85 616 text 0
127 603 129 603 129 616 127 616 text 0
443 603 487 603 487 613 443 613 text 0
491 603 501 603 501 613 491 613 text 0
507 603 568 603 568 612 507 612 text 0
285 622 420 622 420 634 285 634 text 0
213 121 221 121 221 128 213 128 text 0
213 145 221 145 221 152 213 152 text 0
364 193 394 193 394 201 364 201 text 0
349 193 363 193 363 201 349 201 text 0
349 206 365 206 365 214 349 214 text 0
367 206 399 206 399 215 367 215 text 0
418 403 434 403 434 413 418 413 text 0
451 404 486 404 486 412 451 412 text 0
140 404 209 404 209 413 140 413 text 0
86 404 121 404 121 413 86 413 text 0
526 455 564 455 564 463 526 463 text 0
17 437 91 437 91 444 17 444 text 0
100 435 133 435 133 444 100 444 text 0
93 456 119 456 119 464 93 464 text 0
79 500 196 500 196 509 79 509 text 0
141 510 218 510 218 519 141 519 text 0
145 537 224 537 224 544 145 544 text 0
247 536 317 536 317 544 247 544 text 0
407 536 461 536 461 543 407 543 text 0
509 534 566 534 566 543 509 543 text 0
408 545 491 545 491 553 408 553 text 0
248 547 302 547 302 554 248 554 text 0