260 63 312 63 312 81 260 81 text 0
328 63 394 63 394 80 328 80 text 0
136 86 177 86 177 106 136 106 text 0
192 87 342 87 342 105 192 105 text 0
356 84 503 84 503 102 356 102 text 0
108 111 204 111 204 131 108 131 text 0
217 109 245 109 245 130 217 130 text 0
251 118 255 118 255 129 251 129 text 0
275 108 439 108 439 127 275 127 text 0
440 106 450 106 450 127 440 127 text 0
450 105 480 105 480 126 450 126 text 0
484 110 489 110 489 126 484 126 text 0
524 104 533 104 533 125 524 125 text 0
537 104 546 104 546 125 537 125 text 0
151 132 189 132 189 153 151 153 text 0
196 132 203 132 203 153 196 153 text 0
206 132 299 132 299 152 206 152 text 0
329 130 395 130 395 150 329 150 text 0
397 129 409 129 409 149 397 149 text 0
410 128 503 128 503 148 410 148 text 0
135 157 231 157 231 175 135 175 text 0
246 155 286 155 286 174 246 174 text 0
300 154 354 154 354 173 300 173 text 0
360 153 365 153 365 173 360 173 text 0
371 153 506 153 506 170 371 170 text 0
218 179 326 179 326 196 218 196 text 0
343 177 422 177 422 195 343 195 text 0
548 218 600 218 600 237 548 237 text 0
52 225 119 225 119 245 52 245 text 0
127 225 130 225 130 245 127 245 text 0
149 224 285 224 285 243 149 243 text 0
51 249 105 249 105 269 51 269 text 0
126 248 130 248 130 269 126 269 text 0
151 247 258 247 258 267 151 267 text 0
49 295 188 295 188 313 49 313 text 0
202 292 271 292 271 311 202 311 text 0
285 290 326 290 326 310 285 310 text 0
51 318 117 318 117 337 51 337 text 0
133 317 188 317 188 336 133 336 text 0
202 315 255 315 255 334 202 334 text 0
273 314 281 314 281 334 273 334 text 0
285 314 312 314 312 334 285 334 text 0
369 312 376 312 376 332 369 332 text 0
383 312 410 312 410 332 383 332 text 0
48 341 117 341 117 360 48 360 text 0
133 340 285 340 285 357 133 357 text 0
539 287 605 287 605 305 539 305 text 0
523 310 534 310 534 329 523 329 text 0
541 310 604 310 604 329 541 329 text 0
521 332 533 332 533 350 521 350 text 0
536 332 603 332 603 350 536 350 text 0
52 384 214 384 214 404 52 404 text 0
53 406 215 406 215 424 53 424 text 0
464 378 487 378 487 398 464 398 text 0
491 378 598 378 598 396 491 396 text 0
437 401 450 401 450 420 437 420 text 0
464 401 597 401 597 418 464 418 text 0
518 445 530 445 530 462 518 462 text 0
532 445 599 445 599 462 532 462 text 0
55 453 135 453 135 473 55 473 text 0
56 497 93 497 93 519 56 519 text 0
97 497 110 497 110 519 97 519 text 0
111 496 161 496 161 517 111 517 text 0
165 494 178 494 178 517 165 517 text 0
179 494 273 494 273 514 179 514 text 0
276 492 284 492 284 514 276 514 text 0
291 492 297 492 297 514 291 514 text 0
463 565 474 565 474 582 463 582 text 0
492 565 516 565 516 582 492 582 text 0
523 564 526 564 526 581 523 581 text 0
547 563 598 563 598 580 547 580 text 0
113 572 138 572 138 590 113 590 text 0
166 571 219 571 219 589 166 589 text 0
327 612 436 612 436 629 327 629 text 0
496 108 520 108 520 124 496 124 text 0
493 220 520 220 520 238 493 238 text 0
525 225 532 225 532 238 525 238 text 0
438 222 479 222 479 242 438 242 text 0
384 292 409 292 409 308 384 308 text 0
369 290 382 290 382 309 369 309 text 0
522 291 535 291 535 305 522 305 text 0
57 573 101 573 101 591 57 591 text 0
275 616 304 616 304 635 275 635 text 0