228 53 310 53 310 66 228 66 text 0
336 53 418 53 418 66 336 66 text 0
230 68 313 68 313 83 230 83 text 0
69 85 170 85 170 100 69 100 text 0
192 84 222 84 222 100 192 100 text 0
233 84 236 84 236 100 233 100 text 0
282 84 365 84 365 99 282 99 text 0
390 83 508 83 508 99 390 99 text 0
536 83 567 83 567 98 536 98 text 0
574 83 586 83 586 98 574 98 text 0
85 100 151 100 151 114 85 114 text 0
176 100 223 100 223 114 176 114 text 0
233 100 236 100 236 114 233 114 text 0
247 100 294 100 294 114 247 114 text 0
302 99 312 99 312 114 302 114 text 0
319 99 329 99 329 114 319 114 text 0
358 99 437 99 437 113 358 113 text 0
462 99 578 99 578 113 462 113 text 0
139 116 257 116 257 129 139 129 text 0
265 116 279 116 279 129 265 129 text 0
282 116 319 116 319 129 282 129 text 0
322 120 330 120 330 129 322 129 text 0
339 116 532 116 532 128 339 128 text 0
48 130 222 130 222 145 48 145 text 0
481 132 509 132 509 146 481 146 text 0
519 132 523 132 523 146 519 146 text 0
553 132 618 132 618 146 553 146 text 0
46 147 111 147 111 161 46 161 text 0
122 147 125 147 125 161 122 161 text 0
155 147 238 147 238 161 155 161 text 0
46 172 164 172 164 188 46 188 text 0
49 205 144 205 144 221 49 221 text 0
56 223 255 223 255 237 56 237 text 0
497 206 566 206 566 220 497 220 text 0
462 221 473 221 473 236 462 236 text 0
480 221 562 221 562 236 480 236 text 0
54 255 145 255 145 270 54 270 text 0
479 254 563 254 563 267 479 267 text 0
55 280 173 280 173 295 55 295 text 0
183 280 186 280 186 295 183 295 text 0
215 280 226 280 226 295 215 295 text 0
390 279 403 279 403 294 390 294 text 0
407 279 420 279 420 294 407 294 text 0
163 305 509 305 509 320 163 320 text 0
61 339 129 339 129 348 61 348 text 0
148 339 173 339 173 348 148 348 text 0
179 339 181 339 181 348 179 348 text 0
411 339 449 339 449 347 411 347 text 0
466 339 492 339 492 347 466 347 text 0
493 339 501 339 501 347 493 347 text 0
503 339 609 339 609 347 503 347 text 0
164 349 171 349 171 357 164 357 text 0
179 349 227 349 227 357 179 357 text 0
440 349 503 349 503 356 440 356 text 0
518 349 542 349 542 356 518 356 text 0
547 349 550 349 550 356 547 356 text 0
558 349 607 349 607 356 558 356 text 0
126 358 130 358 130 366 126 366 text 0
136 359 266 359 266 366 136 366 text 0
479 358 530 358 530 365 479 365 text 0
533 358 539 358 539 365 533 365 text 0
545 358 567 358 567 365 545 365 text 0
574 359 579 359 579 365 574 365 text 0
585 359 608 359 608 365 585 365 text 0
244 377 369 377 369 384 244 384 text 0
453 385 556 385 556 393 453 393 text 0
246 412 371 412 371 421 246 421 text 0
195 420 320 420 320 431 195 431 text 0
350 421 399 421 399 429 350 429 text 0
230 440 281 440 281 448 230 448 text 0
296 440 343 440 343 448 296 448 text 0
350 440 355 440 355 448 350 448 text 0
76 458 137 458 137 467 76 467 text 0
153 458 266 458 266 467 153 467 text 0
284 458 320 458 320 467 284 467 text 0
336 458 386 458 386 467 336 467 text 0
519 457 582 457 582 466 519 466 text 0
191 478 217 478 217 484 191 484 text 0
232 477 317 477 317 484 232 484 text 0
337 477 464 477 464 483 337 483 text 0
220 486 252 486 252 493 220 493 text 0
263 486 268 486 268 493 263 493 text 0
168 519 364 519 364 531 168 531 text 0
377 519 514 519 514 531 377 531 text 0
221 541 306 541 306 548 221 548 text 0
324 541 453 541 453 547 324 547 text 0
333 69 422 69 422 81 333 81 text 0
244 86 265 86 265 98 244 98 text 0
403 133 459 133 459 145 403 145 text 0
371 174 404 174 404 186 371 186 text 0
350 176 368 176 368 185 350 185 text 0
481 173 567 173 567 186 481 186 text 0
462 176 476 176 476 184 462 184 text 0
477 209 493 209 493 217 477 217 text 0
457 258 475 258 475 266 457 266 text 0
242 281 371 281 371 294 242 294 text 0
188 340 388 340 388 347 188 347 text 0
60 351 127 351 127 357 60 357 text 0
134 349 163 349 163 357 134 357 text 0
59 359 123 359 123 366 59 366 text 0
244 395 307 395 307 402 244 402 text 0
318 395 426 395 426 401 318 401 text 0
363 441 438 441 438 447 363 447 text 0
413 458 503 458 503 465 413 465 text 0
273 487 453 487 453 494 273 494 text 0