239 82 379 82 379 91 239 91 text 0
90 88 154 88 154 99 90 99 text 0
171 90 209 90 209 99 171 99 text 0
224 90 314 90 314 99 224 99 text 0
331 89 369 89 369 100 331 100 text 0
375 90 382 90 382 100 375 100 text 0
386 90 408 90 408 100 386 100 text 0
424 91 521 91 521 99 424 99 text 0
63 99 140 99 140 107 63 107 text 0
158 100 184 100 184 108 158 108 text 0
212 100 264 100 264 108 212 108 text 0
279 101 391 101 391 109 279 109 text 0
410 99 433 99 433 109 410 109 text 0
464 99 483 99 483 110 464 110 text 0
504 102 568 102 568 110 504 110 text 0
104 109 141 109 141 116 104 116 text 0
159 110 223 110 223 117 159 117 text 0
239 110 277 110 277 117 239 117 text 0
291 110 316 110 316 117 291 117 text 0
323 108 324 108 324 118 323 118 text 0
331 108 340 108 340 118 331 118 text 0
361 110 421 110 421 117 361 117 text 0
437 110 527 110 527 118 437 118 text 0
63 116 165 116 165 127 63 127 text 0
185 116 288 116 288 127 185 127 text 0
305 117 349 117 349 127 305 127 text 0
372 117 389 117 389 127 372 127 text 0
398 118 407 118 407 128 398 128 text 0
416 118 417 118 417 128 416 128 text 0
424 118 553 118 553 129 424 129 text 0
79 135 142 135 142 145 79 145 text 0
198 136 329 136 329 146 198 146 text 0
78 144 127 144 127 154 78 154 text 0
200 144 258 144 258 155 200 155 text 0
79 153 115 153 115 163 79 163 text 0
131 153 155 153 155 163 131 163 text 0
177 154 179 154 179 164 177 164 text 0
199 154 249 154 249 164 199 164 text 0
68 172 238 172 238 182 68 182 text 0
68 182 144 182 144 190 68 190 text 0
306 183 316 183 316 190 306 190 text 0
319 184 342 184 342 190 319 190 text 0
67 191 233 191 233 200 67 200 text 0
67 200 76 200 76 208 67 208 text 0
94 200 144 200 144 208 94 208 text 0
162 200 250 200 250 209 162 209 text 0
307 201 316 201 316 209 307 209 text 0
320 201 343 201 343 209 320 209 text 0
465 183 473 183 473 192 465 192 text 0
477 183 539 183 539 192 477 192 text 0
465 201 473 201 473 209 465 209 text 0
478 201 540 201 540 209 478 209 text 0
95 227 170 227 170 235 95 235 text 0
94 236 170 236 170 244 94 244 text 0
465 228 474 228 474 236 465 236 text 0
479 228 539 228 539 236 479 236 text 0
452 238 460 238 460 245 452 245 text 0
466 238 539 238 539 245 466 245 text 0
92 262 155 262 155 272 92 272 text 0
173 262 236 262 236 272 173 272 text 0
66 272 129 272 129 282 66 282 text 0
148 272 184 272 184 282 148 282 text 0
200 272 263 272 263 282 200 282 text 0
270 272 273 272 273 282 270 282 text 0
294 272 331 272 331 282 294 282 text 0
452 265 460 265 460 273 452 273 text 0
466 265 539 265 539 273 466 273 text 0
93 291 130 291 130 300 93 300 text 0
147 291 209 291 209 300 147 300 text 0
241 291 277 291 277 300 241 300 text 0
295 291 354 291 354 300 295 300 text 0
373 291 435 291 435 300 373 300 text 0
93 301 103 301 103 308 93 308 text 0
107 301 116 301 116 308 107 308 text 0
253 300 262 300 262 310 253 310 text 0
268 299 344 299 344 309 268 309 text 0
503 292 540 292 540 299 503 299 text 0
465 299 474 299 474 309 465 309 text 0
479 299 539 299 539 309 479 309 text 0
66 319 143 319 143 327 66 327 text 0
161 319 188 319 188 327 161 327 text 0
191 319 198 319 198 327 191 327 text 0
201 319 450 319 450 327 201 327 text 0
69 326 116 326 116 336 69 336 text 0
136 326 316 326 316 336 136 336 text 0
333 326 396 326 396 335 333 335 text 0
413 326 524 326 524 335 413 335 text 0
543 326 564 326 564 335 543 335 text 0
67 336 128 336 128 345 67 345 text 0
148 336 208 336 208 345 148 345 text 0
228 336 341 336 341 344 228 344 text 0
360 336 474 336 474 344 360 344 text 0
68 345 144 345 144 354 68 354 text 0
161 345 198 345 198 354 161 354 text 0
214 345 291 345 291 355 214 355 text 0
307 344 353 344 353 354 307 354 text 0
372 344 397 344 397 353 372 353 text 0
412 344 461 344 461 354 412 354 text 0
68 355 119 355 119 364 68 364 text 0
137 354 159 354 159 363 137 363 text 0
176 354 265 354 265 363 176 363 text 0
281 354 330 354 330 363 281 363 text 0
346 354 398 354 398 363 346 363 text 0
68 363 131 363 131 372 68 372 text 0
147 363 355 363 355 372 147 372 text 0
375 362 421 362 421 372 375 372 text 0
439 362 486 362 486 371 439 371 text 0
503 362 565 362 565 371 503 371 text 0
68 373 237 373 237 380 68 380 text 0
70 381 106 381 106 390 70 390 text 0
111 381 118 381 118 390 111 390 text 0
122 381 173 381 173 390 122 390 text 0
187 381 224 381 224 390 187 390 text 0
240 381 263 381 263 389 240 389 text 0
280 381 304 381 304 389 280 389 text 0
63 391 105 391 105 402 63 402 text 0
110 390 119 390 119 401 110 401 text 0
118 390 213 390 213 400 118 400 text 0
227 390 277 390 277 401 227 401 text 0
292 389 316 389 316 400 292 400 text 0
325 389 326 389 326 400 325 400 text 0
333 389 344 389 344 400 333 400 text 0
359 389 434 389 434 400 359 400 text 0
439 389 447 389 447 400 439 400 text 0
453 389 486 389 486 400 453 400 text 0
64 418 102 418 102 429 64 429 text 0
118 418 207 418 207 429 118 429 text 0
240 417 250 417 250 428 240 428 text 0
265 417 356 417 356 428 265 428 text 0
363 416 366 416 366 427 363 427 text 0
386 416 449 416 449 427 386 427 text 0
96 457 363 457 363 464 96 464 text 0
63 465 196 465 196 474 63 474 text 0
213 464 277 464 277 474 213 474 text 0
63 483 183 483 183 493 63 493 text 0
200 481 275 481 275 492 200 492 text 0
282 481 291 481 291 491 282 491 text 0
298 481 371 481 371 491 298 491 text 0
64 492 114 492 114 502 64 502 text 0
133 492 181 492 181 501 133 501 text 0
190 491 193 491 193 501 190 501 text 0
199 491 224 491 224 501 199 501 text 0
241 490 304 490 304 500 241 500 text 0
321 490 365 490 365 500 321 500 text 0
376 491 380 491 380 499 376 499 text 0
386 492 412 492 412 500 386 500 text 0
65 502 116 502 116 512 65 512 text 0
131 501 235 501 235 510 131 510 text 0
244 500 246 500 246 510 244 510 text 0
254 500 330 500 330 510 254 510 text 0
68 512 173 512 173 519 68 519 text 0
176 511 183 511 183 519 176 519 text 0
185 511 290 511 290 519 185 519 text 0
66 521 115 521 115 528 66 528 text 0
134 520 158 520 158 527 134 527 text 0
165 520 167 520 167 527 165 527 text 0
174 520 251 520 251 527 174 527 text 0
97 570 107 570 107 580 97 580 text 0
123 570 146 570 146 580 123 580 text 0
154 570 155 570 155 580 154 580 text 0
164 570 212 570 212 580 164 580 text 0
413 569 449 569 449 579 413 579 text 0
464 569 488 569 488 579 464 579 text 0
495 569 497 569 497 579 495 579 text 0
503 568 549 568 549 578 503 578 text 0
213 587 373 587 373 597 213 597 text 0
173 147 180 147 180 152 173 152 text 0
174 138 179 138 179 142 174 142 text 0
464 418 486 418 486 426 464 426 text 0
292 465 412 465 412 472 292 472 text 0