563 0 588 0 588 13 563 13 text 0
140 9 251 9 251 23 140 23 text 0
263 8 273 8 273 23 263 23 text 0
277 7 455 7 455 21 277 21 text 0
96 27 229 27 229 41 96 41 text 0
315 25 448 25 448 39 315 39 text 0
470 23 500 23 500 39 470 39 text 0
135 49 143 49 143 58 135 58 text 0
317 42 345 42 345 56 317 56 text 0
354 42 363 42 363 56 354 56 text 0
437 41 482 41 482 54 437 54 text 0
164 62 296 62 296 75 164 75 text 0
299 60 309 60 309 74 299 74 text 0
320 60 443 60 443 73 320 73 text 0
134 79 180 79 180 94 134 94 text 0
186 79 197 79 197 93 186 93 text 0
203 78 213 78 213 93 203 93 text 0
220 78 298 78 298 93 220 93 text 0
437 74 467 74 467 89 437 89 text 0
113 112 197 112 197 127 113 127 text 0
217 111 400 111 400 125 217 125 text 0
419 109 468 109 468 124 419 124 text 0
40 141 111 141 111 154 40 154 text 0
252 135 415 135 415 150 252 150 text 0
36 157 101 157 101 170 36 170 text 0
251 153 339 153 339 167 251 167 text 0
351 152 381 152 381 166 351 166 text 0
96 172 136 172 136 187 96 187 text 0
225 171 228 171 228 186 225 186 text 0
253 171 317 171 317 185 253 185 text 0
38 201 146 201 146 214 38 214 text 0
470 233 483 233 483 249 470 249 text 0
38 238 146 238 146 252 38 252 text 0
162 237 188 237 188 252 162 252 text 0
35 259 118 259 118 273 35 273 text 0
34 279 146 279 146 294 34 294 text 0
161 277 188 277 188 293 161 293 text 0
203 277 230 277 230 293 203 293 text 0
34 298 118 298 118 313 34 313 text 0
188 297 244 297 244 312 188 312 text 0
32 320 144 320 144 335 32 335 text 0
160 318 187 318 187 334 160 334 text 0
206 318 229 318 229 334 206 334 text 0
33 338 114 338 114 356 33 356 text 0
475 315 484 315 484 330 475 330 text 0
488 315 558 315 558 329 488 329 text 0
32 378 163 378 163 393 32 393 text 0
31 398 164 398 164 412 31 412 text 0
425 374 441 374 441 390 425 390 text 0
449 374 558 374 558 389 449 389 text 0
406 394 419 394 419 411 406 411 text 0
429 394 565 394 565 410 429 410 text 0
449 432 460 432 460 447 449 447 text 0
467 432 567 432 567 446 467 446 text 0
30 435 111 435 111 450 30 450 text 0
48 453 97 453 97 468 48 468 text 0
121 451 290 451 290 465 121 465 text 0
260 467 325 467 325 482 260 482 text 0
34 515 118 515 118 532 34 532 text 0
133 514 245 514 245 530 133 530 text 0
357 511 403 511 403 528 357 528 text 0
35 536 217 536 217 552 35 552 text 0
237 534 277 534 277 551 237 551 text 0
294 533 525 533 525 548 294 548 text 0
33 558 235 558 235 572 33 572 text 0
38 578 124 578 124 595 38 595 text 0
208 576 236 576 236 594 208 594 text 0
256 575 411 575 411 589 256 589 text 0
427 573 516 573 516 590 427 590 text 0
36 599 122 599 122 614 36 614 text 0
137 597 338 597 338 611 137 611 text 0
356 594 505 594 505 609 356 609 text 0
246 26 299 26 299 38 246 38 text 0
98 48 128 48 128 59 98 59 text 0
151 47 182 47 182 58 151 58 text 0
199 45 299 45 299 56 199 56 text 0
367 44 416 44 416 54 367 54 text 0
317 77 372 77 372 89 317 89 text 0
387 78 420 78 420 88 387 88 text 0
218 95 387 95 387 107 218 107 text 0
225 159 231 159 231 168 225 168 text 0
222 143 229 143 229 151 222 151 text 0
33 174 84 174 84 188 33 188 text 0
483 235 556 235 556 248 483 248 text 0
374 236 400 236 400 249 374 249 text 0
356 236 371 236 371 248 356 248 text 0
358 277 372 277 372 288 358 288 text 0
376 277 401 277 401 288 376 288 text 0
488 275 559 275 559 288 488 288 text 0
473 276 484 276 484 282 473 282 text 0
132 259 245 259 245 271 132 271 text 0
203 238 229 238 229 250 203 250 text 0
375 316 401 316 401 330 375 330 text 0
355 317 371 317 371 328 355 328 text 0
188 340 259 340 259 352 188 352 text 0
128 341 145 341 145 353 128 353 text 0
130 300 147 300 147 311 130 311 text 0
264 514 340 514 340 529 264 529 text 0
138 578 192 578 192 592 138 592 text 0