386 117 425 117 425 128 386 128 text 0
442 119 481 119 481 128 442 128 text 0
130 119 263 119 263 130 130 130 text 0
279 119 372 119 372 130 279 130 text 0
201 133 410 133 410 145 201 145 text 0
307 145 329 145 329 157 307 157 text 0
455 148 517 148 517 157 455 157 text 0
237 148 294 148 294 157 237 157 text 0
344 148 442 148 442 157 344 157 text 0
89 148 169 148 169 158 89 158 text 0
183 148 220 148 220 160 183 160 text 0
291 161 358 161 358 171 291 171 text 0
481 161 530 161 530 172 481 172 text 0
373 161 465 161 465 173 373 173 text 0
74 161 141 161 141 175 74 175 text 0
152 162 267 162 267 174 152 174 text 0
183 175 234 175 234 185 183 185 text 0
249 176 345 176 345 185 249 185 text 0
360 176 413 176 413 188 360 188 text 0
278 190 439 190 439 199 278 199 text 0
211 190 236 190 236 200 211 200 text 0
155 190 194 190 194 200 155 200 text 0
253 193 260 193 260 200 253 200 text 0
373 204 480 204 480 213 373 213 text 0
86 203 153 203 153 214 86 214 text 0
225 204 358 204 358 214 225 214 text 0
496 204 519 204 519 215 496 215 text 0
170 204 209 204 209 214 170 214 text 0
335 232 481 232 481 242 335 242 text 0
172 233 265 233 265 242 172 242 text 0
279 233 325 233 325 242 279 242 text 0
116 233 155 233 155 243 116 243 text 0
564 261 576 261 576 270 564 270 text 0
332 261 412 261 412 270 332 270 text 0
293 262 301 262 301 271 293 271 text 0
469 260 548 260 548 273 469 273 text 0
35 261 196 261 196 272 35 272 text 0
512 275 519 275 519 284 512 284 text 0
444 274 492 274 492 287 444 287 text 0
62 276 129 276 129 285 62 285 text 0
144 275 426 275 426 287 144 287 text 0
454 288 495 288 495 299 454 299 text 0
401 289 438 289 438 299 401 299 text 0
333 289 386 289 386 299 333 299 text 0
252 290 304 290 304 299 252 299 text 0
61 291 168 291 168 301 61 301 text 0
226 292 233 292 233 299 226 299 text 0
466 318 547 318 547 327 466 327 text 0
362 318 386 318 386 327 362 327 text 0
331 319 344 319 344 327 331 327 text 0
428 318 454 318 454 328 428 328 text 0
275 318 318 318 318 328 275 328 text 0
196 318 249 318 249 328 196 328 text 0
35 318 101 318 101 329 35 329 text 0
116 318 181 318 181 329 116 329 text 0
462 344 549 344 549 355 462 355 text 0
429 346 455 346 455 355 429 355 text 0
36 346 99 346 99 356 36 356 text 0
116 346 183 346 183 358 116 358 text 0
469 373 551 373 551 384 469 384 text 0
429 374 455 374 455 384 429 384 text 0
62 377 116 377 116 386 62 386 text 0
429 389 467 389 467 398 429 398 text 0
482 388 549 388 549 399 482 399 text 0
35 390 129 390 129 402 35 402 text 0
35 430 74 430 74 442 35 442 text 0
483 431 573 431 573 442 483 442 text 0
306 431 438 431 438 443 306 443 text 0
92 433 182 433 182 444 92 444 text 0
512 445 575 445 575 454 512 454 text 0
363 445 442 445 442 455 363 455 text 0
37 447 49 447 49 456 37 456 text 0
90 447 117 447 117 458 90 458 text 0
524 459 576 459 576 468 524 468 text 0
389 460 442 460 442 469 389 469 text 0
87 460 115 460 115 470 87 470 text 0
37 461 50 461 50 470 37 470 text 0
432 486 495 486 495 497 432 497 text 0
226 488 321 488 321 497 226 497 text 0
159 488 211 488 211 497 159 497 text 0
512 487 551 487 551 499 512 499 text 0
37 489 142 489 142 498 37 498 text 0
429 502 468 502 468 511 429 511 text 0
321 502 412 502 412 511 321 511 text 0
160 503 196 503 196 512 160 512 text 0
30 504 140 504 140 514 30 514 text 0
297 531 348 531 348 539 297 539 text 0
199 531 253 531 253 540 199 540 text 0
364 531 403 531 403 541 364 541 text 0
269 533 281 533 281 540 269 540 text 0
239 545 306 545 306 554 239 554 text 0
321 547 361 547 361 556 321 556 text 0
295 559 349 559 349 569 295 569 text 0
229 559 281 559 281 570 229 570 text 0
40 581 144 581 144 603 40 603 text 0
159 587 211 587 211 598 159 598 text 0
563 612 568 612 568 616 563 616 text 0
39 615 145 615 145 625 39 625 text 0
299 617 306 617 306 624 299 624 text 0
161 615 281 615 281 627 161 627 text 0