208 112 259 112 259 147 208 147 text 0
260 113 271 113 271 147 260 147 text 0
272 112 345 112 345 143 272 143 text 0
334 149 397 149 397 181 334 181 text 0
69 180 106 180 106 215 69 215 text 0
102 180 113 180 113 215 102 215 text 0
121 180 204 180 204 216 121 216 text 0
219 182 268 182 268 216 219 216 text 0
360 181 422 181 422 217 360 217 text 0
437 181 524 181 524 217 437 217 text 0
540 182 575 182 575 218 540 218 text 0
194 215 218 215 218 251 194 251 text 0
221 215 232 215 232 251 221 251 text 0
232 215 243 215 243 251 232 251 text 0
259 216 282 216 282 251 259 251 text 0
296 216 370 216 370 252 296 252 text 0
385 216 434 216 434 252 385 252 text 0
182 251 230 251 230 288 182 288 text 0
245 251 282 251 282 288 245 288 text 0
296 251 344 251 344 288 296 288 text 0
360 251 409 251 409 288 360 288 text 0
424 251 460 251 460 288 424 288 text 0
57 306 179 306 179 342 57 342 text 0
411 309 447 309 447 344 411 344 text 0
462 309 486 309 486 344 462 344 text 0
483 310 494 310 494 344 483 344 text 0
57 343 104 343 104 377 57 377 text 0
109 343 113 343 113 376 109 376 text 0
131 343 191 343 191 377 131 377 text 0
58 395 142 395 142 431 58 431 text 0
499 402 561 402 561 434 499 434 text 0
57 463 203 463 203 503 57 503 text 0
56 499 202 499 202 539 56 539 text 0
501 508 563 508 563 540 501 540 text 0
57 570 114 570 114 604 57 604 text 0
131 570 190 570 190 604 131 604 text 0
356 115 426 115 426 144 356 144 text 0
246 149 329 149 329 180 246 180 text 0
281 183 350 183 350 215 281 215 text 0
511 310 587 310 587 344 511 344 text 0
484 408 497 408 497 430 484 430 text 0
495 480 510 480 510 500 495 500 text 0
512 473 562 473 562 504 512 504 text 0
334 401 359 401 359 432 334 432 text 0
317 407 333 407 333 431 317 431 text 0
499 579 562 579 562 611 499 611 text 0
483 585 497 585 497 606 483 606 text 0
55 624 144 624 144 640 55 640 text 0
153 625 240 625 240 640 153 640 text 0
254 628 268 628 268 640 254 640 text 0