415 36 471 36 471 51 415 51 text 0
348 38 404 38 404 52 348 52 text 0
172 37 289 37 289 53 172 53 text 0
73 38 158 38 158 54 73 54 text 0
300 37 336 37 336 56 300 56 text 0
267 63 351 63 351 75 267 75 text 0
232 63 259 63 259 75 232 75 text 0
191 63 225 63 225 77 191 77 text 0
233 85 360 85 360 97 233 97 text 0
181 85 225 85 225 97 181 97 text 0
431 107 457 107 457 121 431 121 text 0
354 108 421 108 421 121 354 121 text 0
204 108 256 108 256 121 204 121 text 0
130 109 196 109 196 123 130 123 text 0
86 111 118 111 118 123 86 123 text 0
261 108 345 108 345 125 261 125 text 0
345 130 395 130 395 145 345 145 text 0
252 129 336 129 336 146 252 146 text 0
151 130 244 130 244 146 151 146 text 0
238 152 291 152 291 164 238 164 text 0
166 152 230 152 230 165 166 165 text 0
299 150 378 150 378 167 299 167 text 0
374 171 480 171 480 185 374 185 text 0
220 174 269 174 269 186 220 186 text 0
165 174 210 174 210 187 165 187 text 0
284 172 367 172 367 188 284 188 text 0
70 175 86 175 86 188 70 188 text 0
94 173 157 173 157 189 94 189 text 0
248 198 369 198 369 214 248 214 text 0
179 198 237 198 237 215 179 215 text 0
427 227 500 227 500 241 427 241 text 0
309 229 419 229 419 241 309 241 text 0
119 230 179 230 179 242 119 242 text 0
48 231 92 231 92 244 48 244 text 0
50 254 172 254 172 269 50 269 text 0
453 270 502 270 502 286 453 286 text 0
120 274 170 274 170 287 120 287 text 0
353 274 408 274 408 288 353 288 text 0
49 272 84 272 84 291 49 291 text 0
463 298 502 298 502 312 463 312 text 0
512 298 542 298 542 312 512 312 text 0
362 298 405 298 405 312 362 312 text 0
269 300 297 300 297 313 269 313 text 0
112 300 193 300 193 314 112 314 text 0
201 300 263 300 263 313 201 313 text 0
94 300 106 300 106 314 94 314 text 0
512 321 542 321 542 334 512 334 text 0
460 322 503 322 503 335 460 335 text 0
362 322 405 322 405 335 362 335 text 0
263 323 290 323 290 335 263 335 text 0
113 322 257 322 257 336 113 336 text 0
95 324 105 324 105 337 95 337 text 0
460 342 503 342 503 356 460 356 text 0
512 342 542 342 542 356 512 356 text 0
362 344 406 344 406 357 362 357 text 0
232 345 259 345 259 359 232 359 text 0
119 344 227 344 227 359 119 359 text 0
94 345 106 345 106 358 94 358 text 0
220 368 234 368 234 382 220 382 text 0
125 369 176 369 176 386 125 386 text 0
71 371 83 371 83 384 71 384 text 0
463 397 506 397 506 410 463 410 text 0
55 400 147 400 147 414 55 414 text 0
463 426 506 426 506 438 463 438 text 0
108 426 138 426 138 439 108 439 text 0
57 426 100 426 100 441 57 441 text 0
463 455 508 455 508 469 463 469 text 0
156 457 187 457 187 474 156 474 text 0
56 458 149 458 149 474 56 474 text 0
467 481 508 481 508 495 467 495 text 0
108 484 183 484 183 497 108 497 text 0
59 485 100 485 100 499 59 499 text 0
456 504 510 504 510 517 456 517 text 0
57 507 117 507 117 521 57 521 text 0
467 530 511 530 511 544 467 544 text 0
57 534 139 534 139 550 57 550 text 0
206 563 290 563 290 580 206 580 text 0
301 567 355 567 355 584 301 584 text 0
148 589 237 589 237 606 148 606 text 0
335 588 415 588 415 607 335 607 text 0
248 591 323 591 323 604 248 604 text 0