125 50 230 50 230 69 125 69 text 0
262 50 416 50 416 70 262 70 text 0
448 52 533 52 533 71 448 71 text 0
194 71 440 71 440 91 194 91 text 0
55 91 280 91 280 116 55 116 text 0
304 93 470 93 470 117 304 117 text 0
466 94 605 94 605 118 466 118 text 0
147 115 232 115 232 135 147 135 text 0
264 116 394 116 394 136 264 136 text 0
407 117 414 117 414 136 407 136 text 0
425 117 463 117 463 136 425 136 text 0
472 118 485 118 485 137 472 137 text 0
495 118 508 118 508 137 495 137 text 0
78 136 300 136 300 160 78 160 text 0
333 138 346 138 346 160 333 160 text 0
379 139 580 139 580 162 379 162 text 0
125 160 184 160 184 179 125 179 text 0
199 161 204 161 204 180 199 180 text 0
217 161 276 161 276 180 217 180 text 0
309 161 370 161 370 181 309 181 text 0
476 163 509 163 509 182 476 182 text 0
77 180 138 180 138 203 77 203 text 0
150 180 253 180 253 204 150 204 text 0
287 182 389 182 389 205 287 205 text 0
425 183 556 183 556 206 425 206 text 0
217 206 439 206 439 227 217 227 text 0
55 241 162 241 162 264 55 264 text 0
199 242 204 242 204 264 199 264 text 0
244 242 464 242 464 267 244 267 text 0
55 263 137 263 137 286 55 286 text 0
200 265 204 265 204 287 200 287 text 0
243 265 347 265 347 288 243 288 text 0
54 285 115 285 115 308 54 308 text 0
148 286 185 286 185 309 148 309 text 0
241 287 325 287 325 310 241 310 text 0
150 323 254 323 254 347 150 347 text 0
357 326 464 326 464 349 357 349 text 0
55 346 208 346 208 369 55 369 text 0
496 351 605 351 605 375 496 375 text 0
57 396 125 396 125 412 57 412 text 0
56 417 123 417 123 436 56 436 text 0
497 401 519 401 519 422 497 422 text 0
524 401 614 401 614 422 524 422 text 0
473 425 495 425 495 445 473 445 text 0
500 425 614 425 614 447 500 447 text 0
56 459 158 459 158 481 56 481 text 0
473 470 487 470 487 488 473 488 text 0
497 470 606 470 606 489 497 489 text 0
54 520 208 520 208 542 54 542 text 0
221 526 227 526 227 544 221 544 text 0
263 520 369 520 369 548 263 548 text 0
54 556 71 556 71 576 54 576 text 0
100 554 137 554 137 582 100 582 text 0
152 565 158 565 158 578 152 578 text 0
172 557 251 557 251 586 172 586 text 0
354 565 417 565 417 588 354 588 text 0
447 568 487 568 487 589 447 589 text 0
501 574 508 574 508 589 501 589 text 0
145 592 189 592 189 613 145 613 text 0
309 597 488 597 488 619 309 619 text 0
197 295 208 295 208 305 197 305 text 0
306 328 327 328 327 345 306 345 text 0
331 352 372 352 372 368 331 368 text 0
306 353 328 353 328 367 306 367 text 0
471 356 489 356 489 369 471 369 text 0
519 571 607 571 607 590 519 590 text 0
235 595 280 595 280 617 235 617 text 0