240 41 279 41 279 52 240 52 text 0
296 45 306 45 306 50 296 50 text 0
321 41 411 41 411 52 321 52 text 0
81 51 105 51 105 59 81 59 text 0
120 50 206 50 206 60 120 60 text 0
228 52 370 52 370 61 228 61 text 0
387 52 424 52 424 61 387 61 text 0
433 54 437 54 437 61 433 61 text 0
456 51 491 51 491 60 456 60 text 0
498 55 503 55 503 61 498 61 text 0
523 52 569 52 569 60 523 60 text 0
94 59 169 59 169 68 94 68 text 0
187 59 225 59 225 68 187 68 text 0
253 59 303 59 303 69 253 69 text 0
322 61 436 61 436 69 322 69 text 0
454 60 544 60 544 70 454 70 text 0
133 67 156 67 156 77 133 77 text 0
165 67 166 67 166 77 165 77 text 0
173 69 211 69 211 76 173 76 text 0
227 68 237 68 237 77 227 77 text 0
242 68 249 68 249 77 242 77 text 0
255 68 290 68 290 77 255 77 text 0
309 68 317 68 317 77 309 77 text 0
335 68 397 68 397 78 335 78 text 0
403 69 411 69 411 78 403 78 text 0
414 69 503 69 503 79 414 79 text 0
79 77 104 77 104 86 79 86 text 0
111 76 113 76 113 86 111 86 text 0
134 78 196 78 196 87 134 87 text 0
213 78 359 78 359 86 213 86 text 0
389 77 412 77 412 87 389 87 text 0
419 77 422 77 422 87 419 87 text 0
428 79 561 79 561 88 428 88 text 0
174 88 209 88 209 96 174 96 text 0
227 88 251 88 251 97 227 97 text 0
258 86 260 86 260 96 258 96 text 0
281 86 331 86 331 96 281 96 text 0
349 87 385 87 385 97 349 97 text 0
401 87 425 87 425 97 401 97 text 0
441 87 465 87 465 97 441 97 text 0
55 97 278 97 278 106 55 106 text 0
55 107 135 107 135 116 55 116 text 0
163 105 185 105 185 116 163 116 text 0
202 106 278 106 278 116 202 116 text 0
294 106 437 106 437 117 294 117 text 0
454 106 491 106 491 117 454 117 text 0
497 107 499 107 499 117 497 117 text 0
55 115 79 115 79 124 55 124 text 0
86 115 88 115 88 124 86 124 text 0
95 115 117 115 117 125 95 125 text 0
135 115 199 115 199 125 135 125 text 0
215 116 318 116 318 126 215 126 text 0
322 116 331 116 331 125 322 125 text 0
335 116 433 116 433 126 335 126 text 0
56 124 159 124 159 135 56 135 text 0
166 124 167 124 167 135 166 135 text 0
175 124 371 124 371 136 175 136 text 0
56 143 119 143 119 153 56 153 text 0
167 143 169 143 169 153 167 153 text 0
175 143 305 143 305 153 175 153 text 0
108 152 133 152 133 161 108 161 text 0
175 153 225 153 225 163 175 163 text 0
57 161 105 161 105 171 57 171 text 0
177 161 199 161 199 171 177 171 text 0
206 161 207 161 207 171 206 171 text 0
214 162 239 162 239 172 214 172 text 0
56 178 226 178 226 189 56 189 text 0
55 188 92 188 92 197 55 197 text 0
100 188 101 188 101 197 100 197 text 0
110 188 119 188 119 197 110 197 text 0
138 188 155 188 155 197 138 197 text 0
175 188 238 188 238 198 175 198 text 0
243 189 251 189 251 198 243 198 text 0
255 189 279 189 279 198 255 198 text 0
282 189 290 189 290 198 282 198 text 0
295 189 306 189 306 198 295 198 text 0
309 189 317 189 317 198 309 198 text 0
374 191 384 191 384 198 374 198 text 0
387 191 397 191 397 198 387 198 text 0
508 192 517 192 517 200 508 200 text 0
521 192 585 192 585 201 521 201 text 0
58 207 212 207 212 216 58 216 text 0
57 215 212 215 212 225 57 225 text 0
456 209 473 209 473 218 456 218 text 0
482 209 584 209 584 218 482 218 text 0
429 218 446 218 446 228 429 228 text 0
455 217 583 217 583 228 455 228 text 0
58 242 106 242 106 251 58 251 text 0
123 243 147 243 147 252 123 252 text 0
55 252 117 252 117 261 55 261 text 0
507 255 515 255 515 264 507 264 text 0
520 255 582 255 582 264 520 264 text 0
57 271 94 271 94 278 57 278 text 0
57 279 67 279 67 287 57 287 text 0
69 279 79 279 79 287 69 287 text 0
255 271 292 271 292 280 255 280 text 0
308 271 383 271 383 281 308 281 text 0
413 272 489 272 489 282 413 282 text 0
507 272 582 272 582 282 507 282 text 0
322 281 331 281 331 290 322 290 text 0
335 281 384 281 384 290 335 290 text 0
507 282 515 282 515 291 507 291 text 0
521 282 583 282 583 292 521 292 text 0
148 305 223 305 223 315 148 315 text 0
242 306 265 306 265 316 242 316 text 0
272 306 274 306 274 315 272 315 text 0
281 306 479 306 479 317 281 317 text 0
202 314 301 314 301 325 202 325 text 0
309 316 316 316 316 326 309 326 text 0
335 315 439 315 439 326 335 326 text 0
109 322 145 322 145 333 109 333 text 0
161 322 185 322 185 333 161 333 text 0
192 323 194 323 194 333 192 333 text 0
202 323 332 323 332 334 202 334 text 0
349 324 358 324 358 334 349 334 text 0
374 324 425 324 425 335 374 335 text 0
441 324 464 324 464 335 441 335 text 0
472 325 473 325 473 335 472 335 text 0
481 325 530 325 530 335 481 335 text 0
55 331 131 331 131 342 55 342 text 0
148 332 225 332 225 343 148 343 text 0
242 332 278 332 278 343 242 343 text 0
374 333 505 333 505 345 374 345 text 0
522 334 583 334 583 345 522 345 text 0
387 344 437 344 437 353 387 353 text 0
228 351 305 351 305 361 228 361 text 0
321 352 411 352 411 362 321 362 text 0
281 361 345 361 345 371 281 371 text 0
217 371 296 371 296 379 217 379 text 0
308 371 370 371 370 379 308 379 text 0
388 372 412 372 412 380 388 380 text 0
136 378 250 378 250 388 136 388 text 0
268 379 304 379 304 388 268 388 text 0
322 380 330 380 330 389 322 389 text 0
346 380 422 380 422 389 346 389 text 0
440 380 502 380 502 389 440 389 text 0
97 387 133 387 133 397 97 397 text 0
150 386 213 386 213 397 150 397 text 0
229 387 292 387 292 397 229 397 text 0
308 388 382 388 382 398 308 398 text 0
390 388 393 388 393 398 390 398 text 0
413 388 542 388 542 399 413 399 text 0
84 395 265 395 265 406 84 406 text 0
282 397 397 397 397 407 282 407 text 0
403 397 405 397 405 407 403 407 text 0
427 398 501 398 501 408 427 408 text 0
522 398 537 398 537 408 522 408 text 0
58 405 94 405 94 414 58 414 text 0
114 405 116 405 116 414 114 414 text 0
136 405 317 405 317 415 136 415 text 0
530 408 580 408 580 416 530 416 text 0
216 414 264 414 264 424 216 424 text 0
281 414 328 414 328 424 281 424 text 0
335 415 340 415 340 424 335 424 text 0
348 415 423 415 423 425 348 425 text 0
215 432 331 432 331 442 215 442 text 0
347 432 410 432 410 443 347 443 text 0
228 441 345 441 345 452 228 452 text 0
359 442 396 442 396 452 359 452 text 0
175 458 200 458 200 468 175 468 text 0
215 458 304 458 304 469 215 469 text 0
320 459 448 459 448 470 320 470 text 0
239 468 318 468 318 478 239 478 text 0
333 469 382 469 382 478 333 478 text 0
110 476 128 476 128 487 110 487 text 0
150 475 213 475 213 487 150 487 text 0
240 479 292 479 292 488 240 488 text 0
303 477 409 477 409 488 303 488 text 0
426 479 501 479 501 489 426 489 text 0
193 522 450 522 450 530 193 530 text 0
57 538 382 538 382 550 57 550 text 0
398 540 500 540 500 551 398 551 text 0
518 540 578 540 578 551 518 551 text 0
57 548 67 548 67 557 57 557 text 0
74 548 76 548 76 557 74 557 text 0
83 548 146 548 146 557 83 557 text 0
162 549 211 549 211 558 162 558 text 0
245 550 247 550 247 558 245 558 text 0
542 552 580 552 580 559 542 559 text 0
218 575 426 575 426 584 218 584 text 0
55 591 92 591 92 601 55 601 text 0
106 591 133 591 133 601 106 601 text 0
137 592 145 592 145 601 137 601 text 0
146 592 201 592 201 601 146 601 text 0
465 594 474 594 474 603 465 603 text 0
490 594 514 594 514 603 490 603 text 0
521 594 523 594 523 603 521 603 text 0
531 595 581 595 581 604 531 604 text 0
288 610 311 610 311 621 288 621 text 0
328 610 430 610 430 622 328 622 text 0
164 156 170 156 170 161 164 161 text 0
165 165 170 165 170 171 165 171 text 0