11 5 153 5 153 16 11 16 text 0
44 51 131 51 131 61 44 61 text 0
146 52 194 52 194 60 146 60 text 0
209 52 272 52 272 60 209 60 text 0
45 66 77 66 77 76 45 76 text 0
146 66 256 66 256 76 146 76 text 0
274 66 309 66 309 76 274 76 text 0
93 67 125 67 125 76 93 76 text 0
325 67 358 67 358 76 325 76 text 0
376 67 528 67 528 76 376 76 text 0
43 80 102 80 102 91 43 91 text 0
40 96 80 96 80 104 40 104 text 0
93 96 167 96 167 104 93 104 text 0
183 96 230 96 230 107 183 107 text 0
43 110 118 110 118 119 43 119 text 0
132 110 216 110 216 121 132 121 text 0
42 124 105 124 105 133 42 133 text 0
119 124 216 124 216 135 119 135 text 0
42 138 143 138 143 149 42 149 text 0
43 152 272 152 272 161 43 161 text 0
287 152 542 152 542 161 287 161 text 0
44 179 169 179 169 189 44 189 text 0
186 179 273 179 273 189 186 189 text 0
392 179 487 179 487 189 392 189 text 0
497 179 556 179 556 189 497 189 text 0
287 182 299 182 299 191 287 191 text 0
252 194 337 194 337 203 252 203 text 0
41 194 116 194 116 203 41 203 text 0
198 194 233 194 233 203 198 203 text 0
351 195 449 195 449 204 351 204 text 0
493 195 554 195 554 204 493 204 text 0
43 222 92 222 92 232 43 232 text 0
108 222 118 222 118 232 108 232 text 0
133 222 181 222 181 232 133 232 text 0
469 223 543 223 543 232 469 232 text 0
349 223 412 223 412 234 349 234 text 0
250 223 286 223 286 234 250 234 text 0
339 252 400 252 400 261 339 261 text 0
41 252 145 252 145 261 41 261 text 0
158 252 233 252 233 261 158 261 text 0
249 252 324 252 324 261 249 261 text 0
352 266 400 266 400 274 352 274 text 0
494 266 542 266 542 274 494 274 text 0
44 266 92 266 92 275 44 275 text 0
315 280 348 280 348 288 315 288 text 0
41 280 145 280 145 289 41 289 text 0
158 280 233 280 233 289 158 289 text 0
249 280 298 280 298 289 249 289 text 0
43 294 92 294 92 302 43 302 text 0
352 294 400 294 400 302 352 302 text 0
491 294 543 294 543 302 491 302 text 0
249 307 298 307 298 316 249 316 text 0
315 307 348 307 348 316 315 316 text 0
160 307 234 307 234 316 160 316 text 0
41 307 145 307 145 316 41 316 text 0
44 322 92 322 92 330 44 330 text 0
494 322 542 322 542 330 494 330 text 0
352 322 400 322 400 330 352 330 text 0
122 351 233 351 233 360 122 360 text 0
289 351 325 351 325 360 289 360 text 0
43 350 104 350 104 360 43 360 text 0
483 350 543 350 543 360 483 360 text 0
249 350 273 350 273 361 249 361 text 0
494 366 544 366 544 375 494 375 text 0
160 366 287 366 287 376 160 376 text 0
41 365 145 365 145 377 41 377 text 0
44 380 142 380 142 389 44 389 text 0
484 380 543 380 543 389 484 389 text 0
276 394 337 394 337 402 276 402 text 0
147 394 208 394 208 402 147 402 text 0
44 394 131 394 131 402 44 402 text 0
469 407 542 407 542 415 469 415 text 0
44 407 131 407 131 418 44 418 text 0
492 434 546 434 546 446 492 446 text 0
40 435 120 435 120 447 40 447 text 0
276 464 286 464 286 472 276 472 text 0
46 464 94 464 94 472 46 472 text 0
108 464 169 464 169 472 108 472 text 0
46 478 93 478 93 487 46 487 text 0
276 478 286 478 286 487 276 487 text 0
109 478 169 478 169 488 109 488 text 0
275 506 350 506 350 515 275 515 text 0
519 506 557 506 557 515 519 515 text 0
44 506 80 506 80 515 44 515 text 0
95 506 183 506 183 517 95 517 text 0
44 520 80 520 80 529 44 529 text 0
95 520 118 520 118 529 95 529 text 0
134 520 144 520 144 529 134 529 text 0
276 520 324 520 324 529 276 529 text 0
507 520 555 520 555 529 507 529 text 0
44 534 80 534 80 543 44 543 text 0
97 534 120 534 120 543 97 543 text 0
278 534 336 534 336 543 278 543 text 0
505 534 556 534 556 543 505 543 text 0
380 561 543 561 543 570 380 570 text 0
200 562 223 562 223 570 200 570 text 0
44 562 183 562 183 573 44 573 text 0
43 576 78 576 78 585 43 585 text 0
365 576 478 576 478 585 365 585 text 0
196 576 300 576 300 587 196 587 text 0
95 576 183 576 183 587 95 587 text 0
315 578 351 578 351 585 315 585 text 0
186 590 260 590 260 599 186 599 text 0
45 591 68 591 68 599 45 599 text 0
275 589 334 589 334 601 275 601 text 0
83 589 170 589 170 601 83 601 text 0
338 606 385 606 385 613 338 613 text 0
43 605 334 605 334 616 43 616 text 0
392 607 414 607 414 616 392 616 text 0
45 620 88 620 88 627 45 627 text 0
95 618 260 618 260 629 95 629 text 0