68 40 204 40 204 59 68 59 text 0
17 62 109 62 109 75 17 75 text 0
125 60 177 60 177 74 125 74 text 0
192 57 496 57 496 72 192 72 text 0
17 74 96 74 96 87 17 87 text 0
112 73 150 73 150 86 112 86 text 0
179 72 257 72 257 85 179 85 text 0
273 71 296 71 296 84 273 84 text 0
304 71 306 71 306 84 304 84 text 0
326 71 350 71 350 83 326 83 text 0
357 70 359 70 359 84 357 84 text 0
367 70 377 70 377 83 367 83 text 0
17 86 109 86 109 99 17 99 text 0
114 85 123 85 123 99 114 99 text 0
126 85 243 85 243 98 126 98 text 0
246 84 257 84 257 98 246 98 text 0
260 84 348 84 348 97 260 97 text 0
17 99 65 99 65 112 17 112 text 0
86 99 177 99 177 111 86 111 text 0
196 97 219 97 219 110 196 110 text 0
220 97 248 97 248 110 220 110 text 0
259 97 389 97 389 108 259 108 text 0
32 124 97 124 97 136 32 136 text 0
153 122 284 122 284 134 153 134 text 0
32 137 83 137 83 149 32 149 text 0
155 135 217 135 217 147 155 147 text 0
32 148 70 148 70 161 32 161 text 0
87 148 111 148 111 161 87 161 text 0
131 147 133 147 133 160 131 160 text 0
154 146 204 146 204 159 154 159 text 0
340 181 350 181 350 192 340 192 text 0
352 181 376 181 376 191 352 191 text 0
339 194 349 194 349 204 339 204 text 0
352 194 376 194 376 204 352 204 text 0
511 178 522 178 522 188 511 188 text 0
524 178 575 178 575 187 524 187 text 0
512 190 523 190 523 201 512 201 text 0
524 189 575 189 575 200 524 200 text 0
20 186 111 186 111 198 20 198 text 0
127 184 151 184 151 197 127 197 text 0
168 183 218 183 218 196 168 196 text 0
20 198 58 198 58 211 20 211 text 0
74 197 165 197 165 209 74 209 text 0
181 195 244 195 244 208 181 208 text 0
21 211 85 211 85 223 21 223 text 0
101 210 125 210 125 223 101 223 text 0
141 209 152 209 152 222 141 222 text 0
169 209 231 209 231 221 169 221 text 0
21 223 71 223 71 235 21 235 text 0
88 222 152 222 152 233 88 233 text 0
168 221 231 221 231 232 168 232 text 0
21 235 85 235 85 247 21 247 text 0
101 234 166 234 166 246 101 246 text 0
180 232 244 232 244 244 180 244 text 0
21 248 111 248 111 259 21 259 text 0
129 246 219 246 219 257 129 257 text 0
234 244 244 244 244 256 234 256 text 0
21 260 86 260 86 271 21 271 text 0
101 259 126 259 126 271 101 271 text 0
141 257 153 257 153 270 141 270 text 0
169 257 231 257 231 268 169 268 text 0
21 272 41 272 41 285 21 285 text 0
62 272 152 272 152 283 62 283 text 0
168 269 232 269 232 281 168 281 text 0
21 285 86 285 86 296 21 296 text 0
102 283 140 283 140 295 102 295 text 0
169 281 179 281 179 294 169 294 text 0
181 282 205 282 205 294 181 294 text 0
220 281 243 281 243 293 220 293 text 0
339 219 349 219 349 229 339 229 text 0
352 218 376 218 376 228 352 228 text 0
339 230 349 230 349 240 339 240 text 0
352 230 375 230 375 240 352 240 text 0
339 242 349 242 349 252 339 252 text 0
352 242 376 242 376 252 352 252 text 0
512 214 522 214 522 225 512 225 text 0
525 214 575 214 575 224 525 224 text 0
498 226 508 226 508 237 498 237 text 0
513 226 575 226 575 236 513 236 text 0
498 240 509 240 509 251 498 251 text 0
512 239 575 239 575 249 512 249 text 0
339 267 349 267 349 277 339 277 text 0
352 267 376 267 376 277 352 277 text 0
339 278 349 278 349 288 339 288 text 0
352 278 376 278 376 288 352 288 text 0
512 263 522 263 522 274 512 274 text 0
525 263 571 263 571 273 525 273 text 0
512 275 522 275 522 286 512 286 text 0
525 275 575 275 575 286 525 286 text 0
35 308 113 308 113 319 35 319 text 0
36 320 114 320 114 330 36 330 text 0
539 298 550 298 550 309 539 309 text 0
552 298 603 298 603 309 552 309 text 0
524 309 536 309 536 321 524 321 text 0
537 310 602 310 602 321 537 321 text 0
498 335 508 335 508 345 498 345 text 0
512 335 575 335 575 345 512 345 text 0
48 344 112 344 112 355 48 355 text 0
128 342 192 342 192 353 128 353 text 0
22 358 99 358 99 369 22 369 text 0
115 356 155 356 155 368 115 368 text 0
49 381 87 381 87 393 49 393 text 0
102 380 163 380 163 391 102 391 text 0
195 377 233 377 233 390 195 390 text 0
247 376 309 376 309 388 247 388 text 0
326 374 390 374 390 386 326 386 text 0
50 393 60 393 60 404 50 404 text 0
63 393 73 393 73 403 63 403 text 0
222 389 232 389 232 401 222 401 text 0
234 389 297 389 297 400 234 400 text 0
458 372 495 372 495 383 458 383 text 0
432 385 442 385 442 396 432 396 text 0
445 385 495 385 495 396 445 396 text 0
25 417 74 417 74 431 25 431 text 0
89 415 181 415 181 428 89 428 text 0
196 413 269 413 269 427 196 427 text 0
286 410 351 410 351 425 286 425 text 0
368 408 496 408 496 421 368 421 text 0
23 429 194 429 194 443 23 443 text 0
140 471 407 471 407 486 140 486 text 0
23 491 145 491 145 502 23 502 text 0
23 515 133 515 133 527 23 527 text 0
147 513 218 513 218 524 147 524 text 0
223 509 226 509 226 524 223 524 text 0
230 509 291 509 291 522 230 522 text 0
24 527 70 527 70 540 24 540 text 0
86 526 130 526 130 538 86 538 text 0
138 524 142 524 142 538 138 538 text 0
146 524 169 524 169 537 146 537 text 0
183 523 242 523 242 536 183 536 text 0
256 521 300 521 300 534 256 534 text 0
307 520 312 520 312 533 307 533 text 0
316 520 339 520 339 533 316 533 text 0
24 540 72 540 72 551 24 551 text 0
84 538 183 538 183 549 84 549 text 0
184 536 194 536 194 549 184 549 text 0
197 535 270 535 270 546 197 546 text 0
26 551 118 551 118 562 26 562 text 0
125 549 129 549 129 562 125 562 text 0
134 549 230 549 230 559 134 559 text 0
25 563 72 563 72 575 25 575 text 0
86 563 110 563 110 575 86 575 text 0
114 561 117 561 117 574 114 574 text 0
122 561 194 561 194 572 122 572 text 0
445 588 482 588 482 600 445 600 text 0
537 587 583 587 583 599 537 599 text 0
53 585 142 585 142 597 53 597 text 0
149 584 151 584 151 597 149 597 text 0
171 583 233 583 233 595 171 595 text 0
250 582 313 582 313 594 250 594 text 0
54 597 64 597 64 608 54 608 text 0
80 597 104 597 104 607 80 607 text 0
110 596 112 596 112 607 110 607 text 0
121 596 169 596 169 606 121 606 text 0
171 606 202 606 202 618 171 618 text 0
216 605 252 605 252 617 216 617 text 0
268 604 370 604 370 615 268 615 text 0
128 139 135 139 135 146 128 146 text 0
129 127 135 127 135 134 129 134 text 0
155 487 220 487 220 500 155 500 text 0
232 486 340 486 340 497 232 497 text 0
496 588 523 588 523 599 496 599 text 0