29 11 144 11 144 20 29 20 text 0
273 94 356 94 356 103 273 103 text 0
370 94 418 94 418 103 370 103 text 0
431 94 454 94 454 103 431 103 text 0
159 93 257 93 257 104 159 104 text 0
541 107 552 107 552 116 541 116 text 0
309 106 368 106 368 116 309 116 text 0
382 106 430 106 430 116 382 116 text 0
443 106 527 106 527 116 443 116 text 0
136 107 208 107 208 116 136 116 text 0
223 106 291 106 291 117 223 117 text 0
63 107 120 107 120 118 63 118 text 0
358 120 417 120 417 129 358 129 text 0
430 120 503 120 503 129 430 129 text 0
185 120 233 120 233 129 185 129 text 0
112 120 172 120 172 130 112 130 text 0
248 120 340 120 340 130 248 130 text 0
352 132 375 132 375 142 352 142 text 0
242 133 337 133 337 142 242 142 text 0
278 146 412 146 412 155 278 155 text 0
204 146 240 146 240 156 204 156 text 0
257 148 261 148 261 156 257 156 text 0
296 159 449 159 449 169 296 169 text 0
219 159 241 159 241 169 219 169 text 0
255 159 277 159 277 169 255 169 text 0
167 159 203 159 203 169 167 169 text 0
293 185 378 185 378 197 293 197 text 0
241 186 279 186 279 197 241 197 text 0
178 212 272 212 272 223 178 223 text 0
18 213 100 213 100 223 18 223 text 0
114 214 125 214 125 223 114 223 text 0
421 225 445 225 445 235 421 235 text 0
311 226 407 226 407 235 311 235 text 0
178 224 297 224 297 237 178 237 text 0
17 227 64 227 64 237 17 237 text 0
261 239 273 239 273 249 261 249 text 0
286 239 321 239 321 249 286 249 text 0
175 239 248 239 248 249 175 249 text 0
17 239 101 239 101 249 17 249 text 0
190 252 237 252 237 261 190 261 text 0
78 252 172 252 172 262 78 262 text 0
17 252 64 252 64 262 17 262 text 0
459 278 530 278 530 288 459 288 text 0
66 278 199 278 199 289 66 289 text 0
360 279 419 279 419 288 360 288 text 0
18 278 52 278 52 289 18 289 text 0
361 305 408 305 408 315 361 315 text 0
459 305 531 305 531 315 459 315 text 0
19 305 26 305 26 315 19 315 text 0
67 305 152 305 152 315 67 315 text 0
363 318 409 318 409 328 363 328 text 0
462 318 532 318 532 328 462 328 text 0
20 319 26 319 26 329 20 329 text 0
68 319 152 319 152 329 68 329 text 0
68 332 152 332 152 341 68 341 text 0
363 332 409 332 409 341 363 341 text 0
20 331 26 331 26 342 20 342 text 0
462 331 533 331 533 342 462 342 text 0
461 358 507 358 507 368 461 368 text 0
20 358 54 358 54 368 20 368 text 0
69 358 125 358 125 369 69 369 text 0
143 358 198 358 198 369 143 369 text 0
375 358 397 358 397 368 375 368 text 0
215 359 250 359 250 369 215 369 text 0
461 372 508 372 508 382 461 382 text 0
376 372 398 372 398 382 376 382 text 0
20 372 79 372 79 382 20 382 text 0
94 372 188 372 188 383 94 383 text 0
20 398 76 398 76 409 20 409 text 0
461 397 508 397 508 408 461 408 text 0
376 398 398 398 398 408 376 408 text 0
129 424 178 424 178 434 129 434 text 0
376 424 399 424 399 434 376 434 text 0
452 424 509 424 509 434 452 434 text 0
22 424 103 424 103 435 22 435 text 0
377 438 399 438 399 447 377 447 text 0
462 438 509 438 509 447 462 447 text 0
21 437 93 437 93 449 21 449 text 0
130 463 179 463 179 474 130 474 text 0
387 464 436 464 436 473 387 473 text 0
69 463 105 463 105 474 69 474 text 0
303 463 326 463 326 474 303 474 text 0
21 463 55 463 55 474 21 474 text 0
438 490 473 490 473 499 438 499 text 0
279 490 313 490 313 499 279 499 text 0
489 490 532 490 532 501 489 501 text 0
21 490 56 490 56 500 21 500 text 0
330 489 372 489 372 501 330 501 text 0
69 490 167 490 167 500 69 500 text 0
475 516 523 516 523 525 475 525 text 0
315 516 362 516 362 525 315 525 text 0
23 516 105 516 105 526 23 526 text 0
475 529 523 529 523 538 475 538 text 0
315 529 362 529 362 538 315 538 text 0
22 529 44 529 44 539 22 539 text 0
57 529 93 529 93 539 57 539 text 0
315 555 412 555 412 564 315 564 text 0
426 555 449 555 449 564 426 564 text 0
183 555 302 555 302 566 183 566 text 0
327 567 363 567 363 578 327 578 text 0
242 568 315 568 315 577 242 577 text 0
358 580 427 580 427 591 358 591 text 0
298 580 345 580 345 591 298 591 text 0
201 581 283 581 283 591 201 591 text 0