52 133 109 133 109 156 52 156 text 0
137 132 200 132 200 155 137 155 text 0
219 132 367 132 367 154 219 154 text 0
411 130 491 130 491 153 411 153 text 0
516 130 564 130 564 153 516 153 text 0
575 129 579 129 579 152 575 152 text 0
219 155 283 155 283 177 219 177 text 0
305 177 358 177 358 196 305 196 text 0
389 177 531 177 531 196 389 196 text 0
553 176 601 176 601 195 553 195 text 0
147 201 180 201 180 221 147 221 text 0
206 200 217 200 217 220 206 220 text 0
241 200 253 200 253 220 241 220 text 0
275 200 358 200 358 220 275 220 text 0
386 200 500 200 500 219 386 219 text 0
113 221 164 221 164 244 113 244 text 0
178 221 229 221 229 244 178 244 text 0
255 220 285 220 285 244 255 244 text 0
344 220 515 220 515 243 344 243 text 0
384 267 427 267 427 289 384 289 text 0
43 269 217 269 217 289 43 289 text 0
44 290 114 290 114 312 44 312 text 0
118 289 128 289 128 312 118 312 text 0
133 289 163 289 163 312 133 312 text 0
170 290 181 290 181 312 170 312 text 0
183 290 214 290 214 312 183 312 text 0
41 337 162 337 162 358 41 358 text 0
481 335 565 335 565 356 481 356 text 0
51 386 125 386 125 408 51 408 text 0
47 409 126 409 126 430 47 430 text 0
433 386 444 386 444 406 433 406 text 0
456 387 567 387 567 406 456 406 text 0
428 411 563 411 563 430 428 430 text 0
52 448 128 448 128 466 52 466 text 0
479 449 566 449 566 468 479 468 text 0
46 507 168 507 168 528 46 528 text 0
380 509 390 509 390 530 380 530 text 0
400 509 403 509 403 530 400 530 text 0
51 545 100 545 100 567 51 567 text 0
120 545 152 545 152 567 120 567 text 0
429 548 440 548 440 566 429 566 text 0
463 548 493 548 493 566 463 566 text 0
503 548 513 548 513 566 503 566 text 0
167 159 204 159 204 176 167 176 text 0
301 156 358 156 358 176 301 176 text 0
393 156 445 156 445 176 393 176 text 0
201 178 288 178 288 196 201 196 text 0
44 180 181 180 181 196 44 196 text 0
187 208 193 208 193 217 187 217 text 0
359 200 376 200 376 219 359 219 text 0
303 223 325 223 325 241 303 241 text 0
444 268 480 268 480 286 444 286 text 0
515 268 586 268 586 286 515 286 text 0
484 275 493 275 493 286 484 286 text 0
465 344 480 344 480 351 465 351 text 0
358 336 393 336 393 356 358 356 text 0
340 338 356 338 356 356 340 356 text 0
398 412 420 412 420 424 398 424 text 0
464 456 476 456 476 465 464 465 text 0
203 508 359 508 359 528 203 528 text 0
170 546 233 546 233 564 170 564 text 0
251 587 305 587 305 606 251 606 text 0
320 587 457 587 457 609 320 609 text 0
530 549 582 549 582 565 530 565 text 0