117 73 199 73 199 102 117 102 text 0
223 74 287 74 287 103 223 103 text 0
311 74 481 74 481 104 311 104 text 0
206 101 286 101 286 134 206 134 text 0
311 102 392 102 392 134 311 134 text 0
170 131 234 131 234 160 170 160 text 0
259 131 393 131 393 160 259 160 text 0
418 131 428 131 428 160 418 160 text 0
277 159 287 159 287 189 277 189 text 0
294 159 408 159 408 189 294 189 text 0
118 186 208 186 208 218 118 218 text 0
223 186 337 186 337 218 223 218 text 0
365 186 481 186 481 218 365 218 text 0
204 216 392 216 392 246 204 246 text 0
28 268 199 268 199 303 28 303 text 0
29 301 91 301 91 331 29 331 text 0
116 301 198 301 198 331 116 331 text 0
364 271 410 271 410 304 364 304 text 0
434 272 462 272 462 305 434 305 text 0
473 272 475 272 475 305 473 305 text 0
523 272 587 272 587 305 523 305 text 0
27 382 145 382 145 415 27 415 text 0
29 411 181 411 181 446 29 446 text 0
487 417 497 417 497 446 487 446 text 0
504 417 586 417 586 446 504 446 text 0
29 472 103 472 103 500 29 500 text 0
27 499 105 499 105 528 27 528 text 0
29 528 75 528 75 558 29 558 text 0
83 528 91 528 91 558 83 558 text 0
99 528 145 528 145 558 99 558 text 0
449 474 471 474 471 499 449 499 text 0
475 474 577 474 577 498 475 498 text 0
423 501 445 501 445 529 423 529 text 0
449 501 577 501 577 529 449 529 text 0
505 389 593 389 593 415 505 415 text 0
479 395 501 395 501 412 479 412 text 0
411 388 450 388 450 417 411 417 text 0
392 393 412 393 412 415 392 415 text 0
503 530 589 530 589 557 503 557 text 0
477 535 499 535 499 554 477 554 text 0