123 83 260 83 260 102 123 102 text 0
285 75 499 75 499 99 285 99 text 0
84 111 167 111 167 134 84 134 text 0
184 109 255 109 255 132 184 132 text 0
275 107 538 107 538 127 275 127 text 0
65 139 81 139 81 160 65 160 text 0
103 138 150 138 150 159 103 159 text 0
168 137 309 137 309 156 168 156 text 0
331 134 434 134 434 154 331 154 text 0
452 131 555 131 555 150 452 150 text 0
116 165 152 165 152 188 116 188 text 0
152 164 162 164 162 187 152 187 text 0
172 164 204 164 204 187 172 187 text 0
223 162 381 162 381 183 223 183 text 0
389 159 401 159 401 183 389 183 text 0
398 159 519 159 519 181 398 181 text 0
120 191 238 191 238 210 120 210 text 0
259 188 294 188 294 208 259 208 text 0
300 187 306 187 306 208 300 208 text 0
332 187 507 187 507 208 332 208 text 0
32 233 118 233 118 251 32 251 text 0
34 260 100 260 100 279 34 279 text 0
230 228 235 228 235 250 230 250 text 0
262 228 434 228 434 246 262 246 text 0
231 256 237 256 237 276 231 276 text 0
263 255 399 255 399 272 263 272 text 0
232 283 238 283 238 304 232 304 text 0
262 282 332 282 332 301 262 301 text 0
34 286 86 286 86 310 34 310 text 0
103 284 139 284 139 308 103 308 text 0
37 327 106 327 106 349 37 349 text 0
123 327 179 327 179 348 123 348 text 0
372 323 387 323 387 341 372 341 text 0
389 322 417 322 417 340 389 340 text 0
493 320 505 320 505 342 493 342 text 0
508 320 579 320 579 342 508 342 text 0
40 387 175 387 175 404 40 404 text 0
40 415 177 415 177 434 40 434 text 0
463 379 484 379 484 405 463 405 text 0
487 379 578 379 578 403 487 403 text 0
440 409 460 409 460 432 440 432 text 0
465 408 580 408 580 431 465 431 text 0
41 469 125 469 125 493 41 493 text 0
60 499 231 499 231 516 60 516 text 0
272 521 339 521 339 540 272 540 text 0
185 560 220 560 220 580 185 580 text 0
226 559 230 559 230 580 226 580 text 0
255 559 325 559 325 579 255 579 text 0
454 621 466 621 466 638 454 638 text 0
488 621 520 621 520 638 488 638 text 0
526 622 532 622 532 638 526 638 text 0
545 622 608 622 608 638 545 638 text 0
503 465 590 465 590 487 503 487 text 0
482 467 498 467 498 479 482 479 text 0
78 562 168 562 168 583 78 583 text 0
45 564 64 564 64 582 45 582 text 0
172 627 241 627 241 639 172 639 text 0
116 627 154 627 154 640 116 640 text 0
49 626 104 626 104 640 49 640 text 0