45 56 527 56 527 71 45 71 text 0
48 78 79 78 79 86 48 86 text 0
278 78 341 78 341 86 278 86 text 0
207 78 270 78 270 86 207 86 text 0
348 78 417 78 417 86 348 86 text 0
426 78 439 78 439 86 426 86 text 0
96 78 198 78 198 88 96 88 text 0
447 78 516 78 516 88 447 88 text 0
49 88 113 88 113 96 49 96 text 0
121 88 184 88 184 96 121 96 text 0
190 88 247 88 247 96 190 96 text 0
51 100 114 100 114 108 51 108 text 0
267 101 381 101 381 108 267 108 text 0
390 100 441 100 441 108 390 108 text 0
122 100 244 100 244 110 122 110 text 0
46 112 85 112 85 120 46 120 text 0
95 113 211 113 211 120 95 120 text 0
217 113 269 113 269 120 217 120 text 0
49 124 91 124 91 131 49 131 text 0
99 124 121 124 121 131 99 131 text 0
131 124 164 124 164 131 131 131 text 0
177 124 329 124 329 131 177 131 text 0
424 129 481 129 481 138 424 138 text 0
492 129 607 129 607 138 492 138 text 0
40 136 102 136 102 143 40 143 text 0
108 136 141 136 141 145 108 145 text 0
40 146 104 146 104 153 40 153 text 0
111 146 183 146 183 153 111 153 text 0
189 146 228 146 228 153 189 153 text 0
234 146 273 146 273 153 234 153 text 0
281 146 385 146 385 155 281 155 text 0
114 169 189 169 189 177 114 177 text 0
197 169 306 169 306 177 197 177 text 0
44 169 107 169 107 177 44 177 text 0
57 196 74 196 74 204 57 204 text 0
84 196 195 196 195 204 84 204 text 0
280 196 377 196 377 204 280 204 text 0
385 197 513 197 513 204 385 204 text 0
521 196 610 196 610 206 521 206 text 0
280 208 373 208 373 218 280 218 text 0
382 208 530 208 530 218 382 218 text 0
87 222 96 222 96 229 87 229 text 0
105 222 117 222 117 229 105 229 text 0
127 222 197 222 197 229 127 229 text 0
496 223 541 223 541 230 496 230 text 0
571 223 598 223 598 230 571 230 text 0
30 233 87 233 87 244 30 244 text 0
91 233 143 233 143 244 91 244 text 0
496 234 541 234 541 246 496 246 text 0
152 236 239 236 239 245 152 245 text 0
247 237 288 237 288 245 247 245 text 0
296 237 350 237 350 245 296 245 text 0
251 250 338 250 338 258 251 258 text 0
496 251 541 251 541 258 496 258 text 0
249 266 302 266 302 276 249 276 text 0
499 268 543 268 543 276 499 276 text 0
251 280 314 280 314 288 251 288 text 0
323 279 355 279 355 289 323 289 text 0
499 282 543 282 543 289 499 289 text 0
253 298 296 298 296 306 253 306 text 0
302 298 353 298 353 306 302 306 text 0
496 297 545 297 545 307 496 307 text 0
251 322 305 322 305 330 251 330 text 0
499 324 543 324 543 332 499 332 text 0
251 336 337 336 337 344 251 344 text 0
499 337 543 337 543 345 499 345 text 0
34 354 74 354 74 362 34 362 text 0
81 355 177 355 177 365 81 365 text 0
266 355 396 355 396 365 266 365 text 0
493 355 581 355 581 365 493 365 text 0
34 368 59 368 59 375 34 375 text 0
97 368 131 368 131 375 97 375 text 0
350 367 398 367 398 377 350 377 text 0
538 368 582 368 582 375 538 375 text 0
69 368 87 368 87 377 69 377 text 0
35 401 71 401 71 408 35 408 text 0
80 401 116 401 116 408 80 408 text 0
138 401 296 401 296 408 138 408 text 0
180 412 299 412 299 421 180 421 text 0
35 411 94 411 94 424 35 424 text 0
32 426 83 426 83 434 32 434 text 0
182 428 193 428 193 435 182 435 text 0
93 426 133 426 133 436 93 436 text 0
313 444 337 444 337 451 313 451 text 0
34 444 81 444 81 452 34 452 text 0
87 444 138 444 138 452 87 452 text 0
464 445 515 445 515 452 464 452 text 0
525 445 604 445 604 452 525 452 text 0
179 444 302 444 302 454 179 454 text 0
347 444 453 444 453 454 347 454 text 0
74 477 146 477 146 485 74 485 text 0
152 477 198 477 198 485 152 485 text 0
293 478 422 478 422 486 293 486 text 0
428 478 446 478 446 486 428 486 text 0
250 479 287 479 287 486 250 486 text 0
454 478 587 478 587 486 454 486 text 0
205 479 242 479 242 485 205 485 text 0
122 500 204 500 204 507 122 507 text 0
209 500 260 500 260 507 209 507 text 0
268 500 313 500 313 507 268 507 text 0
322 500 386 500 386 507 322 507 text 0
395 500 538 500 538 507 395 507 text 0
208 513 289 513 289 520 208 520 text 0
297 513 366 513 366 520 297 520 text 0
373 513 454 513 454 520 373 520 text 0
126 535 217 535 217 542 126 542 text 0
226 535 292 535 292 542 226 542 text 0
316 535 365 535 365 542 316 542 text 0
373 535 472 535 472 542 373 542 text 0
483 535 532 535 532 542 483 542 text 0
107 556 189 556 189 564 107 564 text 0
201 556 252 556 252 564 201 564 text 0
262 556 309 556 309 564 262 564 text 0
318 557 411 557 411 565 318 565 text 0
418 558 463 558 463 565 418 565 text 0
473 558 550 558 550 565 473 565 text 0
558 558 585 558 585 565 558 565 text 0
59 570 181 570 181 577 59 577 text 0
189 570 250 570 250 578 189 578 text 0
257 571 303 571 303 578 257 578 text 0
315 571 340 571 340 578 315 578 text 0
348 571 463 571 463 578 348 578 text 0
468 570 603 570 603 578 468 578 text 0
257 584 365 584 365 591 257 591 text 0
98 606 173 606 173 613 98 613 text 0
180 606 230 606 230 613 180 613 text 0
240 606 359 606 359 614 240 614 text 0
367 606 565 606 565 616 367 616 text 0