96 18 256 18 256 38 96 38 text 0
276 0 586 0 586 26 276 26 text 0
134 29 311 29 311 49 134 49 text 0
325 23 433 23 433 38 325 38 text 0
446 19 510 19 510 31 446 31 text 0
120 44 310 44 310 63 120 63 text 0
323 41 369 41 369 52 323 52 text 0
374 32 537 32 537 50 374 50 text 0
221 59 317 59 317 73 221 73 text 0
326 56 359 56 359 67 326 67 text 0
375 52 450 52 450 65 375 65 text 0
220 65 446 65 446 87 220 87 text 0
133 91 256 91 256 106 133 106 text 0
272 87 334 87 334 98 272 98 text 0
358 77 538 77 538 95 358 95 text 0
241 114 251 114 251 123 241 123 text 0
274 104 444 104 444 121 274 121 text 0
242 129 250 129 250 138 242 138 text 0
273 120 411 120 411 136 273 136 text 0
240 145 251 145 251 154 240 154 text 0
272 138 339 138 339 151 272 151 text 0
55 117 139 117 139 131 55 131 text 0
54 134 121 134 121 146 54 146 text 0
54 149 104 149 104 161 54 161 text 0
118 147 153 147 153 158 118 158 text 0
379 159 424 159 424 170 379 170 text 0
498 152 589 152 589 167 498 167 text 0
53 168 152 168 152 183 53 183 text 0
465 187 577 187 577 202 465 202 text 0
440 204 580 204 580 220 440 220 text 0
54 202 186 202 186 216 54 216 text 0
55 217 188 217 188 232 55 232 text 0
480 237 587 237 587 250 480 250 text 0
51 249 137 249 137 263 51 263 text 0
72 266 105 266 105 278 72 278 text 0
120 263 235 263 235 276 120 276 text 0
71 276 269 276 269 287 71 287 text 0
274 273 339 273 339 286 274 286 text 0
54 299 170 299 170 312 54 312 text 0
187 298 232 298 232 308 187 308 text 0
255 297 271 297 271 306 255 306 text 0
52 321 103 321 103 333 52 333 text 0
120 320 237 320 237 332 120 332 text 0
445 313 463 313 463 324 445 324 text 0
478 309 601 309 601 322 478 322 text 0
382 350 433 350 433 361 382 361 text 0
445 348 589 348 589 358 445 358 text 0
57 359 126 359 126 368 57 368 text 0
140 354 289 354 289 366 140 366 text 0
53 369 124 369 124 379 53 379 text 0
141 365 291 365 291 377 141 377 text 0
303 365 316 365 316 372 303 372 text 0
58 379 178 379 178 390 58 390 text 0
526 370 587 370 587 379 526 379 text 0
292 385 353 385 353 394 292 394 text 0
203 398 249 398 249 406 203 406 text 0
267 394 442 394 442 405 267 405 text 0
229 408 266 408 266 415 229 415 text 0
278 406 350 406 350 415 278 415 text 0
369 405 417 405 417 414 369 414 text 0
228 433 302 433 302 442 228 442 text 0
315 431 404 431 404 440 315 440 text 0
233 443 338 443 338 453 233 453 text 0
368 443 404 443 404 451 368 451 text 0
145 458 156 458 156 465 145 465 text 0
169 456 251 456 251 465 169 465 text 0
267 455 315 455 315 464 267 464 text 0
328 454 388 454 388 463 328 463 text 0
405 453 464 453 464 462 405 462 text 0
484 455 493 455 493 460 484 460 text 0
145 468 229 468 229 476 145 476 text 0
257 466 352 466 352 475 257 475 text 0
391 464 519 464 519 473 391 473 text 0
459 419 545 419 545 428 459 428 text 0
345 421 426 421 426 426 345 426 text 0
234 423 314 423 314 428 234 428 text 0
124 423 203 423 203 431 124 431 text 0
61 483 165 483 165 493 61 493 text 0
181 483 267 483 267 491 181 491 text 0
277 479 493 479 493 490 277 490 text 0
507 479 569 479 569 486 507 486 text 0
60 495 106 495 106 503 60 503 text 0
119 494 152 494 152 501 119 501 text 0
171 492 265 492 265 501 171 501 text 0
59 506 103 506 103 513 59 513 text 0
120 502 265 502 265 512 120 512 text 0
365 489 428 489 428 498 365 498 text 0
441 489 476 489 476 496 441 496 text 0
506 487 581 487 581 495 506 495 text 0
416 497 581 497 581 507 416 507 text 0
193 514 217 514 217 522 193 522 text 0
229 511 314 511 314 520 229 520 text 0
330 509 453 509 453 519 330 519 text 0
205 523 252 523 252 531 205 531 text 0
266 522 338 522 338 531 266 531 text 0
353 520 441 520 441 530 353 530 text 0
205 533 326 533 326 543 205 543 text 0
344 533 416 533 416 542 344 542 text 0
216 544 252 544 252 554 216 554 text 0
265 544 328 544 328 553 265 553 text 0
340 544 404 544 404 553 340 553 text 0
148 565 280 565 280 577 148 577 text 0
345 567 491 567 491 577 345 577 text 0
54 595 103 595 103 607 54 607 text 0
120 595 234 595 234 606 120 606 text 0
444 594 463 594 463 606 444 606 text 0
479 594 608 594 608 605 479 605 text 0
205 618 240 618 240 629 205 629 text 0
262 619 294 619 294 628 262 628 text 0
313 618 450 618 450 629 313 629 text 0