333 57 366 57 366 64 333 64 text 0
282 57 317 57 317 64 282 64 text 0
172 57 268 57 268 64 172 64 text 0
112 58 159 58 159 65 112 65 text 0
39 57 98 57 98 65 39 65 text 0
210 66 308 66 308 74 210 74 text 0
123 66 195 66 195 73 123 73 text 0
74 67 111 67 111 74 74 74 text 0
39 67 60 67 60 74 39 74 text 0
319 66 375 66 375 74 319 74 text 0
39 77 98 77 98 84 39 84 text 0
111 77 219 77 219 86 111 86 text 0
330 88 427 88 427 95 330 95 text 0
256 88 293 88 293 95 256 95 text 0
111 87 207 87 207 95 111 95 text 0
40 88 72 88 72 95 40 95 text 0
112 99 208 99 208 106 112 106 text 0
39 99 74 99 74 106 39 106 text 0
148 110 293 110 293 117 148 117 text 0
39 110 73 110 73 117 39 117 text 0
87 110 110 110 110 117 87 117 text 0
199 132 280 132 280 139 199 139 text 0
148 132 183 132 183 139 148 139 text 0
150 142 256 142 256 150 150 150 text 0
41 143 75 143 75 150 41 150 text 0
88 143 113 143 113 150 88 150 text 0
380 154 403 154 403 161 380 161 text 0
282 154 367 154 367 161 282 161 text 0
39 154 86 154 86 161 39 161 text 0
148 154 272 154 272 161 148 161 text 0
235 176 342 176 342 183 235 183 text 0
356 176 415 176 415 183 356 183 text 0
429 176 452 176 452 183 429 183 text 0
41 176 220 176 220 185 41 185 text 0
148 187 196 187 196 194 148 194 text 0
124 187 135 187 135 194 124 194 text 0
442 187 490 187 490 194 442 194 text 0
63 187 110 187 110 194 63 194 text 0
502 189 512 189 512 194 502 194 text 0
319 197 379 197 379 205 319 205 text 0
136 198 232 198 232 205 136 205 text 0
245 198 306 198 306 205 245 205 text 0
39 198 122 198 122 207 39 207 text 0
431 209 490 209 490 216 431 216 text 0
63 209 110 209 110 216 63 216 text 0
124 209 135 209 135 216 124 216 text 0
149 209 196 209 196 216 149 216 text 0
503 211 513 211 513 216 503 216 text 0
319 220 355 220 355 227 319 227 text 0
233 220 306 220 306 227 233 227 text 0
137 220 218 220 218 227 137 227 text 0
368 220 415 220 415 227 368 227 text 0
429 220 452 220 452 227 429 227 text 0
39 220 134 220 134 229 39 229 text 0
432 231 490 231 490 238 432 238 text 0
502 231 513 231 513 238 502 238 text 0
64 231 111 231 111 238 64 238 text 0
124 231 135 231 135 238 124 238 text 0
148 231 196 231 196 238 148 238 text 0
406 242 428 242 428 249 406 249 text 0
355 242 391 242 391 249 355 249 text 0
246 242 342 242 342 249 246 249 text 0
41 242 232 242 232 251 41 251 text 0
442 253 490 253 490 260 442 260 text 0
124 252 135 252 135 260 124 260 text 0
63 252 111 252 111 260 63 260 text 0
148 252 197 252 197 260 148 260 text 0
503 254 513 254 513 260 503 260 text 0
343 264 380 264 380 271 343 271 text 0
64 264 221 264 221 271 64 271 text 0
394 264 464 264 464 271 394 271 text 0
233 264 330 264 330 271 233 271 text 0
39 264 60 264 60 273 39 273 text 0
63 275 111 275 111 282 63 282 text 0
126 275 136 275 136 282 126 282 text 0
148 275 209 275 209 282 148 282 text 0
501 286 514 286 514 293 501 293 text 0
417 286 489 286 489 293 417 293 text 0
63 286 111 286 111 293 63 293 text 0
283 286 355 286 355 293 283 293 text 0
65 297 221 297 221 304 65 304 text 0
233 297 282 297 282 304 233 304 text 0
295 297 380 297 380 304 295 304 text 0
393 297 416 297 416 304 393 304 text 0
430 297 464 297 464 304 430 304 text 0
40 297 61 297 61 306 40 306 text 0
125 308 136 308 136 315 125 315 text 0
66 308 112 308 112 315 66 315 text 0
148 308 208 308 208 315 148 315 text 0
429 319 491 319 491 326 429 326 text 0
285 319 343 319 343 326 285 326 text 0
64 319 112 319 112 326 64 326 text 0
440 341 489 341 489 348 440 348 text 0
113 341 209 341 209 350 113 350 text 0
113 351 172 351 172 359 113 359 text 0
419 351 489 351 489 359 419 359 text 0
247 363 294 363 294 370 247 370 text 0
116 363 172 363 172 372 116 372 text 0
77 384 160 384 160 392 77 392 text 0
420 396 489 396 489 403 420 403 text 0
77 395 136 395 136 403 77 403 text 0
149 395 233 395 233 403 149 403 text 0
76 407 147 407 147 414 76 414 text 0
441 407 489 407 489 414 441 414 text 0
419 418 489 418 489 425 419 425 text 0
76 418 124 418 124 425 76 425 text 0
112 473 123 473 123 480 112 480 text 0
51 473 99 473 99 480 51 480 text 0
331 473 367 473 367 480 331 480 text 0
186 473 245 473 245 480 186 480 text 0
40 495 71 495 71 501 40 501 text 0
86 495 111 495 111 502 86 502 text 0
174 495 244 495 244 501 174 501 text 0
319 495 367 495 367 501 319 501 text 0
87 506 110 506 110 513 87 513 text 0
185 505 245 505 245 513 185 513 text 0
319 506 366 506 366 513 319 513 text 0
40 507 72 507 72 513 40 513 text 0
39 527 74 527 74 534 39 534 text 0
87 527 121 527 121 534 87 534 text 0
136 527 184 527 184 534 136 534 text 0
233 549 279 549 279 556 233 556 text 0
50 549 99 549 99 556 50 556 text 0
112 549 196 549 196 556 112 556 text 0
51 560 123 560 123 567 51 567 text 0
237 559 268 559 268 567 237 567 text 0
136 559 184 559 184 567 136 567 text 0
285 560 400 560 400 569 285 569 text 0
39 570 121 570 121 578 39 578 text 0
135 571 244 571 244 578 135 578 text 0
39 582 99 582 99 589 39 589 text 0
112 582 160 582 160 589 112 589 text 0
172 581 208 581 208 589 172 589 text 0
222 581 257 581 257 589 222 589 text 0
269 581 390 581 390 589 269 589 text 0
52 593 62 593 62 600 52 600 text 0
74 592 134 592 134 600 74 600 text 0
148 592 208 592 208 600 148 600 text 0
222 593 329 593 329 599 222 599 text 0
343 593 379 593 379 599 343 599 text 0
392 593 403 593 403 600 392 600 text 0
416 593 439 593 439 600 416 600 text 0
453 593 464 593 464 599 453 599 text 0