153 50 261 50 261 70 153 70 text 0
286 38 446 38 446 64 286 64 text 0
87 73 301 73 301 100 87 100 text 0
319 69 380 69 380 87 319 87 text 0
404 64 494 64 494 83 404 83 text 0
105 97 233 97 233 118 105 118 text 0
245 91 311 91 311 112 245 112 text 0
338 92 397 92 397 108 338 108 text 0
420 88 483 88 483 108 420 108 text 0
104 124 183 124 183 140 104 140 text 0
203 119 303 119 303 136 203 136 text 0
318 116 354 116 354 132 318 132 text 0
369 112 471 112 471 130 369 130 text 0
88 147 149 147 149 162 88 162 text 0
168 145 211 145 211 159 168 159 text 0
221 142 251 142 251 156 221 156 text 0
270 131 486 131 486 156 270 156 text 0
203 159 371 159 371 179 203 179 text 0
151 185 267 185 267 204 151 204 text 0
285 179 421 179 421 199 285 199 text 0
202 223 216 223 216 236 202 236 text 0
236 213 405 213 405 235 236 235 text 0
203 247 213 247 213 259 203 259 text 0
237 237 372 237 372 258 237 258 text 0
20 267 68 267 68 289 20 289 text 0
82 268 118 268 118 285 82 285 text 0
201 268 213 268 213 283 201 283 text 0
235 263 302 263 302 279 235 279 text 0
20 221 100 221 100 240 20 240 text 0
19 247 83 247 83 262 19 262 text 0
27 304 116 304 116 323 27 323 text 0
131 303 141 303 141 317 131 317 text 0
158 301 239 301 239 319 158 319 text 0
28 327 115 327 115 343 28 343 text 0
131 327 156 327 156 342 131 342 text 0
454 316 537 316 537 335 454 335 text 0
470 342 540 342 540 360 470 360 text 0
27 351 105 351 105 367 27 367 text 0
120 348 200 348 200 365 120 365 text 0
29 378 104 378 104 394 29 394 text 0
121 376 200 376 200 393 121 393 text 0
470 369 542 369 542 386 470 386 text 0
29 405 104 405 104 421 29 421 text 0
120 403 202 403 202 420 120 420 text 0
470 397 539 397 539 414 470 414 text 0
31 453 155 453 155 469 31 469 text 0
422 447 535 447 535 466 422 466 text 0
403 473 535 473 535 491 403 491 text 0
32 477 159 477 159 495 32 495 text 0
27 524 110 524 110 545 27 545 text 0
442 521 545 521 545 541 442 541 text 0
47 549 78 549 78 566 47 566 text 0
93 548 209 548 209 566 93 566 text 0
47 570 241 570 241 582 47 582 text 0
244 572 310 572 310 589 244 589 text 0
26 602 125 602 125 619 26 619 text 0
143 606 154 606 154 620 143 620 text 0
176 604 452 604 452 624 176 624 text 0
336 320 382 320 382 336 336 336 text 0
335 342 382 342 382 360 335 360 text 0
337 371 382 371 382 388 337 388 text 0
338 398 381 398 381 415 338 415 text 0