38 119 96 119 96 136 38 136 text 0
120 122 186 122 186 139 120 139 text 0
204 124 350 124 350 144 204 144 text 0
380 128 471 128 471 147 380 147 text 0
495 131 559 131 559 150 495 150 text 0
154 144 185 144 185 159 154 159 text 0
222 145 268 145 268 163 222 163 text 0
290 147 342 147 342 166 290 166 text 0
376 149 439 149 439 168 376 168 text 0
35 159 167 159 167 179 35 179 text 0
188 164 273 164 273 181 188 181 text 0
290 168 354 168 354 184 290 184 text 0
374 170 511 170 511 188 374 188 text 0
530 174 579 174 579 189 530 189 text 0
135 182 238 182 238 201 135 201 text 0
259 184 473 184 473 209 259 209 text 0
105 203 153 203 153 221 105 221 text 0
171 204 221 204 221 223 171 223 text 0
239 206 302 206 302 224 239 224 text 0
327 209 487 209 487 230 327 230 text 0
43 245 205 245 205 265 43 265 text 0
40 266 205 266 205 284 40 284 text 0
378 252 412 252 412 273 378 273 text 0
429 254 472 254 472 273 429 273 text 0
496 257 560 257 560 274 496 274 text 0
38 306 155 306 155 326 38 326 text 0
327 314 378 314 378 332 327 332 text 0
430 316 545 316 545 335 430 335 text 0
45 356 119 356 119 373 45 373 text 0
382 363 540 363 540 383 382 383 text 0
350 387 541 387 541 408 350 408 text 0
46 380 120 380 120 397 46 397 text 0
41 419 119 419 119 437 41 437 text 0
423 432 440 432 440 440 423 440 text 0
447 425 549 425 549 447 447 447 text 0
41 480 148 480 148 500 41 500 text 0
192 484 341 484 341 504 192 504 text 0
364 488 388 488 388 504 364 504 text 0
40 523 88 523 88 540 40 540 text 0
108 525 140 525 140 541 108 541 text 0
158 526 221 526 221 542 158 542 text 0
409 529 427 529 427 547 409 547 text 0
443 530 561 530 561 551 443 551 text 0
170 568 212 568 212 587 170 587 text 0
243 568 288 568 288 586 243 586 text 0
307 570 440 570 440 590 307 590 text 0