26 111 185 111 185 128 26 128 text 0
217 106 399 106 399 123 217 123 text 0
432 103 526 103 526 118 432 118 text 0
27 128 160 128 160 142 27 142 text 0
175 127 215 127 215 138 175 138 text 0
228 126 255 126 255 137 228 137 text 0
269 123 350 123 350 137 269 137 text 0
364 121 430 121 430 134 364 134 text 0
443 119 548 119 548 132 443 132 text 0
28 143 175 143 175 158 28 158 text 0
187 142 216 142 216 156 187 156 text 0
362 135 469 135 469 150 362 150 text 0
31 157 201 157 201 174 31 174 text 0
215 156 269 156 269 169 215 169 text 0
30 176 95 176 95 190 30 190 text 0
110 172 256 172 256 188 110 188 text 0
270 167 454 167 454 184 270 184 text 0
28 188 349 188 349 207 28 207 text 0
33 208 111 208 111 221 33 221 text 0
125 205 213 205 213 219 125 219 text 0
231 201 322 201 322 216 231 216 text 0
337 200 384 200 384 213 337 213 text 0
403 198 480 198 480 211 403 211 text 0
495 197 546 197 546 209 495 209 text 0
32 224 93 224 93 237 32 237 text 0
112 222 164 222 164 235 112 235 text 0
177 215 401 215 401 233 177 233 text 0
34 239 112 239 112 252 34 252 text 0
125 238 159 238 159 249 125 249 text 0
179 231 389 231 389 249 179 249 text 0
389 148 561 148 561 166 389 166 text 0
38 270 100 270 100 282 38 282 text 0
116 270 124 270 124 281 116 281 text 0
142 266 271 266 271 281 142 281 text 0
36 284 76 284 76 299 36 299 text 0
87 284 125 284 125 297 87 297 text 0
143 283 179 283 179 295 143 295 text 0
363 262 424 262 424 275 363 275 text 0
443 260 507 260 507 273 443 273 text 0
41 310 257 310 257 326 41 326 text 0
43 328 105 328 105 340 43 340 text 0
118 327 155 327 155 338 118 338 text 0
170 324 257 324 257 337 170 337 text 0
273 323 298 323 298 334 273 334 text 0
44 343 94 343 94 354 44 354 text 0
107 340 193 340 193 353 107 353 text 0
208 338 272 338 272 351 208 351 text 0
45 357 93 357 93 369 45 369 text 0
105 355 193 355 193 368 105 368 text 0
208 353 272 353 272 366 208 366 text 0
42 371 117 371 117 384 42 384 text 0
131 370 169 370 169 384 131 384 text 0
233 368 295 368 295 382 233 382 text 0
43 387 92 387 92 399 43 399 text 0
105 384 193 384 193 398 105 398 text 0
208 383 272 383 272 396 208 396 text 0
43 402 105 402 105 415 43 415 text 0
118 398 299 398 299 414 118 414 text 0
42 417 104 417 104 430 42 430 text 0
118 416 195 416 195 428 118 428 text 0
208 413 299 413 299 427 208 427 text 0
42 432 79 432 79 444 42 444 text 0
93 433 105 433 105 443 93 443 text 0
122 430 208 430 208 443 122 443 text 0
40 447 90 447 90 460 40 460 text 0
105 446 169 446 169 458 105 458 text 0
183 444 247 444 247 457 183 457 text 0
260 444 298 444 298 456 260 456 text 0
41 462 104 462 104 474 41 474 text 0
118 461 180 461 180 473 118 473 text 0
196 459 286 459 286 471 196 471 text 0
40 478 79 478 79 490 40 490 text 0
92 477 104 477 104 488 92 488 text 0
121 475 208 475 208 488 121 488 text 0
41 491 116 491 116 505 41 505 text 0
131 490 169 490 169 504 131 504 text 0
195 489 286 489 286 503 195 503 text 0
41 507 105 507 105 522 41 522 text 0
118 507 142 507 142 519 118 519 text 0
157 510 169 510 169 519 157 519 text 0
184 505 248 505 248 520 184 520 text 0
263 504 327 504 327 518 263 518 text 0
37 523 80 523 80 537 37 537 text 0
93 522 156 522 156 535 93 535 text 0
170 522 204 522 204 534 170 534 text 0
40 539 52 539 52 551 40 551 text 0
66 539 91 539 91 550 66 550 text 0
105 542 117 542 117 550 105 550 text 0
132 537 196 537 196 552 132 552 text 0
209 536 275 536 275 549 209 549 text 0
39 553 117 553 117 567 39 567 text 0
38 570 78 570 78 583 38 583 text 0
92 569 167 569 167 582 92 582 text 0
183 569 233 569 233 582 183 582 text 0
39 585 117 585 117 598 39 598 text 0
130 585 221 585 221 598 130 598 text 0
236 585 300 585 300 597 236 597 text 0
480 317 557 317 557 332 480 332 text 0
493 329 558 329 558 346 493 346 text 0
494 347 558 347 558 361 494 361 text 0
496 362 560 362 560 376 496 376 text 0
497 377 561 377 561 392 497 392 text 0
484 393 562 393 562 408 484 408 text 0
485 408 564 408 564 423 485 423 text 0
485 424 564 424 564 438 485 438 text 0
486 439 564 439 564 453 486 453 text 0
487 454 566 454 566 468 487 468 text 0
487 470 566 470 566 483 487 483 text 0
501 485 568 485 568 499 501 499 text 0
376 321 401 321 401 332 376 332 text 0
377 336 400 336 400 347 377 347 text 0
377 363 407 363 407 379 377 379 text 0
377 381 403 381 403 393 377 393 text 0
378 396 403 396 403 408 378 408 text 0
379 412 404 412 404 424 379 424 text 0
379 443 404 443 404 454 379 454 text 0
382 488 405 488 405 500 382 500 text 0
490 518 568 518 568 531 490 531 text 0
381 550 410 550 410 563 381 563 text 0
383 566 407 566 407 580 383 580 text 0
384 582 422 582 422 596 384 596 text 0
490 548 569 548 569 563 490 563 text 0
505 565 570 565 570 579 505 579 text 0
505 580 572 580 572 595 505 595 text 0
42 617 193 617 193 629 42 629 text 0
45 628 196 628 196 635 45 635 text 0
412 612 571 612 571 628 412 628 text 0
411 626 488 626 488 632 411 632 text 0
524 626 568 626 568 632 524 632 text 0
229 138 349 138 349 154 229 154 text 0
181 369 222 369 222 382 181 382 text 0
380 519 408 519 408 533 380 533 text 0