88 40 222 40 222 57 88 57 text 0
250 39 392 39 392 56 250 56 text 0
413 40 505 40 505 54 413 54 text 0
125 63 183 63 183 82 125 82 text 0
194 65 253 65 253 78 194 78 text 0
278 64 311 64 311 78 278 78 text 0
330 61 395 61 395 78 330 78 text 0
417 62 484 62 484 80 417 80 text 0
174 82 328 82 328 100 174 100 text 0
349 84 410 84 410 98 349 98 text 0
157 106 264 106 264 121 157 121 text 0
281 106 343 106 343 119 281 119 text 0
366 105 450 105 450 119 366 119 text 0
177 126 432 126 432 143 177 143 text 0
108 149 224 149 224 163 108 163 text 0
243 148 306 148 306 162 243 162 text 0
332 147 504 147 504 162 332 162 text 0
211 180 222 180 222 192 211 192 text 0
246 177 416 177 416 192 246 192 text 0
210 200 220 200 220 211 210 211 text 0
247 197 382 197 382 210 247 210 text 0
209 219 221 219 221 231 209 231 text 0
244 215 315 215 315 232 244 232 text 0
19 178 106 178 106 194 19 194 text 0
19 199 86 199 86 212 19 212 text 0
15 216 66 216 66 234 15 234 text 0
82 217 117 217 117 231 82 231 text 0
11 250 82 250 82 264 11 264 text 0
353 248 398 248 398 263 353 263 text 0
459 247 561 247 561 263 459 263 text 0
420 293 559 293 559 311 420 311 text 0
396 317 562 317 562 335 396 335 text 0
9 296 149 296 149 311 9 311 text 0
9 319 149 319 149 335 9 335 text 0
4 366 91 366 91 384 4 384 text 0
22 389 165 389 165 403 22 403 text 0
444 365 571 365 571 383 444 383 text 0
241 411 313 411 313 426 241 426 text 0
4 440 133 440 133 455 4 455 text 0
151 442 196 442 196 454 151 454 text 0
224 441 294 441 294 453 224 453 text 0
9 469 59 469 59 484 9 484 text 0
79 470 203 470 203 484 79 484 text 0
422 468 442 468 442 483 422 483 text 0
458 468 507 468 507 482 458 482 text 0
517 468 584 468 584 481 517 481 text 0
12 528 85 528 85 540 12 540 text 0
103 525 341 525 341 538 103 538 text 0
385 525 569 525 569 537 385 537 text 0
7 541 49 541 49 556 7 556 text 0
62 540 251 540 251 555 62 555 text 0
306 540 352 540 352 551 306 551 text 0
361 539 488 539 488 552 361 552 text 0
508 540 568 540 568 551 508 551 text 0
65 555 328 555 328 570 65 570 text 0
334 554 521 554 521 567 334 567 text 0
252 571 360 571 360 583 252 583 text 0
203 593 286 593 286 602 203 602 text 0
321 593 403 593 403 601 321 601 text 0
439 593 525 593 525 605 439 605 text 0
86 596 168 596 168 604 86 604 text 0
199 609 276 609 276 621 199 621 text 0
291 609 379 609 379 620 291 620 text 0
251 624 363 624 363 635 251 635 text 0
21 410 237 410 237 421 21 421 text 0