148 22 281 22 281 33 148 33 text 0
311 25 444 25 444 36 311 36 text 0
476 30 492 30 492 35 476 35 text 0
521 27 538 27 538 36 521 36 text 0
246 37 332 37 332 49 246 49 text 0
351 40 434 40 434 51 351 51 text 0
69 48 222 48 222 62 69 62 text 0
247 52 412 52 412 64 247 64 text 0
436 53 535 53 535 65 436 65 text 0
559 54 603 54 603 63 559 63 text 0
124 65 224 65 224 75 124 75 text 0
247 66 536 66 536 78 247 78 text 0
177 80 238 80 238 89 177 89 text 0
264 82 329 82 329 90 264 90 text 0
353 82 398 82 398 91 353 91 text 0
422 82 450 82 450 91 422 91 text 0
473 83 504 83 504 91 473 91 text 0
125 93 245 93 245 105 125 105 text 0
263 95 324 95 324 104 263 104 text 0
351 95 538 95 538 106 351 106 text 0
53 112 141 112 141 123 53 123 text 0
246 116 258 116 258 124 246 124 text 0
281 115 451 115 451 125 281 125 text 0
55 127 121 127 121 136 55 136 text 0
281 129 418 129 418 139 281 139 text 0
53 140 105 140 105 152 53 152 text 0
122 141 158 141 158 150 122 150 text 0
279 143 347 143 347 151 279 151 text 0
55 163 123 163 123 171 55 171 text 0
387 164 428 164 428 173 387 173 text 0
490 164 588 164 588 175 490 175 text 0
55 193 189 193 189 202 55 202 text 0
451 194 584 194 584 206 451 206 text 0
425 209 582 209 582 221 425 221 text 0
55 208 189 208 189 217 55 217 text 0
52 235 132 235 132 246 52 246 text 0
67 249 239 249 239 260 67 260 text 0
69 264 275 264 275 271 69 271 text 0
279 265 347 265 347 275 279 275 text 0
471 239 589 239 589 250 471 250 text 0
52 283 171 283 171 294 52 294 text 0
191 285 238 285 238 294 191 294 text 0
261 285 449 285 449 295 261 295 text 0
52 316 100 316 100 327 52 327 text 0
121 318 238 318 238 328 121 328 text 0
450 319 468 319 468 329 450 329 text 0
484 320 606 320 606 330 484 330 text 0
52 355 116 355 116 364 52 364 text 0
131 356 162 356 162 363 131 363 text 0
168 356 339 356 339 364 168 364 text 0
53 365 106 365 106 375 53 375 text 0
120 367 281 367 281 374 120 374 text 0
429 356 466 356 466 365 429 365 text 0
480 357 604 357 604 364 480 364 text 0
550 368 603 368 603 375 550 375 text 0
179 377 249 377 249 385 179 385 text 0
283 377 361 377 361 385 283 385 text 0
397 378 465 378 465 386 397 386 text 0
263 388 369 388 369 397 263 397 text 0
98 399 186 399 186 404 98 404 text 0
215 400 303 400 303 405 215 405 text 0
330 400 417 400 417 405 330 405 text 0
447 399 531 399 531 406 447 406 text 0
247 409 315 409 315 416 247 416 text 0
329 409 383 409 383 416 329 416 text 0
389 409 407 409 407 416 389 416 text 0
263 419 370 419 370 427 263 427 text 0
218 429 346 429 346 438 218 438 text 0
376 430 414 430 414 438 376 438 text 0
49 441 84 441 84 448 49 448 text 0
99 442 107 442 107 448 99 448 text 0
121 440 281 440 281 447 121 447 text 0
560 443 606 443 606 451 560 451 text 0
224 450 267 450 267 458 224 458 text 0
281 451 325 451 325 459 281 459 text 0
363 452 430 452 430 460 363 460 text 0
111 461 165 461 165 469 111 469 text 0
177 461 244 461 244 469 177 469 text 0
250 462 277 462 277 469 250 469 text 0
290 462 323 462 323 470 290 470 text 0
336 463 383 463 383 470 336 470 text 0
396 463 475 463 475 472 396 472 text 0
489 464 548 464 548 472 489 472 text 0
199 472 221 472 221 480 199 480 text 0
234 473 311 473 311 481 234 481 text 0
326 474 440 474 440 482 326 482 text 0
254 495 323 495 323 504 254 504 text 0
336 496 393 496 393 504 336 504 text 0
60 504 116 504 116 513 60 513 text 0
118 505 162 505 162 514 118 514 text 0
173 506 216 506 216 514 173 514 text 0
230 506 277 506 277 515 230 515 text 0
290 507 346 507 346 515 290 515 text 0
361 508 428 508 428 516 361 516 text 0
443 509 473 509 473 517 443 517 text 0
490 510 522 510 522 517 490 517 text 0
541 511 573 511 573 518 541 518 text 0
589 512 594 512 594 518 589 518 text 0
139 517 149 517 149 524 139 524 text 0
162 517 218 517 218 525 162 525 text 0
231 517 334 517 334 527 231 527 text 0
349 520 488 520 488 528 349 528 text 0
495 522 499 522 499 528 495 528 text 0
128 548 603 548 603 574 128 574 text 0
196 584 237 584 237 591 196 591 text 0
255 583 324 583 324 591 255 591 text 0
336 582 455 582 455 591 336 591 text 0
50 608 103 608 103 618 50 618 text 0
120 609 237 609 237 616 120 616 text 0
452 607 467 607 467 614 452 614 text 0
484 605 606 605 606 615 484 615 text 0
213 623 246 623 246 630 213 630 text 0
271 624 299 624 299 630 271 630 text 0
320 623 451 623 451 630 320 630 text 0
249 130 257 130 257 137 249 137 text 0
249 144 259 144 259 152 249 152 text 0
339 454 349 454 349 459 339 459 text 0