268 73 343 73 343 90 268 90 text 0
102 90 147 90 147 106 102 106 text 0
163 90 217 90 217 107 163 107 text 0
228 91 340 91 340 108 228 108 text 0
360 92 432 92 432 109 360 109 text 0
446 93 506 93 506 109 446 109 text 0
216 108 244 108 244 126 216 126 text 0
255 110 398 110 398 127 255 127 text 0
88 127 109 127 109 143 88 143 text 0
115 127 178 127 178 143 115 143 text 0
189 127 257 127 257 145 189 145 text 0
260 125 301 125 301 147 260 147 text 0
306 128 407 128 407 145 306 145 text 0
417 130 509 130 509 147 417 147 text 0
188 146 420 146 420 163 188 163 text 0
100 163 190 163 190 179 100 179 text 0
204 163 266 163 266 179 204 179 text 0
279 164 513 164 513 181 279 181 text 0
35 193 164 193 164 209 35 209 text 0
34 210 99 210 99 227 34 227 text 0
112 211 178 211 178 228 112 228 text 0
398 194 438 194 438 210 398 210 text 0
449 194 481 194 481 210 449 210 text 0
499 194 575 194 575 210 499 210 text 0
33 241 111 241 111 259 33 259 text 0
309 242 346 242 346 258 309 258 text 0
476 242 553 242 553 259 476 259 text 0
34 270 188 270 188 287 34 287 text 0
34 288 188 288 188 305 34 305 text 0
489 269 555 269 555 286 489 286 text 0
478 288 556 288 556 305 478 305 text 0
31 316 93 316 93 333 31 333 text 0
111 316 174 316 174 333 111 333 text 0
480 315 557 315 557 331 480 331 text 0
29 333 230 333 230 352 29 352 text 0
243 335 256 335 256 351 243 351 text 0
35 352 106 352 106 362 35 362 text 0
124 350 295 350 295 361 124 361 text 0
32 366 96 366 96 373 32 373 text 0
111 365 149 365 149 372 111 372 text 0
165 365 198 365 198 372 165 372 text 0
218 364 321 364 321 373 218 373 text 0
362 351 581 351 581 359 362 359 text 0
34 377 99 377 99 386 34 386 text 0
546 376 579 376 579 384 546 384 text 0
180 391 230 391 230 396 180 396 text 0
245 390 295 390 295 396 245 396 text 0
311 391 360 391 360 395 311 395 text 0
376 388 425 388 425 396 376 396 text 0
220 401 296 401 296 409 220 409 text 0
311 401 399 401 399 409 311 409 text 0
37 414 271 414 271 422 37 422 text 0
531 413 581 413 581 421 531 421 text 0
117 426 399 426 399 434 117 434 text 0
430 426 475 426 475 433 430 433 text 0
104 438 218 438 218 446 104 446 text 0
234 438 270 438 270 446 234 446 text 0
286 438 336 438 336 445 286 445 text 0
351 438 426 438 426 446 351 446 text 0
441 438 514 438 514 445 441 445 text 0
169 451 193 451 193 458 169 458 text 0
208 451 293 451 293 459 208 459 text 0
312 450 438 450 438 458 312 458 text 0
40 476 90 476 90 484 40 484 text 0
105 476 245 476 245 484 105 484 text 0
261 476 331 476 331 484 261 484 text 0
338 475 388 475 388 483 338 483 text 0
428 475 477 475 477 483 428 483 text 0
492 475 580 475 580 483 492 483 text 0
121 488 181 488 181 497 121 497 text 0
196 488 310 488 310 496 196 496 text 0
325 488 399 488 399 496 325 496 text 0
416 488 491 488 491 496 416 496 text 0
40 514 90 514 90 521 40 521 text 0
106 513 207 513 207 521 106 521 text 0
222 513 297 513 297 521 222 521 text 0
313 513 344 513 344 521 313 521 text 0
364 513 438 513 438 521 364 521 text 0
143 538 512 538 512 555 143 555 text 0
37 555 54 555 54 573 37 573 text 0
67 556 100 556 100 572 67 572 text 0
105 553 182 553 182 571 105 571 text 0
437 554 478 554 478 569 437 569 text 0
490 553 580 553 580 569 490 569 text 0
179 591 245 591 245 608 179 608 text 0
260 591 287 591 287 605 260 605 text 0
299 588 402 588 402 605 299 605 text 0