41 81 120 81 120 91 41 91 text 0
382 81 487 81 487 91 382 91 text 0
136 82 229 82 229 91 136 91 text 0
245 82 256 82 256 91 245 91 text 0
299 82 364 82 364 91 299 91 text 0
503 82 580 82 580 91 503 91 text 0
274 82 281 82 281 91 274 91 text 0
190 97 201 97 201 106 190 106 text 0
43 97 148 97 148 107 43 107 text 0
244 97 294 97 294 107 244 107 text 0
410 98 515 98 515 108 410 108 text 0
313 98 362 98 362 108 313 108 text 0
222 97 227 97 227 108 222 108 text 0
167 98 172 98 172 108 167 108 text 0
533 97 539 97 539 110 533 110 text 0
384 97 390 97 390 110 384 110 text 0
68 113 105 113 105 123 68 123 text 0
122 113 171 113 171 123 122 123 text 0
191 113 225 113 225 123 191 123 text 0
245 114 392 114 392 124 245 124 text 0
424 113 430 113 430 125 424 125 text 0
191 129 229 129 229 139 191 139 text 0
42 130 79 130 79 139 42 139 text 0
96 129 171 129 171 141 96 141 text 0
245 129 321 129 321 142 245 142 text 0
69 145 134 145 134 155 69 155 text 0
476 146 487 146 487 156 476 156 text 0
43 146 51 146 51 156 43 156 text 0
272 145 351 145 351 156 272 156 text 0
394 145 459 145 459 156 394 156 text 0
150 145 256 145 256 158 150 158 text 0
42 161 161 161 161 171 42 171 text 0
177 161 257 161 257 171 177 171 text 0
272 161 348 161 348 172 272 172 text 0
42 177 106 177 106 187 42 187 text 0
245 177 307 177 307 190 245 190 text 0
122 177 228 177 228 190 122 190 text 0
326 177 433 177 433 190 326 190 text 0
43 193 91 193 91 203 43 203 text 0
219 193 270 193 270 203 219 203 text 0
109 193 202 193 202 203 109 203 text 0
286 193 335 193 335 203 286 203 text 0
353 193 447 193 447 203 353 203 text 0
462 193 514 193 514 203 462 203 text 0
234 257 270 257 270 267 234 267 text 0
288 257 379 257 379 267 288 267 text 0
43 288 487 288 487 299 43 299 text 0
504 289 580 289 580 300 504 300 text 0
42 305 104 305 104 316 42 316 text 0
150 321 186 321 186 331 150 331 text 0
233 321 310 321 310 331 233 331 text 0
42 321 134 321 134 333 42 333 text 0
94 352 419 352 419 363 94 363 text 0
435 353 526 353 526 363 435 363 text 0
57 352 77 352 77 365 57 365 text 0
303 366 527 366 527 379 303 379 text 0
96 368 115 368 115 378 96 378 text 0
137 369 215 369 215 379 137 379 text 0
231 368 296 368 296 379 231 379 text 0
272 384 323 384 323 394 272 394 text 0
83 384 106 384 106 394 83 394 text 0
448 387 459 387 459 392 448 392 text 0
516 385 581 385 581 395 516 395 text 0
164 384 252 384 252 397 164 397 text 0
366 385 430 385 430 397 366 397 text 0
83 417 90 417 90 425 83 425 text 0
366 416 418 416 418 426 366 426 text 0
516 416 581 416 581 426 516 426 text 0
530 431 581 431 581 442 530 442 text 0
41 432 147 432 147 444 41 444 text 0
163 432 199 432 199 444 163 444 text 0
42 463 106 463 106 473 42 473 text 0
516 464 581 464 581 473 516 473 text 0
271 479 295 479 295 489 271 489 text 0
216 479 254 479 254 489 216 489 text 0
314 479 418 479 418 489 314 489 text 0
531 480 580 480 580 490 531 490 text 0
516 494 583 494 583 505 516 505 text 0
367 495 418 495 418 505 367 505 text 0
190 511 268 511 268 521 190 521 text 0
516 511 580 511 580 521 516 521 text 0
136 526 242 526 242 536 136 536 text 0
40 527 119 527 119 536 40 536 text 0
261 529 266 529 266 536 261 536 text 0
271 542 307 542 307 552 271 552 text 0
53 542 173 542 173 552 53 552 text 0
216 543 255 543 255 553 216 553 text 0
326 543 377 543 377 553 326 553 text 0
231 558 296 558 296 568 231 568 text 0
312 558 350 558 350 568 312 568 text 0
108 574 172 574 172 584 108 584 text 0
191 574 241 574 241 584 191 584 text 0
257 574 295 574 295 584 257 584 text 0
312 574 349 574 349 584 312 584 text 0
366 574 509 574 509 585 366 585 text 0