106 23 203 23 203 34 106 34 text 0
224 24 292 24 292 33 224 33 text 0
311 24 365 24 365 34 311 34 text 0
372 24 556 24 556 33 372 33 text 0
107 37 319 37 319 46 107 46 text 0
327 36 368 36 368 47 327 47 text 0
385 37 430 37 430 47 385 47 text 0
445 36 555 36 555 49 445 49 text 0
108 48 240 48 240 61 108 61 text 0
239 52 274 52 274 60 239 60 text 0
300 49 412 49 412 59 300 59 text 0
430 52 464 52 464 60 430 60 text 0
488 52 500 52 500 60 488 60 text 0
517 52 557 52 557 60 517 60 text 0
165 64 205 64 205 72 165 72 text 0
223 64 278 64 278 73 223 73 text 0
296 64 499 64 499 75 296 75 text 0
176 76 245 76 245 87 176 87 text 0
253 78 304 78 304 86 253 86 text 0
342 78 486 78 486 86 342 86 text 0
96 95 162 95 162 106 96 106 text 0
284 97 424 97 424 105 284 105 text 0
93 110 146 110 146 118 93 118 text 0
286 110 396 110 396 118 286 118 text 0
92 122 136 122 136 134 92 134 text 0
150 123 180 123 180 132 150 132 text 0
283 124 338 124 338 132 283 132 text 0
92 145 127 145 127 153 92 153 text 0
141 145 162 145 162 153 141 153 text 0
177 143 238 143 238 153 177 153 text 0
472 144 542 144 542 154 472 154 text 0
486 159 544 159 544 169 486 169 text 0
373 144 408 144 408 153 373 153 text 0
93 159 162 159 162 167 93 167 text 0
178 159 237 159 237 167 178 167 text 0
373 159 408 159 408 167 373 167 text 0
91 174 116 174 116 184 91 184 text 0
131 175 187 175 187 183 131 183 text 0
375 174 407 174 407 183 375 183 text 0
486 174 544 174 544 184 486 184 text 0
486 188 544 188 544 199 486 199 text 0
93 189 175 189 175 197 93 197 text 0
374 188 408 188 408 197 374 197 text 0
448 217 540 217 540 228 448 228 text 0
428 231 544 231 544 243 428 243 text 0
97 218 206 218 206 227 97 227 text 0
96 233 207 233 207 241 96 241 text 0
94 261 162 261 162 270 94 270 text 0
462 259 552 259 552 270 462 270 text 0
110 273 137 273 137 285 110 285 text 0
152 274 254 274 254 284 152 284 text 0
286 286 342 286 342 296 286 296 text 0
95 307 180 307 180 315 95 315 text 0
198 308 207 308 207 316 198 316 text 0
226 306 459 306 459 315 226 315 text 0
97 338 140 338 140 348 97 348 text 0
155 339 253 339 253 348 155 348 text 0
431 338 447 338 447 348 431 348 text 0
461 338 563 338 563 348 461 348 text 0
383 373 421 373 421 379 383 379 text 0
436 372 557 372 557 380 436 380 text 0
98 373 157 373 157 381 98 381 text 0
171 374 199 374 199 380 171 380 text 0
206 373 301 373 301 380 206 380 text 0
96 383 156 383 156 390 96 390 text 0
171 383 211 383 211 390 171 390 text 0
222 383 278 383 278 390 222 390 text 0
295 382 304 382 304 390 295 390 text 0
97 393 204 393 204 401 97 401 text 0
506 392 555 392 555 399 506 399 text 0
305 403 356 403 356 410 305 410 text 0
228 413 265 413 265 420 228 420 text 0
283 412 433 412 433 419 283 419 text 0
216 423 246 423 246 429 216 429 text 0
262 422 321 422 321 429 262 429 text 0
338 421 445 421 445 429 338 429 text 0
157 437 225 437 225 441 157 441 text 0
255 437 323 437 323 441 255 441 text 0
354 436 422 436 422 441 354 441 text 0
451 435 521 435 521 442 451 442 text 0
255 447 298 447 298 455 255 455 text 0
314 447 345 447 345 454 314 454 text 0
372 447 403 447 403 454 372 454 text 0
182 458 195 458 195 466 182 466 text 0
209 458 279 458 279 465 209 465 text 0
295 458 314 458 314 464 295 464 text 0
327 458 377 458 377 464 327 464 text 0
393 457 444 457 444 464 393 464 text 0
461 459 468 459 468 464 461 464 text 0
177 468 249 468 249 475 177 475 text 0
274 468 361 468 361 476 274 476 text 0
392 467 504 467 504 475 392 475 text 0
97 483 190 483 190 490 97 490 text 0
209 482 281 482 281 490 209 490 text 0
296 481 479 481 479 489 296 489 text 0
494 482 544 482 544 488 494 488 text 0
97 492 137 492 137 500 97 500 text 0
152 492 180 492 180 500 152 500 text 0
199 492 259 492 259 500 199 500 text 0
97 503 135 503 135 510 97 510 text 0
152 502 282 502 282 510 152 510 text 0
372 492 424 492 424 498 372 498 text 0
439 491 466 491 466 498 439 498 text 0
495 491 556 491 556 499 495 499 text 0
416 501 458 501 458 509 416 509 text 0
466 501 556 501 556 509 466 509 text 0
219 512 236 512 236 519 219 519 text 0
252 511 324 511 324 519 252 519 text 0
340 512 447 512 447 519 340 519 text 0
230 522 270 522 270 528 230 528 text 0
285 522 331 522 331 529 285 529 text 0
340 521 350 521 350 529 340 529 text 0
362 521 435 521 435 528 362 528 text 0
182 530 261 530 261 539 182 539 text 0
276 532 323 532 323 539 276 539 text 0
341 531 370 531 370 538 341 538 text 0
377 532 417 532 417 539 377 539 text 0
428 531 468 531 468 539 428 539 text 0
241 541 283 541 283 549 241 549 text 0
286 540 340 540 340 550 286 550 text 0
351 540 406 540 406 548 351 548 text 0
185 558 297 558 297 568 185 568 text 0
354 559 480 559 480 569 354 569 text 0
269 581 364 581 364 586 269 586 text 0
368 580 433 580 433 585 368 585 text 0
99 603 145 603 145 614 99 614 text 0
156 604 261 604 261 613 156 613 text 0
436 602 453 602 453 612 436 612 text 0
467 602 569 602 569 612 467 612 text 0
235 622 264 622 264 632 235 632 text 0
285 624 308 624 308 632 285 632 text 0
327 623 441 623 441 632 327 632 text 0
113 287 284 287 284 293 113 293 text 0