81 83 164 83 164 93 81 93 text 0
327 84 536 84 536 94 327 94 text 0
189 86 296 86 296 92 189 92 text 0
82 94 352 94 352 102 82 102 text 0
407 94 543 94 543 102 407 102 text 0
139 101 248 101 248 112 139 112 text 0
300 101 382 101 382 112 300 112 text 0
406 102 491 102 491 111 406 111 text 0
258 112 373 112 373 120 258 120 text 0
348 119 415 119 415 128 348 128 text 0
265 119 335 119 335 128 265 128 text 0
129 120 162 120 162 128 129 128 text 0
186 120 241 120 241 128 186 128 text 0
431 121 498 121 498 128 431 128 text 0
396 129 449 129 449 136 396 136 text 0
219 129 289 129 289 136 219 136 text 0
172 129 194 129 194 138 172 138 text 0
314 129 382 129 382 137 314 137 text 0
116 138 212 138 212 146 116 146 text 0
227 138 272 138 272 147 227 147 text 0
290 138 366 138 366 146 290 146 text 0
376 138 497 138 497 147 376 147 text 0
210 146 309 146 309 155 210 155 text 0
129 147 170 147 170 155 129 155 text 0
454 147 562 147 562 155 454 155 text 0
387 148 413 148 413 155 387 155 text 0
322 147 376 147 376 156 322 156 text 0
64 147 103 147 103 156 64 156 text 0
168 156 215 156 215 164 168 164 text 0
284 155 452 155 452 166 284 166 text 0
233 156 260 156 260 168 233 168 text 0
372 173 461 173 461 189 372 189 text 0
312 172 352 172 352 190 312 190 text 0
162 172 301 172 301 190 162 190 text 0
35 207 98 207 98 217 35 217 text 0
148 224 175 224 175 233 148 233 text 0
40 225 133 225 133 234 40 234 text 0
186 225 324 225 324 234 186 234 text 0
337 226 391 226 391 233 337 233 text 0
416 226 555 226 555 234 416 234 text 0
37 234 189 234 189 243 37 243 text 0
336 235 407 235 407 243 336 243 text 0
418 235 528 235 528 243 418 243 text 0
227 234 295 234 295 243 227 243 text 0
386 253 428 253 428 259 386 259 text 0
38 252 98 252 98 261 38 261 text 0
280 252 322 252 322 261 280 261 text 0
471 252 552 252 552 261 471 261 text 0
381 261 421 261 421 271 381 271 text 0
503 261 547 261 547 271 503 271 text 0
42 269 218 269 218 277 42 277 text 0
489 269 556 269 556 279 489 279 text 0
365 269 431 269 431 279 365 279 text 0
285 271 294 271 294 277 285 277 text 0
563 270 581 270 581 280 563 280 text 0
38 278 105 278 105 287 38 287 text 0
238 279 362 279 362 287 238 287 text 0
187 279 229 279 229 287 187 287 text 0
118 279 174 279 174 287 118 287 text 0
372 279 417 279 417 288 372 288 text 0
119 295 230 295 230 305 119 305 text 0
37 296 102 296 102 305 37 305 text 0
374 296 390 296 390 305 374 305 text 0
242 321 364 321 364 331 242 331 text 0
509 322 583 322 583 330 509 330 text 0
390 322 429 322 429 331 390 331 text 0
325 331 379 331 379 339 325 339 text 0
528 332 581 332 581 340 528 340 text 0
531 340 583 340 583 347 531 347 text 0
323 341 434 341 434 349 323 349 text 0
69 347 208 347 208 357 69 357 text 0
450 350 581 350 581 358 450 358 text 0
73 356 179 356 179 366 73 366 text 0
450 358 585 358 585 367 450 367 text 0
69 366 237 366 237 376 69 376 text 0
452 367 584 367 584 376 452 376 text 0
264 383 375 383 375 394 264 394 text 0
387 385 415 385 415 394 387 394 text 0
426 385 494 385 494 394 426 394 text 0
197 385 213 385 213 393 197 393 text 0
132 385 182 385 182 393 132 393 text 0
226 384 255 384 255 395 226 395 text 0
237 401 275 401 275 410 237 410 text 0
290 401 379 401 379 410 290 410 text 0
485 419 573 419 573 426 485 426 text 0
262 419 346 419 346 427 262 427 text 0
49 418 106 418 106 427 49 427 text 0
408 420 428 420 428 428 408 428 text 0
521 435 574 435 574 445 521 445 text 0
277 436 348 436 348 445 277 445 text 0
411 436 426 436 426 445 411 445 text 0
50 437 76 437 76 445 50 445 text 0
307 462 348 462 348 471 307 471 text 0
362 463 423 463 423 472 362 472 text 0
518 464 577 464 577 472 518 472 text 0
315 501 356 501 356 508 315 508 text 0
263 501 308 501 308 508 263 508 text 0
367 501 501 501 501 509 367 509 text 0
203 500 256 500 256 509 203 509 text 0
117 501 181 501 181 510 117 510 text 0
219 509 263 509 263 516 219 516 text 0
141 509 209 509 209 517 141 517 text 0
329 510 439 510 439 517 329 517 text 0
275 510 315 510 315 517 275 517 text 0
446 510 483 510 483 517 446 517 text 0
128 518 218 518 218 525 128 525 text 0
482 517 547 517 547 526 482 526 text 0
70 518 117 518 117 526 70 526 text 0
426 519 466 519 466 525 426 525 text 0
358 519 409 519 409 525 358 525 text 0
238 517 341 517 341 527 238 527 text 0
429 525 575 525 575 533 429 533 text 0
166 527 252 527 252 533 166 533 text 0
267 527 278 527 278 534 267 534 text 0
48 526 154 526 154 534 48 534 text 0
358 527 417 527 417 535 358 535 text 0
291 527 354 527 354 535 291 535 text 0
250 534 281 534 281 542 250 542 text 0
210 535 237 535 237 541 210 541 text 0
294 534 396 534 396 542 294 542 text 0
141 535 197 535 197 541 141 541 text 0
533 534 561 534 561 543 533 543 text 0
58 534 129 534 129 542 58 542 text 0
413 534 478 534 478 542 413 542 text 0
496 534 523 534 523 543 496 543 text 0
288 543 335 543 335 550 288 550 text 0
167 543 276 543 276 550 167 550 text 0
347 543 454 543 454 550 347 550 text 0