138 82 312 82 312 93 138 93 text 0
328 82 367 82 367 93 328 93 text 0
42 83 121 83 121 94 42 94 text 0
381 82 489 82 489 94 381 94 text 0
509 82 569 82 569 96 509 96 text 0
137 98 203 98 203 109 137 109 text 0
219 98 271 98 271 109 219 109 text 0
288 99 381 99 381 110 288 110 text 0
398 99 409 99 409 110 398 110 text 0
40 98 118 98 118 112 40 112 text 0
123 115 161 115 161 126 123 126 text 0
42 115 108 115 108 126 42 126 text 0
178 116 282 116 282 129 178 129 text 0
42 131 108 131 108 142 42 142 text 0
207 131 296 131 296 142 207 142 text 0
123 131 189 131 189 142 123 142 text 0
41 148 79 148 79 159 41 159 text 0
97 148 148 148 148 158 97 158 text 0
165 147 203 147 203 159 165 159 text 0
247 148 284 148 284 158 247 158 text 0
300 148 353 148 353 158 300 158 text 0
112 165 136 165 136 175 112 175 text 0
45 164 94 164 94 177 45 177 text 0
179 164 350 164 350 177 179 177 text 0
154 167 159 167 159 174 154 174 text 0
139 181 229 181 229 191 139 191 text 0
275 181 495 181 495 192 275 192 text 0
42 197 80 197 80 207 42 207 text 0
97 197 122 197 122 208 97 208 text 0
329 197 503 197 503 208 329 208 text 0
139 198 299 198 299 208 139 208 text 0
521 198 586 198 586 208 521 208 text 0
41 214 131 214 131 225 41 225 text 0
146 214 230 214 230 224 146 224 text 0
328 214 367 214 367 224 328 224 text 0
385 214 421 214 421 224 385 224 text 0
56 245 107 245 107 257 56 257 text 0
177 246 231 246 231 258 177 258 text 0
435 246 465 246 465 257 435 257 text 0
382 247 409 247 409 257 382 257 text 0
502 247 546 247 546 258 502 258 text 0
301 247 341 247 341 259 301 259 text 0
149 279 202 279 202 290 149 290 text 0
56 279 135 279 135 290 56 290 text 0
506 279 558 279 558 290 506 290 text 0
219 279 271 279 271 290 219 290 text 0
358 279 408 279 408 290 358 290 text 0
438 279 449 279 449 290 438 290 text 0
299 280 311 280 311 290 299 290 text 0
571 280 589 280 589 292 571 292 text 0
150 295 216 295 216 307 150 307 text 0
54 295 135 295 135 307 54 307 text 0
439 296 450 296 450 307 439 307 text 0
356 296 409 296 409 307 356 307 text 0
234 296 271 296 271 307 234 307 text 0
502 296 559 296 559 307 502 307 text 0
303 297 311 297 311 307 303 307 text 0
572 295 586 295 586 308 572 308 text 0
303 312 311 312 311 322 303 322 text 0
424 312 450 312 450 322 424 322 text 0
55 312 134 312 134 322 55 322 text 0
151 312 230 312 230 322 151 322 text 0
247 312 271 312 271 322 247 322 text 0
502 313 557 313 557 323 502 323 text 0
356 312 409 312 409 323 356 323 text 0
572 313 586 313 586 323 572 323 text 0
54 328 135 328 135 339 54 339 text 0
355 328 408 328 408 339 355 339 text 0
571 328 585 328 585 339 571 339 text 0
247 329 271 329 271 339 247 339 text 0
151 329 230 329 230 339 151 339 text 0
506 328 559 328 559 339 506 339 text 0
439 328 450 328 450 339 439 339 text 0
303 328 311 328 311 339 303 339 text 0
503 345 558 345 558 355 503 355 text 0
152 345 190 345 190 355 152 355 text 0
206 345 271 345 271 355 206 355 text 0
58 345 136 345 136 355 58 355 text 0
303 345 311 345 311 355 303 355 text 0
438 345 449 345 449 356 438 356 text 0
356 345 409 345 409 356 356 356 text 0
572 345 588 345 588 356 572 356 text 0
300 378 312 378 312 389 300 389 text 0
492 378 558 378 558 389 492 389 text 0
178 378 217 378 217 390 178 390 text 0
506 394 558 394 558 405 506 405 text 0
412 394 448 394 448 407 412 407 text 0
288 393 395 393 395 407 288 407 text 0
287 427 326 427 326 437 287 437 text 0
492 426 559 426 559 437 492 437 text 0
492 443 558 443 558 453 492 453 text 0
287 443 326 443 326 455 287 455 text 0
507 475 558 475 558 485 507 485 text 0
286 474 366 474 366 488 286 488 text 0
315 507 354 507 354 518 315 518 text 0
193 507 299 507 299 518 193 518 text 0
397 507 424 507 424 518 397 518 text 0
368 508 381 508 381 519 368 519 text 0
98 507 176 507 176 520 98 520 text 0
480 508 542 508 542 520 480 520 text 0
41 523 107 523 107 534 41 534 text 0
124 523 177 523 177 534 124 534 text 0
193 524 231 524 231 534 193 534 text 0
247 524 567 524 567 534 247 534 text 0
41 539 107 539 107 551 41 551 text 0
342 540 432 540 432 550 342 550 text 0
124 540 163 540 163 550 124 550 text 0
179 540 258 540 258 550 179 550 text 0
274 540 327 540 327 550 274 550 text 0
125 556 204 556 204 567 125 567 text 0
43 556 109 556 109 567 43 567 text 0
329 557 432 557 432 567 329 567 text 0
219 557 313 557 313 567 219 567 text 0
41 571 135 571 135 583 41 583 text 0
287 572 313 572 313 583 287 583 text 0
192 572 271 572 271 583 192 583 text 0
330 575 378 575 378 583 330 583 text 0
150 575 175 575 175 583 150 583 text 0
383 573 459 573 459 585 383 585 text 0
469 576 546 576 546 586 469 586 text 0