398 105 432 105 432 122 398 122 text 0
348 109 382 109 382 121 348 121 text 0
212 109 272 109 272 123 212 123 text 0
163 110 194 110 194 122 163 122 text 0
301 109 330 109 330 123 301 123 text 0
292 127 404 127 404 140 292 140 text 0
192 127 272 127 272 140 192 140 text 0
473 142 485 142 485 157 473 157 text 0
422 142 456 142 456 156 422 156 text 0
350 143 407 143 407 156 350 156 text 0
142 144 211 144 211 157 142 157 text 0
227 144 235 144 235 157 227 157 text 0
252 144 332 144 332 157 252 157 text 0
90 146 123 146 123 158 90 158 text 0
374 161 479 161 479 174 374 174 text 0
202 161 359 161 359 175 202 175 text 0
102 162 186 162 186 176 102 176 text 0
388 178 482 178 482 191 388 191 text 0
190 179 235 179 235 192 190 192 text 0
253 179 370 179 370 192 253 192 text 0
117 181 174 181 174 194 117 194 text 0
281 196 444 196 444 209 281 209 text 0
242 197 262 197 262 209 242 209 text 0
205 198 225 198 225 210 205 210 text 0
144 198 187 198 187 212 144 212 text 0
278 214 372 214 372 228 278 228 text 0
219 214 261 214 261 228 219 228 text 0
280 231 364 231 364 248 280 248 text 0
219 233 264 233 264 246 219 246 text 0
526 266 547 266 547 279 526 279 text 0
132 267 141 267 141 283 132 283 text 0
56 267 116 267 116 283 56 283 text 0
194 270 227 270 227 282 194 282 text 0
158 270 169 270 169 282 158 282 text 0
147 288 215 288 215 301 147 301 text 0
58 288 101 288 101 301 58 301 text 0
480 301 525 301 525 314 480 314 text 0
393 303 438 303 438 315 393 315 text 0
334 303 365 303 365 315 334 315 text 0
57 306 141 306 141 320 57 320 text 0
544 337 547 337 547 349 544 349 text 0
432 337 500 337 500 352 432 352 text 0
517 339 527 339 527 353 517 353 text 0
185 341 190 341 190 353 185 353 text 0
61 341 141 341 141 356 61 356 text 0
505 372 552 372 552 385 505 385 text 0
469 373 490 373 490 385 469 385 text 0
209 376 280 376 280 389 209 389 text 0
136 376 180 376 180 391 136 391 text 0
60 377 117 377 117 391 60 391 text 0
470 391 490 391 490 403 470 403 text 0
506 390 552 390 552 404 506 404 text 0
62 395 108 395 108 409 62 409 text 0
470 427 516 427 516 439 470 439 text 0
433 428 454 428 454 440 433 440 text 0
311 428 366 428 366 442 311 442 text 0
274 430 294 430 294 442 274 442 text 0
164 430 258 430 258 443 164 443 text 0
112 432 145 432 145 444 112 444 text 0
63 432 96 432 96 446 63 446 text 0
434 460 555 460 555 475 434 475 text 0
398 462 418 462 418 476 398 476 text 0
312 463 358 463 358 477 312 477 text 0
249 465 292 465 292 478 249 478 text 0
177 465 233 465 233 478 177 478 text 0
69 469 160 469 160 480 69 480 text 0
273 482 357 482 357 495 273 495 text 0
175 483 259 483 259 497 175 497 text 0
65 484 160 484 160 499 65 499 text 0
399 516 470 516 470 530 399 530 text 0
301 517 383 517 383 531 301 531 text 0
252 517 284 517 284 531 252 531 text 0
141 520 236 520 236 533 141 533 text 0
328 535 420 535 420 548 328 548 text 0
264 536 310 536 310 549 264 549 text 0
190 537 198 537 198 550 190 550 text 0
214 537 247 537 247 550 214 550 text 0
376 552 456 552 456 566 376 566 text 0
314 553 360 553 360 566 314 566 text 0
280 554 300 554 300 568 280 568 text 0
164 555 261 555 261 569 164 569 text 0
315 612 342 612 342 623 315 623 text 0
390 614 474 614 474 621 390 621 text 0
354 614 376 614 376 623 354 623 text 0
275 615 309 615 309 627 275 627 text 0
216 616 263 616 263 628 216 628 text 0