115 27 187 27 187 42 115 42 text 0
203 31 329 31 329 43 203 43 text 0
345 31 454 31 454 48 345 48 text 0
199 106 278 106 278 117 199 117 text 0
300 106 336 106 336 117 300 117 text 0
357 106 395 106 395 117 357 117 text 0
156 107 181 107 181 117 156 117 text 0
413 108 452 108 452 117 413 117 text 0
314 119 430 119 430 130 314 130 text 0
171 121 267 121 267 130 171 130 text 0
259 133 339 133 339 143 259 143 text 0
131 134 210 134 210 144 131 144 text 0
72 134 106 134 106 144 72 144 text 0
455 134 495 134 495 144 455 144 text 0
378 134 439 134 439 144 378 144 text 0
511 134 535 134 535 144 511 144 text 0
228 137 238 137 238 143 228 143 text 0
85 147 183 147 183 157 85 157 text 0
199 147 382 147 382 157 199 157 text 0
398 147 521 147 521 158 398 158 text 0
100 160 167 160 167 170 100 170 text 0
187 161 237 161 237 171 187 171 text 0
256 160 393 160 393 171 256 171 text 0
415 161 524 161 524 171 415 171 text 0
271 174 339 174 339 184 271 184 text 0
173 173 253 173 253 184 173 184 text 0
357 173 437 173 437 184 357 184 text 0
259 186 356 186 356 197 259 197 text 0
243 213 297 213 297 223 243 223 text 0
115 213 167 213 167 223 115 223 text 0
312 213 325 213 325 223 312 223 text 0
186 214 226 214 226 224 186 224 text 0
343 214 408 214 408 224 343 224 text 0
427 214 510 214 510 224 427 224 text 0
531 214 546 214 546 224 531 224 text 0
28 216 93 216 93 224 28 224 text 0
189 227 210 227 210 236 189 236 text 0
28 229 138 229 138 237 28 237 text 0
28 238 210 238 210 250 28 250 text 0
346 240 382 240 382 250 346 250 text 0
415 240 465 240 465 250 415 250 text 0
516 240 564 240 564 250 516 250 text 0
127 252 167 252 167 263 127 263 text 0
256 253 311 253 311 263 256 263 text 0
187 253 238 253 238 263 187 263 text 0
328 253 382 253 382 263 328 263 text 0
401 253 532 253 532 263 401 263 text 0
27 252 96 252 96 264 27 264 text 0
162 267 181 267 181 277 162 277 text 0
25 268 116 268 116 277 25 277 text 0
28 280 210 280 210 290 28 290 text 0
347 280 381 280 381 289 347 289 text 0
415 281 467 281 467 290 415 290 text 0
513 279 568 279 568 292 513 292 text 0
243 293 296 293 296 303 243 303 text 0
100 293 165 293 165 303 100 303 text 0
185 293 224 293 224 303 185 303 text 0
28 294 75 294 75 303 28 303 text 0
28 308 111 308 111 316 28 316 text 0
159 308 181 308 181 316 159 316 text 0
121 319 197 319 197 329 121 329 text 0
346 319 380 319 380 329 346 329 text 0
404 320 469 320 469 330 404 330 text 0
500 320 574 320 574 330 500 330 text 0
273 333 338 333 338 343 273 343 text 0
231 333 254 333 254 343 231 343 text 0
144 333 211 333 211 343 144 343 text 0
357 332 423 332 423 343 357 343 text 0
444 333 496 333 496 343 444 343 text 0
29 334 126 334 126 343 29 343 text 0
133 346 153 346 153 356 133 356 text 0
30 346 83 346 83 356 30 356 text 0
25 358 211 358 211 369 25 369 text 0
516 359 568 359 568 369 516 369 text 0
347 359 381 359 381 369 347 369 text 0
416 359 469 359 469 369 416 369 text 0
217 372 354 372 354 382 217 382 text 0
29 372 196 372 196 383 29 383 text 0
216 385 283 385 283 396 216 396 text 0
31 386 168 386 168 396 31 396 text 0
347 398 381 398 381 408 347 408 text 0
516 399 568 399 568 409 516 409 text 0
415 399 469 399 469 409 415 409 text 0
29 399 126 399 126 409 29 409 text 0
170 425 189 425 189 435 170 435 text 0
587 425 596 425 596 435 587 435 text 0
32 425 124 425 124 435 32 435 text 0
459 425 538 425 538 436 459 436 text 0
32 450 94 450 94 461 32 461 text 0
487 450 512 450 512 461 487 461 text 0
531 450 594 450 594 461 531 461 text 0
501 464 526 464 526 474 501 474 text 0
543 464 593 464 593 474 543 474 text 0
158 464 299 464 299 474 158 474 text 0
29 464 141 464 141 474 29 474 text 0
486 478 513 478 513 487 486 487 text 0
116 478 213 478 213 487 116 487 text 0
32 478 93 478 93 487 32 487 text 0
530 478 597 478 597 487 530 487 text 0
30 491 83 491 83 500 30 500 text 0
487 491 512 491 512 500 487 500 text 0
531 491 597 491 597 500 531 500 text 0
487 503 512 503 512 513 487 513 text 0
530 503 597 503 597 513 530 513 text 0
30 504 105 504 105 513 30 513 text 0
244 530 295 530 295 539 244 539 text 0
317 529 369 529 369 540 317 540 text 0
459 529 596 529 596 540 459 540 text 0
163 530 225 530 225 539 163 539 text 0
33 530 141 530 141 539 33 539 text 0
419 530 439 530 439 540 419 540 text 0
272 543 369 543 369 553 272 553 text 0
163 543 253 543 253 553 163 553 text 0
31 543 140 543 140 553 31 553 text 0
245 569 282 569 282 579 245 579 text 0
300 569 398 569 398 579 300 579 text 0
416 569 498 569 498 579 416 579 text 0
118 569 226 569 226 579 118 579 text 0
174 582 183 582 183 591 174 591 text 0
202 582 254 582 254 591 202 591 text 0
271 581 326 581 326 592 271 592 text 0
343 581 452 581 452 592 343 592 text 0
145 595 254 595 254 605 145 605 text 0
272 595 299 595 299 605 272 605 text 0
315 595 371 595 371 605 315 605 text 0
387 595 480 595 480 605 387 605 text 0