194 29 353 29 353 38 194 38 text 0
385 29 473 29 473 38 385 38 text 0
189 42 369 42 369 52 189 52 text 0
385 42 490 42 490 52 385 52 text 0
104 56 240 56 240 65 104 65 text 0
263 57 305 57 305 64 263 64 text 0
316 54 400 54 400 67 316 67 text 0
421 56 488 56 488 65 421 65 text 0
510 56 553 56 553 64 510 64 text 0
140 70 206 70 206 78 140 78 text 0
229 69 365 69 365 78 229 78 text 0
387 70 433 70 433 78 387 78 text 0
458 69 489 69 489 77 458 77 text 0
512 70 541 70 541 77 512 77 text 0
157 81 505 81 505 93 157 93 text 0
244 95 435 95 435 103 244 103 text 0
225 107 360 107 360 117 225 117 text 0
385 108 446 108 446 116 385 116 text 0
49 126 132 126 132 135 49 135 text 0
279 126 449 126 449 135 279 135 text 0
49 140 113 140 113 148 49 148 text 0
281 139 414 139 414 148 281 148 text 0
45 152 98 152 98 164 45 164 text 0
114 153 150 153 150 161 114 161 text 0
277 153 344 153 344 161 277 161 text 0
45 174 115 174 115 182 45 182 text 0
383 174 426 174 426 182 383 182 text 0
471 201 584 201 584 212 471 212 text 0
448 215 584 215 584 226 448 226 text 0
45 202 181 202 181 211 45 211 text 0
45 216 181 216 181 225 45 225 text 0
42 243 126 243 126 254 42 254 text 0
60 255 114 255 114 267 60 267 text 0
113 256 231 256 231 265 113 265 text 0
487 243 591 243 591 255 487 255 text 0
63 270 270 270 270 276 63 276 text 0
271 270 342 270 342 279 271 279 text 0
41 287 87 287 87 299 41 299 text 0
89 287 168 287 168 299 89 299 text 0
184 289 226 289 226 297 184 297 text 0
41 319 89 319 89 329 41 329 text 0
110 320 232 320 232 329 110 329 text 0
448 320 463 320 463 330 448 330 text 0
483 320 606 320 606 330 483 330 text 0
384 354 436 354 436 361 384 361 text 0
448 354 598 354 598 362 448 362 text 0
38 354 114 354 114 361 38 361 text 0
129 354 285 354 285 361 129 361 text 0
36 364 111 364 111 371 36 371 text 0
131 364 249 364 249 371 131 371 text 0
38 374 169 374 169 381 38 381 text 0
533 374 594 374 594 381 533 381 text 0
289 383 353 383 353 391 289 391 text 0
195 393 242 393 242 400 195 400 text 0
261 393 445 393 445 400 261 400 text 0
183 402 218 402 218 409 183 409 text 0
232 401 311 401 311 410 232 410 text 0
330 403 461 403 461 410 330 410 text 0
109 416 191 416 191 421 109 421 text 0
227 416 309 416 309 421 227 421 text 0
347 416 429 416 429 421 347 421 text 0
180 426 366 426 366 434 180 434 text 0
382 427 444 427 444 434 382 434 text 0
225 436 336 436 336 445 225 445 text 0
369 437 406 437 406 444 369 444 text 0
139 448 154 448 154 455 139 455 text 0
169 447 255 447 255 454 169 454 text 0
275 447 298 447 298 454 275 454 text 0
314 447 377 447 377 454 314 454 text 0
394 448 456 448 456 455 394 455 text 0
133 457 217 457 217 464 133 464 text 0
251 457 349 457 349 466 251 466 text 0
33 470 141 470 141 480 33 480 text 0
172 471 257 471 257 477 172 477 text 0
273 471 495 471 495 478 273 478 text 0
506 471 538 471 538 480 506 480 text 0
546 471 578 471 578 480 546 480 text 0
397 457 522 457 522 464 397 464 text 0
36 481 82 481 82 488 36 488 text 0
101 481 133 481 133 487 101 487 text 0
157 480 254 480 254 487 157 487 text 0
33 490 69 490 69 497 33 497 text 0
102 490 257 490 257 497 102 497 text 0
379 480 443 480 443 490 379 490 text 0
447 481 479 481 479 488 447 488 text 0
512 481 587 481 587 488 512 488 text 0
418 490 598 490 598 497 418 497 text 0
180 500 204 500 204 507 180 507 text 0
220 500 308 500 308 507 220 507 text 0
325 500 370 500 370 507 325 507 text 0
379 500 455 500 455 507 379 507 text 0
194 510 243 510 243 517 194 517 text 0
259 509 315 509 315 517 259 517 text 0
352 510 438 510 438 517 352 517 text 0
193 519 320 519 320 526 193 526 text 0
339 520 414 520 414 527 339 527 text 0
206 529 250 529 250 536 206 536 text 0
259 529 320 529 320 536 259 536 text 0
337 529 398 529 398 536 337 536 text 0
134 544 271 544 271 556 134 556 text 0
336 547 490 547 490 556 336 556 text 0
32 570 85 570 85 580 32 580 text 0
105 571 224 571 224 579 105 579 text 0
437 572 455 572 455 581 437 581 text 0
473 572 595 572 595 580 473 580 text 0
196 589 231 589 231 599 196 599 text 0
254 591 287 591 287 600 254 600 text 0
307 592 439 592 439 601 307 601 text 0
244 129 254 129 254 136 244 136 text 0
244 142 254 142 254 148 244 148 text 0
243 154 253 154 253 162 243 162 text 0
461 416 553 416 553 424 461 424 text 0