284 30 441 30 441 49 284 49 text 0
130 33 274 33 274 52 130 52 text 0
357 44 488 44 488 61 357 61 text 0
287 50 325 50 325 63 287 63 text 0
215 51 274 51 274 68 215 68 text 0
80 52 209 52 209 68 80 68 text 0
480 62 517 62 517 77 480 77 text 0
374 65 468 65 468 79 374 79 text 0
251 70 362 70 362 83 251 83 text 0
174 70 242 70 242 83 174 83 text 0
56 72 95 72 95 84 56 84 text 0
106 71 160 71 160 86 106 86 text 0
404 80 474 80 474 100 404 100 text 0
281 86 393 86 393 101 281 101 text 0
211 87 270 87 270 102 211 102 text 0
92 90 201 90 201 104 92 104 text 0
321 105 423 105 423 119 321 119 text 0
237 106 310 106 310 119 237 119 text 0
147 107 228 107 228 120 147 120 text 0
196 123 371 123 371 138 196 138 text 0
258 143 436 143 436 158 258 158 text 0
130 148 181 148 181 160 130 160 text 0
191 148 249 148 249 162 191 162 text 0
254 166 387 166 387 182 254 182 text 0
181 168 243 168 243 182 181 182 text 0
473 185 565 185 565 199 473 199 text 0
333 187 466 187 466 202 333 202 text 0
114 192 198 192 198 205 114 205 text 0
33 193 95 193 95 206 33 206 text 0
116 211 187 211 187 224 116 224 text 0
35 213 81 213 81 224 35 224 text 0
160 232 232 232 232 245 160 245 text 0
34 233 134 233 134 246 34 246 text 0
505 244 568 244 568 259 505 259 text 0
361 248 422 248 422 264 361 264 text 0
104 253 231 253 231 267 104 267 text 0
44 254 83 254 83 268 44 268 text 0
512 274 547 274 547 287 512 287 text 0
451 275 486 275 486 288 451 288 text 0
325 277 443 277 443 290 325 290 text 0
241 279 320 279 320 291 241 291 text 0
166 279 235 279 235 292 166 292 text 0
38 280 157 280 157 293 38 293 text 0
500 295 565 295 565 308 500 308 text 0
370 298 420 298 420 311 370 311 text 0
99 300 169 300 169 312 99 312 text 0
69 303 82 303 82 314 69 314 text 0
514 320 565 320 565 331 514 331 text 0
285 323 327 323 327 334 285 334 text 0
156 324 238 324 238 335 156 335 text 0
104 326 147 326 147 336 104 336 text 0
500 337 565 337 565 349 500 349 text 0
272 340 332 340 332 353 272 353 text 0
209 341 215 341 215 353 209 353 text 0
69 344 82 344 82 355 69 355 text 0
104 342 167 342 167 357 104 357 text 0
513 359 565 359 565 371 513 371 text 0
164 363 199 363 199 378 164 378 text 0
47 364 157 364 157 378 47 378 text 0
503 381 566 381 566 394 503 394 text 0
234 384 292 384 292 396 234 396 text 0
117 385 227 385 227 397 117 397 text 0
48 386 108 386 108 398 48 398 text 0
497 402 563 402 563 415 497 415 text 0
48 407 118 407 118 420 48 420 text 0
513 421 564 421 564 434 513 434 text 0
49 426 141 426 141 441 49 441 text 0
49 451 107 451 107 463 49 463 text 0
116 451 247 451 247 465 116 465 text 0
507 467 565 467 565 480 507 480 text 0
391 469 444 469 444 481 391 481 text 0
269 470 315 470 315 482 269 482 text 0
222 470 264 470 264 482 222 482 text 0
147 470 169 470 169 483 147 483 text 0
48 471 109 471 109 484 48 484 text 0
501 490 566 490 566 503 501 503 text 0
394 491 444 491 444 504 394 504 text 0
266 492 315 492 315 505 266 505 text 0
132 495 170 495 170 506 132 506 text 0
49 496 83 496 83 507 49 507 text 0
502 514 566 514 566 525 502 525 text 0
394 515 444 515 444 526 394 526 text 0
267 515 315 515 315 527 267 527 text 0
47 515 103 515 103 533 47 533 text 0
218 546 287 546 287 559 218 559 text 0
108 546 208 546 208 559 108 559 text 0
43 547 99 547 99 560 43 560 text 0
244 571 347 571 347 586 244 586 text 0
459 570 555 570 555 588 459 588 text 0
206 572 228 572 228 587 206 587 text 0
360 575 445 575 445 585 360 585 text 0
33 572 128 572 128 588 33 588 text 0
140 576 193 576 193 591 140 591 text 0
434 596 509 596 509 609 434 609 text 0
395 597 428 597 428 609 395 609 text 0
518 599 541 599 541 609 518 609 text 0
275 597 387 597 387 610 275 610 text 0
232 598 267 598 267 610 232 610 text 0
132 598 179 598 179 611 132 611 text 0
49 599 125 599 125 611 49 611 text 0
186 601 225 601 225 611 186 611 text 0
345 614 358 614 358 626 345 626 text 0
228 615 335 615 335 630 228 630 text 0