114 104 168 104 168 125 114 125 text 0
183 98 268 98 268 126 183 126 text 0
285 97 355 97 355 118 285 118 text 0
372 96 399 96 399 115 372 115 text 0
415 91 515 91 515 113 415 113 text 0
155 125 255 125 255 148 155 148 text 0
273 121 357 121 357 143 273 143 text 0
373 116 468 116 468 144 373 144 text 0
143 149 272 149 272 177 143 177 text 0
286 147 331 147 331 169 286 169 text 0
419 142 485 142 485 167 419 167 text 0
159 174 319 174 319 200 159 200 text 0
333 169 462 169 462 193 333 193 text 0
161 199 258 199 258 223 161 223 text 0
278 197 347 197 347 219 278 219 text 0
365 193 464 193 464 216 365 216 text 0
135 224 249 224 249 250 135 250 text 0
266 222 350 222 350 246 266 246 text 0
365 222 407 222 407 242 365 242 text 0
425 219 466 219 466 239 425 239 text 0
483 217 511 217 511 236 483 236 text 0
96 264 240 264 240 289 96 289 text 0
96 290 240 290 240 313 96 313 text 0
368 257 411 257 411 281 368 281 text 0
428 255 465 255 465 276 428 276 text 0
485 252 539 252 539 275 485 275 text 0
99 325 243 325 243 351 99 351 text 0
345 320 386 320 386 340 345 340 text 0
449 315 531 315 531 338 449 338 text 0
103 381 149 381 149 402 103 402 text 0
104 409 151 409 151 429 104 429 text 0
464 364 540 364 540 386 464 386 text 0
452 392 543 392 543 415 452 415 text 0
109 455 182 455 182 480 109 480 text 0
456 441 540 441 540 464 456 464 text 0
113 488 224 488 224 513 113 513 text 0
242 483 370 483 370 509 242 509 text 0
385 481 413 481 413 501 385 501 text 0
116 528 157 528 157 550 116 550 text 0
173 525 273 525 273 548 173 548 text 0
431 517 446 517 446 537 431 537 text 0
462 512 560 512 560 535 462 535 text 0
232 551 269 551 269 573 232 573 text 0
287 547 329 547 329 568 287 568 text 0
346 541 459 541 459 567 346 567 text 0
345 146 403 146 403 166 345 166 text 0