205 133 274 133 274 145 205 145 text 0
148 134 183 134 183 144 148 144 text 0
361 134 400 134 400 145 361 145 text 0
418 134 456 134 456 145 418 145 text 0
306 134 341 134 341 146 306 146 text 0
190 149 400 149 400 160 190 160 text 0
63 163 101 163 101 174 63 174 text 0
121 163 201 163 201 174 121 174 text 0
446 164 484 164 484 175 446 175 text 0
218 164 229 164 229 174 218 174 text 0
360 164 428 164 428 175 360 175 text 0
503 164 524 164 524 176 503 176 text 0
249 164 339 164 339 176 249 176 text 0
190 178 371 178 371 189 190 189 text 0
77 178 173 178 173 189 77 189 text 0
389 179 510 179 510 191 389 191 text 0
91 193 158 193 158 204 91 204 text 0
177 193 228 193 228 204 177 204 text 0
403 193 512 193 512 204 403 204 text 0
246 193 382 193 382 205 246 205 text 0
192 208 215 208 215 219 192 219 text 0
234 208 258 208 258 219 234 219 text 0
122 207 173 207 173 220 122 220 text 0
280 208 468 208 468 220 280 220 text 0
206 222 272 222 272 233 206 233 text 0
290 222 328 222 328 233 290 233 text 0
108 222 186 222 186 234 108 234 text 0
346 222 482 222 482 235 346 235 text 0
204 237 257 237 257 248 204 248 text 0
277 237 385 237 385 248 277 248 text 0
20 266 101 266 101 278 20 278 text 0
119 267 187 267 187 278 119 278 text 0
558 267 584 267 584 278 558 278 text 0
205 267 285 267 285 278 205 278 text 0
360 267 371 267 371 278 360 278 text 0
305 267 342 267 342 278 305 278 text 0
21 281 113 281 113 292 21 292 text 0
162 281 215 281 215 294 162 294 text 0
20 296 115 296 115 307 20 307 text 0
360 296 370 296 370 307 360 307 text 0
388 296 456 296 456 307 388 307 text 0
489 296 555 296 555 307 489 307 text 0
335 296 339 296 339 307 335 307 text 0
20 310 115 310 115 322 20 322 text 0
134 311 243 311 243 322 134 322 text 0
262 311 314 311 314 322 262 322 text 0
558 311 584 311 584 322 558 322 text 0
21 325 102 325 102 338 21 338 text 0
150 325 215 325 215 338 150 338 text 0
360 340 370 340 370 351 360 351 text 0
335 340 341 340 341 350 335 350 text 0
402 340 459 340 459 352 402 352 text 0
21 340 201 340 201 351 21 351 text 0
502 340 555 340 555 351 502 351 text 0
163 370 172 370 172 381 163 381 text 0
22 370 113 370 113 382 22 382 text 0
568 370 583 370 583 382 568 382 text 0
446 369 525 369 525 382 446 382 text 0
190 397 273 397 273 410 190 410 text 0
106 398 156 398 156 409 106 409 text 0
19 399 87 399 87 410 19 410 text 0
474 399 498 399 498 410 474 410 text 0
517 399 583 399 583 410 517 410 text 0
21 413 74 413 74 424 21 424 text 0
517 414 584 414 584 424 517 424 text 0
474 414 498 414 498 425 474 425 text 0
20 428 101 428 101 439 20 439 text 0
475 428 499 428 499 439 475 439 text 0
519 428 584 428 584 439 519 439 text 0
20 457 58 457 58 468 20 468 text 0
76 457 175 457 175 469 76 469 text 0
417 457 511 457 511 469 417 469 text 0
275 457 369 457 369 469 275 469 text 0
20 471 58 471 58 482 20 482 text 0
77 471 130 471 130 482 77 482 text 0
332 472 400 472 400 483 332 483 text 0
488 472 541 472 541 483 488 483 text 0
403 515 428 515 428 526 403 526 text 0
151 515 216 515 216 526 151 526 text 0
233 515 283 515 283 526 233 526 text 0
304 515 357 515 357 526 304 526 text 0
446 515 584 515 584 526 446 526 text 0
20 515 131 515 131 526 20 526 text 0
21 530 130 530 130 541 21 541 text 0
148 530 244 530 244 541 148 541 text 0
262 530 357 530 357 541 262 541 text 0
233 560 272 560 272 570 233 570 text 0
106 560 215 560 215 570 106 570 text 0
402 560 492 560 492 571 402 571 text 0
289 560 385 560 385 571 289 571 text 0
163 574 172 574 172 584 163 584 text 0
191 574 230 574 230 585 191 585 text 0
247 574 300 574 300 585 247 585 text 0
317 574 412 574 412 585 317 585 text 0
134 588 243 588 243 599 134 599 text 0
262 589 286 589 286 600 262 600 text 0
304 589 357 589 357 600 304 600 text 0
375 589 457 589 457 600 375 600 text 0