37 45 208 45 208 60 37 60 text 0
225 36 519 36 519 54 225 54 text 0
55 61 103 61 103 72 55 72 text 0
119 60 166 60 166 71 119 71 text 0
259 57 289 57 289 66 259 66 text 0
306 54 353 54 353 65 306 65 text 0
45 74 153 74 153 86 45 86 text 0
169 72 224 72 224 81 169 81 text 0
233 67 358 67 358 79 233 79 text 0
373 63 508 63 508 75 373 75 text 0
128 85 214 85 214 96 128 96 text 0
234 81 344 81 344 94 234 94 text 0
360 78 452 78 452 89 360 89 text 0
210 93 363 93 363 106 210 106 text 0
181 107 335 107 335 121 181 121 text 0
351 106 407 106 407 115 351 115 text 0
219 131 230 131 230 139 219 139 text 0
249 124 401 124 401 138 249 138 text 0
222 145 235 145 235 153 222 153 text 0
252 138 377 138 377 151 252 151 text 0
255 153 319 153 319 164 255 164 text 0
47 131 122 131 122 143 47 143 text 0
50 147 109 147 109 156 50 156 text 0
54 159 97 159 97 171 54 171 text 0
114 159 144 159 144 168 114 168 text 0
59 179 122 179 122 190 59 190 text 0
136 176 214 176 214 188 136 188 text 0
355 173 394 173 394 182 355 182 text 0
463 168 538 168 538 179 463 179 text 0
440 196 543 196 543 210 440 210 text 0
426 210 548 210 548 224 426 224 text 0
67 206 189 206 189 219 67 219 text 0
73 220 196 220 196 233 73 233 text 0
78 249 156 249 156 262 78 262 text 0
96 261 202 261 202 274 96 274 text 0
222 258 328 258 328 269 222 269 text 0
468 239 561 239 561 251 468 251 text 0
286 271 350 271 350 282 286 282 text 0
90 295 182 295 182 306 90 306 text 0
204 295 211 295 211 302 204 302 text 0
228 286 480 286 480 302 228 302 text 0
98 327 146 327 146 338 98 338 text 0
161 324 269 324 269 336 161 336 text 0
455 319 474 319 474 329 455 329 text 0
489 316 596 316 596 328 489 328 text 0
107 360 197 360 197 369 107 369 text 0
211 357 325 357 325 367 211 367 text 0
108 370 223 370 223 380 108 380 text 0
110 377 319 377 319 390 110 390 text 0
112 391 146 391 146 398 112 398 text 0
152 389 251 389 251 398 152 398 text 0
264 385 379 385 379 395 264 395 text 0
112 401 160 401 160 409 112 409 text 0
173 398 276 398 276 408 173 408 text 0
398 354 489 354 489 363 398 363 text 0
504 351 595 351 595 360 504 360 text 0
540 360 597 360 597 369 540 369 text 0
365 375 399 375 399 383 365 383 text 0
406 370 600 370 600 382 406 382 text 0
474 382 543 382 543 390 474 390 text 0
556 381 600 381 600 388 556 388 text 0
525 390 602 390 602 399 525 399 text 0
449 402 527 402 527 411 449 411 text 0
225 418 325 418 325 427 225 427 text 0
350 414 513 414 513 425 350 425 text 0
202 405 443 405 443 415 202 415 text 0
120 436 155 436 155 444 120 444 text 0
168 434 225 434 225 443 168 443 text 0
240 432 304 432 304 441 240 441 text 0
458 438 558 438 558 448 458 448 text 0
583 436 619 436 619 445 583 445 text 0
138 456 182 456 182 464 138 464 text 0
197 452 368 452 368 463 197 463 text 0
383 448 604 448 604 459 383 459 text 0
329 469 470 469 470 484 329 484 text 0
253 492 353 492 353 501 253 501 text 0
367 490 446 490 446 499 367 499 text 0
462 488 505 488 505 497 462 497 text 0
135 504 203 504 203 513 135 513 text 0
219 504 248 504 248 511 219 511 text 0
264 502 309 502 309 510 264 510 text 0
324 501 367 501 367 509 324 509 text 0
382 500 425 500 425 508 382 508 text 0
441 499 486 499 486 507 441 507 text 0
139 515 194 515 194 523 139 523 text 0
209 512 300 512 300 521 209 521 text 0
305 510 416 510 416 519 305 519 text 0
430 509 471 509 471 516 430 516 text 0
489 508 545 508 545 516 489 516 text 0
559 507 600 507 600 514 559 514 text 0
141 525 171 525 171 533 141 533 text 0
188 524 206 524 206 531 188 531 text 0
222 521 322 521 322 531 222 531 text 0
340 520 404 520 404 528 340 528 text 0
421 518 499 518 499 526 421 526 text 0
516 516 606 516 606 524 516 524 text 0
281 528 491 528 491 540 281 540 text 0
273 545 319 545 319 553 273 553 text 0
333 542 423 542 423 551 333 551 text 0
438 540 515 540 515 549 438 549 text 0
277 558 306 558 306 565 277 565 text 0
322 554 508 554 508 565 322 565 text 0
154 580 198 580 198 591 154 591 text 0
217 579 323 579 323 589 217 589 text 0
510 575 530 575 530 584 510 584 text 0
540 573 635 573 635 583 540 583 text 0
300 597 333 597 333 608 300 608 text 0
348 598 381 598 381 607 348 607 text 0
397 595 517 595 517 606 397 606 text 0
183 59 231 59 231 69 183 69 text 0
367 53 416 53 416 62 367 62 text 0
431 50 478 50 478 62 431 62 text 0
228 158 236 158 236 165 228 165 text 0
101 273 283 273 283 283 101 283 text 0