206 141 390 141 390 153 206 153 text 0
177 156 224 156 224 166 177 166 text 0
233 156 312 156 312 166 233 166 text 0
318 156 364 156 364 166 318 166 text 0
374 156 421 156 421 166 374 166 text 0
207 173 256 173 256 181 207 181 text 0
267 173 388 173 388 182 267 182 text 0
172 187 222 187 222 197 172 197 text 0
298 187 313 187 313 197 298 197 text 0
235 188 289 188 289 197 235 197 text 0
324 187 382 187 382 199 324 199 text 0
75 188 161 188 161 199 75 199 text 0
391 188 477 188 477 199 391 199 text 0
489 188 522 188 522 199 489 199 text 0
374 202 424 202 424 213 374 213 text 0
299 203 365 203 365 213 299 213 text 0
433 204 485 204 485 213 433 213 text 0
111 203 187 203 187 215 111 215 text 0
199 203 289 203 289 215 199 215 text 0
321 218 371 218 371 228 321 228 text 0
224 219 311 219 311 229 224 229 text 0
147 234 189 234 189 244 147 244 text 0
247 234 282 234 282 244 247 244 text 0
293 234 449 234 449 244 293 244 text 0
200 233 237 233 237 246 200 246 text 0
226 272 269 272 269 282 226 282 text 0
277 272 372 272 372 281 277 281 text 0
126 300 150 300 150 309 126 309 text 0
47 301 116 301 116 310 47 310 text 0
191 301 364 301 364 310 191 310 text 0
310 316 385 316 385 325 310 325 text 0
395 316 421 316 421 325 395 325 text 0
193 316 302 316 302 326 193 326 text 0
48 315 91 315 91 330 48 330 text 0
189 332 249 332 249 341 189 341 text 0
46 332 117 332 117 343 46 343 text 0
384 362 437 362 437 372 384 372 text 0
448 362 535 362 535 371 448 371 text 0
96 360 216 360 216 375 96 375 text 0
320 363 358 363 358 373 320 373 text 0
348 376 357 376 357 385 348 385 text 0
397 376 437 376 437 385 397 385 text 0
484 376 534 376 534 385 484 385 text 0
138 376 295 376 295 385 138 385 text 0
48 377 54 377 54 385 48 385 text 0
95 377 108 377 108 385 95 385 text 0
240 391 287 391 287 400 240 400 text 0
91 392 161 392 161 400 91 400 text 0
170 392 233 392 233 402 170 402 text 0
397 406 434 406 434 415 397 415 text 0
95 406 123 406 123 415 95 415 text 0
138 406 295 406 295 415 138 415 text 0
349 406 355 406 355 415 349 415 text 0
492 406 530 406 530 415 492 415 text 0
46 407 56 407 56 416 46 416 text 0
273 421 310 421 310 431 273 431 text 0
90 422 158 422 158 431 90 431 text 0
161 422 217 422 217 431 161 431 text 0
221 421 268 421 268 432 221 432 text 0
313 422 385 422 385 431 313 431 text 0
133 436 217 436 217 446 133 446 text 0
492 436 535 436 535 446 492 446 text 0
86 436 127 436 127 447 86 447 text 0
29 437 80 437 80 447 29 447 text 0
309 452 370 452 370 461 309 461 text 0
84 452 138 452 138 461 84 461 text 0
29 452 77 452 77 461 29 461 text 0
146 452 228 452 228 461 146 461 text 0
482 452 532 452 532 461 482 461 text 0
236 452 302 452 302 463 236 463 text 0
487 467 532 467 532 476 487 476 text 0
127 467 234 467 234 478 127 478 text 0
31 467 120 467 120 478 31 478 text 0
438 484 532 484 532 498 438 498 text 0
31 484 153 484 153 498 31 498 text 0
480 505 536 505 536 514 480 514 text 0
30 506 89 506 89 514 30 514 text 0
482 517 540 517 540 529 482 529 text 0
30 521 108 521 108 532 30 532 text 0
253 543 374 543 374 552 253 552 text 0
190 543 209 543 209 552 190 552 text 0
451 542 533 542 533 553 451 553 text 0
30 543 75 543 75 552 30 552 text 0
82 543 175 543 175 554 82 554 text 0
494 559 533 559 533 567 494 567 text 0
321 558 370 558 370 567 321 567 text 0
172 559 212 559 212 568 172 568 text 0
30 559 59 559 59 567 30 567 text 0
253 581 295 581 295 589 253 589 text 0
300 581 347 581 347 591 300 591 text 0
349 590 475 590 475 599 349 599 text 0
302 591 342 591 342 599 302 599 text 0
258 591 297 591 297 599 258 599 text 0
200 591 251 591 251 599 200 599 text 0
122 592 193 592 193 600 122 600 text 0
166 602 215 602 215 609 166 609 text 0
324 602 375 602 375 611 324 611 text 0
259 602 317 602 317 611 259 611 text 0
221 602 256 602 256 611 221 611 text 0
380 601 433 601 433 611 380 611 text 0