367 33 489 33 489 52 367 52 text 0
110 33 328 33 328 52 110 52 text 0
214 57 290 57 290 80 214 80 text 0
464 59 555 59 555 78 464 78 text 0
335 59 421 59 421 78 335 78 text 0
81 59 154 59 154 79 81 79 text 0
240 83 269 83 269 94 240 94 text 0
308 84 442 84 442 94 308 94 text 0
161 84 213 84 213 94 161 94 text 0
304 99 507 99 507 109 304 109 text 0
240 100 269 100 269 109 240 109 text 0
97 99 157 99 157 110 97 110 text 0
176 99 220 99 220 110 176 110 text 0
431 114 475 114 475 124 431 124 text 0
497 114 570 114 570 124 497 124 text 0
353 114 411 114 411 124 353 124 text 0
128 116 202 116 202 125 128 125 text 0
225 115 325 115 325 125 225 125 text 0
31 115 60 115 60 125 31 125 text 0
81 116 101 116 101 125 81 125 text 0
402 129 524 129 524 140 402 140 text 0
176 130 250 130 250 140 176 140 text 0
273 130 374 130 374 141 273 141 text 0
80 130 156 130 156 140 80 140 text 0
288 145 350 145 350 156 288 156 text 0
227 146 266 146 266 156 227 156 text 0
401 176 526 176 526 186 401 186 text 0
149 178 153 178 153 185 149 185 text 0
178 177 349 177 349 186 178 186 text 0
80 177 121 177 121 187 80 187 text 0
450 206 606 206 606 217 450 217 text 0
422 208 427 208 427 216 422 216 text 0
17 205 142 205 142 218 17 218 text 0
368 207 407 207 407 217 368 217 text 0
288 208 350 208 350 218 288 218 text 0
163 208 238 208 238 218 163 218 text 0
450 222 526 222 526 233 450 233 text 0
337 223 427 223 427 233 337 233 text 0
15 223 75 223 75 234 15 234 text 0
466 253 556 253 556 263 466 263 text 0
17 254 188 254 188 264 17 264 text 0
593 283 607 283 607 293 593 293 text 0
517 284 573 284 573 294 517 294 text 0
129 285 182 285 182 294 129 294 text 0
193 285 204 285 204 294 193 294 text 0
15 285 117 285 117 295 15 295 text 0
595 299 607 299 607 309 595 309 text 0
513 298 573 298 573 309 513 309 text 0
305 299 333 299 333 309 305 309 text 0
242 299 294 299 294 310 242 310 text 0
210 300 230 300 230 310 210 310 text 0
145 300 186 300 186 310 145 310 text 0
81 300 123 300 123 310 81 310 text 0
15 301 56 301 56 311 15 311 text 0
515 330 574 330 574 340 515 340 text 0
306 330 351 330 351 341 306 341 text 0
257 331 286 331 286 341 257 341 text 0
163 331 230 331 230 341 163 341 text 0
14 330 89 330 89 342 14 342 text 0
113 331 142 331 142 342 113 342 text 0
484 346 576 346 576 356 484 356 text 0
15 348 76 348 76 357 15 357 text 0
513 361 574 361 574 371 513 371 text 0
15 362 110 362 110 373 15 373 text 0
562 391 574 391 574 401 562 401 text 0
21 392 77 392 77 403 21 403 text 0
96 393 171 393 171 402 96 402 text 0
517 406 573 406 573 417 517 417 text 0
451 407 493 407 493 416 451 416 text 0
342 407 396 407 396 418 342 418 text 0
229 409 316 409 316 418 229 418 text 0
17 408 62 408 62 418 17 418 text 0
81 409 189 409 189 418 81 418 text 0
515 422 574 422 574 432 515 432 text 0
374 423 399 423 399 433 374 433 text 0
340 423 360 423 360 433 340 433 text 0
80 423 110 423 110 434 80 434 text 0
15 424 30 424 30 434 15 434 text 0
48 425 62 425 62 432 48 432 text 0
515 454 574 454 574 463 515 463 text 0
15 455 89 455 89 466 15 466 text 0
111 455 221 455 221 466 111 466 text 0
191 485 301 485 301 497 191 497 text 0
402 485 494 485 494 496 402 496 text 0
321 485 383 485 383 496 321 496 text 0
110 486 141 486 141 497 110 497 text 0
158 486 172 486 172 497 158 497 text 0
384 501 527 501 527 511 384 511 text 0
256 501 366 501 366 512 256 512 text 0
160 502 236 502 236 512 160 512 text 0
96 502 141 502 141 513 96 513 text 0
448 517 535 517 535 527 448 527 text 0
368 517 430 517 430 526 368 526 text 0
174 518 228 518 228 527 174 527 text 0
258 518 350 518 350 527 258 527 text 0
78 518 153 518 153 528 78 528 text 0
223 533 447 533 447 543 223 543 text 0
158 536 212 536 212 543 158 543 text 0
399 547 493 547 493 558 399 558 text 0
304 548 380 548 380 558 304 558 text 0
175 549 283 549 283 558 175 558 text 0
110 548 153 548 153 559 110 559 text 0
174 564 494 564 494 575 174 575 text 0
110 567 164 567 164 575 110 575 text 0