436 37 487 37 487 48 436 48 text 0
36 39 171 39 171 48 36 48 text 0
182 39 303 39 303 48 182 48 text 0
377 39 425 39 425 48 377 48 text 0
494 38 577 38 577 50 494 50 text 0
586 39 609 39 609 50 586 50 text 0
316 39 370 39 370 50 316 50 text 0
182 51 216 51 216 60 182 60 text 0
319 51 400 51 400 61 319 61 text 0
253 51 310 51 310 61 253 61 text 0
223 51 242 51 242 62 223 62 text 0
408 51 457 51 457 62 408 62 text 0
166 63 227 63 227 72 166 72 text 0
235 63 288 63 288 72 235 72 text 0
296 63 360 63 360 73 296 73 text 0
370 63 465 63 465 73 370 73 text 0
421 74 517 74 517 84 421 84 text 0
173 74 198 74 198 84 173 84 text 0
127 74 165 74 165 84 127 84 text 0
215 74 312 74 312 84 215 84 text 0
333 74 411 74 411 84 333 84 text 0
199 86 249 86 249 96 199 96 text 0
255 86 290 86 290 96 255 96 text 0
297 86 359 86 359 96 297 96 text 0
363 86 444 86 444 96 363 96 text 0
291 109 301 109 301 125 291 125 text 0
194 109 277 109 277 125 194 125 text 0
449 109 497 109 497 125 449 125 text 0
315 109 437 109 437 125 315 125 text 0
143 109 178 109 178 125 143 125 text 0
428 138 525 138 525 154 428 154 text 0
257 138 305 138 305 155 257 155 text 0
319 139 353 139 353 154 319 154 text 0
366 139 410 139 410 154 366 154 text 0
29 159 53 159 53 169 29 169 text 0
106 160 111 160 111 169 106 169 text 0
407 160 529 160 529 169 407 169 text 0
334 161 390 161 390 169 334 169 text 0
28 175 125 175 125 191 28 191 text 0
347 175 382 175 382 191 347 191 text 0
140 175 199 175 199 191 140 191 text 0
299 175 334 175 334 191 299 191 text 0
211 175 285 175 285 191 211 191 text 0
272 196 284 196 284 205 272 205 text 0
249 197 259 197 259 205 249 205 text 0
29 197 100 197 100 205 29 205 text 0
113 196 183 196 183 207 113 207 text 0
298 196 318 196 318 207 298 207 text 0
208 200 231 200 231 205 208 205 text 0
29 208 87 208 87 218 29 218 text 0
102 209 125 209 125 217 102 217 text 0
139 209 207 209 207 219 139 219 text 0
262 221 357 221 357 230 262 230 text 0
102 222 173 222 173 230 102 230 text 0
26 222 87 222 87 230 26 230 text 0
188 222 244 222 244 231 188 231 text 0
29 231 94 231 94 241 29 241 text 0
104 231 192 231 192 241 104 241 text 0
202 232 278 232 278 242 202 242 text 0
264 243 305 243 305 253 264 253 text 0
312 243 424 243 424 257 312 257 text 0
453 243 506 243 506 257 453 257 text 0
498 256 588 256 588 268 498 268 text 0
398 258 416 258 416 268 398 268 text 0
245 259 281 259 281 268 245 268 text 0
429 258 476 258 476 269 429 269 text 0
342 258 380 258 380 269 342 269 text 0
18 259 161 259 161 269 18 269 text 0
530 277 586 277 586 287 530 287 text 0
232 278 267 278 267 287 232 287 text 0
318 278 328 278 328 287 318 287 text 0
368 278 415 278 415 287 368 287 text 0
456 278 474 278 474 287 456 287 text 0
86 278 144 278 144 287 86 287 text 0
25 278 67 278 67 287 25 287 text 0
464 290 475 290 475 299 464 299 text 0
539 291 587 291 587 300 539 300 text 0
365 291 378 291 378 299 365 299 text 0
402 291 415 291 415 300 402 300 text 0
233 291 280 291 280 300 233 300 text 0
25 291 131 291 131 300 25 300 text 0
318 291 328 291 328 300 318 300 text 0
232 302 268 302 268 311 232 311 text 0
75 302 133 302 133 311 75 311 text 0
463 302 477 302 477 311 463 311 text 0
23 302 59 302 59 311 23 311 text 0
528 302 585 302 585 311 528 311 text 0
367 302 415 302 415 311 367 311 text 0
317 302 329 302 329 311 317 311 text 0
193 319 256 319 256 335 193 335 text 0
466 319 524 319 524 335 466 335 text 0
268 320 294 320 294 335 268 335 text 0
307 319 401 319 401 339 307 339 text 0
464 344 475 344 475 353 464 353 text 0
318 344 328 344 328 353 318 353 text 0
527 344 586 344 586 353 527 353 text 0
232 345 279 345 279 353 232 353 text 0
23 345 219 345 219 353 23 353 text 0
365 345 378 345 378 353 365 353 text 0
402 345 415 345 415 353 402 353 text 0
365 357 378 357 378 365 365 365 text 0
453 357 476 357 476 365 453 365 text 0
23 357 133 357 133 366 23 366 text 0
231 357 279 357 279 366 231 366 text 0
307 357 330 357 330 366 307 366 text 0
402 357 415 357 415 366 402 366 text 0
527 357 586 357 586 366 527 366 text 0
313 368 330 368 330 378 313 378 text 0
454 369 475 369 475 378 454 378 text 0
528 369 587 369 587 378 528 378 text 0
402 369 415 369 415 378 402 378 text 0
231 369 279 369 279 378 231 378 text 0
89 369 157 369 157 378 89 378 text 0
369 369 377 369 377 378 369 378 text 0
24 369 79 369 79 378 24 378 text 0
48 385 107 385 107 403 48 403 text 0
121 386 146 386 146 403 121 403 text 0
465 386 524 386 524 403 465 403 text 0
158 385 254 385 254 407 158 407 text 0
269 385 337 385 337 407 269 407 text 0
355 386 411 386 411 407 355 407 text 0
366 411 410 411 410 427 366 427 text 0
477 412 522 412 522 427 477 427 text 0
61 436 119 436 119 453 61 453 text 0
134 437 158 437 158 453 134 453 text 0
464 437 523 437 523 453 464 453 text 0
172 436 267 436 267 456 172 456 text 0
283 435 337 435 337 457 283 457 text 0
355 435 411 435 411 457 355 457 text 0
195 460 254 460 254 477 195 477 text 0
267 461 293 461 293 477 267 477 text 0
467 461 523 461 523 477 467 477 text 0
306 460 411 460 411 481 306 481 text 0
242 487 301 487 301 504 242 504 text 0
463 488 525 488 525 504 463 504 text 0
318 486 403 486 403 507 318 507 text 0
27 519 119 519 119 529 27 529 text 0
29 531 124 531 124 541 29 541 text 0
456 532 573 532 573 541 456 541 text 0
139 532 198 532 198 541 139 541 text 0
383 532 442 532 442 541 383 541 text 0
321 532 369 532 369 543 321 543 text 0
286 535 308 535 308 541 286 541 text 0
211 532 270 532 270 543 211 543 text 0
26 544 62 544 62 553 26 553 text 0
198 544 223 544 223 553 198 553 text 0
236 544 355 544 355 553 236 553 text 0
77 544 185 544 185 555 77 555 text 0
370 544 464 544 464 555 370 555 text 0
484 546 502 546 502 553 484 553 text 0
173 557 223 557 223 566 173 566 text 0
544 558 576 558 576 566 544 566 text 0
505 558 528 558 528 566 505 566 text 0
136 558 160 558 160 566 136 566 text 0
29 556 124 556 124 567 29 567 text 0
359 557 490 557 490 568 359 568 text 0
235 559 344 559 344 568 235 568 text 0
286 569 320 569 320 578 286 578 text 0
334 569 393 569 393 578 334 578 text 0
406 569 430 569 430 578 406 578 text 0
446 569 479 569 479 578 446 578 text 0
102 569 134 569 134 578 102 578 text 0
151 569 231 569 231 580 151 580 text 0
28 569 84 569 84 580 28 580 text 0
248 571 271 571 271 578 248 578 text 0
493 583 502 583 502 589 493 589 text 0
175 582 234 582 234 590 175 590 text 0
397 582 479 582 479 590 397 590 text 0
286 582 330 582 330 590 286 590 text 0
347 582 379 582 379 590 347 590 text 0
27 581 159 581 159 592 27 592 text 0
248 584 271 584 271 590 248 590 text 0
26 593 149 593 149 604 26 604 text 0
162 594 210 594 210 604 162 604 text 0
373 605 443 605 443 616 373 616 text 0
201 606 366 606 366 618 201 618 text 0