235 108 297 108 297 117 235 117 text 0
314 109 388 109 388 117 314 117 text 0
402 109 451 109 451 118 402 118 text 0
198 119 222 119 222 128 198 128 text 0
236 120 312 120 312 129 236 129 text 0
326 120 387 120 387 129 326 129 text 0
401 121 477 121 477 129 401 129 text 0
198 131 260 131 260 140 198 140 text 0
272 132 373 132 373 141 272 141 text 0
388 132 476 132 476 141 388 141 text 0
209 143 271 143 271 151 209 151 text 0
285 143 348 143 348 151 285 151 text 0
364 143 446 143 446 152 364 152 text 0
158 153 206 153 206 163 158 163 text 0
285 154 309 154 309 163 285 163 text 0
220 154 267 154 267 164 220 164 text 0
349 155 511 155 511 164 349 164 text 0
181 177 254 177 254 186 181 186 text 0
286 178 458 178 458 187 286 187 text 0
77 199 201 199 201 216 77 216 text 0
235 199 278 199 278 216 235 216 text 0
75 227 112 227 112 235 75 235 text 0
127 228 153 228 153 236 127 236 text 0
188 228 264 228 264 237 188 237 text 0
407 230 492 230 492 239 407 239 text 0
508 230 521 230 521 239 508 239 text 0
73 239 123 239 123 247 73 247 text 0
192 239 316 239 316 249 192 249 text 0
331 241 431 241 431 250 331 250 text 0
71 250 157 250 157 260 71 260 text 0
188 251 225 251 225 260 188 260 text 0
242 252 294 252 294 260 242 260 text 0
304 252 339 252 339 260 304 260 text 0
71 273 211 273 211 283 71 283 text 0
262 275 301 275 301 284 262 284 text 0
352 275 441 275 441 285 352 285 text 0
469 276 529 276 529 285 469 285 text 0
547 277 582 277 582 285 547 285 text 0
69 296 145 296 145 305 69 305 text 0
160 297 208 297 208 305 160 305 text 0
222 297 334 297 334 307 222 307 text 0
252 309 285 309 285 317 252 317 text 0
354 310 413 310 413 318 354 318 text 0
469 311 529 311 529 319 469 319 text 0
555 312 580 312 580 320 555 320 text 0
66 319 103 319 103 328 66 328 text 0
118 320 181 320 181 329 118 329 text 0
198 320 233 320 233 329 198 329 text 0
249 332 284 332 284 341 249 341 text 0
363 333 412 333 412 341 363 341 text 0
477 334 527 334 527 342 477 342 text 0
553 335 578 335 578 343 553 343 text 0
63 342 178 342 178 352 63 352 text 0
247 356 282 356 282 364 247 364 text 0
362 357 410 357 410 365 362 365 text 0
475 357 525 357 525 365 475 365 text 0
551 357 576 357 576 365 551 365 text 0
62 365 153 365 153 375 62 375 text 0
167 366 255 366 255 375 167 375 text 0
270 367 320 367 320 375 270 375 text 0
245 378 280 378 280 387 245 387 text 0
360 379 408 379 408 388 360 388 text 0
474 380 524 380 524 389 474 389 text 0
552 380 576 380 576 389 552 389 text 0
61 400 122 400 122 409 61 409 text 0
138 401 185 401 185 409 138 409 text 0
205 401 214 401 214 409 205 409 text 0
61 411 121 411 121 421 61 421 text 0
141 412 265 412 265 422 141 422 text 0
279 413 330 413 330 422 279 422 text 0
511 415 573 415 573 424 511 424 text 0
58 423 96 423 96 431 58 431 text 0
110 424 200 424 200 433 110 433 text 0
217 424 274 424 274 434 217 434 text 0
527 427 573 427 573 435 527 435 text 0
60 435 120 435 120 444 60 444 text 0
138 436 263 436 263 445 138 445 text 0
278 436 301 436 301 445 278 445 text 0
316 437 366 437 366 446 316 446 text 0
508 438 572 438 572 447 508 447 text 0
58 458 183 458 183 477 58 477 text 0
441 460 569 460 569 477 441 477 text 0
54 488 140 488 140 496 54 496 text 0
157 488 194 488 194 496 157 496 text 0
304 489 428 489 428 498 304 498 text 0
471 490 569 490 569 498 471 498 text 0
54 499 139 499 139 507 54 507 text 0
155 500 195 500 195 508 155 508 text 0
208 500 260 500 260 508 208 508 text 0
273 500 310 500 310 509 273 509 text 0
51 522 102 522 102 531 51 531 text 0
503 525 566 525 566 533 503 533 text 0
50 534 126 534 126 542 50 542 text 0
505 536 566 536 566 545 505 545 text 0
50 569 86 569 86 577 50 577 text 0
101 569 189 569 189 579 101 579 text 0
306 571 432 571 432 581 306 581 text 0
475 571 561 571 561 581 475 581 text 0
47 581 72 581 72 589 47 589 text 0
178 581 201 581 201 591 178 591 text 0
214 582 251 582 251 591 214 591 text 0
372 582 434 582 434 591 372 591 text 0
515 583 564 583 564 593 515 593 text 0