97 74 213 74 213 90 97 90 text 0
240 74 333 74 333 93 240 93 text 0
360 78 547 78 547 97 360 97 text 0
61 100 140 100 140 116 61 116 text 0
151 98 212 98 212 120 151 120 text 0
222 102 270 102 270 117 222 117 text 0
293 102 426 102 426 121 293 121 text 0
455 104 575 104 575 126 455 126 text 0
109 125 235 125 235 142 109 142 text 0
255 126 394 126 394 145 255 145 text 0
415 127 500 127 500 146 415 146 text 0
144 150 285 150 285 168 144 168 text 0
307 150 466 150 466 170 307 170 text 0
145 174 283 174 283 191 145 191 text 0
308 177 357 177 357 192 308 192 text 0
377 178 408 178 408 193 377 193 text 0
432 178 465 178 465 194 432 194 text 0
105 196 247 196 247 216 105 216 text 0
266 201 313 201 313 217 266 217 text 0
341 201 516 201 516 220 341 220 text 0
17 230 105 230 105 249 17 249 text 0
16 256 82 256 82 273 16 273 text 0
215 238 224 238 224 253 215 253 text 0
244 235 422 235 422 254 244 254 text 0
213 263 222 263 222 276 213 276 text 0
245 260 386 260 386 278 245 278 text 0
212 286 221 286 221 299 212 299 text 0
244 284 314 284 314 302 244 302 text 0
13 277 63 277 63 300 13 300 text 0
80 280 118 280 118 299 80 299 text 0
10 320 80 320 80 336 10 336 text 0
97 321 126 321 126 336 97 336 text 0
146 320 214 320 214 338 146 338 text 0
351 325 395 325 395 341 351 341 text 0
471 327 559 327 559 346 471 346 text 0
6 372 145 372 145 391 6 391 text 0
438 379 553 379 553 401 438 401 text 0
411 404 553 404 553 427 411 427 text 0
6 398 145 398 145 418 6 418 text 0
0 451 89 451 89 469 0 469 text 0
450 459 552 459 552 478 450 478 text 0
0 484 121 484 121 505 0 505 text 0
144 488 187 488 187 505 144 505 text 0
0 518 73 518 73 541 0 541 text 0
68 523 191 523 191 541 68 541 text 0
434 527 457 527 457 547 434 547 text 0
459 528 506 528 506 549 459 549 text 0
506 528 569 528 569 550 506 550 text 0
158 562 194 562 194 581 158 581 text 0
216 566 248 566 248 582 216 582 text 0
268 566 410 566 410 586 268 586 text 0