225 5 479 5 479 19 225 19 text 0
150 35 223 35 223 43 150 43 text 0
237 35 358 35 358 44 237 44 text 0
371 35 407 35 407 43 371 43 text 0
419 36 456 36 456 44 419 44 text 0
162 53 198 53 198 61 162 61 text 0
214 53 245 53 245 61 214 61 text 0
360 53 416 53 416 61 360 61 text 0
263 53 343 53 343 62 263 62 text 0
433 53 453 53 453 62 433 62 text 0
249 70 346 70 346 79 249 79 text 0
163 70 236 70 236 79 163 79 text 0
358 70 440 70 440 79 358 79 text 0
261 88 322 88 322 96 261 96 text 0
178 88 208 88 208 96 178 96 text 0
225 88 245 88 245 97 225 97 text 0
335 88 441 88 441 97 335 97 text 0
348 106 371 106 371 114 348 114 text 0
250 106 334 106 334 115 250 115 text 0
261 124 322 124 322 132 261 132 text 0
188 124 248 124 248 132 188 132 text 0
336 125 416 125 416 134 336 134 text 0
275 142 306 142 306 150 275 150 text 0
177 143 208 143 208 151 177 151 text 0
325 142 442 142 442 151 325 151 text 0
224 142 260 142 260 151 224 151 text 0
312 161 457 161 457 168 312 168 text 0
162 160 199 160 199 168 162 168 text 0
262 160 295 160 295 168 262 168 text 0
212 160 248 160 248 169 212 169 text 0
261 178 285 178 285 186 261 186 text 0
301 181 309 181 309 182 301 182 text 0
323 178 416 178 416 186 323 186 text 0
199 178 246 178 246 186 199 186 text 0
152 213 384 213 384 221 152 221 text 0
65 212 115 212 115 222 65 222 text 0
214 230 299 230 299 239 214 239 text 0
154 231 201 231 201 239 154 239 text 0
67 231 136 231 136 239 67 239 text 0
436 231 556 231 556 239 436 239 text 0
350 231 418 231 418 239 350 239 text 0
154 249 250 249 250 257 154 257 text 0
265 249 324 249 324 257 265 257 text 0
66 249 125 249 125 257 66 257 text 0
475 283 518 283 518 293 475 293 text 0
65 285 202 285 202 294 65 294 text 0
399 285 471 285 471 295 399 295 text 0
126 319 155 319 155 328 126 328 text 0
212 319 312 319 312 328 212 328 text 0
68 320 115 320 115 328 68 328 text 0
165 336 214 336 214 346 165 346 text 0
228 337 287 337 287 346 228 346 text 0
475 338 521 338 521 346 475 346 text 0
301 338 312 338 312 346 301 346 text 0
534 338 557 338 557 346 534 346 text 0
68 337 152 337 152 346 68 346 text 0
325 340 361 340 361 347 325 347 text 0
210 355 314 355 314 364 210 364 text 0
129 355 152 355 152 364 129 364 text 0
69 356 116 356 116 364 69 364 text 0
534 373 558 373 558 381 534 381 text 0
202 373 262 373 262 383 202 383 text 0
474 374 522 374 522 382 474 382 text 0
277 374 312 374 312 382 277 382 text 0
68 374 166 374 166 382 68 382 text 0
325 375 362 375 362 383 325 383 text 0
218 392 312 392 312 399 218 399 text 0
130 392 155 392 155 400 130 400 text 0
69 393 117 393 117 400 69 400 text 0
474 409 522 409 522 416 474 416 text 0
535 409 558 409 558 416 535 416 text 0
68 409 166 409 166 417 68 417 text 0
266 409 314 409 314 417 266 417 text 0
204 409 252 409 252 417 204 417 text 0
326 410 362 410 362 418 326 418 text 0
464 445 523 445 523 453 464 453 text 0
70 445 127 445 127 453 70 453 text 0
143 445 167 445 167 453 143 453 text 0
69 463 119 463 119 471 69 471 text 0
451 463 524 463 524 471 451 471 text 0
134 462 191 462 191 472 134 472 text 0
477 481 524 481 524 489 477 489 text 0
71 481 144 481 144 490 71 490 text 0
450 516 507 516 507 523 450 523 text 0
341 515 422 515 422 524 341 524 text 0
513 516 557 516 557 524 513 524 text 0
107 516 155 516 155 524 107 524 text 0
205 515 287 515 287 524 205 524 text 0
502 532 559 532 559 540 502 540 text 0
379 533 425 533 425 540 379 540 text 0
231 533 290 533 290 541 231 541 text 0
69 534 94 534 94 541 69 541 text 0
143 534 154 534 154 541 143 541 text 0
388 568 519 568 519 576 388 576 text 0
281 568 376 568 376 576 281 576 text 0
169 568 216 568 216 576 169 576 text 0
95 568 154 568 154 576 95 576 text 0
229 568 265 568 265 576 229 576 text 0
428 586 450 586 450 593 428 593 text 0
463 586 510 586 510 593 463 593 text 0
340 585 412 585 412 593 340 593 text 0
266 586 326 586 326 593 266 593 text 0
121 586 216 586 216 594 121 594 text 0
230 586 253 586 253 594 230 594 text 0
303 602 400 602 400 610 303 610 text 0
414 602 507 602 507 610 414 610 text 0
266 603 291 603 291 610 266 610 text 0
120 604 253 604 253 611 120 611 text 0