140 36 185 36 185 44 140 44 text 0
204 36 263 36 263 44 204 44 text 0
283 34 390 34 390 44 283 44 text 0
404 35 433 35 433 42 404 42 text 0
452 33 545 33 545 43 452 43 text 0
111 46 263 46 263 55 111 55 text 0
279 46 327 46 327 56 279 56 text 0
361 46 449 46 449 54 361 54 text 0
468 46 589 46 589 54 468 54 text 0
115 58 202 58 202 67 115 67 text 0
219 59 255 59 255 67 219 67 text 0
266 58 361 58 361 66 266 66 text 0
377 57 469 57 469 67 377 67 text 0
484 57 585 57 585 65 484 65 text 0
145 70 233 70 233 79 145 79 text 0
253 70 328 70 328 78 253 78 text 0
347 70 415 70 415 77 347 77 text 0
425 70 451 70 451 77 425 77 text 0
471 70 499 70 499 77 471 77 text 0
518 69 561 69 561 77 518 77 text 0
239 80 466 80 466 90 239 90 text 0
175 93 271 93 271 103 175 103 text 0
284 94 340 94 340 101 284 101 text 0
364 92 517 92 517 101 364 101 text 0
275 113 284 113 284 120 275 120 text 0
305 110 454 110 454 119 305 119 text 0
305 122 426 122 426 130 305 130 text 0
102 111 177 111 177 120 102 120 text 0
101 123 161 123 161 131 101 131 text 0
102 133 150 133 150 144 102 144 text 0
166 135 195 135 195 142 166 142 text 0
306 134 366 134 366 141 306 141 text 0
505 151 581 151 581 161 505 161 text 0
507 164 583 164 583 174 507 174 text 0
106 153 155 153 155 162 106 162 text 0
170 152 233 152 233 161 170 161 text 0
401 152 439 152 439 160 401 160 text 0
106 166 220 166 220 175 106 175 text 0
236 166 272 166 272 174 236 174 text 0
402 166 440 166 440 173 402 173 text 0
108 192 231 192 231 202 108 202 text 0
109 205 232 205 232 214 109 214 text 0
481 191 581 191 581 201 481 201 text 0
464 203 582 203 582 213 464 213 text 0
499 227 591 227 591 238 499 238 text 0
111 230 186 230 186 241 111 241 text 0
129 243 173 243 173 251 129 251 text 0
314 254 376 254 376 262 314 262 text 0
119 271 157 271 157 281 119 281 text 0
160 271 230 271 230 281 160 281 text 0
240 271 279 271 279 279 240 279 text 0
301 270 393 270 393 278 301 278 text 0
120 300 163 300 163 308 120 308 text 0
181 300 285 300 285 308 181 308 text 0
474 298 490 298 490 306 474 306 text 0
504 298 612 298 612 307 504 307 text 0
120 330 187 330 187 338 120 338 text 0
199 329 232 329 232 338 199 338 text 0
236 329 410 329 410 339 236 339 text 0
122 339 209 339 209 346 122 346 text 0
225 339 327 339 327 346 225 346 text 0
122 348 175 348 175 355 122 355 text 0
189 348 268 348 268 354 189 354 text 0
120 356 234 356 234 363 120 363 text 0
122 365 221 365 221 372 122 372 text 0
121 374 234 374 234 380 121 380 text 0
448 346 490 346 490 352 448 352 text 0
504 346 605 346 605 352 504 352 text 0
516 355 604 355 604 361 516 361 text 0
400 364 432 364 432 370 400 370 text 0
447 363 607 363 607 370 447 370 text 0
332 382 428 382 428 389 332 389 text 0
395 392 467 392 467 396 395 396 text 0
498 391 573 391 573 397 498 397 text 0
187 394 260 394 260 397 187 397 text 0
291 393 364 393 364 397 291 397 text 0
124 403 225 403 225 410 124 410 text 0
456 401 555 401 555 409 456 409 text 0
580 401 614 401 614 407 580 407 text 0
207 413 283 413 283 419 207 419 text 0
310 411 413 411 413 420 310 420 text 0
415 411 532 411 532 418 415 418 text 0
229 421 319 421 319 428 229 428 text 0
333 421 364 421 364 428 333 428 text 0
380 420 515 420 515 428 380 428 text 0
189 431 268 431 268 437 189 437 text 0
293 429 381 429 381 437 293 437 text 0
395 430 429 430 429 436 395 436 text 0
458 430 490 430 490 436 458 436 text 0
522 429 557 429 557 436 522 436 text 0
230 441 348 441 348 448 230 448 text 0
360 441 387 441 387 446 360 446 text 0
420 438 518 438 518 447 420 447 text 0
185 451 239 451 239 457 185 457 text 0
249 449 322 449 322 458 249 458 text 0
326 450 355 450 355 457 326 457 text 0
370 450 396 450 396 456 370 456 text 0
417 449 485 449 485 456 417 456 text 0
498 449 556 449 556 458 498 458 text 0
254 459 298 459 298 466 254 466 text 0
314 458 403 458 403 465 314 465 text 0
416 458 485 458 485 465 416 465 text 0
233 467 276 467 276 474 233 474 text 0
291 467 367 467 367 474 291 474 text 0
383 467 460 467 460 473 383 473 text 0
476 467 518 467 518 474 476 474 text 0
234 476 311 476 311 483 234 483 text 0
325 476 379 476 379 482 325 482 text 0
395 476 415 476 415 482 395 482 text 0
457 475 520 475 520 482 457 482 text 0
217 484 300 484 300 492 217 492 text 0
303 485 333 485 333 491 303 491 text 0
348 483 532 483 532 491 348 491 text 0
153 495 184 495 184 501 153 501 text 0
197 494 266 494 266 501 197 501 text 0
282 494 304 494 304 502 282 502 text 0
305 494 317 494 317 502 305 502 text 0
326 493 369 493 369 500 326 500 text 0
384 493 442 493 442 500 384 500 text 0
456 493 476 493 476 499 456 499 text 0
489 492 568 492 568 499 489 499 text 0
583 494 604 494 604 499 583 499 text 0
174 504 216 504 216 510 174 510 text 0
231 502 282 502 282 511 231 511 text 0
302 502 400 502 400 510 302 510 text 0
406 501 568 501 568 510 406 510 text 0
287 511 458 511 458 519 287 519 text 0
359 534 513 534 513 551 359 551 text 0
311 573 412 573 412 577 311 577 text 0
418 572 450 572 450 576 418 576 text 0
459 573 488 573 488 576 459 576 text 0
136 592 177 592 177 601 136 601 text 0
195 593 302 593 302 601 195 601 text 0
490 591 509 591 509 600 490 600 text 0
523 590 632 590 632 599 523 599 text 0
277 609 309 609 309 618 277 618 text 0
329 610 354 610 354 618 329 618 text 0
375 609 497 609 497 618 375 618 text 0
278 124 286 124 286 130 278 130 text 0
278 136 286 136 286 141 278 141 text 0
131 254 314 254 314 260 131 260 text 0