158 95 254 95 254 106 158 106 text 0
267 95 303 95 303 106 267 106 text 0
317 95 376 95 376 106 317 106 text 0
194 109 328 109 328 121 194 121 text 0
170 124 230 124 230 136 170 136 text 0
99 125 153 125 153 136 99 136 text 0
244 125 364 125 364 137 244 137 text 0
379 125 434 125 434 137 379 137 text 0
293 139 376 139 376 151 293 151 text 0
206 139 278 139 278 150 206 150 text 0
73 139 157 139 157 151 73 151 text 0
389 139 470 139 470 151 389 151 text 0
171 139 190 139 190 151 171 151 text 0
135 153 192 153 192 164 135 164 text 0
206 153 288 153 288 165 206 165 text 0
305 153 400 153 400 166 305 166 text 0
121 168 154 168 154 178 121 178 text 0
219 168 251 168 251 178 219 178 text 0
267 168 413 168 413 180 267 180 text 0
171 168 206 168 206 179 171 179 text 0
125 197 190 197 190 208 125 208 text 0
222 197 387 197 387 208 222 208 text 0
25 225 59 225 59 237 25 237 text 0
74 226 117 226 117 237 74 237 text 0
135 226 218 226 218 237 135 237 text 0
242 226 336 226 336 237 242 237 text 0
353 225 437 225 437 237 353 237 text 0
24 240 72 240 72 251 24 251 text 0
134 239 254 239 254 252 134 252 text 0
271 241 361 241 361 252 271 252 text 0
113 243 117 243 117 251 113 251 text 0
401 270 458 270 458 282 401 282 text 0
475 270 509 270 509 282 475 282 text 0
23 270 156 270 156 282 23 282 text 0
206 270 241 270 241 282 206 282 text 0
292 270 376 270 376 282 292 282 text 0
25 298 59 298 59 309 25 309 text 0
75 297 106 297 106 310 75 310 text 0
198 313 228 313 228 324 198 324 text 0
304 313 352 313 352 324 304 324 text 0
486 313 510 313 510 324 486 324 text 0
414 313 462 313 462 325 414 325 text 0
24 327 72 327 72 339 24 339 text 0
87 327 118 327 118 339 87 339 text 0
432 337 434 337 434 339 432 339 text 0
197 343 229 343 229 353 197 353 text 0
304 342 352 342 352 353 304 353 text 0
487 342 509 342 509 353 487 353 text 0
414 342 462 342 462 354 414 354 text 0
23 355 93 355 93 367 23 367 text 0
110 356 144 356 144 367 110 367 text 0
194 370 229 370 229 381 194 381 text 0
307 371 352 371 352 381 307 381 text 0
414 371 462 371 462 382 414 382 text 0
487 371 509 371 509 382 487 382 text 0
24 384 71 384 71 395 24 395 text 0
84 385 130 385 130 396 84 396 text 0
304 398 352 398 352 410 304 410 text 0
195 400 228 400 228 410 195 410 text 0
414 399 462 399 462 410 414 410 text 0
487 399 510 399 510 411 487 411 text 0
25 426 80 426 80 438 25 438 text 0
98 427 141 427 141 438 98 438 text 0
158 427 168 427 168 438 158 438 text 0
25 440 80 440 80 452 25 452 text 0
464 441 507 441 507 453 464 453 text 0
98 441 217 441 217 454 98 454 text 0
231 441 287 441 287 453 231 453 text 0
23 455 58 455 58 466 23 466 text 0
171 455 226 455 226 468 171 468 text 0
72 455 156 455 156 468 72 468 text 0
462 455 510 455 510 467 462 467 text 0
25 469 81 469 81 480 25 480 text 0
99 469 218 469 218 481 99 481 text 0
232 469 253 469 253 481 232 481 text 0
462 470 510 470 510 481 462 481 text 0
267 470 324 470 324 482 267 482 text 0
28 484 140 484 140 495 28 495 text 0
413 484 508 484 508 496 413 496 text 0
25 512 75 512 75 523 25 523 text 0
462 513 510 513 510 524 462 524 text 0
24 555 60 555 60 569 24 569 text 0
266 555 386 555 386 570 266 570 text 0
73 556 157 556 157 570 73 570 text 0
424 556 508 556 508 570 424 570 text 0
24 572 47 572 47 584 24 584 text 0
341 572 385 572 385 584 341 584 text 0
462 572 510 572 510 584 462 584 text 0
182 572 215 572 215 584 182 584 text 0
148 572 169 572 169 584 148 584 text 0