290 24 405 24 405 36 290 36 text 0
273 42 330 42 330 53 273 53 text 0
354 41 436 41 436 54 354 54 text 0
125 59 239 59 239 72 125 72 text 0
259 60 386 60 386 71 259 71 text 0
415 58 527 58 527 71 415 71 text 0
546 60 583 60 583 71 546 71 text 0
244 77 330 77 330 90 244 90 text 0
364 78 378 78 378 89 364 89 text 0
394 78 407 78 407 89 394 89 text 0
424 78 439 78 439 89 424 89 text 0
244 93 451 93 451 109 244 109 text 0
183 112 285 112 285 124 183 124 text 0
304 111 356 111 356 123 304 123 text 0
379 112 527 112 527 123 379 123 text 0
108 137 180 137 180 150 108 150 text 0
305 138 449 138 449 149 305 149 text 0
306 155 420 155 420 166 306 166 text 0
109 156 164 156 164 167 109 167 text 0
107 172 152 172 152 187 107 187 text 0
168 173 198 173 198 185 168 185 text 0
304 173 362 173 362 184 304 184 text 0
107 199 191 199 191 212 107 212 text 0
396 200 432 200 432 211 396 211 text 0
498 200 572 200 572 214 498 214 text 0
473 239 566 239 566 253 473 253 text 0
452 258 568 258 568 272 452 272 text 0
108 239 226 239 226 250 108 250 text 0
107 258 226 258 226 270 107 270 text 0
108 294 179 294 179 307 108 307 text 0
120 312 224 312 224 324 120 324 text 0
244 313 301 313 301 325 244 325 text 0
303 330 363 330 363 342 303 342 text 0
486 296 572 296 572 308 486 308 text 0
124 330 300 330 300 338 124 338 text 0
106 354 209 354 209 367 106 367 text 0
226 356 265 356 265 367 226 367 text 0
289 356 437 356 437 367 289 367 text 0
106 397 152 397 152 411 106 411 text 0
167 399 271 399 271 410 167 410 text 0
452 398 469 398 469 411 452 411 text 0
482 398 590 398 590 411 482 411 text 0
108 444 193 444 193 453 108 453 text 0
209 442 323 442 323 455 209 455 text 0
105 457 216 457 216 466 105 466 text 0
105 470 137 470 137 479 105 479 text 0
152 471 160 471 160 478 152 478 text 0
173 469 330 469 330 478 173 478 text 0
103 482 138 482 138 492 103 492 text 0
149 482 206 482 206 492 149 492 text 0
242 483 296 483 296 493 242 493 text 0
310 482 421 482 421 493 310 493 text 0
106 496 135 496 135 505 106 505 text 0
141 497 146 497 146 505 141 505 text 0
151 496 239 496 239 505 151 505 text 0
103 508 147 508 147 517 103 517 text 0
164 508 261 508 261 517 164 517 text 0
386 443 477 443 477 453 386 453 text 0
492 442 580 442 580 455 492 455 text 0
527 455 579 455 579 466 527 466 text 0
456 495 523 495 523 505 456 505 text 0
537 495 579 495 579 505 537 505 text 0
503 508 576 508 576 518 503 518 text 0
188 522 422 522 422 529 188 529 text 0
428 521 504 521 504 532 428 532 text 0
207 537 303 537 303 546 207 546 text 0
328 537 485 537 485 546 328 546 text 0
104 556 134 556 134 564 104 564 text 0
151 555 204 555 204 565 151 565 text 0
220 555 281 555 281 564 220 564 text 0
430 568 522 568 522 580 430 580 text 0
549 569 581 569 581 578 549 578 text 0
116 583 158 583 158 592 116 592 text 0
171 582 337 582 337 592 171 592 text 0
354 583 384 583 384 592 354 592 text 0
392 583 567 583 567 593 392 593 text 0
106 615 202 615 202 625 106 625 text 0
217 615 303 615 303 625 217 625 text 0
321 616 349 616 349 625 321 625 text 0
364 615 528 615 528 626 364 626 text 0
275 141 282 141 282 150 275 150 text 0
276 158 283 158 283 167 276 167 text 0
276 175 282 175 282 185 276 185 text 0