375 81 484 81 484 91 375 91 text 0
132 82 332 82 332 91 132 91 text 0
99 96 168 96 168 105 99 105 text 0
224 95 298 95 298 106 224 106 text 0
340 96 422 96 422 105 340 105 text 0
466 96 547 96 547 105 466 105 text 0
177 110 225 110 225 120 177 120 text 0
250 110 285 110 285 119 250 119 text 0
314 110 441 110 441 120 314 120 text 0
311 124 502 124 502 134 311 134 text 0
116 124 170 124 170 134 116 134 text 0
250 125 285 125 285 134 250 134 text 0
190 125 231 125 231 134 190 134 text 0
53 139 79 139 79 147 53 147 text 0
144 139 214 139 214 148 144 148 text 0
236 138 330 138 330 148 236 148 text 0
357 139 411 139 411 148 357 148 text 0
431 139 472 139 472 148 431 148 text 0
493 139 562 139 562 148 493 148 text 0
98 139 118 139 118 148 98 148 text 0
98 152 170 152 170 161 98 161 text 0
190 153 260 153 260 162 190 162 text 0
401 152 518 152 518 162 401 162 text 0
281 153 375 153 375 162 281 162 text 0
264 166 338 166 338 176 264 176 text 0
160 167 245 167 245 176 160 176 text 0
357 167 445 167 445 176 357 176 text 0
251 194 458 194 458 205 251 205 text 0
158 195 197 195 197 204 158 204 text 0
38 222 156 222 156 233 38 233 text 0
370 223 406 223 406 232 370 232 text 0
446 223 595 223 595 232 446 232 text 0
175 223 246 223 246 233 175 233 text 0
295 224 354 224 354 233 295 233 text 0
341 237 414 237 414 248 341 248 text 0
446 237 520 237 520 248 446 248 text 0
36 237 140 237 140 249 36 249 text 0
158 237 232 237 232 249 158 249 text 0
463 266 547 266 547 275 463 275 text 0
39 266 201 266 201 276 39 276 text 0
508 294 563 294 563 303 508 303 text 0
39 294 78 294 78 303 39 303 text 0
97 294 185 294 185 303 97 303 text 0
582 294 595 294 595 303 582 303 text 0
203 294 305 294 305 303 203 303 text 0
265 308 351 308 351 317 265 317 text 0
204 308 246 308 246 318 204 318 text 0
37 308 80 308 80 318 37 318 text 0
102 309 184 309 184 318 102 318 text 0
264 336 291 336 291 346 264 346 text 0
507 336 564 336 564 346 507 346 text 0
310 336 354 336 354 346 310 346 text 0
128 336 156 336 156 346 128 346 text 0
36 337 108 337 108 346 36 346 text 0
176 337 240 337 240 346 176 346 text 0
478 350 564 350 564 360 478 360 text 0
38 351 95 351 95 361 38 361 text 0
39 365 126 365 126 375 39 375 text 0
505 365 565 365 565 377 505 377 text 0
552 393 564 393 564 402 552 402 text 0
114 393 183 393 183 403 114 403 text 0
42 393 95 393 95 403 42 403 text 0
446 408 487 408 487 417 446 417 text 0
343 407 395 407 395 417 343 417 text 0
510 407 561 407 561 417 510 417 text 0
38 407 81 407 81 417 38 417 text 0
98 407 199 407 199 417 98 417 text 0
236 408 320 408 320 417 236 417 text 0
340 421 360 421 360 430 340 430 text 0
507 421 560 421 560 431 507 431 text 0
39 421 51 421 51 431 39 431 text 0
98 421 126 421 126 431 98 431 text 0
68 423 81 423 81 430 68 430 text 0
370 422 396 422 396 431 370 431 text 0
39 435 50 435 50 445 39 445 text 0
373 436 397 436 397 445 373 445 text 0
68 437 81 437 81 444 68 444 text 0
342 435 361 435 361 445 342 445 text 0
505 436 564 436 564 446 505 446 text 0
100 436 126 436 126 447 100 447 text 0
510 464 564 464 564 474 510 474 text 0
130 463 233 463 233 474 130 474 text 0
39 464 108 464 108 474 39 474 text 0
404 491 490 491 490 501 404 501 text 0
326 492 385 492 385 501 326 501 text 0
206 492 308 492 308 502 206 502 text 0
175 492 188 492 188 502 175 502 text 0
131 492 159 492 159 502 131 502 text 0
389 506 519 506 519 515 389 515 text 0
265 506 370 506 370 515 265 515 text 0
177 506 249 506 249 516 177 516 text 0
116 506 159 506 159 516 116 516 text 0
447 520 527 520 527 529 447 529 text 0
373 520 429 520 429 529 373 529 text 0
268 520 354 520 354 529 268 529 text 0
100 520 172 520 172 529 100 529 text 0
191 520 241 520 241 529 191 529 text 0
236 534 443 534 443 544 236 544 text 0
177 537 227 537 227 543 177 543 text 0
312 547 383 547 383 557 312 557 text 0
401 547 489 547 489 557 401 557 text 0
193 548 293 548 293 557 193 557 text 0
132 548 172 548 172 558 132 558 text 0
191 561 491 561 491 572 191 572 text 0
132 565 183 565 183 572 132 572 text 0