56 86 137 86 137 100 56 100 text 0
151 86 244 86 244 100 151 100 text 0
57 103 193 103 193 117 57 117 text 0
57 121 91 121 91 134 57 134 text 0
105 121 174 121 174 134 105 134 text 0
58 138 127 138 127 152 58 152 text 0
140 137 305 137 305 151 140 151 text 0
57 157 114 157 114 170 57 170 text 0
128 155 224 155 224 171 128 171 text 0
236 155 305 155 305 168 236 168 text 0
55 174 212 174 212 188 55 188 text 0
224 173 306 173 306 186 224 186 text 0
319 172 437 172 437 186 319 186 text 0
57 192 136 192 136 206 57 206 text 0
154 190 343 190 343 205 154 205 text 0
60 228 117 228 117 242 60 242 text 0
58 244 95 244 95 261 58 261 text 0
107 245 130 245 130 259 107 259 text 0
158 245 212 245 212 259 158 259 text 0
60 263 104 263 104 277 60 277 text 0
159 227 284 227 284 241 159 241 text 0
158 262 224 262 224 277 158 277 text 0
62 299 131 299 131 313 62 313 text 0
145 299 178 299 178 313 145 313 text 0
191 298 296 298 296 312 191 312 text 0
61 316 118 316 118 330 61 330 text 0
134 316 179 316 179 329 134 329 text 0
192 315 286 315 286 329 192 329 text 0
58 332 74 332 74 349 58 349 text 0
86 332 105 332 105 348 86 348 text 0
121 334 190 334 190 348 121 348 text 0
205 333 238 333 238 346 205 346 text 0
252 333 275 333 275 346 252 346 text 0
62 351 168 351 168 368 62 368 text 0
182 350 204 350 204 364 182 364 text 0
216 350 251 350 251 365 216 365 text 0
263 350 287 350 287 364 263 364 text 0
347 297 369 297 369 310 347 310 text 0
347 314 369 314 369 326 347 326 text 0
348 332 370 332 370 345 348 345 text 0
348 350 370 350 370 363 348 363 text 0
468 294 535 294 535 310 468 310 text 0
480 313 537 313 537 327 480 327 text 0
480 330 537 330 537 346 480 346 text 0
481 347 538 347 538 364 481 364 text 0
65 387 202 387 202 400 65 400 text 0
65 404 204 404 204 418 65 418 text 0
423 382 531 382 531 399 423 399 text 0
399 401 538 401 538 416 399 416 text 0
65 458 122 458 122 471 65 471 text 0
136 457 230 457 230 471 136 471 text 0
472 453 540 453 540 470 472 470 text 0
66 493 101 493 101 507 66 507 text 0
67 511 88 511 88 525 67 525 text 0
244 492 278 492 278 505 244 505 text 0
294 491 360 491 360 505 294 505 text 0
388 491 455 491 455 505 388 505 text 0
476 490 542 490 542 504 476 504 text 0
305 509 362 509 362 525 305 525 text 0
475 508 542 508 542 522 475 522 text 0