58 56 181 56 181 66 58 66 text 0
59 68 118 68 118 75 59 75 text 0
133 68 181 68 181 75 133 75 text 0
195 67 267 67 267 75 195 75 text 0
281 66 428 66 428 76 281 76 text 0
60 78 131 78 131 86 60 86 text 0
145 78 279 78 279 86 145 86 text 0
295 78 341 78 341 86 295 86 text 0
356 76 453 76 453 85 356 85 text 0
59 88 156 88 156 96 59 96 text 0
170 88 280 88 280 96 170 96 text 0
295 88 342 88 342 96 295 96 text 0
356 88 405 88 405 96 356 96 text 0
58 99 230 99 230 108 58 108 text 0
246 99 290 99 290 107 246 107 text 0
306 99 355 99 355 106 306 106 text 0
369 99 405 99 405 106 369 106 text 0
419 100 441 100 441 107 419 107 text 0
457 99 477 99 477 106 457 106 text 0
59 110 143 110 143 118 59 118 text 0
158 110 201 110 201 117 158 117 text 0
220 109 342 109 342 118 220 118 text 0
60 120 141 120 141 128 60 128 text 0
158 121 229 121 229 128 158 128 text 0
246 120 379 120 379 128 246 128 text 0
394 120 441 120 441 128 394 128 text 0
456 119 553 119 553 128 456 128 text 0
59 131 156 131 156 139 59 139 text 0
171 131 280 131 280 139 171 139 text 0
295 130 342 130 342 138 295 138 text 0
356 129 407 129 407 139 356 139 text 0
59 141 229 141 229 151 59 151 text 0
60 150 131 150 131 160 60 160 text 0
147 151 228 151 228 160 147 160 text 0
246 152 314 152 314 160 246 160 text 0
334 152 406 152 406 160 334 160 text 0
60 173 119 173 119 181 60 181 text 0
58 183 97 183 97 193 58 193 text 0
109 184 133 184 133 192 109 192 text 0
162 184 219 184 219 191 162 191 text 0
163 195 233 195 233 203 163 203 text 0
163 173 293 173 293 181 163 181 text 0
60 194 105 194 105 203 60 203 text 0
60 216 228 216 228 224 60 224 text 0
85 227 132 227 132 234 85 234 text 0
85 237 157 237 157 245 85 245 text 0
85 247 169 247 169 256 85 256 text 0
358 215 382 215 382 224 358 224 text 0
358 226 382 226 382 234 358 234 text 0
357 237 381 237 381 245 357 245 text 0
357 248 381 248 381 256 357 256 text 0
482 216 555 216 555 225 482 225 text 0
495 226 554 226 554 235 495 235 text 0
496 237 554 237 554 246 496 246 text 0
495 247 554 247 554 257 495 257 text 0
60 269 205 269 205 277 60 277 text 0
62 280 207 280 207 289 62 289 text 0
434 268 553 268 553 278 434 278 text 0
410 279 554 279 554 289 410 289 text 0
484 311 556 311 556 320 484 320 text 0
60 334 95 334 95 341 60 341 text 0
247 333 281 333 281 340 247 340 text 0
297 333 368 333 368 340 297 340 text 0
397 332 468 332 468 340 397 340 text 0
484 332 555 332 555 340 484 340 text 0
484 343 556 343 556 353 484 353 text 0
62 312 140 312 140 320 62 320 text 0
310 344 369 344 369 353 310 353 text 0
60 344 82 344 82 351 60 351 text 0
61 376 154 376 154 385 61 385 text 0
172 376 241 376 241 384 172 384 text 0
60 386 105 386 105 394 60 394 text 0
122 386 136 386 136 395 122 395 text 0
161 386 204 386 204 394 161 394 text 0
223 385 283 385 283 394 223 394 text 0
61 431 496 431 496 436 61 436 text 0
61 439 170 439 170 449 61 449 text 0
186 440 222 440 222 448 186 448 text 0
237 440 345 440 345 448 237 448 text 0
361 439 419 439 419 447 361 447 text 0
434 439 540 439 540 447 434 447 text 0
61 451 109 451 109 460 61 460 text 0
124 450 193 450 193 459 124 459 text 0
211 450 284 450 284 458 211 458 text 0
297 450 345 450 345 458 297 458 text 0
62 461 383 461 383 470 62 470 text 0
63 472 583 472 583 478 63 478 text 0
62 480 322 480 322 491 62 491 text 0
62 503 130 503 130 513 62 513 text 0
137 505 173 505 173 511 137 511 text 0
186 503 235 503 235 512 186 512 text 0
252 504 259 504 259 512 252 512 text 0
62 514 124 514 124 524 62 524 text 0
137 517 160 517 160 522 137 522 text 0
175 514 284 514 284 523 175 523 text 0
299 514 348 514 348 522 299 522 text 0
361 514 509 514 509 523 361 523 text 0
66 525 160 525 160 533 66 533 text 0
176 525 197 525 197 532 176 532 text 0
209 525 249 525 249 534 209 534 text 0
264 524 335 524 335 534 264 534 text 0
350 524 542 524 542 532 350 532 text 0
64 535 148 535 148 545 64 545 text 0
163 538 184 538 184 544 163 544 text 0
202 536 271 536 271 545 202 545 text 0
288 536 322 536 322 544 288 544 text 0
337 535 504 535 504 545 337 545 text 0
60 494 582 494 582 499 60 499 text 0
64 547 497 547 497 553 64 553 text 0
61 588 101 588 101 597 61 597 text 0
113 589 197 589 197 597 113 597 text 0
449 588 462 588 462 597 449 597 text 0
475 587 563 587 563 597 475 597 text 0
238 610 269 610 269 618 238 618 text 0
283 610 307 610 307 618 283 618 text 0
322 610 418 610 418 618 322 618 text 0