179 69 348 69 348 84 179 84 text 0
369 69 463 69 463 85 369 85 text 0
214 90 309 90 309 105 214 105 text 0
334 90 417 90 417 105 334 105 text 0
230 110 417 110 417 126 230 126 text 0
364 131 433 131 433 144 364 144 text 0
279 131 348 131 348 144 279 144 text 0
221 131 262 131 262 144 221 144 text 0
168 131 198 131 198 144 168 144 text 0
449 132 461 132 461 144 449 144 text 0
137 148 206 148 206 160 137 160 text 0
222 148 291 148 291 160 222 160 text 0
306 148 371 148 371 160 306 160 text 0
392 149 418 149 418 162 392 162 text 0
435 150 485 150 485 162 435 162 text 0
251 165 320 165 320 178 251 178 text 0
335 165 361 165 361 178 335 178 text 0
271 192 382 192 382 207 271 207 text 0
28 241 121 241 121 253 28 253 text 0
151 241 221 241 221 254 151 254 text 0
307 242 403 242 403 254 307 254 text 0
419 243 488 243 488 256 419 256 text 0
20 258 63 258 63 271 20 271 text 0
79 258 130 258 130 270 79 270 text 0
126 275 248 275 248 288 126 288 text 0
23 275 77 275 77 288 23 288 text 0
266 276 375 276 375 288 266 288 text 0
279 295 301 295 301 320 279 320 text 0
24 294 162 294 162 321 24 321 text 0
335 295 443 295 443 321 335 321 text 0
482 296 495 296 495 320 482 320 text 0
193 340 230 340 230 355 193 355 text 0
273 341 360 341 360 354 273 354 text 0
391 340 477 340 477 355 391 355 text 0
55 341 102 341 102 354 55 354 text 0
508 340 595 340 595 356 508 356 text 0
235 372 333 372 333 387 235 387 text 0
151 374 221 374 221 387 151 387 text 0
350 374 403 374 403 387 350 387 text 0
51 375 133 375 133 386 51 386 text 0
364 391 382 391 382 403 364 403 text 0
392 391 419 391 419 403 392 403 text 0
491 391 546 391 546 403 491 403 text 0
591 392 602 392 602 403 591 403 text 0
277 391 291 391 291 404 277 404 text 0
80 424 120 424 120 436 80 436 text 0
137 424 201 424 201 437 137 437 text 0
223 424 304 424 304 437 223 437 text 0
322 425 428 425 428 437 322 437 text 0
477 424 504 424 504 438 477 438 text 0
521 425 589 425 589 439 521 439 text 0
533 442 589 442 589 454 533 454 text 0
80 442 177 442 177 454 80 454 text 0
491 442 518 442 518 454 491 454 text 0
194 441 276 441 276 456 194 456 text 0
79 457 144 457 144 470 79 470 text 0
166 458 233 458 233 470 166 470 text 0
477 458 504 458 504 471 477 471 text 0
521 458 589 458 589 471 521 471 text 0
531 475 589 475 589 487 531 487 text 0
492 475 518 475 518 487 492 487 text 0
79 475 191 475 191 489 79 489 text 0
207 475 347 475 347 489 207 489 text 0
77 510 204 510 204 532 77 532 text 0
393 511 442 511 442 533 393 533 text 0
471 511 599 511 599 536 471 536 text 0
76 541 178 541 178 563 76 563 text 0
470 541 599 541 599 564 470 564 text 0
393 542 442 542 442 564 393 564 text 0
77 572 233 572 233 594 77 594 text 0
472 572 599 572 599 594 472 594 text 0
393 572 442 572 442 594 393 594 text 0