9 20 125 20 125 33 9 33 text 0
302 83 362 83 362 96 302 96 text 0
373 83 493 83 493 96 373 96 text 0
113 83 193 83 193 98 113 98 text 0
204 83 291 83 291 99 204 99 text 0
223 102 384 102 384 118 223 118 text 0
376 122 439 122 439 136 376 136 text 0
197 123 286 123 286 136 197 136 text 0
298 124 365 124 365 137 298 137 text 0
76 124 185 124 185 137 76 137 text 0
455 125 531 125 531 139 455 139 text 0
178 142 263 142 263 155 178 155 text 0
317 142 428 142 428 157 317 157 text 0
277 143 307 143 307 156 277 156 text 0
298 160 452 160 452 175 298 175 text 0
156 161 228 161 228 174 156 174 text 0
238 161 286 161 286 174 238 174 text 0
340 179 397 179 397 192 340 192 text 0
210 179 326 179 326 192 210 192 text 0
312 196 482 196 482 208 312 208 text 0
261 195 294 195 294 209 261 209 text 0
155 196 203 196 203 208 155 208 text 0
213 197 256 197 256 211 213 211 text 0
78 211 106 211 106 225 78 225 text 0
40 212 67 212 67 225 40 225 text 0
172 215 287 215 287 225 172 225 text 0
172 230 295 230 295 244 172 244 text 0
407 233 435 233 435 243 407 243 text 0
41 233 90 233 90 243 41 243 text 0
304 232 394 232 394 243 304 243 text 0
39 251 115 251 115 261 39 261 text 0
174 250 209 250 209 261 174 261 text 0
384 302 436 302 436 314 384 314 text 0
101 304 222 304 222 316 101 316 text 0
486 304 567 304 567 315 486 315 text 0
304 302 340 302 340 319 304 319 text 0
153 322 192 322 192 331 153 331 text 0
533 321 569 321 569 332 533 332 text 0
399 321 438 321 438 332 399 332 text 0
68 321 78 321 78 334 68 334 text 0
199 323 249 323 249 332 199 332 text 0
326 323 338 323 338 332 326 332 text 0
105 322 132 322 132 333 105 333 text 0
299 349 348 349 348 362 299 362 text 0
532 351 570 351 570 361 532 361 text 0
531 369 570 369 570 380 531 380 text 0
118 387 158 387 158 397 118 397 text 0
166 388 214 388 214 397 166 397 text 0
303 388 344 388 344 397 303 397 text 0
531 388 569 388 569 398 531 398 text 0
223 388 295 388 295 398 223 398 text 0
532 403 568 403 568 415 532 415 text 0
164 404 244 404 244 415 164 415 text 0
253 405 355 405 355 416 253 416 text 0
277 424 299 424 299 433 277 433 text 0
531 424 569 424 569 433 531 433 text 0
247 424 268 424 268 433 247 433 text 0
171 424 237 424 237 433 171 433 text 0
306 424 344 424 344 433 306 433 text 0
210 440 255 440 255 448 210 448 text 0
531 440 569 440 569 449 531 449 text 0
264 441 344 441 344 449 264 449 text 0
121 466 203 466 203 479 121 479 text 0
71 467 112 467 112 479 71 479 text 0
479 485 521 485 521 495 479 495 text 0
268 485 337 485 337 495 268 495 text 0
188 486 202 486 202 494 188 494 text 0
110 485 157 485 157 495 110 495 text 0
70 485 103 485 103 495 70 495 text 0
345 486 412 486 412 496 345 496 text 0
367 503 406 503 406 514 367 514 text 0
90 503 115 503 115 513 90 513 text 0
480 503 520 503 520 514 480 514 text 0
186 503 224 503 224 513 186 513 text 0
205 533 242 533 242 542 205 542 text 0
88 550 128 550 128 561 88 561 text 0
137 552 199 552 199 561 137 561 text 0
207 552 248 552 248 563 207 563 text 0
167 600 220 600 220 610 167 610 text 0
277 601 335 601 335 610 277 610 text 0
227 601 262 601 262 610 227 610 text 0
344 601 395 601 395 610 344 610 text 0
403 601 451 601 451 612 403 612 text 0