434 36 485 36 485 46 434 46 text 0
35 36 171 36 171 46 35 46 text 0
183 36 311 36 311 46 183 46 text 0
317 36 359 36 359 47 317 47 text 0
491 36 572 36 572 47 491 47 text 0
583 36 607 36 607 47 583 47 text 0
375 37 422 37 422 47 375 47 text 0
180 49 216 49 216 59 180 59 text 0
253 49 310 49 310 60 253 60 text 0
319 49 400 49 400 59 319 59 text 0
223 49 242 49 242 61 223 61 text 0
408 50 457 50 457 61 408 61 text 0
164 62 229 62 229 73 164 73 text 0
234 62 289 62 289 72 234 72 text 0
374 61 465 61 465 74 374 74 text 0
295 62 359 62 359 73 295 73 text 0
214 73 312 73 312 84 214 84 text 0
126 75 165 75 165 84 126 84 text 0
172 75 205 75 205 84 172 84 text 0
334 75 410 75 410 84 334 84 text 0
419 75 517 75 517 84 419 84 text 0
199 88 248 88 248 98 199 98 text 0
254 88 289 88 289 98 254 98 text 0
296 88 444 88 444 98 296 98 text 0
290 110 301 110 301 128 290 128 text 0
449 111 497 111 497 128 449 128 text 0
315 111 437 111 437 128 315 128 text 0
141 111 178 111 178 128 141 128 text 0
193 111 277 111 277 128 193 128 text 0
256 143 304 143 304 161 256 161 text 0
319 144 352 144 352 160 319 160 text 0
366 144 410 144 410 160 366 160 text 0
428 144 525 144 525 160 428 160 text 0
90 164 109 164 109 174 90 174 text 0
28 164 84 164 84 175 28 175 text 0
408 166 528 166 528 175 408 175 text 0
334 166 389 166 389 175 334 175 text 0
345 181 381 181 381 199 345 199 text 0
211 181 284 181 284 199 211 199 text 0
26 181 123 181 123 199 26 199 text 0
139 181 198 181 198 199 139 199 text 0
298 182 333 182 333 199 298 199 text 0
247 205 259 205 259 213 247 213 text 0
199 204 230 204 230 214 199 214 text 0
27 204 99 204 99 214 27 214 text 0
270 205 283 205 283 214 270 214 text 0
114 205 182 205 182 215 114 215 text 0
296 206 317 206 317 216 296 216 text 0
101 217 123 217 123 227 101 227 text 0
27 217 86 217 86 227 27 227 text 0
139 218 206 218 206 229 139 229 text 0
26 230 86 230 86 239 26 239 text 0
101 230 172 230 172 239 101 239 text 0
260 231 356 231 356 240 260 240 text 0
190 231 243 231 243 242 190 242 text 0
27 243 92 243 92 252 27 252 text 0
101 242 162 242 162 253 101 253 text 0
170 242 235 242 235 254 170 254 text 0
313 254 423 254 423 266 313 266 text 0
452 254 503 254 503 266 452 266 text 0
263 256 304 256 304 267 263 267 text 0
181 272 218 272 218 281 181 281 text 0
280 272 315 272 315 281 280 281 text 0
367 272 414 272 414 281 367 281 text 0
234 272 265 272 265 281 234 281 text 0
341 272 352 272 352 281 341 281 text 0
439 270 524 270 524 283 439 283 text 0
22 272 157 272 157 283 22 283 text 0
303 292 316 292 316 301 303 301 text 0
254 292 265 292 265 301 254 301 text 0
340 292 352 292 352 301 340 301 text 0
23 292 65 292 65 301 23 301 text 0
476 292 524 292 524 301 476 301 text 0
403 292 413 292 413 301 403 301 text 0
171 292 219 292 219 302 171 302 text 0
83 292 142 292 142 302 83 302 text 0
503 306 507 306 507 307 503 307 text 0
22 305 130 305 130 314 22 314 text 0
402 306 414 306 414 315 402 315 text 0
169 306 217 306 217 315 169 315 text 0
304 306 315 306 315 315 304 315 text 0
340 306 352 306 352 315 340 315 text 0
257 306 266 306 266 315 257 315 text 0
194 322 253 322 253 341 194 341 text 0
476 323 524 323 524 341 476 341 text 0
267 323 292 323 292 341 267 341 text 0
303 322 400 322 400 345 303 345 text 0
22 350 131 350 131 360 22 360 text 0
168 350 216 350 216 360 168 360 text 0
244 350 266 350 266 360 244 360 text 0
304 350 353 350 353 360 304 360 text 0
477 350 522 350 522 360 477 360 text 0
393 348 414 348 414 364 393 364 text 0
47 367 105 367 105 386 47 386 text 0
122 368 145 368 145 386 122 386 text 0
477 368 522 368 522 386 477 386 text 0
159 367 253 367 253 390 159 390 text 0
267 367 336 367 336 390 267 390 text 0
354 368 410 368 410 390 354 390 text 0
471 395 525 395 525 411 471 411 text 0
367 395 409 395 409 413 367 413 text 0
59 422 118 422 118 440 59 440 text 0
132 423 157 423 157 440 132 440 text 0
476 423 524 423 524 441 476 441 text 0
281 422 336 422 336 445 281 445 text 0
354 422 410 422 410 445 354 445 text 0
169 422 266 422 266 445 169 445 text 0
194 448 253 448 253 466 194 466 text 0
267 450 292 450 292 466 267 466 text 0
476 450 524 450 524 466 476 466 text 0
304 449 410 449 410 470 304 470 text 0
242 476 300 476 300 494 242 494 text 0
465 477 524 477 524 494 465 494 text 0
317 476 408 476 408 498 317 498 text 0
25 511 118 511 118 521 25 521 text 0
27 525 123 525 123 535 27 535 text 0
136 526 196 526 196 535 136 535 text 0
286 526 307 526 307 535 286 535 text 0
456 526 573 526 573 535 456 535 text 0
383 526 442 526 442 535 383 535 text 0
210 525 269 525 269 536 210 536 text 0
321 525 368 525 368 537 321 537 text 0
235 538 354 538 354 548 235 548 text 0
198 538 222 538 222 548 198 548 text 0
28 538 61 538 61 548 28 548 text 0
481 541 502 541 502 548 481 548 text 0
76 539 182 539 182 550 76 550 text 0
370 539 464 539 464 550 370 550 text 0
544 551 576 551 576 561 544 561 text 0
172 552 222 552 222 561 172 561 text 0
139 553 159 553 159 561 139 561 text 0
505 553 528 553 528 561 505 561 text 0
26 552 123 552 123 563 26 563 text 0
357 551 490 551 490 563 357 563 text 0
235 554 344 554 344 563 235 563 text 0
332 564 391 564 391 574 332 574 text 0
284 564 319 564 319 574 284 574 text 0
406 564 429 564 429 574 406 574 text 0
444 565 478 565 478 574 444 574 text 0
101 566 132 566 132 574 101 574 text 0
150 564 230 564 230 576 150 576 text 0
246 567 270 567 270 574 246 574 text 0
29 565 83 565 83 576 29 576 text 0
172 578 234 578 234 587 172 587 text 0
286 578 330 578 330 587 286 587 text 0
345 578 379 578 379 587 345 587 text 0
395 578 478 578 478 587 395 587 text 0
25 577 158 577 158 589 25 589 text 0
249 581 270 581 270 587 249 587 text 0
160 591 209 591 209 600 160 600 text 0
26 590 146 590 146 602 26 602 text 0
189 604 364 604 364 615 189 615 text 0
369 604 440 604 440 615 369 615 text 0