61 66 216 66 216 77 61 77 text 0
227 66 428 66 428 77 227 77 text 0
504 66 565 66 565 77 504 77 text 0
440 66 491 66 491 77 440 77 text 0
261 84 365 84 365 95 261 95 text 0
164 98 197 98 197 107 164 107 text 0
257 97 327 97 327 107 257 107 text 0
335 97 372 97 372 107 335 107 text 0
205 98 248 98 248 108 205 108 text 0
381 98 461 98 461 108 381 108 text 0
259 112 367 112 367 122 259 122 text 0
260 127 335 127 335 136 260 136 text 0
343 127 444 127 444 136 343 136 text 0
181 127 250 127 250 137 181 137 text 0
214 140 255 140 255 150 214 150 text 0
276 140 413 140 413 150 276 150 text 0
187 160 233 160 233 169 187 169 text 0
243 160 263 160 263 169 243 169 text 0
283 160 439 160 439 169 283 169 text 0
159 175 299 175 299 184 159 184 text 0
308 175 356 175 356 184 308 184 text 0
365 175 467 175 467 184 365 184 text 0
30 197 94 197 94 206 30 206 text 0
200 213 336 213 336 223 200 223 text 0
383 213 435 213 435 223 383 223 text 0
454 214 569 214 569 223 454 223 text 0
30 214 70 214 70 223 30 223 text 0
78 214 107 214 107 223 78 223 text 0
381 228 435 228 435 237 381 237 text 0
456 228 544 228 544 237 456 237 text 0
200 230 262 230 262 239 200 239 text 0
30 228 109 228 109 241 30 241 text 0
381 244 421 244 421 253 381 253 text 0
30 244 156 244 156 256 30 256 text 0
548 271 585 271 585 281 548 281 text 0
320 271 397 271 397 281 320 281 text 0
429 272 520 272 520 281 429 281 text 0
28 272 74 272 74 282 28 282 text 0
233 271 270 271 270 283 233 283 text 0
248 286 254 286 254 294 248 294 text 0
463 286 517 286 517 295 463 295 text 0
332 286 387 286 387 295 332 295 text 0
551 286 580 286 580 295 551 295 text 0
32 286 78 286 78 295 32 295 text 0
29 301 104 301 104 310 29 310 text 0
32 318 80 318 80 326 32 326 text 0
246 318 257 318 257 326 246 326 text 0
332 318 387 318 387 326 332 326 text 0
461 318 517 318 517 326 461 326 text 0
551 318 581 318 581 326 551 326 text 0
30 333 45 333 45 341 30 341 text 0
74 333 112 333 112 341 74 341 text 0
293 333 399 333 399 342 293 342 text 0
54 333 65 333 65 341 54 341 text 0
119 333 284 333 284 342 119 342 text 0
408 333 482 333 482 342 408 342 text 0
336 349 380 349 380 358 336 358 text 0
248 349 254 349 254 358 248 358 text 0
31 349 77 349 77 358 31 358 text 0
474 349 517 349 517 358 474 358 text 0
551 349 580 349 580 358 551 358 text 0
240 364 288 364 288 372 240 372 text 0
30 364 78 364 78 373 30 373 text 0
87 364 218 364 218 375 87 375 text 0
461 377 517 377 517 388 461 388 text 0
241 378 257 378 257 389 241 389 text 0
93 378 141 378 141 390 93 390 text 0
147 379 181 379 181 390 147 390 text 0
91 401 139 401 139 409 91 409 text 0
148 401 203 401 203 409 148 409 text 0
460 401 516 401 516 409 460 409 text 0
322 401 375 401 375 411 322 411 text 0
212 401 314 401 314 411 212 411 text 0
287 417 375 417 375 426 287 426 text 0
471 417 516 417 516 426 471 426 text 0
273 433 375 433 375 442 273 442 text 0
473 433 516 433 516 442 473 442 text 0
473 451 516 451 516 460 473 460 text 0
281 451 375 451 375 462 281 462 text 0
294 470 314 470 314 478 294 478 text 0
460 470 516 470 516 478 460 478 text 0
110 470 169 470 169 478 110 478 text 0
45 470 100 470 100 478 45 478 text 0
178 470 285 470 285 481 178 481 text 0
322 470 377 470 377 481 322 481 text 0
460 487 516 487 516 496 460 496 text 0
311 487 375 487 375 496 311 496 text 0
473 503 516 503 516 511 473 511 text 0
290 503 377 503 377 514 290 514 text 0
129 531 255 531 255 542 129 542 text 0
69 531 119 531 119 542 69 542 text 0
313 551 416 551 416 560 313 560 text 0
462 552 557 552 557 561 462 561 text 0
122 552 181 552 181 561 122 561 text 0
76 552 117 552 117 561 76 561 text 0
238 551 257 551 257 562 238 562 text 0
77 563 112 563 112 574 77 574 text 0
508 564 556 564 556 574 508 574 text 0
241 564 254 564 254 574 241 574 text 0
353 564 417 564 417 574 353 574 text 0
202 584 258 584 258 593 202 593 text 0
509 584 556 584 556 593 509 593 text 0
353 584 415 584 415 593 353 593 text 0
65 613 139 613 139 621 65 621 text 0
443 613 506 613 506 621 443 621 text 0
254 613 294 613 294 621 254 621 text 0
515 613 556 613 556 621 515 621 text 0
147 613 199 613 199 621 147 621 text 0
207 613 246 613 246 621 207 621 text 0
303 613 434 613 434 622 303 622 text 0