9 3 179 3 179 21 9 21 text 0
153 118 192 118 192 129 153 129 text 0
214 119 296 119 296 130 214 130 text 0
321 119 357 119 357 132 321 132 text 0
377 120 418 120 418 131 377 131 text 0
435 120 478 120 478 131 435 131 text 0
186 133 284 133 284 146 186 146 text 0
308 134 447 134 447 147 308 147 text 0
65 146 104 146 104 158 65 158 text 0
125 148 209 148 209 160 125 160 text 0
228 148 239 148 239 159 228 159 text 0
260 148 354 148 354 161 260 161 text 0
378 149 448 149 448 161 378 161 text 0
467 149 507 149 507 161 467 161 text 0
526 150 548 150 548 163 526 163 text 0
79 162 180 162 180 174 79 174 text 0
198 162 388 162 388 175 198 175 text 0
405 164 534 164 534 177 405 177 text 0
94 178 164 178 164 189 94 189 text 0
182 177 237 177 237 189 182 189 text 0
256 178 398 178 398 192 256 192 text 0
422 180 536 180 536 191 422 191 text 0
124 192 178 192 178 205 124 205 text 0
198 192 224 192 224 204 198 204 text 0
242 193 268 193 268 204 242 204 text 0
290 193 490 193 490 207 290 207 text 0
213 207 266 207 266 220 213 220 text 0
287 208 399 208 399 221 287 221 text 0
212 222 267 222 267 234 212 234 text 0
287 222 388 222 388 235 287 235 text 0
15 251 102 251 102 263 15 263 text 0
122 251 177 251 177 263 122 263 text 0
195 251 236 251 236 263 195 263 text 0
256 252 323 252 323 263 256 263 text 0
584 255 610 255 610 265 584 265 text 0
15 266 72 266 72 277 15 277 text 0
122 266 177 266 177 279 122 279 text 0
14 280 117 280 117 292 14 292 text 0
345 282 385 282 385 293 345 293 text 0
408 283 474 283 474 294 408 294 text 0
512 283 579 283 579 295 512 295 text 0
15 295 87 295 87 307 15 307 text 0
106 295 161 295 161 307 106 307 text 0
179 296 236 296 236 307 179 307 text 0
256 296 295 296 295 308 256 308 text 0
582 299 608 299 608 310 582 310 text 0
15 310 72 310 72 321 15 321 text 0
123 310 235 310 235 323 123 323 text 0
13 325 113 325 113 337 13 337 text 0
345 327 384 327 384 338 345 338 text 0
417 328 474 328 474 339 417 339 text 0
521 328 578 328 578 339 521 339 text 0
14 339 55 339 55 352 14 352 text 0
73 340 189 340 189 352 73 352 text 0
208 340 308 340 308 352 208 352 text 0
326 341 413 341 413 353 326 353 text 0
581 343 607 343 607 354 581 354 text 0
12 354 99 354 99 367 12 367 text 0
148 355 219 355 219 368 148 368 text 0
13 369 114 369 114 381 13 381 text 0
344 372 383 372 383 383 344 383 text 0
418 371 473 371 473 383 418 383 text 0
522 373 577 373 577 384 522 384 text 0
14 399 111 399 111 412 14 412 text 0
161 400 173 400 173 411 161 411 text 0
462 401 545 401 545 414 462 414 text 0
596 402 606 402 606 413 596 413 text 0
12 428 79 428 79 440 12 440 text 0
103 428 159 428 159 441 103 441 text 0
189 430 277 430 277 441 189 441 text 0
490 431 516 431 516 442 490 442 text 0
535 433 606 433 606 444 535 444 text 0
12 443 67 443 67 455 12 455 text 0
488 446 516 446 516 457 488 457 text 0
534 447 605 447 605 458 534 458 text 0
10 458 96 458 96 470 10 470 text 0
488 461 515 461 515 472 488 472 text 0
536 461 605 461 605 473 536 473 text 0
10 488 52 488 52 501 10 501 text 0
69 489 111 489 111 500 69 500 text 0
133 489 245 489 245 501 133 501 text 0
268 490 290 490 290 501 268 501 text 0
310 490 377 490 377 501 310 501 text 0
457 491 485 491 485 502 457 502 text 0
506 491 560 491 560 502 506 502 text 0
12 517 125 517 125 530 12 530 text 0
147 518 215 518 215 530 147 530 text 0
233 519 287 519 287 531 233 531 text 0
310 520 365 520 365 531 310 531 text 0
414 521 436 521 436 532 414 532 text 0
458 520 604 520 604 533 458 533 text 0
9 533 125 533 125 545 9 545 text 0
144 533 245 533 245 546 144 546 text 0
262 534 364 534 364 546 262 546 text 0
100 563 215 563 215 575 100 575 text 0
232 564 274 564 274 575 232 575 text 0
293 564 394 564 394 576 293 576 text 0
412 565 498 565 498 577 412 577 text 0
158 578 169 578 169 590 158 590 text 0
188 578 229 578 229 590 188 590 text 0
247 579 304 579 304 591 247 591 text 0
323 579 435 579 435 591 323 591 text 0
128 592 244 592 244 605 128 605 text 0
263 593 289 593 289 605 263 605 text 0
307 594 364 594 364 606 307 606 text 0
382 594 480 594 480 606 382 606 text 0