70 77 123 77 123 87 70 87 text 0
310 76 582 76 582 89 310 89 text 0
155 77 286 77 286 88 155 88 text 0
250 86 401 86 401 96 250 96 text 0
407 96 477 96 477 105 407 105 text 0
274 96 344 96 344 106 274 106 text 0
353 96 396 96 396 105 353 105 text 0
164 96 197 96 197 107 164 107 text 0
219 96 250 96 250 106 219 106 text 0
185 105 357 105 357 114 185 114 text 0
103 105 167 105 167 114 103 114 text 0
453 105 545 105 545 115 453 115 text 0
371 106 436 106 436 115 371 115 text 0
336 115 457 115 457 124 336 124 text 0
262 115 320 115 320 124 262 124 text 0
188 116 257 116 257 125 188 125 text 0
272 124 383 124 383 134 272 134 text 0
334 133 376 133 376 142 334 142 text 0
169 134 320 134 320 142 169 142 text 0
105 134 148 134 148 144 105 144 text 0
402 135 548 135 548 142 402 142 text 0
296 143 459 143 459 152 296 152 text 0
243 142 272 142 272 153 243 153 text 0
188 143 231 143 231 153 188 153 text 0
54 171 98 171 98 181 54 181 text 0
109 171 202 171 202 180 109 180 text 0
50 190 150 190 150 199 50 199 text 0
204 190 339 190 339 200 204 200 text 0
434 191 569 191 569 199 434 199 text 0
351 191 404 191 404 199 351 199 text 0
53 199 200 199 200 209 53 209 text 0
430 201 540 201 540 209 430 209 text 0
350 201 405 201 405 210 350 210 text 0
191 210 242 210 242 219 191 219 text 0
55 210 150 210 150 219 55 219 text 0
52 227 111 227 111 238 52 238 text 0
296 229 337 229 337 237 296 237 text 0
485 229 568 229 568 236 485 236 text 0
404 229 444 229 444 239 404 239 text 0
406 239 427 239 427 246 406 246 text 0
526 239 554 239 554 248 526 248 text 0
293 257 312 257 312 266 293 266 text 0
510 257 568 257 568 266 510 266 text 0
52 257 123 257 123 267 52 267 text 0
390 258 449 258 449 267 390 267 text 0
94 266 149 266 149 276 94 276 text 0
219 267 323 267 323 277 219 277 text 0
496 267 541 267 541 276 496 276 text 0
164 267 205 267 205 276 164 276 text 0
54 268 81 268 81 277 54 277 text 0
336 267 483 267 483 279 336 279 text 0
135 286 243 286 243 296 135 296 text 0
55 286 123 286 123 296 55 296 text 0
391 287 407 287 407 295 391 295 text 0
342 313 461 313 461 323 342 323 text 0
544 315 598 315 598 322 544 322 text 0
542 323 603 323 603 332 542 332 text 0
342 322 395 322 395 333 342 333 text 0
544 333 598 333 598 341 544 341 text 0
340 333 381 333 381 341 340 341 text 0
341 342 449 342 449 351 341 351 text 0
542 343 597 343 597 352 542 352 text 0
492 351 599 351 599 360 492 360 text 0
89 352 218 352 218 361 89 361 text 0
86 361 198 361 198 370 86 370 text 0
489 362 599 362 599 371 489 371 text 0
491 371 599 371 599 380 491 380 text 0
87 371 251 371 251 380 87 380 text 0
505 390 598 390 598 400 505 400 text 0
448 391 490 391 490 400 448 400 text 0
286 409 368 409 368 417 286 417 text 0
505 409 596 409 596 418 505 418 text 0
436 410 451 410 451 417 436 417 text 0
71 410 128 410 128 419 71 419 text 0
435 428 451 428 451 437 435 437 text 0
315 428 372 428 372 437 315 437 text 0
75 428 99 428 99 436 75 436 text 0
542 428 600 428 600 437 542 437 text 0
327 455 370 455 370 464 327 464 text 0
544 455 598 455 598 465 544 465 text 0
382 456 447 456 447 465 382 465 text 0
207 513 264 513 264 522 207 522 text 0
274 513 316 513 316 522 274 522 text 0
123 513 193 513 193 522 123 522 text 0
326 513 368 513 368 522 326 522 text 0
382 513 517 513 517 522 382 522 text 0
265 521 328 521 328 530 265 530 text 0
343 522 383 522 383 530 343 530 text 0