45 14 228 14 228 46 45 46 text 0
161 121 193 121 193 133 161 133 text 0
379 121 417 121 417 132 379 132 text 0
433 121 472 121 472 132 433 132 text 0
223 121 300 121 300 132 223 132 text 0
323 122 357 122 357 134 323 134 text 0
252 136 290 136 290 147 252 147 text 0
210 137 244 137 244 148 210 148 text 0
311 136 441 136 441 148 311 148 text 0
83 151 120 151 120 162 83 162 text 0
461 151 500 151 500 162 461 162 text 0
140 150 189 150 189 163 140 163 text 0
377 151 443 151 443 162 377 162 text 0
237 152 246 152 246 163 237 163 text 0
196 152 218 152 218 163 196 163 text 0
517 152 538 152 538 164 517 164 text 0
267 152 356 152 356 164 267 164 text 0
265 160 387 160 387 178 265 178 text 0
96 167 191 167 191 178 96 178 text 0
209 167 256 167 256 178 209 178 text 0
405 167 524 167 524 179 405 179 text 0
112 182 176 182 176 193 112 193 text 0
419 182 527 182 527 193 419 193 text 0
194 182 244 182 244 193 194 193 text 0
264 181 397 181 397 194 264 194 text 0
211 196 232 196 232 208 211 208 text 0
142 197 187 197 187 208 142 208 text 0
297 196 483 196 483 209 297 209 text 0
252 197 275 197 275 208 252 208 text 0
225 212 272 212 272 224 225 224 text 0
293 212 399 212 399 224 293 224 text 0
237 227 274 227 274 238 237 238 text 0
294 227 400 227 400 238 294 238 text 0
575 257 597 257 597 268 575 268 text 0
41 257 121 257 121 268 41 268 text 0
140 257 177 257 177 268 140 268 text 0
42 272 92 272 92 283 42 283 text 0
141 272 163 272 163 283 141 283 text 0
518 286 569 286 569 297 518 297 text 0
40 286 134 286 134 298 40 298 text 0
419 286 472 286 472 298 419 298 text 0
353 287 387 287 387 298 353 298 text 0
576 302 598 302 598 313 576 313 text 0
40 302 93 302 93 313 40 313 text 0
195 302 247 302 247 313 195 313 text 0
112 302 177 302 177 313 112 313 text 0
265 302 329 302 329 314 265 314 text 0
40 317 93 317 93 328 40 328 text 0
144 317 218 317 218 329 144 329 text 0
519 332 570 332 570 343 519 343 text 0
422 332 472 332 472 343 422 343 text 0
41 332 219 332 219 343 41 343 text 0
353 332 387 332 387 343 353 343 text 0
576 346 598 346 598 357 576 357 text 0
335 346 357 346 357 358 335 358 text 0
126 346 177 346 177 358 126 358 text 0
196 346 261 346 261 358 196 358 text 0
279 347 318 347 318 358 279 358 text 0
42 348 107 348 107 359 42 359 text 0
41 362 90 362 90 373 41 373 text 0
140 362 204 362 204 374 140 374 text 0
351 377 387 377 387 388 351 388 text 0
419 377 472 377 472 388 419 388 text 0
508 377 570 377 570 388 508 388 text 0
42 377 219 377 219 388 42 388 text 0
182 406 193 406 193 418 182 418 text 0
461 406 540 406 540 419 461 419 text 0
44 406 134 406 134 419 44 419 text 0
588 408 597 408 597 419 588 419 text 0
563 410 567 410 567 417 563 417 text 0
128 433 188 433 188 448 128 448 text 0
531 435 599 435 599 448 531 448 text 0
489 436 513 436 513 447 489 447 text 0
209 436 290 436 290 448 209 448 text 0
43 436 105 436 105 448 43 448 text 0
489 452 514 452 514 463 489 463 text 0
532 452 598 452 598 463 532 463 text 0
42 452 94 452 94 463 42 463 text 0
461 482 486 482 486 493 461 493 text 0
507 482 554 482 554 493 507 493 text 0
323 482 385 482 385 493 323 493 text 0
156 481 262 481 262 493 156 493 text 0
282 482 304 482 304 493 282 493 text 0
98 482 135 482 135 493 98 493 text 0
42 483 79 483 79 494 42 494 text 0
461 510 599 510 599 523 461 523 text 0
252 511 301 511 301 523 252 523 text 0
421 512 444 512 444 523 421 523 text 0
170 512 234 512 234 523 170 523 text 0
322 512 374 512 374 523 322 523 text 0
42 512 150 512 150 524 42 524 text 0
279 527 374 527 374 538 279 538 text 0
168 526 261 526 261 538 168 538 text 0
42 527 150 527 150 539 42 539 text 0
251 556 289 556 289 568 251 568 text 0
307 556 402 556 402 568 307 568 text 0
127 557 234 557 234 568 127 568 text 0
420 557 501 557 501 568 420 568 text 0
335 571 430 571 430 582 335 582 text 0
266 571 318 571 318 582 266 582 text 0
210 571 249 571 249 583 210 583 text 0
182 571 192 571 192 583 182 583 text 0
322 586 374 586 374 597 322 597 text 0
392 586 483 586 483 598 392 598 text 0
281 586 304 586 304 598 281 598 text 0
154 587 262 587 262 598 154 598 text 0