37 33 173 33 173 43 37 43 text 0
182 33 314 33 314 45 182 45 text 0
378 35 426 35 426 44 378 44 text 0
320 35 371 35 371 45 320 45 text 0
437 35 490 35 490 45 437 45 text 0
496 35 577 35 577 46 496 46 text 0
584 35 609 35 609 47 584 47 text 0
254 46 402 46 402 57 254 57 text 0
181 45 242 45 242 58 181 58 text 0
408 46 458 46 458 59 408 59 text 0
165 57 228 57 228 68 165 68 text 0
235 58 288 58 288 68 235 68 text 0
298 59 361 59 361 71 298 71 text 0
371 59 472 59 472 72 371 72 text 0
126 70 166 70 166 80 126 80 text 0
174 70 206 70 206 80 174 80 text 0
215 70 313 70 313 81 215 81 text 0
333 71 403 71 403 81 333 81 text 0
421 71 518 71 518 82 421 82 text 0
199 83 249 83 249 93 199 93 text 0
255 83 290 83 290 93 255 93 text 0
300 82 446 82 446 95 300 95 text 0
141 106 178 106 178 122 141 122 text 0
194 106 277 106 277 122 194 122 text 0
290 108 301 108 301 123 290 123 text 0
314 108 438 108 438 124 314 124 text 0
450 108 497 108 497 124 450 124 text 0
256 137 304 137 304 154 256 154 text 0
366 137 391 137 391 154 366 154 text 0
319 137 353 137 353 154 319 154 text 0
429 139 524 139 524 155 429 155 text 0
29 156 110 156 110 167 29 167 text 0
333 160 390 160 390 169 333 169 text 0
407 161 529 161 529 169 407 169 text 0
25 175 124 175 124 191 25 191 text 0
139 175 198 175 198 191 139 191 text 0
211 175 284 175 284 191 211 191 text 0
298 175 333 175 333 191 298 191 text 0
345 175 381 175 381 191 345 191 text 0
26 196 99 196 99 204 26 204 text 0
246 196 284 196 284 205 246 205 text 0
199 196 230 196 230 205 199 205 text 0
114 196 182 196 182 207 114 207 text 0
296 197 317 197 317 207 296 207 text 0
26 208 86 208 86 217 26 217 text 0
101 208 123 208 123 217 101 217 text 0
139 208 206 208 206 219 139 219 text 0
25 220 86 220 86 229 25 229 text 0
101 221 172 221 172 230 101 230 text 0
260 222 356 222 356 230 260 230 text 0
186 222 243 222 243 232 186 232 text 0
28 232 91 232 91 242 28 242 text 0
102 232 270 232 270 244 102 244 text 0
263 244 303 244 303 255 263 255 text 0
313 245 423 245 423 255 313 255 text 0
451 245 506 245 506 255 451 255 text 0
23 260 159 260 159 270 23 270 text 0
293 261 326 261 326 270 293 270 text 0
342 261 377 261 377 270 342 270 text 0
402 261 414 261 414 270 402 270 text 0
428 261 475 261 475 270 428 270 text 0
501 262 584 262 584 271 501 271 text 0
241 261 278 261 278 274 241 274 text 0
23 280 65 280 65 289 23 289 text 0
83 281 142 281 142 290 83 290 text 0
232 281 277 281 277 289 232 289 text 0
319 281 327 281 327 290 319 290 text 0
366 281 377 281 377 290 366 290 text 0
538 282 584 282 584 291 538 291 text 0
463 283 476 283 476 291 463 291 text 0
402 282 416 282 416 291 402 291 text 0
401 293 418 293 418 302 401 302 text 0
20 293 130 293 130 302 20 302 text 0
366 293 377 293 377 302 366 302 text 0
232 294 277 294 277 302 232 302 text 0
316 295 341 295 341 303 316 303 text 0
464 294 474 294 474 303 464 303 text 0
536 294 586 294 586 303 536 303 text 0
22 305 57 305 57 313 22 313 text 0
72 305 131 305 131 314 72 314 text 0
232 306 277 306 277 314 232 314 text 0
464 306 474 306 474 315 464 315 text 0
366 306 377 306 377 315 366 315 text 0
318 306 328 306 328 315 318 315 text 0
402 306 415 306 415 316 402 316 text 0
536 307 586 307 586 315 536 315 text 0
195 321 252 321 252 339 195 339 text 0
267 323 292 323 292 339 267 339 text 0
465 323 524 323 524 340 465 340 text 0
307 323 410 323 410 343 307 343 text 0
22 348 217 348 217 358 22 358 text 0
232 349 277 349 277 358 232 358 text 0
317 350 326 350 326 358 317 358 text 0
366 350 377 350 377 358 366 358 text 0
402 350 414 350 414 358 402 358 text 0
464 350 474 350 474 358 464 358 text 0
538 350 586 350 586 359 538 359 text 0
22 361 143 361 143 370 22 370 text 0
231 362 279 362 279 371 231 371 text 0
306 362 328 362 328 371 306 371 text 0
366 362 377 362 377 371 366 371 text 0
402 362 414 362 414 371 402 371 text 0
537 363 585 363 585 372 537 372 text 0
452 361 480 361 480 376 452 376 text 0
46 378 105 378 105 395 46 395 text 0
122 380 145 380 145 396 122 396 text 0
464 380 525 380 525 397 464 397 text 0
267 378 336 378 336 400 267 400 text 0
156 378 253 378 253 400 156 400 text 0
354 379 410 379 410 400 354 400 text 0
367 405 409 405 409 421 367 421 text 0
475 406 523 406 523 422 475 422 text 0
59 430 118 430 118 447 59 447 text 0
132 432 157 432 157 447 132 447 text 0
466 433 524 433 524 449 466 449 text 0
168 430 265 430 265 452 168 452 text 0
281 430 336 430 336 452 281 452 text 0
354 431 410 431 410 452 354 452 text 0
265 457 295 457 295 473 265 473 text 0
195 456 253 456 253 473 195 473 text 0
462 457 524 457 524 474 462 474 text 0
307 456 410 456 410 478 307 478 text 0
241 483 301 483 301 500 241 500 text 0
464 485 523 485 523 501 464 501 text 0
317 483 409 483 409 504 317 504 text 0
26 517 117 517 117 526 26 526 text 0
26 530 123 530 123 539 26 539 text 0
136 530 196 530 196 539 136 539 text 0
456 529 566 529 566 539 456 539 text 0
383 530 442 530 442 539 383 539 text 0
210 530 269 530 269 541 210 541 text 0
320 531 369 531 369 541 320 541 text 0
286 532 308 532 308 539 286 539 text 0
25 542 61 542 61 551 25 551 text 0
198 542 222 542 222 551 198 551 text 0
234 543 355 543 355 551 234 551 text 0
370 542 465 542 465 553 370 553 text 0
76 543 183 543 183 553 76 553 text 0
481 545 502 545 502 552 481 552 text 0
172 555 222 555 222 563 172 563 text 0
137 556 159 556 159 564 137 564 text 0
26 555 123 555 123 565 26 565 text 0
543 556 576 556 576 565 543 565 text 0
357 555 490 555 490 566 357 566 text 0
505 557 528 557 528 565 505 565 text 0
235 557 344 557 344 566 235 566 text 0
284 568 319 568 319 577 284 577 text 0
101 568 134 568 134 576 101 576 text 0
150 567 230 567 230 577 150 577 text 0
405 567 430 567 430 577 405 577 text 0
334 568 393 568 393 577 334 577 text 0
447 568 479 568 479 577 447 577 text 0
30 568 85 568 85 578 30 578 text 0
246 571 270 571 270 577 246 577 text 0
172 579 234 579 234 589 172 589 text 0
25 579 158 579 158 590 25 590 text 0
286 580 330 580 330 589 286 589 text 0
345 581 379 581 379 589 345 589 text 0
397 581 479 581 479 590 397 590 text 0
492 581 502 581 502 589 492 589 text 0
249 582 270 582 270 589 249 589 text 0
160 592 209 592 209 601 160 601 text 0
24 591 148 591 148 603 24 603 text 0
197 603 342 603 342 616 197 616 text 0
345 603 444 603 444 616 345 616 text 0
418 635 437 635 437 640 418 640 text 0