275 53 354 53 354 61 275 61 text 0
408 53 459 53 459 61 408 61 text 0
469 53 521 53 521 61 469 61 text 0
90 54 145 54 145 62 90 62 text 0
155 54 267 54 267 62 155 62 text 0
362 53 398 53 398 63 362 63 text 0
317 68 403 68 403 75 317 75 text 0
271 69 301 69 301 75 271 75 text 0
184 69 214 69 214 75 184 75 text 0
222 69 263 69 263 78 222 78 text 0
317 78 450 78 450 86 317 86 text 0
161 79 202 79 202 86 161 86 text 0
260 79 289 79 289 86 260 86 text 0
211 79 251 79 251 87 211 87 text 0
244 90 272 90 272 98 244 98 text 0
200 90 230 90 230 98 200 98 text 0
159 90 187 90 187 98 159 98 text 0
346 90 387 90 387 98 346 98 text 0
311 90 337 90 337 98 311 98 text 0
280 90 301 90 301 98 280 98 text 0
398 91 446 91 446 99 398 99 text 0
362 100 423 100 423 109 362 109 text 0
185 101 220 101 220 109 185 109 text 0
231 101 346 101 346 109 231 109 text 0
422 112 486 112 486 120 422 120 text 0
361 112 414 112 414 120 361 120 text 0
117 112 195 112 195 122 117 122 text 0
265 112 353 112 353 122 265 122 text 0
202 112 255 112 255 122 202 122 text 0
418 134 469 134 469 142 418 142 text 0
324 134 410 134 410 142 324 142 text 0
109 134 147 134 147 142 109 142 text 0
162 134 246 134 246 142 162 142 text 0
254 134 305 134 305 142 254 142 text 0
68 147 179 147 179 156 68 156 text 0
305 149 393 149 393 158 305 158 text 0
254 150 297 150 297 158 254 158 text 0
373 161 401 161 401 169 373 169 text 0
422 161 555 161 555 169 422 169 text 0
135 177 186 177 186 185 135 185 text 0
68 177 125 177 125 185 68 185 text 0
196 176 241 176 241 187 196 187 text 0
251 176 334 176 334 187 251 187 text 0
221 196 277 196 277 204 221 204 text 0
122 196 212 196 212 204 122 204 text 0
66 196 98 196 98 204 66 204 text 0
68 207 111 207 111 215 68 215 text 0
122 207 215 207 215 215 122 215 text 0
223 207 277 207 277 215 223 215 text 0
316 220 391 220 391 227 316 227 text 0
512 219 544 219 544 228 512 228 text 0
65 220 105 220 105 228 65 228 text 0
252 220 285 220 285 230 252 230 text 0
551 235 576 235 576 241 551 241 text 0
64 234 142 234 142 242 64 242 text 0
252 234 293 234 293 242 252 242 text 0
334 234 391 234 391 242 334 242 text 0
489 234 545 234 545 242 489 242 text 0
196 249 250 249 250 255 196 255 text 0
63 249 84 249 84 255 63 255 text 0
98 248 189 248 189 257 98 257 text 0
260 248 351 248 351 257 260 257 text 0
118 258 171 258 171 265 118 265 text 0
64 258 89 258 89 265 64 265 text 0
96 258 108 258 108 265 96 265 text 0
64 277 141 277 141 286 64 286 text 0
334 278 391 278 391 286 334 286 text 0
489 278 545 278 545 286 489 286 text 0
252 278 293 278 293 286 252 286 text 0
551 279 576 279 576 285 551 285 text 0
255 291 303 291 303 298 255 298 text 0
313 292 353 292 353 299 313 299 text 0
63 292 117 292 117 299 63 299 text 0
125 292 142 292 142 299 125 299 text 0
150 292 187 292 187 299 150 299 text 0
195 291 245 291 245 300 195 300 text 0
551 311 576 311 576 318 551 318 text 0
251 311 294 311 294 319 251 319 text 0
347 311 391 311 391 319 347 319 text 0
502 311 545 311 545 319 502 319 text 0
64 311 141 311 141 319 64 319 text 0
194 325 243 325 243 331 194 331 text 0
66 325 80 325 80 331 66 331 text 0
143 325 186 325 186 331 143 331 text 0
89 324 135 324 135 333 89 333 text 0
551 338 576 338 576 346 551 346 text 0
251 339 294 339 294 347 251 347 text 0
347 339 391 339 391 347 347 347 text 0
502 339 545 339 545 347 502 347 text 0
64 339 141 339 141 347 64 347 text 0
196 352 261 352 261 359 196 359 text 0
139 352 190 352 190 359 139 359 text 0
103 352 131 352 131 359 103 359 text 0
64 353 80 353 80 360 64 360 text 0
90 354 97 354 97 359 90 359 text 0
555 373 576 373 576 379 555 379 text 0
490 372 546 372 546 380 490 380 text 0
334 372 391 372 391 380 334 380 text 0
252 372 293 372 293 380 252 380 text 0
64 373 138 373 138 381 64 381 text 0
199 386 254 386 254 393 199 393 text 0
166 386 191 386 191 393 166 393 text 0
64 386 129 386 129 395 64 395 text 0
137 386 158 386 158 394 137 394 text 0
477 407 545 407 545 415 477 415 text 0
248 407 296 407 296 416 248 416 text 0
353 407 381 407 381 416 353 416 text 0
145 407 189 407 189 416 145 416 text 0
82 407 138 407 138 416 82 416 text 0
196 407 240 407 240 416 196 416 text 0
304 408 344 408 344 417 304 417 text 0
502 420 545 420 545 428 502 428 text 0
164 420 258 420 258 430 164 430 text 0
265 420 370 420 370 430 265 430 text 0
234 433 275 433 275 441 234 441 text 0
477 433 546 433 546 441 477 441 text 0
169 433 224 433 224 441 169 441 text 0
283 434 369 434 369 444 283 444 text 0
535 445 545 445 545 453 535 453 text 0
201 445 249 445 249 453 201 453 text 0
302 445 370 445 370 453 302 453 text 0
258 446 291 446 291 453 258 453 text 0
493 464 537 464 537 473 493 473 text 0
74 464 120 464 120 473 74 473 text 0
437 464 482 464 482 473 437 473 text 0
127 465 223 465 223 475 127 475 text 0
257 465 382 465 382 474 257 474 text 0
496 478 541 478 541 486 496 486 text 0
119 478 175 478 175 486 119 486 text 0
74 478 104 478 104 486 74 486 text 0
324 478 393 478 393 487 324 487 text 0
202 502 255 502 255 509 202 509 text 0
294 502 338 502 338 510 294 510 text 0
68 525 147 525 147 533 68 533 text 0
255 525 291 525 291 533 255 533 text 0
296 525 411 525 411 533 296 533 text 0
159 525 203 525 203 533 159 533 text 0
211 527 248 527 248 533 211 533 text 0
283 542 310 542 310 550 283 550 text 0
158 542 226 542 226 550 158 550 text 0
432 543 452 543 452 550 432 550 text 0
319 543 423 543 423 552 319 552 text 0
235 544 275 544 275 552 235 552 text 0
281 554 355 554 355 562 281 562 text 0
468 554 511 554 511 562 468 562 text 0
410 554 451 554 451 562 410 562 text 0
98 554 157 554 157 563 98 563 text 0
164 554 271 554 271 562 164 562 text 0
363 554 398 554 398 564 363 564 text 0