532 8 563 8 563 24 532 24 text 0
109 75 188 75 188 85 109 85 text 0
240 75 317 75 317 86 240 86 text 0
328 76 399 76 399 86 328 86 text 0
409 76 451 76 451 87 409 87 text 0
461 76 518 76 518 87 461 87 text 0
271 88 314 88 314 96 271 96 text 0
339 88 400 88 400 98 339 98 text 0
175 103 213 103 213 110 175 110 text 0
229 103 265 103 265 111 229 111 text 0
273 103 304 103 304 111 273 111 text 0
315 102 344 102 344 111 315 111 text 0
352 103 454 103 454 111 352 111 text 0
188 116 220 116 220 124 188 124 text 0
344 116 471 116 471 124 344 124 text 0
229 116 282 116 282 124 229 124 text 0
147 140 148 140 148 141 147 141 text 0
99 137 137 137 137 145 99 145 text 0
158 137 297 137 297 146 158 146 text 0
393 138 531 138 531 146 393 146 text 0
330 137 372 137 372 147 330 147 text 0
188 152 233 152 233 160 188 160 text 0
242 152 264 152 264 160 242 160 text 0
283 152 441 152 441 161 283 161 text 0
235 169 282 169 282 177 235 177 text 0
292 168 394 168 394 178 292 178 text 0
27 180 59 180 59 190 27 190 text 0
62 181 92 181 92 191 62 191 text 0
150 196 225 196 225 205 150 205 text 0
28 196 104 196 104 205 28 205 text 0
234 196 380 196 380 205 234 205 text 0
47 208 63 208 63 217 47 217 text 0
73 209 79 209 79 217 73 217 text 0
89 209 159 209 159 217 89 217 text 0
242 210 254 210 254 218 242 218 text 0
170 210 233 210 233 218 170 218 text 0
32 221 107 221 107 229 32 229 text 0
116 221 178 221 178 230 116 230 text 0
185 221 249 221 249 230 185 230 text 0
29 235 121 235 121 243 29 243 text 0
138 235 265 235 265 244 138 244 text 0
158 249 167 249 167 255 158 255 text 0
28 249 66 249 66 257 28 257 text 0
21 260 28 260 28 261 21 261 text 0
196 262 331 262 331 270 196 270 text 0
487 262 604 262 604 272 487 272 text 0
413 262 464 262 464 272 413 272 text 0
197 277 260 277 260 285 197 285 text 0
412 277 466 277 466 285 412 285 text 0
490 278 575 278 575 285 490 285 text 0
420 291 441 291 441 299 420 299 text 0
89 292 157 292 157 301 89 301 text 0
362 312 412 312 412 320 362 320 text 0
483 312 538 312 538 321 483 321 text 0
263 321 331 321 331 330 263 330 text 0
357 321 425 321 425 330 357 330 text 0
28 321 69 321 69 330 28 330 text 0
465 322 540 322 540 331 465 331 text 0
572 323 605 323 605 331 572 331 text 0
31 333 94 333 94 340 31 340 text 0
301 333 323 333 323 341 301 341 text 0
368 333 417 333 417 342 368 342 text 0
275 334 294 334 294 341 275 341 text 0
492 334 539 334 539 342 492 342 text 0
581 335 605 335 605 342 581 342 text 0
28 346 90 346 90 354 28 354 text 0
31 362 94 362 94 370 31 370 text 0
207 362 217 362 217 370 207 370 text 0
273 362 323 362 323 370 273 370 text 0
366 363 414 363 414 370 366 370 text 0
480 364 539 364 539 371 480 371 text 0
581 364 605 364 605 371 581 371 text 0
29 375 85 375 85 383 29 383 text 0
96 376 157 376 157 383 96 383 text 0
166 376 191 376 191 385 166 385 text 0
56 389 108 389 108 398 56 398 text 0
203 389 224 389 224 399 203 399 text 0
113 390 148 390 148 402 113 402 text 0
469 391 544 391 544 400 469 400 text 0
112 412 161 412 161 421 112 421 text 0
168 412 225 412 225 421 168 421 text 0
344 413 398 413 398 423 344 423 text 0
470 414 541 414 541 422 470 422 text 0
232 413 336 413 336 424 232 424 text 0
310 430 398 430 398 438 310 438 text 0
496 430 541 430 541 439 496 439 text 0
296 446 398 446 398 455 296 455 text 0
485 447 540 447 540 456 485 456 text 0
496 464 540 464 540 472 496 472 text 0
303 463 398 463 398 473 303 473 text 0
65 479 121 479 121 488 65 488 text 0
130 480 191 480 191 488 130 488 text 0
316 480 337 480 337 488 316 488 text 0
199 479 307 479 307 490 199 490 text 0
469 481 540 481 540 489 469 489 text 0
344 481 399 481 399 491 344 491 text 0
332 497 397 497 397 505 332 505 text 0
470 497 540 497 540 506 470 506 text 0
484 510 540 510 540 518 484 518 text 0
311 509 398 509 398 520 311 520 text 0
68 538 116 538 116 548 68 548 text 0
124 538 242 538 242 548 124 548 text 0
119 555 178 555 178 563 119 563 text 0
71 554 114 554 114 564 71 564 text 0
480 554 520 554 520 565 480 565 text 0
242 555 260 555 260 565 242 565 text 0
527 555 575 555 575 565 527 565 text 0
324 555 426 555 426 566 324 566 text 0
73 567 103 567 103 575 73 575 text 0
245 567 257 567 257 576 245 576 text 0
356 568 426 568 426 576 356 576 text 0
522 568 578 568 578 577 522 577 text 0
204 581 258 581 258 590 204 590 text 0
522 581 579 581 579 591 522 591 text 0
352 582 424 582 424 590 352 590 text 0
63 607 137 607 137 614 63 614 text 0
146 606 198 606 198 614 146 614 text 0
205 606 244 606 244 614 205 614 text 0
253 607 292 607 292 614 253 614 text 0
301 607 428 607 428 614 301 614 text 0
446 608 506 608 506 615 446 615 text 0