359 131 481 131 481 144 359 144 text 0
307 132 343 132 343 144 307 144 text 0
166 132 228 132 228 145 166 145 text 0
243 132 291 132 291 145 243 145 text 0
127 133 151 133 151 145 127 145 text 0
194 150 238 150 238 163 194 163 text 0
333 151 395 151 395 163 333 163 text 0
141 151 177 151 177 163 141 163 text 0
410 150 481 150 481 165 410 165 text 0
256 150 314 150 314 165 256 165 text 0
217 170 280 170 280 182 217 182 text 0
296 170 395 170 395 182 296 182 text 0
349 189 448 189 448 201 349 201 text 0
181 189 243 189 243 201 181 201 text 0
256 188 329 188 329 203 256 203 text 0
296 207 356 207 356 220 296 220 text 0
373 207 447 207 447 220 373 220 text 0
182 208 281 208 281 221 182 221 text 0
208 227 240 227 240 239 208 239 text 0
259 227 283 227 283 239 259 239 text 0
155 227 192 227 192 239 155 239 text 0
322 227 474 227 474 239 322 239 text 0
297 230 303 230 303 239 297 239 text 0
143 265 230 265 230 278 143 278 text 0
244 265 290 265 290 278 244 278 text 0
311 265 498 265 498 278 311 278 text 0
283 305 358 305 358 317 283 317 text 0
476 305 576 305 576 317 476 317 text 0
63 303 100 303 100 321 63 321 text 0
109 303 155 303 155 321 109 321 text 0
66 342 116 342 116 354 66 354 text 0
271 343 359 343 359 355 271 355 text 0
374 343 410 343 410 355 374 355 text 0
131 343 181 343 181 355 131 355 text 0
196 343 257 343 257 355 196 355 text 0
461 343 550 343 550 355 461 355 text 0
564 346 576 346 576 355 564 355 text 0
92 361 115 361 115 373 92 373 text 0
130 361 141 361 141 373 130 373 text 0
154 361 180 361 180 373 154 373 text 0
195 361 243 361 243 373 195 373 text 0
67 398 128 398 128 411 67 411 text 0
143 399 206 399 206 411 143 411 text 0
224 399 347 399 347 411 224 411 text 0
360 400 408 400 408 412 360 412 text 0
490 399 551 399 551 412 490 412 text 0
425 400 449 400 449 412 425 412 text 0
360 418 410 418 410 430 360 430 text 0
425 419 448 419 448 431 425 431 text 0
487 419 550 419 550 431 487 431 text 0
424 438 448 438 448 450 424 450 text 0
335 438 410 438 410 450 335 450 text 0
489 438 550 438 550 450 489 450 text 0
66 475 103 475 103 487 66 487 text 0
350 474 396 474 396 489 350 489 text 0
476 476 561 476 561 488 476 488 text 0
272 477 346 477 346 489 272 489 text 0
118 475 206 475 206 491 118 491 text 0
92 497 103 497 103 503 92 503 text 0
117 494 141 494 141 506 117 506 text 0
336 494 396 494 396 508 336 508 text 0
528 495 563 495 563 507 528 507 text 0
65 496 78 496 78 506 65 506 text 0
130 551 193 551 193 563 130 563 text 0
208 551 253 551 253 563 208 563 text 0
271 551 346 551 346 563 271 563 text 0
360 555 410 555 410 564 360 564 text 0
424 552 487 552 487 567 424 567 text 0
131 570 166 570 166 582 131 582 text 0
183 571 269 571 269 583 183 583 text 0
285 571 319 571 319 582 285 582 text 0
65 570 115 570 115 585 65 585 text 0
336 572 461 572 461 586 336 586 text 0
477 574 563 574 563 583 477 583 text 0