81 73 184 73 184 83 81 83 text 0
200 73 235 73 235 83 200 83 text 0
252 73 289 73 289 83 252 83 text 0
184 85 218 85 218 95 184 95 text 0
241 85 340 85 340 95 241 95 text 0
80 85 170 85 170 96 80 96 text 0
81 96 117 96 117 106 81 106 text 0
134 96 170 96 170 105 134 105 text 0
184 96 378 96 378 107 184 107 text 0
81 108 144 108 144 117 81 117 text 0
159 108 244 108 244 119 159 119 text 0
264 107 366 107 366 119 264 119 text 0
81 119 140 119 140 129 81 129 text 0
160 119 209 119 209 129 160 129 text 0
225 130 367 130 367 140 225 140 text 0
81 130 206 130 206 142 81 142 text 0
132 141 166 141 166 151 132 151 text 0
80 142 116 142 116 151 80 151 text 0
185 142 341 142 341 152 185 152 text 0
184 165 407 165 407 175 184 175 text 0
80 211 117 211 117 220 80 220 text 0
197 211 249 211 249 220 197 220 text 0
133 212 183 212 183 221 133 221 text 0
264 211 446 211 446 221 264 221 text 0
134 234 197 234 197 243 134 243 text 0
214 234 275 234 275 243 214 243 text 0
356 234 367 234 367 244 356 244 text 0
382 234 406 234 406 244 382 244 text 0
289 234 341 234 341 245 289 245 text 0
184 245 209 245 209 254 184 254 text 0
80 245 169 245 169 255 80 255 text 0
409 246 433 246 433 255 409 255 text 0
503 246 577 246 577 255 503 255 text 0
592 246 604 246 604 256 592 256 text 0
133 256 196 256 196 266 133 266 text 0
224 256 248 256 248 266 224 266 text 0
277 257 288 257 288 266 277 266 text 0
307 257 367 257 367 266 307 266 text 0
80 279 139 279 139 289 80 289 text 0
409 280 433 280 433 290 409 290 text 0
503 280 577 280 577 290 503 290 text 0
81 291 131 291 131 301 81 301 text 0
409 291 433 291 433 301 409 301 text 0
501 292 577 292 577 302 501 302 text 0
81 314 144 314 144 324 81 324 text 0
159 314 195 314 195 324 159 324 text 0
264 314 275 314 275 324 264 324 text 0
409 315 433 315 433 325 409 325 text 0
526 316 577 316 577 325 526 325 text 0
82 325 139 325 139 335 82 335 text 0
159 326 223 326 223 335 159 335 text 0
264 327 275 327 275 335 264 335 text 0
409 326 433 326 433 336 409 336 text 0
501 326 577 326 577 336 501 336 text 0
80 371 138 371 138 380 80 380 text 0
264 372 316 372 316 381 264 381 text 0
158 371 243 371 243 382 158 382 text 0
79 382 288 382 288 392 79 392 text 0
80 416 156 416 156 425 80 425 text 0
171 416 217 416 217 425 171 425 text 0
236 417 261 417 261 426 236 426 text 0
277 417 367 417 367 426 277 426 text 0
382 417 419 417 419 426 382 426 text 0
487 417 590 417 590 428 487 428 text 0
434 419 471 419 471 427 434 427 text 0
80 428 199 428 199 436 80 436 text 0
79 473 178 473 178 483 79 483 text 0
80 485 169 485 169 495 80 495 text 0
80 507 130 507 130 517 80 517 text 0
148 507 169 507 169 517 148 517 text 0
237 508 274 508 274 517 237 517 text 0
291 508 348 508 348 517 291 517 text 0
185 508 220 508 220 517 185 517 text 0
370 508 440 508 440 517 370 517 text 0
459 509 549 509 549 520 459 520 text 0
80 530 130 530 130 540 80 540 text 0
198 530 248 530 248 540 198 540 text 0
276 531 314 531 314 540 276 540 text 0
355 530 392 530 392 540 355 540 text 0
407 531 445 531 445 540 407 540 text 0
460 531 522 531 522 540 460 540 text 0
81 541 183 541 183 551 81 551 text 0
198 542 261 542 261 551 198 551 text 0
355 542 378 542 378 551 355 551 text 0
277 542 340 542 340 552 277 552 text 0
395 542 445 542 445 552 395 552 text 0
474 543 510 543 510 552 474 552 text 0
78 564 151 564 151 573 78 573 text 0
171 564 183 564 183 573 171 573 text 0
198 564 269 564 269 574 198 574 text 0
288 564 353 564 353 574 288 574 text 0
447 565 523 565 523 574 447 574 text 0
368 565 432 565 432 576 368 576 text 0
159 575 248 575 248 585 159 585 text 0
262 575 287 575 287 585 262 585 text 0
80 575 143 575 143 585 80 585 text 0
305 575 336 575 336 585 305 585 text 0
358 576 389 576 389 585 358 585 text 0
407 576 444 576 444 585 407 585 text 0
460 577 497 577 497 585 460 585 text 0
512 576 563 576 563 585 512 585 text 0
80 598 142 598 142 608 80 608 text 0
158 598 196 598 196 608 158 608 text 0
211 598 248 598 248 608 211 608 text 0
262 598 340 598 340 608 262 608 text 0
356 599 405 599 405 608 356 608 text 0
421 599 485 599 485 610 421 610 text 0