496 81 530 81 530 88 496 88 text 0
453 82 485 82 485 88 453 88 text 0
223 82 312 82 312 88 223 88 text 0
321 82 334 82 334 88 321 88 text 0
345 82 441 82 441 88 345 88 text 0
125 82 149 82 149 88 125 88 text 0
158 82 213 82 213 88 158 88 text 0
270 89 388 89 388 97 270 97 text 0
317 98 396 98 396 106 317 106 text 0
234 98 301 98 301 106 234 106 text 0
411 98 475 98 475 108 411 108 text 0
179 97 216 97 216 108 179 108 text 0
275 107 355 107 355 116 275 116 text 0
372 107 463 107 463 116 372 116 text 0
193 107 259 107 259 116 193 116 text 0
261 117 355 117 355 125 261 125 text 0
384 117 490 117 490 125 384 125 text 0
165 117 232 117 232 125 165 125 text 0
290 126 434 126 434 135 290 135 text 0
221 126 259 126 259 135 221 135 text 0
302 137 462 137 462 145 302 145 text 0
192 136 231 136 231 145 192 145 text 0
247 137 284 137 284 145 247 145 text 0
54 165 97 165 97 174 54 174 text 0
111 165 200 165 200 174 111 174 text 0
436 184 570 184 570 193 436 193 text 0
354 185 418 185 418 193 354 193 text 0
205 184 339 184 339 193 205 193 text 0
55 185 148 185 148 193 55 193 text 0
436 194 543 194 543 202 436 202 text 0
354 194 416 194 416 202 354 202 text 0
56 194 202 194 202 202 56 202 text 0
192 204 243 204 243 212 192 212 text 0
55 204 149 204 149 212 55 212 text 0
490 223 570 223 570 231 490 231 text 0
408 223 447 223 447 231 408 231 text 0
301 223 339 223 339 231 301 231 text 0
58 223 108 223 108 231 58 231 text 0
520 232 568 232 568 242 520 242 text 0
398 232 444 232 444 242 398 242 text 0
516 251 570 251 570 259 516 259 text 0
396 252 447 252 447 260 396 260 text 0
301 252 309 252 309 260 301 260 text 0
55 252 108 252 108 260 55 260 text 0
192 261 325 261 325 269 192 269 text 0
423 261 487 261 487 269 423 269 text 0
55 261 92 261 92 269 55 269 text 0
341 261 406 261 406 269 341 269 text 0
100 261 173 261 173 271 100 271 text 0
57 281 121 281 121 289 57 289 text 0
137 281 243 281 243 289 137 289 text 0
397 281 405 281 405 289 397 289 text 0
345 309 464 309 464 317 345 317 text 0
549 309 602 309 602 317 549 317 text 0
549 319 602 319 602 327 549 327 text 0
346 318 397 318 397 327 346 327 text 0
344 328 383 328 383 336 344 336 text 0
549 328 602 328 602 336 549 336 text 0
537 337 601 337 601 346 537 346 text 0
347 338 452 338 452 346 347 346 text 0
497 347 601 347 601 356 497 356 text 0
91 347 221 347 221 356 91 356 text 0
90 357 193 357 193 365 90 365 text 0
496 357 574 357 574 365 496 365 text 0
498 366 601 366 601 375 498 375 text 0
90 366 248 366 248 375 90 375 text 0
509 385 601 385 601 394 509 394 text 0
454 386 492 386 492 394 454 394 text 0
440 405 451 405 451 413 440 413 text 0
509 404 602 404 602 413 509 413 text 0
74 405 125 405 125 413 74 413 text 0
292 405 370 405 370 413 292 413 text 0
440 424 452 424 452 432 440 432 text 0
549 424 602 424 602 432 549 432 text 0
320 424 370 424 370 432 320 432 text 0
73 424 98 424 98 432 73 432 text 0
387 452 452 452 452 460 387 460 text 0
549 453 601 453 601 461 549 461 text 0
333 453 371 453 371 461 333 461 text 0
126 509 193 509 193 518 126 518 text 0
278 509 316 509 316 518 278 518 text 0
209 509 261 509 261 518 209 518 text 0
332 509 370 509 370 518 332 518 text 0
386 509 522 509 522 519 386 519 text 0
264 519 330 519 330 527 264 527 text 0
347 519 395 519 395 527 347 527 text 0