33 35 165 35 165 45 33 45 text 0
176 34 305 34 305 45 176 45 text 0
314 36 362 36 362 47 314 47 text 0
370 36 419 36 419 47 370 47 text 0
427 37 469 37 469 47 427 47 text 0
482 38 565 38 565 49 482 49 text 0
576 38 599 38 599 50 576 50 text 0
177 47 210 47 210 57 177 57 text 0
219 47 229 47 229 59 219 59 text 0
246 49 303 49 303 58 246 58 text 0
310 49 392 49 392 58 310 58 text 0
401 50 449 50 449 61 401 61 text 0
159 59 220 59 220 69 159 69 text 0
227 60 280 60 280 69 227 69 text 0
287 61 351 61 351 71 287 71 text 0
364 60 455 60 455 72 364 72 text 0
117 71 158 71 158 81 117 81 text 0
164 71 197 71 197 81 164 81 text 0
208 72 305 72 305 82 208 82 text 0
325 73 362 73 362 83 325 83 text 0
369 73 508 73 508 83 369 83 text 0
193 84 241 84 241 93 193 93 text 0
287 83 435 83 435 95 287 95 text 0
248 85 282 85 282 94 248 94 text 0
136 107 171 107 171 122 136 122 text 0
187 108 267 108 267 123 187 123 text 0
306 108 428 108 428 124 306 124 text 0
439 109 487 109 487 124 439 124 text 0
250 137 296 137 296 153 250 153 text 0
312 138 344 138 344 153 312 153 text 0
359 138 402 138 402 154 359 154 text 0
419 138 515 138 515 154 419 154 text 0
22 155 51 155 51 165 22 165 text 0
325 159 381 159 381 168 325 168 text 0
401 160 518 160 518 169 401 169 text 0
21 173 117 173 117 188 21 188 text 0
129 174 189 174 189 189 129 189 text 0
203 173 277 173 277 189 203 189 text 0
290 174 324 174 324 189 290 189 text 0
338 175 373 175 373 190 338 190 text 0
21 195 93 195 93 203 21 203 text 0
286 195 299 195 299 204 286 204 text 0
191 195 222 195 222 203 191 203 text 0
239 196 252 196 252 204 239 204 text 0
109 195 175 195 175 205 109 205 text 0
263 196 276 196 276 204 263 204 text 0
24 206 81 206 81 215 24 215 text 0
96 207 117 207 117 214 96 214 text 0
130 207 199 207 199 217 130 217 text 0
20 219 81 219 81 226 20 226 text 0
96 218 166 218 166 227 96 227 text 0
251 220 346 220 346 228 251 228 text 0
183 219 235 219 235 230 183 230 text 0
21 229 32 229 32 238 21 238 text 0
42 229 86 229 86 238 42 238 text 0
97 229 184 229 184 239 97 239 text 0
193 230 268 230 268 241 193 241 text 0
253 242 295 242 295 252 253 252 text 0
443 242 493 242 493 252 443 252 text 0
308 242 414 242 414 256 308 256 text 0
283 256 316 256 316 267 283 267 text 0
238 258 272 258 272 266 238 266 text 0
15 257 153 257 153 267 15 267 text 0
391 257 404 257 404 267 391 267 text 0
416 258 466 258 466 267 416 267 text 0
332 258 371 258 371 267 332 267 text 0
488 258 576 258 576 270 488 270 text 0
17 276 60 276 60 286 17 286 text 0
76 276 136 276 136 286 76 286 text 0
220 276 269 276 269 286 220 286 text 0
309 277 320 277 320 285 309 285 text 0
455 277 466 277 466 286 455 286 text 0
390 276 405 276 405 287 390 287 text 0
354 277 371 277 371 287 354 287 text 0
527 276 576 276 576 288 527 288 text 0
66 289 123 289 123 298 66 298 text 0
16 289 61 289 61 298 16 298 text 0
224 289 269 289 269 298 224 298 text 0
526 288 577 288 577 299 526 299 text 0
358 290 371 290 371 298 358 298 text 0
389 289 406 289 406 299 389 299 text 0
455 291 464 291 464 298 455 298 text 0
309 291 320 291 320 298 309 298 text 0
354 300 369 300 369 310 354 310 text 0
391 300 406 300 406 311 391 311 text 0
18 301 51 301 51 310 18 310 text 0
65 301 124 301 124 310 65 310 text 0
513 300 573 300 573 311 513 311 text 0
309 302 320 302 320 310 309 310 text 0
225 302 270 302 270 310 225 310 text 0
450 301 467 301 467 311 450 311 text 0
187 316 245 316 245 334 187 334 text 0
454 317 514 317 514 334 454 334 text 0
258 317 283 317 283 335 258 335 text 0
299 316 401 316 401 338 299 338 text 0
18 344 211 344 211 353 18 353 text 0
530 345 576 345 576 353 530 353 text 0
226 345 269 345 269 353 226 353 text 0
310 345 319 345 319 353 310 353 text 0
392 345 405 345 405 353 392 353 text 0
453 345 464 345 464 353 453 353 text 0
354 345 369 345 369 353 354 353 text 0
224 356 267 356 267 365 224 365 text 0
299 356 320 356 320 365 299 365 text 0
392 356 405 356 405 365 392 365 text 0
442 356 463 356 463 365 442 365 text 0
519 356 575 356 575 365 519 365 text 0
79 356 150 356 150 366 79 366 text 0
17 356 72 356 72 366 17 366 text 0
357 356 366 356 366 366 357 366 text 0
513 369 575 369 575 377 513 377 text 0
392 369 405 369 405 378 392 378 text 0
223 369 270 369 270 378 223 378 text 0
309 369 320 369 320 378 309 378 text 0
358 369 369 369 369 378 358 378 text 0
446 369 465 369 465 378 446 378 text 0
18 370 137 370 137 378 18 378 text 0
39 385 98 385 98 402 39 402 text 0
115 386 138 386 138 402 115 402 text 0
455 387 514 387 514 401 455 401 text 0
261 385 328 385 328 406 261 406 text 0
347 386 400 386 400 406 347 406 text 0
152 386 246 386 246 407 152 407 text 0
359 410 402 410 402 426 359 426 text 0
465 411 514 411 514 426 465 426 text 0
458 435 515 435 515 452 458 452 text 0
55 435 112 435 112 453 55 453 text 0
125 436 152 436 152 454 125 454 text 0
274 435 329 435 329 457 274 457 text 0
162 435 258 435 258 457 162 457 text 0
348 435 401 435 401 457 348 457 text 0
456 461 517 461 517 477 456 477 text 0
262 462 286 462 286 477 262 477 text 0
188 461 246 461 246 478 188 478 text 0
298 460 403 460 403 481 298 481 text 0
236 487 296 487 296 504 236 504 text 0
455 488 514 488 514 503 455 503 text 0
311 487 402 487 402 508 311 508 text 0
22 522 104 522 104 530 22 530 text 0
444 532 561 532 561 541 444 541 text 0
378 533 436 533 436 541 378 541 text 0
204 533 264 533 264 543 204 543 text 0
134 534 192 534 192 542 134 542 text 0
316 533 362 533 362 543 316 543 text 0
26 533 120 533 120 543 26 543 text 0
283 535 301 535 301 542 283 542 text 0
231 544 349 544 349 554 231 554 text 0
194 545 219 545 219 554 194 554 text 0
475 545 498 545 498 554 475 554 text 0
365 545 459 545 459 555 365 555 text 0
23 546 59 546 59 555 23 555 text 0
74 547 179 547 179 557 74 557 text 0
501 557 520 557 520 565 501 565 text 0
538 557 568 557 568 565 538 565 text 0
170 558 218 558 218 567 170 567 text 0
353 557 481 557 481 568 353 568 text 0
135 560 157 560 157 568 135 568 text 0
25 558 121 558 121 570 25 570 text 0
231 561 338 561 338 569 231 569 text 0
402 570 423 570 423 578 402 578 text 0
441 570 473 570 473 578 441 578 text 0
327 571 385 571 385 579 327 579 text 0
282 571 315 571 315 579 282 579 text 0
146 571 227 571 227 581 146 581 text 0
243 573 266 573 266 579 243 579 text 0
99 573 131 573 131 580 99 580 text 0
27 573 82 573 82 582 27 582 text 0
341 583 375 583 375 591 341 591 text 0
390 583 472 583 472 591 390 591 text 0
280 583 325 583 325 591 280 591 text 0
167 583 230 583 230 592 167 592 text 0
248 585 266 585 266 591 248 591 text 0
23 584 156 584 156 594 23 594 text 0
637 597 638 597 638 600 637 600 text 0
160 595 205 595 205 604 160 604 text 0
23 595 146 595 146 606 23 606 text 0
369 608 436 608 436 617 369 617 text 0
193 608 360 608 360 618 193 618 text 0