429 50 469 50 469 63 429 63 text 0
484 50 525 50 525 63 484 63 text 0
192 50 245 50 245 64 192 64 text 0
261 50 413 50 413 64 261 64 text 0
80 50 176 50 176 66 80 66 text 0
235 69 355 69 355 84 235 84 text 0
303 89 372 89 372 103 303 103 text 0
178 88 288 88 288 104 178 104 text 0
387 92 413 92 413 103 387 103 text 0
484 107 524 107 524 121 484 121 text 0
429 108 468 108 468 122 429 122 text 0
164 108 245 108 245 122 164 122 text 0
66 108 148 108 148 122 66 122 text 0
261 108 413 108 413 122 261 122 text 0
276 126 301 126 301 140 276 140 text 0
317 126 455 126 455 140 317 140 text 0
151 127 260 127 260 140 151 140 text 0
345 146 468 146 468 159 345 159 text 0
40 146 103 146 103 159 40 159 text 0
484 145 580 145 580 161 484 161 text 0
290 146 326 146 326 161 290 161 text 0
164 146 274 146 274 161 164 161 text 0
122 146 145 146 145 161 122 161 text 0
123 164 190 164 190 178 123 178 text 0
400 164 510 164 510 180 400 180 text 0
205 164 385 164 385 180 205 180 text 0
526 165 580 165 580 180 526 180 text 0
40 165 103 165 103 180 40 180 text 0
247 184 357 184 357 199 247 199 text 0
208 202 232 202 232 215 208 215 text 0
249 202 284 202 284 215 249 215 text 0
303 201 480 201 480 216 303 216 text 0
138 202 189 202 189 217 138 217 text 0
95 221 232 221 232 234 95 234 text 0
247 221 301 221 301 234 247 234 text 0
415 220 522 220 522 236 415 236 text 0
317 221 399 221 399 236 317 236 text 0
164 240 200 240 200 253 164 253 text 0
290 240 454 240 454 253 290 253 text 0
220 240 256 240 256 253 220 253 text 0
234 259 273 259 273 272 234 272 text 0
290 258 385 258 385 272 290 272 text 0
108 296 315 296 315 310 108 310 text 0
40 296 92 296 92 310 40 310 text 0
447 315 507 315 507 328 447 328 text 0
150 314 204 314 204 328 150 328 text 0
220 314 271 314 271 328 220 328 text 0
39 315 79 315 79 329 39 329 text 0
94 315 131 315 131 329 94 329 text 0
291 315 427 315 427 329 291 329 text 0
518 333 580 333 580 346 518 346 text 0
95 334 148 334 148 347 95 347 text 0
39 333 79 333 79 347 39 347 text 0
527 351 580 351 580 364 527 364 text 0
65 352 78 352 78 365 65 365 text 0
95 352 190 352 190 367 95 367 text 0
526 370 580 370 580 383 526 383 text 0
69 370 74 370 74 383 69 383 text 0
94 369 273 369 273 385 94 385 text 0
526 407 580 407 580 420 526 420 text 0
150 407 214 407 214 421 150 421 text 0
38 407 132 407 132 421 38 421 text 0
236 407 298 407 298 422 236 422 text 0
317 407 368 407 368 422 317 422 text 0
122 425 217 425 217 439 122 439 text 0
526 426 580 426 580 439 526 439 text 0
37 425 102 425 102 439 37 439 text 0
513 444 580 444 580 458 513 458 text 0
37 444 92 444 92 458 37 458 text 0
108 444 217 444 217 458 108 458 text 0
529 462 580 462 580 476 529 476 text 0
38 463 119 463 119 479 38 479 text 0
290 500 329 500 329 513 290 513 text 0
526 500 580 500 580 513 526 513 text 0
39 500 107 500 107 514 39 514 text 0
123 501 231 501 231 514 123 514 text 0
247 501 273 501 273 514 247 514 text 0
276 555 357 555 357 569 276 569 text 0
220 555 260 555 260 569 220 569 text 0
82 556 149 556 149 570 82 570 text 0
164 556 204 556 204 569 164 569 text 0
373 556 427 556 427 569 373 569 text 0
443 555 520 555 520 571 443 571 text 0