462 99 533 99 533 113 462 113 text 0
433 100 447 100 447 113 433 113 text 0
366 100 421 100 421 115 366 115 text 0
240 102 350 102 350 116 240 116 text 0
103 102 212 102 212 116 103 116 text 0
243 123 364 123 364 137 243 137 text 0
435 140 505 140 505 155 435 155 text 0
364 142 418 142 418 155 364 155 text 0
200 142 255 142 255 156 200 156 text 0
103 142 159 142 159 157 103 157 text 0
283 143 352 143 352 156 283 156 text 0
175 143 189 143 189 158 175 158 text 0
49 160 102 160 102 176 49 176 text 0
445 163 559 163 559 175 445 175 text 0
393 162 419 162 419 177 393 177 text 0
311 164 382 164 382 177 311 177 text 0
120 164 185 164 185 178 120 178 text 0
201 164 229 164 229 178 201 178 text 0
244 164 281 164 281 179 244 179 text 0
515 181 530 181 530 197 515 197 text 0
461 183 501 183 501 196 461 196 text 0
217 182 323 182 323 198 217 198 text 0
79 183 170 183 170 199 79 199 text 0
337 184 394 184 394 198 337 198 text 0
192 189 196 189 196 198 192 198 text 0
286 206 448 206 448 218 286 218 text 0
158 207 200 207 200 219 158 219 text 0
215 206 240 206 240 220 215 220 text 0
274 246 463 246 463 261 274 261 text 0
160 246 239 246 239 261 160 261 text 0
516 264 587 264 587 280 516 280 text 0
40 266 131 266 131 280 40 280 text 0
147 268 182 268 182 280 147 280 text 0
192 267 310 267 310 282 192 282 text 0
395 268 504 268 504 281 395 281 text 0
39 285 108 285 108 302 39 302 text 0
493 287 561 287 561 302 493 302 text 0
569 287 586 287 586 304 569 304 text 0
379 288 396 288 396 303 379 303 text 0
281 291 295 291 295 304 281 304 text 0
40 309 186 309 186 323 40 323 text 0
311 310 367 310 367 323 311 323 text 0
202 308 271 308 271 324 202 324 text 0
281 311 298 311 298 324 281 324 text 0
34 348 145 348 145 365 34 365 text 0
161 350 202 350 202 364 161 364 text 0
245 351 257 351 257 364 245 364 text 0
113 389 197 389 197 406 113 406 text 0
225 391 362 391 362 407 225 407 text 0
451 392 580 392 580 410 451 410 text 0
249 412 365 412 365 428 249 428 text 0
450 412 582 412 582 429 450 429 text 0
451 433 585 433 585 450 451 450 text 0
206 433 361 433 361 449 206 449 text 0
33 473 77 473 77 486 33 486 text 0
95 473 188 473 188 491 95 491 text 0
444 475 542 475 542 492 444 492 text 0
229 476 367 476 367 493 229 493 text 0
56 494 79 494 79 508 56 508 text 0
120 495 149 495 149 508 120 508 text 0
491 495 544 495 544 511 491 511 text 0
298 498 370 498 370 512 298 512 text 0
115 514 146 514 146 530 115 530 text 0
59 514 79 514 79 530 59 530 text 0
484 517 543 517 543 531 484 531 text 0
309 519 367 519 367 531 309 531 text 0
76 535 146 535 146 550 76 550 text 0
213 535 256 535 256 552 213 552 text 0
160 536 203 536 203 553 160 553 text 0
436 537 505 537 505 552 436 552 text 0
308 537 377 537 377 553 308 553 text 0
269 537 296 537 296 553 269 553 text 0
393 538 420 538 420 554 393 554 text 0
35 576 128 576 128 592 35 592 text 0
160 577 297 577 297 594 160 594 text 0
407 579 503 579 503 595 407 595 text 0
524 580 571 580 571 596 524 596 text 0
205 598 272 598 272 615 205 615 text 0
54 597 161 597 161 616 54 616 text 0