171 91 280 91 280 103 171 103 text 0
295 91 335 91 335 103 295 103 text 0
350 91 418 91 418 104 350 104 text 0
213 109 363 109 363 121 213 121 text 0
186 126 252 126 252 137 186 137 text 0
102 126 163 126 163 138 102 138 text 0
269 125 405 125 405 139 269 139 text 0
422 124 473 124 473 140 422 140 text 0
227 142 305 142 305 154 227 154 text 0
76 142 170 142 170 155 76 155 text 0
323 142 417 142 417 154 323 154 text 0
186 142 204 142 204 155 186 155 text 0
433 142 515 142 515 155 433 155 text 0
143 158 212 158 212 170 143 170 text 0
227 158 314 158 314 171 227 171 text 0
338 158 443 158 443 171 338 171 text 0
185 174 225 174 225 186 185 186 text 0
130 174 169 174 169 186 130 186 text 0
241 174 275 174 275 186 241 186 text 0
295 175 459 175 459 187 295 187 text 0
132 207 210 207 210 220 132 220 text 0
246 208 430 208 430 220 246 220 text 0
24 241 60 241 60 253 24 253 text 0
76 240 105 240 105 253 76 253 text 0
147 240 239 240 239 253 147 253 text 0
267 240 372 240 372 253 267 253 text 0
392 240 484 240 484 253 392 253 text 0
21 257 75 257 75 271 21 271 text 0
145 258 280 258 280 272 145 272 text 0
298 258 403 258 403 272 298 272 text 0
22 292 172 292 172 304 22 304 text 0
227 292 266 292 266 305 227 305 text 0
447 293 509 293 509 305 447 305 text 0
528 293 568 293 568 305 528 305 text 0
323 293 417 293 417 306 323 306 text 0
23 324 76 324 76 336 23 336 text 0
91 324 130 324 130 337 91 337 text 0
213 341 226 341 226 352 213 352 text 0
336 341 390 341 390 353 336 353 text 0
460 341 513 341 513 353 460 353 text 0
542 341 569 341 569 353 542 353 text 0
239 344 254 344 254 352 239 352 text 0
22 357 74 357 74 368 22 368 text 0
88 358 141 358 141 369 88 369 text 0
213 374 225 374 225 385 213 385 text 0
337 374 390 374 390 386 337 386 text 0
460 374 513 374 513 386 460 386 text 0
544 374 569 374 569 386 544 386 text 0
241 375 252 375 252 385 241 385 text 0
21 406 82 406 82 418 21 418 text 0
104 406 151 406 151 418 104 418 text 0
169 406 182 406 182 418 169 418 text 0
21 422 82 422 82 434 21 434 text 0
254 423 305 423 305 434 254 434 text 0
108 422 238 422 238 435 108 435 text 0
513 422 569 422 569 436 513 436 text 0
20 438 60 438 60 449 20 449 text 0
76 438 170 438 170 451 76 451 text 0
189 438 233 438 233 452 189 452 text 0
516 441 567 441 567 451 516 451 text 0
24 454 83 454 83 466 24 466 text 0
106 455 238 455 238 467 106 467 text 0
253 456 277 456 277 467 253 467 text 0
295 455 358 455 358 467 295 467 text 0
514 456 533 456 533 468 514 468 text 0
546 458 568 458 568 468 546 468 text 0
24 471 173 471 173 483 24 483 text 0
459 471 567 471 567 485 459 485 text 0
19 503 72 503 72 514 19 514 text 0
515 504 568 504 568 517 515 517 text 0
21 552 61 552 61 565 21 565 text 0
76 552 168 552 168 567 76 567 text 0
292 554 374 554 374 566 292 566 text 0
477 555 509 555 509 567 477 567 text 0
382 553 425 553 425 568 382 568 text 0
518 554 561 554 561 568 518 568 text 0
20 571 47 571 47 583 20 583 text 0
161 570 183 570 183 584 161 584 text 0
199 571 233 571 233 584 199 584 text 0
378 572 396 572 396 584 378 584 text 0
406 572 430 572 430 584 406 584 text 0
513 571 567 571 567 584 513 584 text 0