73 76 123 76 123 86 73 86 text 0
303 76 339 76 339 86 303 86 text 0
139 77 239 77 239 86 139 86 text 0
254 77 289 77 289 86 254 86 text 0
359 77 401 77 401 86 359 86 text 0
418 77 555 77 555 86 418 86 text 0
368 92 528 92 528 103 368 103 text 0
303 92 326 92 326 103 303 103 text 0
77 92 123 92 123 103 77 103 text 0
138 92 289 92 289 103 138 103 text 0
345 94 349 94 349 102 345 102 text 0
405 110 426 110 426 121 405 121 text 0
73 110 148 110 148 121 73 121 text 0
165 110 212 110 212 121 165 121 text 0
228 110 312 110 312 121 228 121 text 0
329 110 388 110 388 121 329 121 text 0
201 127 275 127 275 138 201 138 text 0
291 127 375 127 375 138 291 138 text 0
125 127 187 127 187 139 125 139 text 0
73 127 107 127 107 139 73 139 text 0
73 144 135 144 135 156 73 156 text 0
150 144 212 144 212 156 150 156 text 0
228 145 312 145 312 156 228 156 text 0
228 162 276 162 276 173 228 173 text 0
189 163 212 163 212 173 189 173 text 0
291 163 339 163 339 173 291 173 text 0
73 162 107 162 107 173 73 173 text 0
151 163 174 163 174 173 151 173 text 0
127 165 133 165 133 173 127 173 text 0
151 180 174 180 174 191 151 191 text 0
291 180 339 180 339 191 291 191 text 0
74 181 110 181 110 192 74 192 text 0
189 181 212 181 212 192 189 192 text 0
228 181 276 181 276 192 228 192 text 0
127 182 133 182 133 191 127 191 text 0
109 217 148 217 148 228 109 228 text 0
164 217 252 217 252 230 164 230 text 0
74 251 110 251 110 262 74 262 text 0
278 252 467 252 467 262 278 262 text 0
125 252 212 252 212 262 125 262 text 0
227 254 260 254 260 262 227 262 text 0
278 269 376 269 376 279 278 279 text 0
394 269 451 269 451 279 394 279 text 0
445 303 492 303 492 313 445 313 text 0
72 303 147 303 147 314 72 314 text 0
163 303 198 303 198 314 163 314 text 0
316 303 390 303 390 314 316 314 text 0
508 303 531 303 531 314 508 314 text 0
214 304 301 304 301 314 214 314 text 0
74 320 174 320 174 331 74 331 text 0
190 320 249 320 249 331 190 331 text 0
290 320 390 320 390 331 290 331 text 0
406 320 465 320 465 331 406 331 text 0
433 337 454 337 454 348 433 348 text 0
354 337 365 337 365 348 354 348 text 0
277 337 288 337 288 348 277 348 text 0
469 338 515 338 515 349 469 349 text 0
379 338 413 338 413 349 379 349 text 0
303 337 336 337 336 349 303 349 text 0
201 339 260 339 260 349 201 349 text 0
161 339 185 339 185 349 161 349 text 0
73 338 148 338 148 349 73 349 text 0
136 357 298 357 298 367 136 367 text 0
303 356 492 356 492 367 303 367 text 0
445 392 492 392 492 403 445 403 text 0
328 392 364 392 364 403 328 403 text 0
253 391 310 391 310 403 253 403 text 0
162 391 237 391 237 403 162 403 text 0
508 391 531 391 531 403 508 403 text 0
277 427 336 427 336 438 277 438 text 0
163 427 263 427 263 438 163 438 text 0
444 426 493 426 493 439 444 439 text 0
508 427 532 427 532 439 508 439 text 0
163 442 199 442 199 453 163 453 text 0
214 443 237 443 237 453 214 453 text 0
504 441 537 441 537 454 504 454 text 0
444 443 494 443 494 454 444 454 text 0
263 494 326 494 326 505 263 505 text 0
342 497 377 497 377 505 342 505 text 0