61 66 216 66 216 77 61 77 text 0
227 66 428 66 428 77 227 77 text 0
440 66 492 66 492 77 440 77 text 0
505 66 565 66 565 77 505 77 text 0
263 84 366 84 366 95 263 95 text 0
256 98 326 98 326 107 256 107 text 0
335 98 371 98 371 107 335 107 text 0
165 98 197 98 197 107 165 107 text 0
382 98 461 98 461 108 382 108 text 0
205 98 247 98 247 108 205 108 text 0
259 112 367 112 367 121 259 121 text 0
343 127 444 127 444 136 343 136 text 0
261 127 335 127 335 136 261 136 text 0
183 127 251 127 251 137 183 137 text 0
215 141 254 141 254 150 215 150 text 0
275 141 412 141 412 150 275 150 text 0
188 159 233 159 233 168 188 168 text 0
242 159 262 159 262 168 242 168 text 0
283 159 439 159 439 168 283 168 text 0
308 174 356 174 356 184 308 184 text 0
365 174 467 174 467 184 365 184 text 0
160 175 299 175 299 184 160 184 text 0
28 196 94 196 94 206 28 206 text 0
30 209 110 209 110 223 30 223 text 0
453 212 565 212 565 222 453 222 text 0
201 212 336 212 336 222 201 222 text 0
382 213 435 213 435 222 382 222 text 0
455 228 543 228 543 237 455 237 text 0
382 228 435 228 435 237 382 237 text 0
201 229 262 229 262 238 201 238 text 0
29 228 109 228 109 242 29 242 text 0
382 243 420 243 420 253 382 253 text 0
431 246 432 246 432 253 431 253 text 0
29 244 156 244 156 256 29 256 text 0
309 271 398 271 398 280 309 280 text 0
430 271 518 271 518 280 430 280 text 0
546 271 584 271 584 280 546 280 text 0
29 270 79 270 79 282 29 282 text 0
231 271 271 271 271 283 231 283 text 0
246 286 256 286 256 294 246 294 text 0
473 286 517 286 517 294 473 294 text 0
336 286 379 286 379 294 336 294 text 0
551 286 580 286 580 294 551 294 text 0
30 286 80 286 80 295 30 295 text 0
149 301 212 301 212 310 149 310 text 0
220 301 270 301 270 310 220 310 text 0
31 300 72 300 72 310 31 310 text 0
79 300 140 300 140 310 79 310 text 0
336 317 379 317 379 326 336 326 text 0
473 317 517 317 517 326 473 326 text 0
551 317 580 317 580 326 551 326 text 0
31 317 77 317 77 326 31 326 text 0
248 317 254 317 254 326 248 326 text 0
199 332 210 332 210 341 199 341 text 0
277 332 450 332 450 341 277 341 text 0
30 333 49 333 49 341 30 341 text 0
219 333 269 333 269 341 219 341 text 0
144 333 191 333 191 341 144 341 text 0
78 333 135 333 135 341 78 341 text 0
58 333 71 333 71 341 58 341 text 0
330 349 387 349 387 357 330 357 text 0
459 349 516 349 516 357 459 357 text 0
551 349 580 349 580 357 551 357 text 0
32 349 80 349 80 358 32 358 text 0
245 349 257 349 257 357 245 357 text 0
102 364 143 364 143 373 102 373 text 0
30 364 93 364 93 373 30 373 text 0
91 377 143 377 143 387 91 387 text 0
241 378 262 378 262 388 241 388 text 0
461 379 518 379 518 388 461 388 text 0
147 379 181 379 181 389 147 389 text 0
92 400 140 400 140 409 92 409 text 0
153 401 203 401 203 409 153 409 text 0
459 400 516 400 516 410 459 410 text 0
321 400 375 400 375 411 321 411 text 0
212 400 314 400 314 411 212 411 text 0
473 417 516 417 516 426 473 426 text 0
288 417 375 417 375 426 288 426 text 0
273 433 376 433 376 442 273 442 text 0
473 433 516 433 516 442 473 442 text 0
473 450 516 450 516 459 473 459 text 0
282 451 375 451 375 462 282 462 text 0
459 470 516 470 516 478 459 478 text 0
298 470 314 470 314 478 298 478 text 0
47 470 101 470 101 478 47 478 text 0
321 470 377 470 377 480 321 480 text 0
111 468 164 468 164 482 111 482 text 0
177 470 286 470 286 481 177 481 text 0
459 487 516 487 516 495 459 495 text 0
310 487 375 487 375 496 310 496 text 0
473 502 517 502 517 511 473 511 text 0
290 502 377 502 377 513 290 513 text 0
130 531 259 531 259 541 130 541 text 0
65 532 122 532 122 542 65 542 text 0
129 552 179 552 179 560 129 560 text 0
312 551 360 551 360 562 312 562 text 0
368 551 417 551 417 562 368 562 text 0
465 551 498 551 498 562 465 562 text 0
509 551 559 551 559 562 509 562 text 0
238 551 256 551 256 562 238 562 text 0
81 552 115 552 115 562 81 562 text 0
354 564 416 564 416 573 354 573 text 0
510 564 558 564 558 573 510 573 text 0
243 564 255 564 255 573 243 573 text 0
78 565 110 565 110 574 78 574 text 0
354 583 415 583 415 592 354 592 text 0
511 583 557 583 557 592 511 592 text 0
202 583 259 583 259 592 202 592 text 0
445 613 507 613 507 620 445 620 text 0
515 613 557 613 557 620 515 620 text 0
149 613 200 613 200 620 149 620 text 0
208 613 247 613 247 620 208 620 text 0
255 614 296 614 296 621 255 621 text 0
66 614 140 614 140 621 66 621 text 0
304 613 435 613 435 621 304 621 text 0