12 124 97 124 97 138 12 138 text 0
115 127 252 127 252 142 115 142 text 0
338 130 391 130 391 142 338 142 text 0
412 129 563 129 563 143 412 143 text 0
269 129 321 129 321 142 269 142 text 0
88 146 114 146 114 159 88 159 text 0
131 147 217 147 217 161 131 161 text 0
235 148 390 148 390 161 235 161 text 0
409 148 494 148 494 163 409 163 text 0
81 164 200 164 200 180 81 180 text 0
221 167 386 167 386 181 221 181 text 0
409 168 475 168 475 182 409 182 text 0
79 185 166 185 166 199 79 199 text 0
183 187 252 187 252 200 183 200 text 0
269 188 338 188 338 200 269 200 text 0
357 187 494 187 494 201 357 201 text 0
185 206 460 206 460 221 185 221 text 0
188 226 228 226 228 239 188 239 text 0
254 227 476 227 476 241 254 241 text 0
116 283 217 283 217 298 116 298 text 0
262 283 494 283 494 299 262 299 text 0
10 320 62 320 62 334 10 334 text 0
83 323 131 323 131 336 83 336 text 0
165 324 183 324 183 336 165 336 text 0
321 323 600 323 600 338 321 338 text 0
205 324 307 324 307 337 205 337 text 0
10 339 62 339 62 354 10 354 text 0
83 342 127 342 127 354 83 354 text 0
328 345 424 345 424 357 328 357 text 0
495 344 597 344 597 357 495 357 text 0
444 346 477 346 477 357 444 357 text 0
10 359 99 359 99 377 10 377 text 0
114 361 185 361 185 376 114 376 text 0
219 362 390 362 390 376 219 376 text 0
411 363 494 363 494 376 411 376 text 0
512 363 598 363 598 376 512 376 text 0
11 379 79 379 79 393 11 393 text 0
104 381 166 381 166 394 104 394 text 0
219 382 390 382 390 396 219 396 text 0
411 381 494 381 494 397 411 397 text 0
512 383 594 383 594 396 512 396 text 0
10 398 131 398 131 415 10 415 text 0
149 401 217 401 217 414 149 414 text 0
535 401 598 401 598 414 535 414 text 0
11 418 78 418 78 434 11 434 text 0
287 421 355 421 355 434 287 434 text 0
493 421 601 421 601 434 493 434 text 0
373 422 390 422 390 434 373 434 text 0
492 455 600 455 600 473 492 473 text 0
10 457 131 457 131 474 10 474 text 0
148 459 200 459 200 472 148 472 text 0
10 476 236 476 236 493 10 493 text 0
489 478 600 478 600 494 489 494 text 0
287 479 355 479 355 492 287 492 text 0
373 479 390 479 390 494 373 494 text 0
12 515 170 515 170 531 12 531 text 0
445 517 593 517 593 531 445 531 text 0
11 535 150 535 150 549 11 549 text 0
445 538 593 538 593 551 445 551 text 0
6 552 219 552 219 574 6 574 text 0
445 556 593 556 593 570 445 570 text 0
253 576 336 576 336 590 253 590 text 0
358 576 408 576 408 589 358 589 text 0
204 595 359 595 359 610 204 610 text 0
368 596 409 596 409 611 368 611 text 0
423 595 475 595 475 611 423 611 text 0