107 95 135 95 135 105 107 105 text 0
147 94 211 94 211 105 147 105 text 0
224 94 275 94 275 105 224 105 text 0
288 94 326 94 326 105 288 105 text 0
341 94 463 94 463 105 341 105 text 0
123 108 161 108 161 118 123 118 text 0
174 108 221 108 221 118 174 118 text 0
314 108 378 108 378 118 314 118 text 0
238 108 297 108 297 120 238 120 text 0
391 109 464 109 464 120 391 120 text 0
276 123 377 123 377 133 276 133 text 0
199 123 263 123 263 133 199 133 text 0
326 137 429 137 429 147 326 147 text 0
161 137 225 137 225 147 161 147 text 0
237 136 310 136 310 149 237 149 text 0
338 151 401 151 401 161 338 161 text 0
174 151 325 151 325 161 174 161 text 0
135 165 173 165 173 175 135 175 text 0
188 165 221 165 221 175 188 175 text 0
237 165 262 165 262 175 237 175 text 0
301 165 456 165 456 175 301 175 text 0
276 167 284 167 284 175 276 175 text 0
223 193 249 193 249 203 223 203 text 0
288 193 479 193 479 203 288 203 text 0
122 193 210 193 210 203 122 203 text 0
263 196 271 196 271 203 263 203 text 0
452 221 556 221 556 232 452 232 text 0
264 221 341 221 341 232 264 232 text 0
45 222 137 222 137 232 45 232 text 0
352 250 390 250 390 260 352 260 text 0
442 250 530 250 530 261 442 261 text 0
275 251 339 251 339 260 275 260 text 0
186 250 263 250 263 261 186 261 text 0
97 250 173 250 173 261 97 261 text 0
46 251 83 251 83 260 46 260 text 0
544 253 557 253 557 260 544 260 text 0
133 264 160 264 160 275 133 275 text 0
172 264 236 264 236 275 172 275 text 0
71 265 95 265 95 275 71 275 text 0
108 265 121 265 121 275 108 275 text 0
441 278 529 278 529 288 441 288 text 0
110 278 198 278 198 289 110 289 text 0
211 279 274 279 274 289 211 289 text 0
287 279 300 279 300 289 287 289 text 0
313 279 389 279 389 289 313 289 text 0
43 278 96 278 96 289 43 289 text 0
542 281 555 281 555 288 542 288 text 0
454 293 531 293 531 302 454 302 text 0
327 293 390 293 390 303 327 303 text 0
96 292 212 292 212 303 96 303 text 0
225 292 313 292 313 303 225 303 text 0
45 293 85 293 85 303 45 303 text 0
544 295 557 295 557 302 544 302 text 0
440 307 529 307 529 317 440 317 text 0
288 307 351 307 351 317 288 317 text 0
365 307 389 307 389 317 365 317 text 0
109 307 211 307 211 317 109 317 text 0
223 307 274 307 274 317 223 317 text 0
44 307 96 307 96 317 44 317 text 0
542 309 555 309 555 317 542 317 text 0
174 321 225 321 225 331 174 331 text 0
111 321 124 321 124 331 111 331 text 0
73 321 97 321 97 331 73 331 text 0
137 321 162 321 162 331 137 331 text 0
339 335 364 335 364 345 339 345 text 0
453 335 530 335 530 345 453 345 text 0
262 335 325 335 325 345 262 345 text 0
173 336 249 336 249 346 173 346 text 0
44 336 84 336 84 346 44 346 text 0
96 336 161 336 161 346 96 346 text 0
542 337 555 337 555 345 542 345 text 0
454 349 531 349 531 359 454 359 text 0
304 350 337 350 337 360 304 360 text 0
353 350 390 350 390 360 353 360 text 0
97 350 136 350 136 360 97 360 text 0
148 350 238 350 238 360 148 360 text 0
251 350 288 350 288 360 251 360 text 0
45 350 83 350 83 360 45 360 text 0
544 352 557 352 557 359 544 359 text 0
148 364 173 364 173 374 148 374 text 0
187 364 225 364 225 374 187 374 text 0
122 364 135 364 135 374 122 374 text 0
71 364 109 364 109 374 71 374 text 0
442 377 530 377 530 388 442 388 text 0
300 378 389 378 389 388 300 388 text 0
44 378 82 378 82 388 44 388 text 0
96 378 186 378 186 388 96 388 text 0
199 378 287 378 287 388 199 388 text 0
543 380 556 380 556 388 543 388 text 0
175 392 238 392 238 402 175 402 text 0
137 392 162 392 162 402 137 402 text 0
111 393 123 393 123 403 111 403 text 0
73 393 97 393 97 403 73 403 text 0
457 420 531 420 531 430 457 430 text 0
404 420 429 420 429 430 404 430 text 0
339 421 388 421 388 430 339 430 text 0
124 421 188 421 188 430 124 430 text 0
47 421 109 421 109 430 47 430 text 0
202 421 326 421 326 430 202 430 text 0
403 434 428 434 428 444 403 444 text 0
494 434 530 434 530 444 494 444 text 0
262 435 389 435 389 445 262 445 text 0
148 434 250 434 250 446 148 446 text 0
405 448 430 448 430 458 405 458 text 0
457 448 532 448 532 458 457 458 text 0
289 448 391 448 391 460 289 460 text 0
314 462 390 462 390 472 314 472 text 0
455 462 530 462 530 472 455 472 text 0
404 462 428 462 428 472 404 472 text 0
496 476 532 476 532 486 496 486 text 0
405 476 430 476 430 486 405 486 text 0
316 477 391 477 391 486 316 486 text 0
331 504 377 504 377 514 331 514 text 0
457 504 542 504 542 514 457 514 text 0
47 505 85 505 85 515 47 515 text 0
249 505 325 505 325 515 249 515 text 0
98 505 188 505 188 517 98 517 text 0
494 519 543 519 543 529 494 529 text 0
96 519 122 519 122 529 96 529 text 0
311 519 376 519 376 529 311 529 text 0
46 521 59 521 59 529 46 529 text 0
508 533 546 533 546 542 508 542 text 0
305 533 380 533 380 543 305 543 text 0
98 533 124 533 124 543 98 543 text 0
48 535 62 535 62 543 48 543 text 0
251 575 326 575 326 585 251 585 text 0
111 575 174 575 174 585 111 585 text 0
188 575 235 575 235 585 188 585 text 0
340 577 391 577 391 584 340 584 text 0
403 575 467 575 467 587 403 587 text 0
113 589 150 589 150 599 113 599 text 0
165 589 252 589 252 599 165 599 text 0
267 589 303 589 303 599 267 599 text 0
459 590 546 590 546 598 459 598 text 0
317 589 443 589 443 601 317 601 text 0
49 589 100 589 100 600 49 600 text 0