165 95 261 95 261 107 165 107 text 0
274 95 309 95 309 107 274 107 text 0
322 96 382 96 382 108 322 108 text 0
202 111 334 111 334 122 202 122 text 0
177 125 236 125 236 137 177 137 text 0
105 126 160 126 160 138 105 138 text 0
251 126 370 126 370 138 251 138 text 0
388 125 439 125 439 138 388 138 text 0
299 140 381 140 381 151 299 151 text 0
214 140 284 140 284 151 214 151 text 0
177 140 197 140 197 151 177 151 text 0
395 139 476 139 476 152 395 152 text 0
80 140 164 140 164 152 80 152 text 0
141 154 200 154 200 164 141 164 text 0
214 154 294 154 294 166 214 166 text 0
311 154 405 154 405 166 311 166 text 0
227 168 257 168 257 178 227 178 text 0
274 168 419 168 419 179 274 179 text 0
128 168 163 168 163 179 128 179 text 0
177 168 212 168 212 179 177 179 text 0
229 196 393 196 393 207 229 207 text 0
130 197 197 197 197 208 130 208 text 0
82 225 105 225 105 236 82 236 text 0
34 225 66 225 66 236 34 236 text 0
144 225 224 225 224 236 144 236 text 0
250 225 342 225 342 236 250 236 text 0
358 225 442 225 442 237 358 237 text 0
33 239 80 239 80 255 33 255 text 0
142 240 261 240 261 255 142 255 text 0
276 240 370 240 370 256 276 256 text 0
408 273 464 273 464 285 408 285 text 0
480 274 515 274 515 285 480 285 text 0
214 273 248 273 248 285 214 285 text 0
32 273 164 273 164 286 32 286 text 0
299 273 381 273 381 286 299 286 text 0
445 302 450 302 450 310 445 310 text 0
34 301 66 301 66 313 34 313 text 0
83 301 113 301 113 313 83 313 text 0
311 316 358 316 358 327 311 327 text 0
494 316 516 316 516 327 494 327 text 0
420 317 467 317 467 328 420 328 text 0
203 317 212 317 212 327 203 327 text 0
224 318 238 318 238 327 224 327 text 0
32 331 79 331 79 340 32 340 text 0
93 331 125 331 125 342 93 342 text 0
204 346 213 346 213 354 204 354 text 0
311 345 358 345 358 355 311 355 text 0
420 345 467 345 467 356 420 356 text 0
494 345 516 345 516 356 494 356 text 0
223 347 237 347 237 355 223 355 text 0
30 358 78 358 78 369 30 369 text 0
93 358 125 358 125 370 93 370 text 0
311 373 358 373 358 383 311 383 text 0
420 373 467 373 467 383 420 383 text 0
203 373 212 373 212 384 203 384 text 0
225 374 235 374 235 382 225 382 text 0
493 373 515 373 515 384 493 384 text 0
31 387 78 387 78 397 31 397 text 0
93 386 138 386 138 398 93 398 text 0
202 400 211 400 211 411 202 411 text 0
310 401 357 401 357 411 310 411 text 0
419 401 466 401 466 412 419 412 text 0
492 402 515 402 515 412 492 412 text 0
226 403 235 403 235 411 226 411 text 0
34 428 88 428 88 439 34 439 text 0
164 429 176 429 176 440 164 440 text 0
104 428 147 428 147 440 104 440 text 0
32 442 88 442 88 454 32 454 text 0
106 442 224 442 224 455 106 455 text 0
237 443 293 443 293 455 237 455 text 0
467 443 514 443 514 454 467 454 text 0
30 457 65 457 65 468 30 468 text 0
179 456 233 456 233 469 179 469 text 0
80 456 164 456 164 469 80 469 text 0
465 457 514 457 514 468 465 468 text 0
236 470 259 470 259 482 236 482 text 0
33 470 89 470 89 482 33 482 text 0
107 470 224 470 224 483 107 483 text 0
274 471 330 471 330 483 274 483 text 0
467 472 514 472 514 483 467 483 text 0
33 485 168 485 168 496 33 496 text 0
418 486 512 486 512 497 418 497 text 0
31 513 79 513 79 525 31 525 text 0
467 514 514 514 514 526 467 526 text 0
33 555 66 555 66 567 33 567 text 0
80 556 164 556 164 570 80 570 text 0
273 556 391 556 391 570 273 570 text 0
431 557 512 557 512 571 431 571 text 0
32 571 56 571 56 583 32 583 text 0
348 572 393 572 393 584 348 584 text 0
155 572 176 572 176 585 155 585 text 0
189 572 222 572 222 585 189 585 text 0
467 573 514 573 514 585 467 585 text 0