404 45 481 45 481 55 404 55 text 0
129 44 372 44 372 56 129 56 text 0
228 58 293 58 293 69 228 69 text 0
335 59 357 59 357 69 335 69 text 0
308 60 320 60 320 69 308 69 text 0
160 74 225 74 225 84 160 84 text 0
241 74 374 74 374 84 241 84 text 0
389 74 443 74 443 85 389 85 text 0
158 88 238 88 238 99 158 99 text 0
254 88 348 88 348 99 254 99 text 0
364 88 443 88 443 99 364 99 text 0
254 102 320 102 320 113 254 113 text 0
49 102 115 102 115 113 49 113 text 0
131 102 238 102 238 113 131 113 text 0
432 103 539 103 539 113 432 113 text 0
336 103 412 103 412 114 336 114 text 0
213 131 251 131 251 141 213 141 text 0
271 131 361 131 361 141 271 141 text 0
91 160 129 160 129 170 91 170 text 0
147 160 497 160 497 171 147 171 text 0
21 174 33 174 33 184 21 184 text 0
48 174 153 174 153 184 48 184 text 0
417 175 470 175 470 185 417 185 text 0
483 175 561 175 561 186 483 186 text 0
21 203 59 203 59 213 21 213 text 0
75 203 155 203 155 213 75 213 text 0
485 204 562 204 562 213 485 213 text 0
157 218 182 218 182 228 157 228 text 0
199 218 238 218 238 228 199 228 text 0
258 218 278 218 278 228 258 228 text 0
295 218 401 218 401 228 295 228 text 0
418 218 442 218 442 228 418 228 text 0
20 232 154 232 154 252 20 252 text 0
246 233 259 233 259 252 246 252 text 0
186 232 207 232 207 254 186 254 text 0
322 268 335 268 335 279 322 279 text 0
23 269 29 269 29 279 23 279 text 0
63 269 101 269 101 279 63 279 text 0
116 269 168 269 168 279 116 279 text 0
186 269 307 269 307 279 186 279 text 0
459 270 511 270 511 280 459 280 text 0
527 270 538 270 538 280 527 280 text 0
23 283 29 283 29 293 23 293 text 0
61 283 101 283 101 293 61 293 text 0
117 283 138 283 138 293 117 293 text 0
157 283 277 283 277 293 157 293 text 0
295 283 306 283 306 293 295 293 text 0
444 284 511 284 511 294 444 294 text 0
527 284 538 284 538 294 527 294 text 0
23 298 29 298 29 307 23 307 text 0
61 298 101 298 101 308 61 308 text 0
115 298 169 298 169 308 115 308 text 0
240 298 251 298 251 308 240 308 text 0
186 298 221 298 221 309 186 309 text 0
458 298 510 298 510 308 458 308 text 0
526 298 538 298 538 308 526 308 text 0
23 312 29 312 29 322 23 322 text 0
62 312 97 312 97 322 62 322 text 0
116 312 182 312 182 322 116 322 text 0
200 312 235 312 235 322 200 322 text 0
253 313 264 313 264 322 253 322 text 0
458 312 510 312 510 322 458 322 text 0
526 313 538 313 538 323 526 323 text 0
62 326 114 326 114 336 62 336 text 0
445 327 510 327 510 337 445 337 text 0
445 355 510 355 510 366 445 366 text 0
61 370 164 370 164 380 61 380 text 0
445 370 510 370 510 380 445 380 text 0
65 384 100 384 100 394 65 394 text 0
117 384 155 384 155 394 117 394 text 0
172 384 210 384 210 395 172 395 text 0
458 385 510 385 510 395 458 395 text 0
61 398 138 398 138 408 61 408 text 0
445 399 510 399 510 409 445 409 text 0
60 412 100 412 100 422 60 422 text 0
116 412 155 412 155 422 116 422 text 0
457 413 507 413 507 423 457 423 text 0
60 426 99 426 99 436 60 436 text 0
116 426 154 426 154 436 116 436 text 0
171 426 209 426 209 436 171 436 text 0
445 427 469 427 469 437 445 437 text 0
476 427 509 427 509 437 476 437 text 0
60 440 153 440 153 452 60 452 text 0
445 441 510 441 510 451 445 451 text 0
157 455 196 455 196 465 157 465 text 0
62 454 141 454 141 466 62 466 text 0
449 455 510 455 510 465 449 465 text 0
71 468 127 468 127 479 71 479 text 0
143 469 222 469 222 479 143 479 text 0
238 469 264 469 264 479 238 479 text 0
280 469 319 469 319 479 280 479 text 0
338 470 360 470 360 479 338 479 text 0
375 469 482 469 482 480 375 480 text 0
499 470 526 470 526 480 499 480 text 0
101 483 167 483 167 493 101 493 text 0
183 483 233 483 233 493 183 493 text 0
252 484 332 484 332 494 252 494 text 0
348 484 400 484 400 494 348 494 text 0
416 484 493 484 493 494 416 494 text 0
238 498 277 498 277 507 238 507 text 0
293 498 318 498 318 507 293 507 text 0
334 498 359 498 359 508 334 508 text 0
60 525 194 525 194 537 60 537 text 0
225 526 357 526 357 537 225 537 text 0
388 526 480 526 480 537 388 537 text 0
60 540 126 540 126 550 60 550 text 0
143 540 191 540 191 550 143 550 text 0
224 540 290 540 290 550 224 550 text 0
389 541 441 541 441 551 389 551 text 0
61 554 127 554 127 564 61 564 text 0
225 554 277 554 277 564 225 564 text 0
142 555 192 555 192 564 142 564 text 0
387 555 441 555 441 565 387 565 text 0