228 92 299 92 299 104 228 104 text 0
380 92 417 92 417 104 380 104 text 0
171 93 206 93 206 104 171 104 text 0
327 92 356 92 356 105 327 105 text 0
427 94 474 94 474 104 427 104 text 0
213 107 423 107 423 118 213 118 text 0
87 120 134 120 134 130 87 130 text 0
266 120 351 120 351 132 266 132 text 0
148 119 228 119 228 132 148 132 text 0
458 121 498 121 498 132 458 132 text 0
377 121 446 121 446 132 377 132 text 0
512 121 533 121 533 133 512 133 text 0
105 134 206 134 206 145 105 145 text 0
207 134 393 134 393 146 207 146 text 0
403 135 516 135 516 146 403 146 text 0
111 147 193 147 193 160 111 160 text 0
269 148 391 148 391 160 269 160 text 0
201 149 256 149 256 160 201 160 text 0
407 149 528 149 528 161 407 161 text 0
215 162 244 162 244 175 215 175 text 0
161 162 202 162 202 175 161 175 text 0
258 163 286 163 286 175 258 175 text 0
307 163 472 163 472 175 307 175 text 0
228 177 338 177 338 188 228 188 text 0
349 178 402 178 402 189 349 189 text 0
240 192 283 192 283 203 240 203 text 0
295 192 394 192 394 204 295 204 text 0
186 220 269 220 269 231 186 231 text 0
52 220 94 220 94 231 52 231 text 0
107 220 180 220 180 231 107 231 text 0
279 221 381 221 381 232 279 232 text 0
568 221 594 221 594 231 568 231 text 0
50 233 111 233 111 246 50 246 text 0
150 234 242 234 242 245 150 245 text 0
347 247 361 247 361 260 347 260 text 0
416 249 474 249 474 260 416 260 text 0
47 248 154 248 154 261 47 261 text 0
370 248 397 248 397 261 370 261 text 0
510 250 572 250 572 260 510 260 text 0
53 262 161 262 161 273 53 273 text 0
179 263 297 263 297 275 179 275 text 0
568 263 595 263 595 276 568 276 text 0
45 277 136 277 136 288 45 288 text 0
167 276 228 276 228 289 167 289 text 0
377 291 392 291 392 302 377 302 text 0
416 292 469 292 469 302 416 302 text 0
350 292 363 292 363 302 350 302 text 0
52 292 228 292 228 302 52 302 text 0
506 292 572 292 572 303 506 303 text 0
128 305 175 305 175 316 128 316 text 0
182 305 243 305 243 316 182 316 text 0
47 305 118 305 118 316 47 316 text 0
566 307 601 307 601 316 566 316 text 0
173 317 260 317 260 329 173 329 text 0
49 318 135 318 135 330 49 330 text 0
352 333 362 333 362 343 352 343 text 0
51 333 155 333 155 343 51 343 text 0
412 334 471 334 471 344 412 344 text 0
374 334 391 334 391 344 374 344 text 0
508 335 566 335 566 345 508 345 text 0
161 347 255 347 255 358 161 358 text 0
50 347 146 347 146 358 50 358 text 0
566 346 598 346 598 361 566 361 text 0
53 362 186 362 186 372 53 372 text 0
226 362 283 362 283 372 226 372 text 0
48 376 147 376 147 386 48 386 text 0
402 376 473 376 473 387 402 387 text 0
373 376 391 376 391 387 373 387 text 0
348 377 362 377 362 386 348 386 text 0
492 376 564 376 564 387 492 387 text 0
52 403 146 403 146 417 52 417 text 0
188 404 201 404 201 416 188 416 text 0
577 406 594 406 594 416 577 416 text 0
455 404 537 404 537 418 455 418 text 0
483 431 511 431 511 443 483 443 text 0
51 432 118 432 118 443 51 443 text 0
524 432 592 432 592 443 524 443 text 0
213 433 297 433 297 443 213 443 text 0
130 433 187 433 187 444 130 444 text 0
48 445 105 445 105 456 48 456 text 0
482 446 510 446 510 457 482 457 text 0
525 447 596 447 596 458 525 458 text 0
481 460 510 460 510 471 481 471 text 0
523 461 590 461 590 472 523 472 text 0
47 461 130 461 130 473 47 473 text 0
51 488 89 488 89 498 51 498 text 0
321 488 387 488 387 498 321 498 text 0
159 488 268 488 268 499 159 499 text 0
282 489 307 489 307 499 282 499 text 0
103 488 145 488 145 499 103 499 text 0
455 488 482 488 482 499 455 499 text 0
496 489 554 489 554 499 496 499 text 0
174 515 239 515 239 526 174 526 text 0
51 516 156 516 156 527 51 527 text 0
317 517 376 517 376 527 317 527 text 0
252 516 304 516 304 527 252 527 text 0
457 517 594 517 594 527 457 527 text 0
415 517 442 517 442 527 415 527 text 0
249 531 293 531 293 540 249 540 text 0
48 529 158 529 158 541 48 541 text 0
169 530 213 530 213 541 169 541 text 0
304 531 390 531 390 541 304 541 text 0
132 558 236 558 236 569 132 569 text 0
251 559 293 559 293 569 251 569 text 0
307 559 403 559 403 569 307 569 text 0
413 559 500 559 500 569 413 569 text 0
212 572 252 572 252 582 212 582 text 0
266 573 320 573 320 582 266 582 text 0
333 574 429 574 429 582 333 582 text 0
183 574 198 574 198 583 183 583 text 0
154 587 263 587 263 597 154 597 text 0
279 587 305 587 305 598 279 598 text 0
319 587 375 587 375 597 319 597 text 0
388 587 472 587 472 598 388 598 text 0