82 82 149 82 149 91 82 91 text 0
181 82 250 82 250 91 181 91 text 0
280 82 520 82 520 92 280 92 text 0
70 94 92 94 92 105 70 105 text 0
218 94 277 94 277 105 218 105 text 0
512 94 545 94 545 105 512 105 text 0
144 95 203 95 203 105 144 105 text 0
415 95 499 95 499 105 415 105 text 0
291 95 314 95 314 105 291 105 text 0
107 95 126 95 126 106 107 106 text 0
327 95 396 95 396 106 327 106 text 0
156 109 215 109 215 118 156 118 text 0
228 109 278 109 278 119 228 119 text 0
364 109 462 109 462 119 364 119 text 0
291 109 348 109 348 120 291 120 text 0
205 122 249 122 249 132 205 132 text 0
266 122 351 122 351 132 266 132 text 0
368 123 412 123 412 133 368 133 text 0
181 136 203 136 203 146 181 146 text 0
217 136 262 136 262 146 217 146 text 0
279 136 326 136 326 146 279 146 text 0
403 136 450 136 450 146 403 146 text 0
341 135 388 135 388 146 341 146 text 0
243 149 277 149 277 159 243 159 text 0
292 149 375 149 375 159 292 159 text 0
33 176 92 176 92 186 33 186 text 0
145 176 183 176 183 186 145 186 text 0
123 179 127 179 127 186 123 186 text 0
32 202 80 202 80 213 32 213 text 0
96 203 127 203 127 212 96 212 text 0
282 203 336 203 336 212 282 212 text 0
144 203 240 203 240 213 144 213 text 0
255 203 264 203 264 214 255 214 text 0
32 216 127 216 127 226 32 226 text 0
143 216 302 216 302 226 143 226 text 0
574 228 600 228 600 239 574 239 text 0
95 228 116 228 116 240 95 240 text 0
278 229 377 229 377 239 278 239 text 0
388 229 412 229 412 239 388 239 text 0
147 229 264 229 264 239 147 239 text 0
32 229 81 229 81 239 32 239 text 0
575 254 597 254 597 264 575 264 text 0
501 254 561 254 561 265 501 265 text 0
242 255 276 255 276 265 242 265 text 0
36 255 43 255 43 265 36 265 text 0
291 255 352 255 352 265 291 265 text 0
367 255 398 255 398 266 367 266 text 0
70 255 154 255 154 266 70 266 text 0
192 255 228 255 228 266 192 266 text 0
318 269 349 269 349 279 318 279 text 0
70 269 103 269 103 279 70 279 text 0
575 281 597 281 597 291 575 291 text 0
504 281 560 281 560 291 504 291 text 0
255 282 338 282 338 292 255 292 text 0
70 282 155 282 155 293 70 293 text 0
168 282 240 282 240 293 168 293 text 0
36 283 41 283 41 293 36 293 text 0
70 295 105 295 105 306 70 306 text 0
575 307 597 307 597 318 575 318 text 0
504 308 560 308 560 318 504 318 text 0
254 308 314 308 314 319 254 319 text 0
328 308 363 308 363 319 328 319 text 0
380 308 410 308 410 319 380 319 text 0
131 309 179 309 179 319 131 319 text 0
192 309 240 309 240 319 192 319 text 0
69 310 118 310 118 319 69 319 text 0
36 310 41 310 41 319 36 319 text 0
69 323 106 323 106 333 69 333 text 0
257 322 287 322 287 333 257 333 text 0
514 335 560 335 560 345 514 345 text 0
574 335 598 335 598 345 574 345 text 0
218 336 277 336 277 346 218 346 text 0
71 336 130 336 130 346 71 346 text 0
34 336 44 336 44 346 34 346 text 0
168 336 204 336 204 346 168 346 text 0
145 336 154 336 154 347 145 347 text 0
513 360 560 360 560 371 513 371 text 0
575 360 597 360 597 371 575 371 text 0
69 361 117 361 117 372 69 372 text 0
34 362 44 362 44 372 34 372 text 0
182 362 240 362 240 372 182 372 text 0
133 362 165 362 165 373 133 373 text 0
133 375 166 375 166 387 133 387 text 0
540 400 599 400 599 411 540 411 text 0
69 401 105 401 105 411 69 411 text 0
113 401 178 401 178 412 113 412 text 0
33 402 43 402 43 412 33 412 text 0
550 414 598 414 598 424 550 424 text 0
69 415 104 415 104 425 69 425 text 0
121 415 142 415 142 425 121 425 text 0
548 428 598 428 598 437 548 437 text 0
181 428 215 428 215 438 181 438 text 0
70 428 167 428 167 438 70 438 text 0
538 454 598 454 598 474 538 474 text 0
122 464 179 464 179 474 122 474 text 0
70 464 105 464 105 474 70 474 text 0
529 476 598 476 598 486 529 486 text 0
69 477 118 477 118 487 69 487 text 0
540 490 599 490 599 509 540 509 text 0
71 500 142 500 142 509 71 509 text 0
34 539 68 539 68 548 34 548 text 0
409 539 487 539 487 548 409 548 text 0
566 539 600 539 600 548 566 548 text 0
83 539 167 539 167 550 83 550 text 0
70 551 104 551 104 562 70 562 text 0
430 551 488 551 488 562 430 562 text 0
34 552 56 552 56 562 34 562 text 0
121 552 142 552 142 562 121 562 text 0
552 552 603 552 603 563 552 563 text 0
147 578 204 578 204 588 147 588 text 0
279 579 352 579 352 589 279 589 text 0
367 579 413 579 413 589 367 589 text 0
429 579 489 579 489 589 429 589 text 0
219 579 263 579 263 590 219 590 text 0