52 62 536 62 536 76 52 76 text 0
52 84 87 84 87 92 52 92 text 0
210 84 274 84 274 92 210 92 text 0
284 84 346 84 346 92 284 92 text 0
354 84 423 84 423 92 354 92 text 0
433 85 444 85 444 92 433 92 text 0
97 84 202 84 202 94 97 94 text 0
454 84 523 84 523 94 454 94 text 0
50 95 115 95 115 102 50 102 text 0
125 95 187 95 187 102 125 102 text 0
194 95 251 95 251 102 194 102 text 0
51 107 117 107 117 115 51 115 text 0
397 107 448 107 448 115 397 115 text 0
272 107 387 107 387 115 272 115 text 0
124 107 248 107 248 117 124 117 text 0
222 121 274 121 274 129 222 129 text 0
50 121 87 121 87 129 50 129 text 0
97 121 214 121 214 130 97 130 text 0
51 134 93 134 93 141 51 141 text 0
101 134 124 134 124 141 101 141 text 0
133 134 167 134 167 141 133 141 text 0
181 134 334 134 334 141 181 141 text 0
432 138 488 138 488 149 432 149 text 0
500 139 615 139 615 149 500 149 text 0
42 147 105 147 105 155 42 155 text 0
111 148 134 148 134 157 111 157 text 0
239 158 278 158 278 166 239 166 text 0
193 158 232 158 232 166 193 166 text 0
41 158 106 158 106 166 41 166 text 0
113 158 188 158 188 166 113 166 text 0
285 158 391 158 391 168 285 168 text 0
201 182 312 182 312 192 201 192 text 0
46 182 109 182 109 192 46 192 text 0
118 182 193 182 193 192 118 192 text 0
60 211 198 211 198 220 60 220 text 0
286 211 332 211 332 220 286 220 text 0
427 212 492 212 492 220 427 220 text 0
342 211 418 211 418 221 342 221 text 0
131 226 200 226 200 234 131 234 text 0
86 226 99 226 99 234 86 234 text 0
107 226 120 226 120 234 107 234 text 0
580 226 607 226 607 234 580 234 text 0
504 226 548 226 548 234 504 234 text 0
157 240 243 240 243 250 157 250 text 0
33 241 87 241 87 250 33 250 text 0
251 241 292 241 292 251 251 251 text 0
301 240 358 240 358 252 301 252 text 0
94 243 147 243 147 251 94 251 text 0
501 243 550 243 550 251 501 251 text 0
256 257 344 257 344 264 256 264 text 0
504 258 548 258 548 266 504 266 text 0
253 275 308 275 308 284 253 284 text 0
506 276 550 276 550 284 506 284 text 0
256 289 319 289 319 297 256 297 text 0
327 289 361 289 361 299 327 299 text 0
506 291 550 291 550 299 506 299 text 0
256 307 302 307 302 316 256 316 text 0
309 307 360 307 360 316 309 316 text 0
504 310 552 310 552 318 504 318 text 0
255 335 311 335 311 343 255 343 text 0
504 335 552 335 552 344 504 344 text 0
256 349 342 349 342 357 256 357 text 0
503 350 554 350 554 359 503 359 text 0
35 369 77 369 77 376 35 376 text 0
502 369 540 369 540 376 502 376 text 0
271 367 402 367 402 379 271 379 text 0
86 369 181 369 181 378 86 378 text 0
543 369 590 369 590 379 543 379 text 0
37 382 63 382 63 390 37 390 text 0
99 382 133 382 133 390 99 390 text 0
359 382 403 382 403 390 359 390 text 0
545 383 589 383 589 391 545 391 text 0
70 382 91 382 91 392 70 392 text 0
139 418 302 418 302 426 139 426 text 0
83 418 120 418 120 426 83 426 text 0
35 418 73 418 73 425 35 425 text 0
337 418 398 418 398 426 337 426 text 0
421 418 541 418 541 428 421 428 text 0
76 478 149 478 149 487 76 487 text 0
156 478 202 478 202 487 156 487 text 0
253 479 292 479 292 487 253 487 text 0
300 479 429 479 429 487 300 487 text 0
437 479 454 479 454 487 437 487 text 0
459 479 595 479 595 488 459 488 text 0
209 481 246 481 246 487 209 487 text 0
326 502 392 502 392 509 326 509 text 0
215 502 265 502 265 509 215 509 text 0
273 502 319 502 319 509 273 509 text 0
125 502 207 502 207 509 125 509 text 0
400 502 545 502 545 509 400 509 text 0
210 516 294 516 294 523 210 523 text 0
301 516 372 516 372 523 301 523 text 0
379 516 461 516 461 523 379 523 text 0
129 540 222 540 222 547 129 547 text 0
229 540 297 540 297 547 229 547 text 0
380 540 480 540 480 548 380 548 text 0
322 540 371 540 371 548 322 548 text 0
489 540 540 540 540 548 489 548 text 0
203 563 258 563 258 571 203 571 text 0
265 563 317 563 317 571 265 571 text 0
109 563 194 563 194 571 109 571 text 0
324 564 418 564 418 571 324 571 text 0
567 564 595 564 595 572 567 572 text 0
426 564 470 564 470 571 426 571 text 0
479 564 558 564 558 572 479 572 text 0
61 578 186 578 186 586 61 586 text 0
320 578 347 578 347 586 320 586 text 0
262 578 309 578 309 586 262 586 text 0
195 578 255 578 255 586 195 586 text 0
477 579 613 579 613 586 477 586 text 0
354 579 469 579 469 586 354 586 text 0
262 593 372 593 372 601 262 601 text 0
99 611 177 611 177 619 99 619 text 0
216 611 234 611 234 619 216 619 text 0
243 611 354 611 354 619 243 619 text 0
186 613 208 613 208 619 186 619 text 0
373 611 574 611 574 621 373 621 text 0