19 12 134 12 134 27 19 27 text 0
262 99 388 99 388 110 262 110 text 0
159 100 201 100 201 111 159 111 text 0
208 100 254 100 254 111 208 111 text 0
397 100 436 100 436 111 397 111 text 0
442 100 483 100 483 111 442 111 text 0
273 116 371 116 371 129 273 129 text 0
320 133 347 133 347 143 320 143 text 0
355 133 383 133 383 143 355 143 text 0
390 133 482 133 482 143 390 143 text 0
251 133 312 133 312 143 251 143 text 0
201 133 212 133 212 143 201 143 text 0
138 133 194 133 194 143 138 143 text 0
488 133 503 133 503 143 488 143 text 0
218 133 240 133 240 143 218 143 text 0
279 149 375 149 375 160 279 160 text 0
383 149 439 149 439 161 383 161 text 0
203 150 272 150 272 160 203 160 text 0
253 166 384 166 384 177 253 177 text 0
395 166 501 166 501 177 395 177 text 0
141 166 197 166 197 177 141 177 text 0
203 166 247 166 247 177 203 177 text 0
324 183 392 183 392 194 324 194 text 0
252 183 319 183 319 194 252 194 text 0
292 200 449 200 449 214 292 214 text 0
250 200 271 200 271 214 250 214 text 0
194 200 243 200 243 214 194 214 text 0
261 226 301 226 301 239 261 239 text 0
307 226 381 226 381 239 307 239 text 0
116 246 218 246 218 259 116 259 text 0
382 246 406 246 406 260 382 260 text 0
427 246 516 246 516 261 427 261 text 0
429 279 467 279 467 291 429 291 text 0
509 279 542 279 542 293 509 293 text 0
391 280 422 280 422 293 391 293 text 0
406 297 415 297 415 307 406 307 text 0
440 297 466 297 466 307 440 307 text 0
492 297 540 297 540 307 492 307 text 0
198 297 291 297 291 307 198 307 text 0
297 297 356 297 356 307 297 307 text 0
114 298 189 298 189 308 114 308 text 0
295 313 353 313 353 323 295 323 text 0
162 309 206 309 206 330 162 330 text 0
115 313 152 313 152 327 115 327 text 0
269 313 287 313 287 326 269 326 text 0
213 315 263 315 263 326 213 326 text 0
469 346 516 346 516 359 469 359 text 0
131 347 181 347 181 360 131 360 text 0
228 349 261 349 261 359 228 359 text 0
270 349 311 349 311 359 270 359 text 0
344 349 371 349 371 359 344 359 text 0
186 348 221 348 221 359 186 359 text 0
316 348 336 348 336 361 316 361 text 0
181 371 269 371 269 385 181 385 text 0
276 373 372 373 372 386 276 386 text 0
465 396 516 396 516 406 465 406 text 0
206 396 252 396 252 407 206 407 text 0
258 396 295 396 295 407 258 407 text 0
299 395 372 395 372 408 299 408 text 0
469 420 516 420 516 431 469 431 text 0
260 421 300 421 300 431 260 431 text 0
305 421 373 421 373 431 305 431 text 0
302 445 371 445 371 458 302 458 text 0
480 446 515 446 515 457 480 457 text 0
506 470 517 470 517 481 506 481 text 0
307 470 372 470 372 481 307 481 text 0
219 471 265 471 265 481 219 481 text 0
270 470 303 470 303 483 270 483 text 0
128 504 170 504 170 518 128 518 text 0
459 505 491 505 491 517 459 517 text 0
301 505 368 505 368 517 301 517 text 0
176 505 259 505 259 519 176 519 text 0
323 520 368 520 368 536 323 536 text 0
448 521 491 521 491 535 448 535 text 0
454 545 491 545 491 554 454 554 text 0
162 544 202 544 202 558 162 558 text 0
325 546 374 546 374 558 325 558 text 0
128 547 155 547 155 558 128 558 text 0
451 563 491 563 491 575 451 575 text 0
131 563 173 563 173 577 131 577 text 0
330 564 376 564 376 578 330 578 text 0
324 593 370 593 370 604 324 604 text 0
253 592 320 592 320 605 253 605 text 0
167 611 192 611 192 622 167 622 text 0
236 611 300 611 300 622 236 622 text 0
312 611 368 611 368 622 312 622 text 0
375 614 440 614 440 622 375 622 text 0
200 615 231 615 231 622 200 622 text 0
445 615 464 615 464 622 445 622 text 0