52 57 534 57 534 72 52 72 text 0
53 78 88 78 88 86 53 86 text 0
211 78 273 78 273 86 211 86 text 0
283 78 346 78 346 86 283 86 text 0
431 78 444 78 444 86 431 86 text 0
352 78 422 78 422 87 352 87 text 0
99 78 196 78 196 88 99 88 text 0
451 78 522 78 522 88 451 88 text 0
51 89 117 89 117 97 51 97 text 0
124 89 187 89 187 97 124 97 text 0
195 89 251 89 251 97 195 97 text 0
53 99 118 99 118 108 53 108 text 0
270 100 387 100 387 108 270 108 text 0
395 101 447 101 447 109 395 109 text 0
123 100 247 100 247 110 123 110 text 0
51 113 88 113 88 121 51 121 text 0
97 113 214 113 214 121 97 121 text 0
222 113 274 113 274 121 222 121 text 0
53 124 90 124 90 131 53 131 text 0
101 124 124 124 124 131 101 131 text 0
134 124 167 124 167 131 134 131 text 0
179 124 334 124 334 131 179 131 text 0
149 126 166 126 166 131 149 131 text 0
272 126 284 126 284 131 272 131 text 0
430 129 487 129 487 138 430 138 text 0
498 129 613 129 613 139 498 139 text 0
43 136 105 136 105 143 43 143 text 0
110 136 135 136 135 146 110 146 text 0
239 147 278 147 278 154 239 154 text 0
42 147 107 147 107 154 42 154 text 0
114 147 187 147 187 154 114 154 text 0
192 147 233 147 233 154 192 154 text 0
289 147 390 147 390 155 289 155 text 0
46 169 110 169 110 178 46 178 text 0
201 169 311 169 311 178 201 178 text 0
119 169 192 169 192 178 119 178 text 0
286 196 425 196 425 205 286 205 text 0
90 196 201 196 201 205 90 205 text 0
514 197 566 197 566 206 514 206 text 0
60 197 74 197 74 206 60 206 text 0
576 197 617 197 617 206 576 206 text 0
431 197 508 197 508 206 431 206 text 0
286 208 320 208 320 217 286 217 text 0
325 209 354 209 354 217 325 217 text 0
128 221 202 221 202 230 128 230 text 0
109 221 123 221 123 231 109 231 text 0
576 222 607 222 607 231 576 231 text 0
500 222 548 222 548 231 500 231 text 0
85 222 101 222 101 231 85 231 text 0
93 236 147 236 147 245 93 245 text 0
34 237 86 237 86 245 34 245 text 0
155 237 244 237 244 245 155 245 text 0
251 237 293 237 293 245 251 245 text 0
301 236 356 236 356 246 301 246 text 0
501 239 547 239 547 246 501 246 text 0
256 250 344 250 344 257 256 257 text 0
501 252 547 252 547 259 501 259 text 0
504 268 549 268 549 276 504 276 text 0
252 265 304 265 304 279 252 279 text 0
257 279 320 279 320 288 257 288 text 0
327 280 360 280 360 290 327 290 text 0
504 282 549 282 549 289 504 289 text 0
255 297 359 297 359 306 255 306 text 0
502 299 548 299 548 309 502 309 text 0
255 322 311 322 311 330 255 330 text 0
494 323 550 323 550 331 494 331 text 0
256 336 343 336 343 343 256 343 text 0
508 337 549 337 549 345 508 345 text 0
36 355 78 355 78 362 36 362 text 0
271 355 401 355 401 365 271 365 text 0
501 355 590 355 590 365 501 365 text 0
86 355 182 355 182 364 86 364 text 0
36 368 64 368 64 375 36 375 text 0
102 368 135 368 135 375 102 375 text 0
357 368 401 368 401 375 357 375 text 0
543 368 589 368 589 376 543 376 text 0
72 368 91 368 91 377 72 377 text 0
37 401 76 401 76 408 37 408 text 0
85 401 120 401 120 408 85 408 text 0
140 401 301 401 301 408 140 408 text 0
185 412 304 412 304 422 185 422 text 0
38 414 86 414 86 422 38 422 text 0
94 415 99 415 99 421 94 421 text 0
35 426 87 426 87 434 35 434 text 0
183 427 197 427 197 434 183 434 text 0
95 426 137 426 137 436 95 436 text 0
292 444 314 444 314 451 292 451 text 0
90 443 155 443 155 452 90 452 text 0
39 443 85 443 85 452 39 452 text 0
592 444 619 444 619 452 592 452 text 0
500 444 581 444 581 452 500 452 text 0
442 444 493 444 493 452 442 452 text 0
324 444 432 444 432 454 324 454 text 0
183 443 280 443 280 454 183 454 text 0
157 478 203 478 203 486 157 486 text 0
76 478 150 478 150 486 76 486 text 0
300 478 428 478 428 486 300 486 text 0
435 479 453 479 453 486 435 486 text 0
254 479 293 479 293 486 254 486 text 0
461 479 594 479 594 486 461 486 text 0
209 480 246 480 246 486 209 486 text 0
324 500 392 500 392 507 324 507 text 0
273 500 318 500 318 507 273 507 text 0
215 500 265 500 265 507 215 507 text 0
399 500 544 500 544 507 399 507 text 0
125 500 208 500 208 507 125 507 text 0
378 512 461 512 461 520 378 520 text 0
302 512 371 512 371 520 302 520 text 0
211 512 294 512 294 520 211 520 text 0
230 534 297 534 297 542 230 542 text 0
323 535 370 535 370 542 323 542 text 0
131 535 223 535 223 542 131 542 text 0
379 535 479 535 479 542 379 542 text 0
488 535 539 535 539 542 488 542 text 0
266 556 315 556 315 564 266 564 text 0
112 556 193 556 193 564 112 564 text 0
203 556 257 556 257 564 203 564 text 0
564 557 594 557 594 565 564 565 text 0
477 557 556 557 556 565 477 565 text 0
323 557 418 557 418 565 323 565 text 0
424 557 469 557 469 565 424 565 text 0
195 571 256 571 256 578 195 578 text 0
62 571 186 571 186 578 62 578 text 0
263 571 308 571 308 578 263 578 text 0
320 571 347 571 347 578 320 578 text 0
354 570 469 570 469 578 354 578 text 0
475 570 611 570 611 578 475 578 text 0
263 584 371 584 371 592 263 592 text 0
100 606 178 606 178 614 100 614 text 0
244 606 354 606 354 614 244 614 text 0
215 606 234 606 234 614 215 614 text 0
186 608 205 608 205 614 186 614 text 0
372 606 572 606 572 616 372 616 text 0
360 609 365 609 365 614 360 614 text 0