325 99 383 99 383 111 325 111 text 0
166 99 262 99 262 111 166 111 text 0
275 100 310 100 310 110 275 110 text 0
204 114 334 114 334 126 204 126 text 0
179 130 238 130 238 143 179 143 text 0
107 131 161 131 161 144 107 144 text 0
387 131 441 131 441 144 387 144 text 0
254 131 370 131 370 144 254 144 text 0
300 146 383 146 383 159 300 159 text 0
215 146 285 146 285 158 215 158 text 0
82 147 165 147 165 160 82 160 text 0
179 147 198 147 198 160 179 160 text 0
395 146 476 146 476 160 395 160 text 0
143 162 201 162 201 174 143 174 text 0
313 161 407 161 407 175 313 175 text 0
216 162 295 162 295 175 216 175 text 0
276 177 420 177 420 189 276 189 text 0
228 177 259 177 259 189 228 189 text 0
130 177 163 177 163 189 130 189 text 0
177 177 213 177 213 189 177 189 text 0
228 209 393 209 393 221 228 221 text 0
130 210 198 210 198 222 130 222 text 0
362 240 432 240 432 252 362 252 text 0
146 240 225 240 225 252 146 252 text 0
37 240 68 240 68 252 37 252 text 0
82 241 106 241 106 253 82 253 text 0
251 242 344 242 344 253 251 253 text 0
33 257 78 257 78 268 33 268 text 0
146 257 264 257 264 269 146 269 text 0
279 257 374 257 374 270 279 270 text 0
122 261 125 261 125 268 122 268 text 0
410 285 467 285 467 301 410 301 text 0
482 286 516 286 516 301 482 301 text 0
32 288 168 288 168 300 32 300 text 0
299 287 385 287 385 301 299 301 text 0
215 288 252 288 252 301 215 301 text 0
36 318 70 318 70 331 36 331 text 0
83 319 114 319 114 332 83 332 text 0
481 334 515 334 515 346 481 346 text 0
421 334 468 334 468 346 421 346 text 0
313 335 359 335 359 347 313 347 text 0
207 336 211 336 211 346 207 346 text 0
228 338 236 338 236 345 228 345 text 0
34 350 80 350 80 362 34 362 text 0
95 350 126 350 126 362 95 362 text 0
422 365 468 365 468 377 422 377 text 0
483 365 512 365 512 377 483 377 text 0
313 365 359 365 359 377 313 377 text 0
205 366 213 366 213 377 205 377 text 0
227 369 238 369 238 378 227 378 text 0
37 381 81 381 81 393 37 393 text 0
94 382 140 382 140 394 94 394 text 0
482 396 516 396 516 408 482 408 text 0
313 396 359 396 359 408 313 408 text 0
422 396 468 396 468 408 422 408 text 0
205 397 215 397 215 408 205 408 text 0
228 399 238 399 238 409 228 409 text 0
36 427 90 427 90 439 36 439 text 0
107 427 150 427 150 439 107 439 text 0
168 428 177 428 177 439 168 439 text 0
472 443 518 443 518 455 472 455 text 0
37 443 90 443 90 455 37 455 text 0
109 443 226 443 226 456 109 456 text 0
241 443 296 443 296 456 241 456 text 0
240 459 261 459 261 471 240 471 text 0
37 459 90 459 90 471 37 471 text 0
473 459 519 459 519 471 473 471 text 0
110 459 230 459 230 472 110 472 text 0
278 459 333 459 333 472 278 472 text 0
422 474 517 474 517 487 422 487 text 0
36 475 154 475 154 486 36 486 text 0
473 506 519 506 519 517 473 517 text 0
36 506 85 506 85 518 36 518 text 0
36 552 69 552 69 564 36 564 text 0
278 552 396 552 396 564 278 564 text 0
439 552 516 552 516 565 439 565 text 0
83 553 167 553 167 566 83 566 text 0
472 567 518 567 518 579 472 579 text 0
350 569 397 569 397 580 350 580 text 0
36 568 69 568 69 580 36 580 text 0
160 569 180 569 180 581 160 581 text 0
192 568 225 568 225 581 192 581 text 0