261 41 337 41 337 57 261 57 text 0
159 69 210 69 210 77 159 77 text 0
46 69 142 69 142 79 46 79 text 0
228 69 380 69 380 78 228 78 text 0
396 69 436 69 436 78 396 78 text 0
452 69 492 69 492 78 452 78 text 0
201 80 322 80 322 90 201 90 text 0
270 92 338 92 338 101 270 101 text 0
145 92 255 92 255 102 145 102 text 0
354 95 380 95 380 101 354 101 text 0
32 103 114 103 114 112 32 112 text 0
130 103 212 103 212 112 130 112 text 0
228 103 380 103 380 112 228 112 text 0
396 103 436 103 436 112 396 112 text 0
451 103 493 103 493 112 451 112 text 0
241 114 267 114 267 123 241 123 text 0
116 115 226 115 226 123 116 123 text 0
283 115 422 115 422 124 283 124 text 0
3 126 69 126 69 134 3 134 text 0
88 127 111 127 111 136 88 136 text 0
313 127 436 127 436 135 313 135 text 0
129 126 240 126 240 136 129 136 text 0
256 126 293 126 293 136 256 136 text 0
452 127 549 127 549 136 452 136 text 0
87 138 156 138 156 146 87 146 text 0
3 137 69 137 69 147 3 147 text 0
172 138 352 138 352 147 172 147 text 0
367 138 478 138 478 148 367 148 text 0
494 138 548 138 548 148 494 148 text 0
214 148 324 148 324 159 214 159 text 0
173 160 199 160 199 169 173 169 text 0
104 160 156 160 156 170 104 170 text 0
270 160 448 160 448 169 270 169 text 0
216 160 250 160 250 169 216 169 text 0
31 171 171 171 171 180 31 180 text 0
186 172 297 172 297 180 186 180 text 0
312 172 380 172 380 181 312 181 text 0
395 173 475 173 475 180 395 180 text 0
494 172 520 172 520 181 494 181 text 0
118 183 154 183 154 191 118 191 text 0
174 183 210 183 210 191 174 191 text 0
258 183 422 183 422 192 258 192 text 0
200 195 241 195 241 203 200 203 text 0
259 195 353 195 353 204 259 204 text 0
216 218 256 218 256 226 216 226 text 0
272 218 325 218 325 226 272 226 text 0
343 218 351 218 351 226 343 226 text 0
5 240 56 240 56 249 5 249 text 0
117 241 283 241 283 250 117 250 text 0
4 252 44 252 44 260 4 260 text 0
119 252 170 252 170 260 119 260 text 0
185 253 240 253 240 260 185 260 text 0
258 252 397 252 397 261 258 261 text 0
414 253 518 253 518 261 414 261 text 0
59 253 101 253 101 263 59 263 text 0
4 263 44 263 44 272 4 272 text 0
62 263 115 263 115 272 62 272 text 0
481 264 548 264 548 272 481 272 text 0
33 274 44 274 44 283 33 283 text 0
59 275 73 275 73 283 59 283 text 0
87 275 241 275 241 285 87 285 text 0
481 276 548 276 548 284 481 284 text 0
59 286 73 286 73 295 59 295 text 0
116 287 170 287 170 295 116 295 text 0
85 287 103 287 103 297 85 297 text 0
116 298 184 298 184 307 116 307 text 0
59 298 73 298 73 307 59 307 text 0
88 299 100 299 100 306 88 306 text 0
56 309 73 309 73 318 56 318 text 0
35 310 43 310 43 319 35 319 text 0
87 309 241 309 241 320 87 320 text 0
483 311 549 311 549 319 483 319 text 0
63 321 72 321 72 330 63 330 text 0
116 322 170 322 170 330 116 330 text 0
85 321 101 321 101 331 85 331 text 0
85 332 101 332 101 342 85 342 text 0
118 333 185 333 185 341 118 341 text 0
63 333 72 333 72 341 63 341 text 0
61 344 125 344 125 353 61 353 text 0
144 344 199 344 199 353 144 353 text 0
36 345 41 345 41 352 36 352 text 0
496 345 549 345 549 354 496 354 text 0
116 367 181 367 181 376 116 376 text 0
4 367 99 367 99 376 4 376 text 0
203 368 265 368 265 377 203 377 text 0
482 368 550 368 550 376 482 376 text 0
283 367 337 367 337 377 283 377 text 0
3 378 69 378 69 387 3 387 text 0
87 379 186 379 186 387 87 387 text 0
482 379 550 379 550 388 482 388 text 0
5 390 58 390 58 399 5 399 text 0
75 391 185 391 185 399 75 399 text 0
479 391 549 391 549 400 479 400 text 0
6 401 87 401 87 412 6 412 text 0
483 403 550 403 550 411 483 411 text 0
5 425 73 425 73 434 5 434 text 0
89 425 199 425 199 434 89 434 text 0
216 426 241 426 241 434 216 434 text 0
257 426 297 426 297 434 257 434 text 0
494 427 550 427 550 434 494 434 text 0
46 459 54 459 54 468 46 468 text 0
119 459 170 459 170 468 119 468 text 0
187 459 214 459 214 468 187 468 text 0
229 460 283 460 283 468 229 468 text 0
369 460 490 460 490 469 369 469 text 0
299 462 353 462 353 469 299 469 text 0
76 483 141 483 141 491 76 491 text 0
159 483 364 483 364 492 159 492 text 0
374 485 464 485 464 493 374 493 text 0
257 494 283 494 283 503 257 503 text 0
75 506 185 506 185 515 75 515 text 0
301 506 408 506 408 515 301 515 text 0
243 506 283 506 283 515 243 515 text 0
424 507 479 507 479 515 424 515 text 0
201 506 227 506 227 516 201 516 text 0
354 518 423 518 423 527 354 527 text 0
229 517 339 517 339 527 229 527 text 0
130 517 214 517 214 527 130 527 text 0
103 540 129 540 129 549 103 549 text 0
145 540 213 540 213 549 145 549 text 0
300 541 437 541 437 551 300 551 text 0
229 543 283 543 283 550 229 550 text 0
32 563 100 563 100 572 32 572 text 0
229 564 312 564 312 573 229 573 text 0
173 564 213 564 213 572 173 572 text 0
117 564 157 564 157 572 117 572 text 0
327 564 381 564 381 572 327 572 text 0
396 564 476 564 476 574 396 574 text 0
17 575 115 575 115 584 17 584 text 0
130 575 228 575 228 584 130 584 text 0
242 575 339 575 339 584 242 584 text 0
383 576 550 576 550 585 383 585 text 0
360 578 363 578 363 584 360 584 text 0