167 73 205 73 205 81 167 81 text 0
222 73 298 73 298 81 222 81 text 0
425 73 464 73 464 81 425 81 text 0
369 74 409 74 409 81 369 81 text 0
319 74 353 74 353 83 319 83 text 0
208 85 412 85 412 92 208 92 text 0
450 96 489 96 489 104 450 104 text 0
373 96 438 96 438 103 373 103 text 0
235 96 246 96 246 103 235 103 text 0
144 96 220 96 220 104 144 104 text 0
86 96 126 96 126 104 86 104 text 0
263 96 353 96 353 105 263 105 text 0
504 97 527 97 527 106 504 106 text 0
210 107 383 107 383 115 210 115 text 0
101 107 194 107 194 115 101 115 text 0
400 107 516 107 516 116 400 116 text 0
196 118 246 118 246 126 196 126 text 0
411 118 517 118 517 126 411 126 text 0
113 118 182 118 182 126 113 126 text 0
263 118 395 118 395 128 263 128 text 0
211 130 235 130 235 137 211 137 text 0
249 130 276 130 276 137 249 137 text 0
292 130 475 130 475 139 292 139 text 0
145 129 194 129 194 139 145 139 text 0
209 141 329 141 329 150 209 150 text 0
343 141 407 141 407 150 343 150 text 0
225 152 276 152 276 159 225 159 text 0
290 152 397 152 397 159 290 159 text 0
559 174 585 174 585 181 559 181 text 0
157 174 249 174 249 182 157 182 text 0
48 174 143 174 143 182 48 182 text 0
46 186 155 186 155 193 46 193 text 0
196 186 248 186 248 193 196 193 text 0
48 195 144 195 144 205 48 205 text 0
402 197 464 197 464 204 402 204 text 0
493 196 559 196 559 204 493 204 text 0
347 197 383 197 383 204 347 204 text 0
48 208 156 208 156 216 48 216 text 0
172 208 290 208 290 216 172 216 text 0
562 209 587 209 587 216 562 216 text 0
144 219 197 219 197 226 144 226 text 0
49 219 101 219 101 227 49 227 text 0
48 228 224 228 224 238 48 238 text 0
348 230 384 230 384 237 348 237 text 0
413 230 465 230 465 237 413 237 text 0
505 230 560 230 560 238 505 238 text 0
276 241 411 241 411 249 276 249 text 0
48 241 87 241 87 249 48 249 text 0
102 241 182 241 182 249 102 249 text 0
196 241 262 241 262 249 196 249 text 0
562 242 587 242 587 249 562 249 text 0
49 252 99 252 99 260 49 260 text 0
144 252 198 252 198 260 144 260 text 0
47 262 225 262 225 271 47 271 text 0
414 263 465 263 465 271 414 271 text 0
346 263 385 263 385 271 346 271 text 0
507 263 562 263 562 271 507 271 text 0
48 275 87 275 87 282 48 282 text 0
102 275 182 275 182 282 102 282 text 0
563 275 588 275 588 282 563 282 text 0
200 275 301 275 301 284 200 284 text 0
48 286 101 286 101 294 48 294 text 0
145 286 225 286 225 294 145 294 text 0
46 297 145 297 145 305 46 305 text 0
495 297 562 297 562 305 495 305 text 0
415 297 466 297 466 305 415 305 text 0
345 297 385 297 385 305 345 305 text 0
48 308 157 308 157 315 48 315 text 0
172 308 249 308 249 316 172 316 text 0
265 308 317 308 317 316 265 316 text 0
563 308 587 308 587 316 563 316 text 0
210 319 279 319 279 327 210 327 text 0
49 319 168 319 168 327 49 327 text 0
50 329 145 329 145 339 50 339 text 0
348 331 385 331 385 338 348 338 text 0
402 331 466 331 466 338 402 338 text 0
496 331 561 331 561 338 496 338 text 0
48 341 170 341 170 349 48 349 text 0
414 342 453 342 453 349 414 349 text 0
467 342 506 342 506 349 467 349 text 0
185 342 399 342 399 349 185 349 text 0
563 342 587 342 587 350 563 350 text 0
50 353 143 353 143 361 50 361 text 0
186 353 199 353 199 361 186 361 text 0
402 364 467 364 467 371 402 371 text 0
347 364 385 364 385 372 347 372 text 0
495 364 562 364 562 372 495 372 text 0
48 363 224 363 224 374 48 374 text 0
49 375 157 375 157 383 49 383 text 0
266 375 317 375 317 383 266 383 text 0
171 375 250 375 250 383 171 383 text 0
564 376 588 376 588 383 564 383 text 0
211 386 279 386 279 394 211 394 text 0
49 386 169 386 169 394 49 394 text 0
187 389 198 389 198 391 187 391 text 0
48 397 146 397 146 405 48 405 text 0
482 397 562 397 562 405 482 405 text 0
374 398 386 398 386 405 374 405 text 0
402 398 466 398 466 405 402 405 text 0
334 398 357 398 357 405 334 405 text 0
576 420 588 420 588 427 576 427 text 0
186 420 198 420 198 427 186 427 text 0
161 422 168 422 168 427 161 427 text 0
454 420 531 420 531 429 454 429 text 0
51 420 142 420 142 429 51 429 text 0
551 422 558 422 558 428 551 428 text 0
50 442 116 442 116 450 50 450 text 0
133 442 195 442 195 450 133 450 text 0
211 442 291 442 291 450 211 450 text 0
481 442 507 442 507 450 481 450 text 0
521 442 588 442 588 450 521 450 text 0
48 453 107 453 107 461 48 461 text 0
466 453 493 453 493 461 466 461 text 0
509 454 589 454 589 461 509 461 text 0
481 465 506 465 506 472 481 472 text 0
522 465 587 465 587 472 522 472 text 0
49 465 134 465 134 473 49 473 text 0
105 487 144 487 144 494 105 494 text 0
322 487 386 487 386 494 322 494 text 0
279 487 305 487 305 494 279 494 text 0
159 487 265 487 265 494 159 494 text 0
49 487 88 487 88 494 49 494 text 0
496 487 549 487 549 494 496 494 text 0
456 487 480 487 480 494 456 494 text 0
416 508 440 508 440 516 416 516 text 0
253 509 304 509 304 517 253 517 text 0
173 509 238 509 238 516 173 516 text 0
321 509 373 509 373 516 321 516 text 0
453 509 588 509 588 516 453 516 text 0
50 509 157 509 157 517 50 517 text 0
49 520 157 520 157 528 49 528 text 0
172 520 211 520 211 528 172 528 text 0
226 523 237 523 237 525 226 525 text 0
253 520 318 520 318 528 253 528 text 0
333 520 397 520 397 528 333 528 text 0
253 542 292 542 292 549 253 549 text 0
308 542 399 542 399 550 308 550 text 0
416 542 495 542 495 549 416 549 text 0
131 542 237 542 237 549 131 549 text 0
265 552 319 552 319 560 265 560 text 0
213 552 250 552 250 560 213 560 text 0
333 552 437 552 437 560 333 560 text 0
185 554 197 554 197 561 185 561 text 0
158 564 264 564 264 571 158 571 text 0
281 564 306 564 306 571 281 571 text 0
321 564 373 564 373 571 321 571 text 0
388 564 479 564 479 571 388 571 text 0
403 597 505 597 505 604 403 604 text 0
132 597 370 597 370 605 132 605 text 0
362 609 429 609 429 616 362 616 text 0
214 609 346 609 346 616 214 616 text 0