177 51 224 51 224 62 177 62 text 0
238 51 269 51 269 62 238 62 text 0
334 51 369 51 369 62 334 62 text 0
288 51 319 51 319 63 288 63 text 0
386 51 502 51 502 63 386 63 text 0
164 66 199 66 199 77 164 77 text 0
275 66 321 66 321 77 275 77 text 0
335 66 394 66 394 77 335 77 text 0
407 66 477 66 477 77 407 77 text 0
493 66 516 66 516 77 493 77 text 0
214 66 257 66 257 78 214 78 text 0
335 81 394 81 394 92 335 92 text 0
407 82 477 82 477 93 407 93 text 0
189 82 223 82 223 93 189 93 text 0
238 82 318 82 318 94 238 94 text 0
275 97 333 97 333 108 275 108 text 0
347 97 406 97 406 108 347 108 text 0
421 97 492 97 492 108 421 108 text 0
177 97 257 97 257 109 177 109 text 0
251 112 272 112 272 123 251 123 text 0
311 112 455 112 455 123 311 123 text 0
201 112 236 112 236 122 201 122 text 0
290 115 294 115 294 123 290 123 text 0
228 126 334 126 334 138 228 138 text 0
348 127 406 127 406 138 348 138 text 0
471 139 506 139 506 152 471 152 text 0
277 141 324 141 324 152 277 152 text 0
409 142 455 142 455 153 409 153 text 0
335 141 373 141 373 153 335 153 text 0
177 142 266 142 266 153 177 153 text 0
140 171 285 171 285 182 140 182 text 0
483 171 553 171 553 182 483 182 text 0
108 172 126 172 126 182 108 182 text 0
267 187 322 187 322 198 267 198 text 0
141 187 255 187 255 198 141 198 text 0
141 201 286 201 286 212 141 212 text 0
107 202 126 202 126 212 107 212 text 0
484 202 553 202 553 212 484 212 text 0
141 216 212 216 212 228 141 228 text 0
227 216 273 216 273 228 227 228 text 0
287 217 321 217 321 228 287 228 text 0
482 232 553 232 553 243 482 243 text 0
142 233 286 233 286 243 142 243 text 0
107 233 127 233 127 242 107 242 text 0
227 246 261 246 261 257 227 257 text 0
143 246 212 246 212 257 143 257 text 0
276 246 321 246 321 257 276 257 text 0
68 276 173 276 173 287 68 287 text 0
498 276 554 276 554 287 498 287 text 0
70 290 125 290 125 302 70 302 text 0
143 290 201 290 201 302 143 302 text 0
215 290 259 290 259 302 215 302 text 0
276 291 310 291 310 302 276 302 text 0
497 291 554 291 554 302 497 302 text 0
71 305 124 305 124 317 71 317 text 0
143 306 201 306 201 317 143 317 text 0
266 306 308 306 308 317 266 317 text 0
324 306 359 306 359 317 324 317 text 0
498 306 554 306 554 317 498 317 text 0
215 306 247 306 247 319 215 319 text 0
68 321 115 321 115 332 68 332 text 0
495 322 554 322 554 333 495 333 text 0
72 336 116 336 116 346 72 346 text 0
130 336 187 336 187 347 130 347 text 0
203 336 213 336 213 346 203 346 text 0
373 336 406 336 406 347 373 347 text 0
495 336 554 336 554 347 495 347 text 0
288 336 359 336 359 349 288 349 text 0
119 351 201 351 201 362 119 362 text 0
215 352 246 352 246 362 215 362 text 0
263 351 492 351 492 362 263 362 text 0
68 366 102 366 102 377 68 377 text 0
313 366 382 366 382 377 313 377 text 0
520 366 553 366 553 377 520 377 text 0
117 366 201 366 201 378 117 378 text 0
68 381 91 381 91 392 68 392 text 0
128 381 152 381 152 392 128 392 text 0
105 382 115 382 115 392 105 392 text 0
327 381 380 381 380 392 327 392 text 0
506 382 554 382 554 393 506 393 text 0
69 395 124 395 124 406 69 406 text 0
327 396 380 396 380 407 327 407 text 0
506 396 554 396 554 407 506 407 text 0
205 411 261 411 261 421 205 421 text 0
360 410 407 410 407 421 360 421 text 0
73 410 189 410 189 422 73 422 text 0
421 411 456 411 456 422 421 422 text 0
471 411 552 411 552 422 471 422 text 0
68 425 152 425 152 436 68 436 text 0
166 425 311 425 311 436 166 436 text 0
372 425 419 425 419 436 372 436 text 0
324 424 359 424 359 437 324 437 text 0
214 469 274 469 274 480 214 480 text 0
288 470 359 470 359 481 288 481 text 0
373 469 469 469 469 481 373 481 text 0
191 484 224 484 224 495 191 495 text 0
243 485 395 485 395 496 243 496 text 0
411 486 478 486 478 498 411 498 text 0
166 499 224 499 224 509 166 509 text 0
289 499 322 499 322 510 289 510 text 0
239 500 273 500 273 510 239 510 text 0
337 499 383 499 383 510 337 510 text 0
397 499 504 499 504 511 397 511 text 0
227 515 296 515 296 525 227 525 text 0
311 515 357 515 357 526 311 526 text 0
372 516 431 516 431 526 372 526 text 0