182 39 310 39 310 49 182 49 text 0
375 39 423 39 423 49 375 49 text 0
434 39 485 39 485 49 434 49 text 0
39 40 172 40 172 49 39 49 text 0
319 40 368 40 368 51 319 51 text 0
492 40 572 40 572 50 492 50 text 0
579 40 604 40 604 50 579 50 text 0
320 51 395 51 395 61 320 61 text 0
182 51 216 51 216 61 182 61 text 0
253 51 309 51 309 62 253 62 text 0
407 52 455 52 455 63 407 63 text 0
225 51 241 51 241 63 225 63 text 0
232 63 286 63 286 74 232 74 text 0
165 65 226 65 226 75 165 75 text 0
293 64 358 64 358 76 293 76 text 0
370 64 469 64 469 76 370 76 text 0
419 76 515 76 515 86 419 86 text 0
173 77 198 77 198 86 173 86 text 0
215 77 311 77 311 87 215 87 text 0
331 77 409 77 409 86 331 86 text 0
125 77 165 77 165 87 125 87 text 0
296 90 442 90 442 99 296 99 text 0
256 90 288 90 288 99 256 99 text 0
198 89 247 89 247 99 198 99 text 0
289 111 300 111 300 127 289 127 text 0
314 111 436 111 436 128 314 128 text 0
449 111 494 111 494 128 449 128 text 0
142 111 178 111 178 128 142 128 text 0
193 111 276 111 276 128 193 128 text 0
256 142 303 142 303 158 256 158 text 0
427 142 523 142 523 158 427 158 text 0
365 143 409 143 409 158 365 158 text 0
317 143 352 143 352 159 317 159 text 0
29 162 110 162 110 172 29 172 text 0
409 163 525 163 525 172 409 172 text 0
334 164 388 164 388 172 334 172 text 0
297 179 332 179 332 195 297 195 text 0
344 179 380 179 380 195 344 195 text 0
28 179 125 179 125 195 28 195 text 0
141 180 198 180 198 195 141 195 text 0
209 179 284 179 284 195 209 195 text 0
269 200 283 200 283 209 269 209 text 0
198 200 229 200 229 209 198 209 text 0
248 200 259 200 259 209 248 209 text 0
28 201 100 201 100 210 28 210 text 0
296 201 316 201 316 211 296 211 text 0
115 201 182 201 182 211 115 211 text 0
29 213 88 213 88 222 29 222 text 0
103 213 123 213 123 222 103 222 text 0
143 213 207 213 207 223 143 223 text 0
261 225 356 225 356 234 261 234 text 0
104 225 174 225 174 234 104 234 text 0
27 226 88 226 88 234 27 234 text 0
191 225 244 225 244 235 191 235 text 0
30 237 93 237 93 246 30 246 text 0
208 237 270 237 270 247 208 247 text 0
104 236 199 236 199 247 104 247 text 0
312 250 423 250 423 259 312 259 text 0
453 250 504 250 504 259 453 259 text 0
261 248 298 248 298 262 261 262 text 0
342 265 353 265 353 273 342 273 text 0
282 265 315 265 315 273 282 273 text 0
235 265 267 265 267 273 235 273 text 0
367 263 416 263 416 274 367 274 text 0
178 265 221 265 221 274 178 274 text 0
440 265 522 265 522 276 440 276 text 0
24 265 161 265 161 276 24 276 text 0
467 284 522 284 522 293 467 293 text 0
341 284 352 284 352 293 341 293 text 0
402 284 413 284 413 293 402 293 text 0
305 285 316 285 316 292 305 292 text 0
247 285 267 285 267 292 247 292 text 0
26 284 68 284 68 293 26 293 text 0
85 284 144 284 144 293 85 293 text 0
172 285 218 285 218 292 172 292 text 0
305 296 316 296 316 305 305 305 text 0
466 296 524 296 524 305 466 305 text 0
401 296 412 296 412 305 401 305 text 0
342 296 353 296 353 305 342 305 text 0
172 297 218 297 218 305 172 305 text 0
255 297 266 297 266 305 255 305 text 0
25 297 128 297 128 305 25 305 text 0
403 308 412 308 412 317 403 317 text 0
257 308 266 308 266 317 257 317 text 0
342 308 353 308 353 317 342 317 text 0
304 309 315 309 315 317 304 317 text 0
77 309 134 309 134 317 77 317 text 0
176 309 219 309 219 317 176 317 text 0
27 309 60 309 60 317 27 317 text 0
475 307 524 307 524 319 475 319 text 0
194 325 253 325 253 342 194 342 text 0
269 325 294 325 294 342 269 342 text 0
465 326 525 326 525 342 465 342 text 0
305 325 410 325 410 346 305 346 text 0
467 352 522 352 522 360 467 360 text 0
392 352 412 352 412 360 392 360 text 0
342 352 353 352 353 361 342 361 text 0
170 352 218 352 218 361 170 361 text 0
256 352 267 352 267 361 256 361 text 0
304 352 315 352 315 361 304 361 text 0
26 353 120 353 120 361 26 361 text 0
256 364 267 364 267 373 256 373 text 0
305 364 316 364 316 373 305 373 text 0
342 364 353 364 353 373 342 373 text 0
392 364 414 364 414 373 392 373 text 0
455 364 524 364 524 373 455 373 text 0
87 366 126 366 126 373 87 373 text 0
27 366 80 366 80 373 27 373 text 0
173 362 217 362 217 377 173 377 text 0
49 381 107 381 107 398 49 398 text 0
453 381 522 381 522 398 453 398 text 0
123 383 146 383 146 398 123 398 text 0
269 381 337 381 337 401 269 401 text 0
159 381 254 381 254 401 159 401 text 0
355 380 410 380 410 402 355 402 text 0
466 407 524 407 524 423 466 423 text 0
367 407 410 407 410 423 367 423 text 0
61 432 119 432 119 450 61 450 text 0
135 433 159 433 159 449 135 449 text 0
455 433 524 433 524 449 455 449 text 0
171 433 267 433 267 453 171 453 text 0
280 433 337 433 337 453 280 453 text 0
355 433 410 433 410 453 355 453 text 0
194 457 253 457 253 474 194 474 text 0
465 457 525 457 525 474 465 474 text 0
269 458 294 458 294 475 269 475 text 0
305 456 410 456 410 478 305 478 text 0
245 484 302 484 302 501 245 501 text 0
465 485 525 485 525 502 465 502 text 0
319 483 403 483 403 506 319 506 text 0
31 519 120 519 120 527 31 527 text 0
30 531 125 531 125 540 30 540 text 0
140 531 199 531 199 540 140 540 text 0
383 531 442 531 442 540 383 540 text 0
456 532 572 532 572 540 456 540 text 0
213 531 270 531 270 541 213 541 text 0
287 533 308 533 308 540 287 540 text 0
321 531 369 531 369 542 321 542 text 0
236 543 355 543 355 552 236 552 text 0
29 543 64 543 64 552 29 552 text 0
370 543 465 543 465 554 370 554 text 0
79 545 182 545 182 552 79 552 text 0
482 545 501 545 501 552 482 552 text 0
172 555 223 555 223 564 172 564 text 0
543 557 574 557 574 564 543 564 text 0
504 557 526 557 526 564 504 564 text 0
140 557 161 557 161 564 140 564 text 0
358 555 489 555 489 566 358 566 text 0
31 556 124 556 124 566 31 566 text 0
235 559 343 559 343 566 235 566 text 0
285 568 320 568 320 576 285 576 text 0
333 568 393 568 393 576 333 576 text 0
407 568 429 568 429 576 407 576 text 0
445 568 478 568 478 576 445 576 text 0
151 568 231 568 231 578 151 578 text 0
101 570 134 570 134 577 101 577 text 0
248 570 270 570 270 577 248 577 text 0
29 570 87 570 87 579 29 579 text 0
287 579 330 579 330 589 287 589 text 0
177 581 235 581 235 589 177 589 text 0
346 581 379 581 379 589 346 589 text 0
395 581 478 581 478 589 395 589 text 0
28 580 159 580 159 591 28 591 text 0
250 583 270 583 270 589 250 589 text 0
161 593 212 593 212 602 161 602 text 0
27 594 151 594 151 605 27 605 text 0
199 607 365 607 365 617 199 617 text 0
374 607 442 607 442 617 374 617 text 0