252 105 299 105 299 113 252 113 text 0
313 105 332 105 332 113 313 113 text 0
349 105 395 105 395 114 349 114 text 0
300 117 347 117 347 126 300 126 text 0
408 117 444 117 444 126 408 126 text 0
83 117 188 117 188 126 83 126 text 0
204 117 251 117 251 126 204 126 text 0
264 117 284 117 284 125 264 125 text 0
360 117 395 117 395 125 360 125 text 0
459 117 564 117 564 126 459 126 text 0
252 129 311 129 311 138 252 138 text 0
325 129 393 129 393 138 325 138 text 0
181 129 212 129 212 138 181 138 text 0
231 130 236 130 236 138 231 138 text 0
411 129 455 129 455 139 411 139 text 0
155 141 226 141 226 150 155 150 text 0
337 142 396 142 396 151 337 151 text 0
240 141 311 141 311 151 240 151 text 0
408 141 492 141 492 152 408 152 text 0
216 153 311 153 311 164 216 164 text 0
336 154 431 154 431 164 336 164 text 0
277 166 299 166 299 175 277 175 text 0
157 167 202 167 202 176 157 176 text 0
216 166 260 166 260 176 216 176 text 0
336 167 490 167 490 177 336 177 text 0
316 169 320 169 320 175 316 175 text 0
180 179 295 179 295 188 180 188 text 0
324 179 439 179 439 188 324 188 text 0
84 191 201 191 201 200 84 200 text 0
229 191 248 191 248 200 229 200 text 0
85 203 118 203 118 212 85 212 text 0
132 203 176 203 176 212 132 212 text 0
194 203 262 203 262 212 194 212 text 0
492 204 503 204 503 213 492 213 text 0
396 203 466 203 466 214 396 214 text 0
84 216 131 216 131 225 84 225 text 0
191 216 310 216 310 225 191 225 text 0
327 216 419 216 419 225 327 225 text 0
172 218 176 218 176 224 172 224 text 0
192 226 275 226 275 238 192 238 text 0
288 229 299 229 299 237 288 237 text 0
83 228 165 228 165 238 83 238 text 0
457 253 512 253 512 262 457 262 text 0
156 253 291 253 291 262 156 262 text 0
82 253 117 253 117 262 82 262 text 0
529 253 563 253 563 262 529 262 text 0
252 277 287 277 287 286 252 286 text 0
298 276 337 276 337 287 298 287 text 0
180 277 237 277 237 286 180 286 text 0
130 278 166 278 166 287 130 287 text 0
343 277 397 277 397 287 343 287 text 0
85 278 91 278 91 286 85 286 text 0
467 278 515 278 515 287 467 287 text 0
540 278 566 278 566 287 540 287 text 0
324 290 371 290 371 299 324 299 text 0
132 291 166 291 166 299 132 299 text 0
251 291 310 291 310 299 251 299 text 0
383 290 431 290 431 299 383 299 text 0
180 291 236 291 236 299 180 299 text 0
133 302 166 302 166 311 133 311 text 0
227 302 250 302 250 311 227 311 text 0
85 302 91 302 91 311 85 311 text 0
179 302 214 302 214 311 179 311 text 0
316 302 357 302 357 311 316 311 text 0
264 303 291 303 291 311 264 311 text 0
372 302 404 302 404 311 372 311 text 0
467 303 515 303 515 311 467 311 text 0
540 303 563 303 563 311 540 311 text 0
181 314 238 314 238 323 181 323 text 0
131 314 165 314 165 323 131 323 text 0
313 315 346 315 346 323 313 323 text 0
251 315 296 315 296 323 251 323 text 0
361 315 382 315 382 323 361 323 text 0
85 327 95 327 95 336 85 336 text 0
132 327 166 327 166 336 132 336 text 0
181 327 214 327 214 335 181 335 text 0
227 327 250 327 250 336 227 336 text 0
471 327 515 327 515 336 471 336 text 0
540 327 563 327 563 336 540 336 text 0
132 339 166 339 166 348 132 348 text 0
180 339 298 339 298 348 180 348 text 0
315 340 359 340 359 348 315 348 text 0
374 340 406 340 406 350 374 350 text 0
80 363 141 363 141 373 80 373 text 0
287 364 320 364 320 374 287 374 text 0
503 365 563 365 563 373 503 373 text 0
165 365 277 365 277 375 165 375 text 0
83 376 138 376 138 385 83 385 text 0
241 376 295 376 295 386 241 386 text 0
155 376 226 376 226 386 155 386 text 0
515 377 562 377 562 386 515 386 text 0
83 389 117 389 117 398 83 398 text 0
229 389 283 389 283 399 229 399 text 0
131 388 213 388 213 399 131 399 text 0
520 389 560 389 560 398 520 398 text 0
83 401 138 401 138 410 83 410 text 0
287 401 308 401 308 410 287 410 text 0
156 401 273 401 273 411 156 411 text 0
503 401 563 401 563 410 503 410 text 0
323 401 379 401 379 411 323 411 text 0
82 413 178 413 178 423 82 423 text 0
505 414 560 414 560 422 505 422 text 0
192 414 226 414 226 425 192 425 text 0
82 425 202 425 202 444 82 444 text 0
440 426 562 426 562 444 440 444 text 0
84 456 158 456 158 465 84 465 text 0
311 456 430 456 430 465 311 465 text 0
276 468 285 468 285 477 276 477 text 0
83 469 162 469 162 478 83 478 text 0
178 469 261 469 261 478 178 478 text 0
82 517 117 517 117 526 82 526 text 0
480 517 562 517 562 528 480 528 text 0
400 518 440 518 440 528 400 528 text 0
323 518 390 518 390 527 323 527 text 0
130 519 215 519 215 528 130 528 text 0
323 579 453 579 453 588 323 588 text 0
203 579 306 579 306 589 203 589 text 0
156 591 201 591 201 600 156 600 text 0
395 591 486 591 486 600 395 600 text 0
276 591 379 591 379 600 276 600 text 0
250 591 262 591 262 600 250 600 text 0
215 593 238 593 238 600 215 600 text 0
155 603 210 603 210 612 155 612 text 0
250 603 502 603 502 613 250 613 text 0
231 606 235 606 235 612 231 612 text 0