177 37 302 37 302 46 177 46 text 0
429 38 480 38 480 47 429 47 text 0
32 38 167 38 167 47 32 47 text 0
373 38 420 38 420 47 373 47 text 0
315 38 365 38 365 48 315 48 text 0
489 38 571 38 571 48 489 48 text 0
579 38 604 38 604 48 579 48 text 0
261 50 305 50 305 59 261 59 text 0
313 50 396 50 396 59 313 59 text 0
172 50 237 50 237 60 172 60 text 0
404 50 452 50 452 61 404 61 text 0
231 63 282 63 282 72 231 72 text 0
164 62 225 62 225 72 164 72 text 0
295 62 354 62 354 73 295 73 text 0
367 62 465 62 465 74 367 74 text 0
120 74 197 74 197 84 120 84 text 0
211 75 307 75 307 84 211 84 text 0
327 75 405 75 405 84 327 84 text 0
416 75 513 75 513 84 416 84 text 0
252 86 285 86 285 96 252 96 text 0
194 86 239 86 239 96 194 96 text 0
359 86 439 86 439 96 359 96 text 0
296 86 350 86 350 96 296 96 text 0
286 109 297 109 297 124 286 124 text 0
139 109 174 109 174 125 139 125 text 0
191 109 271 109 271 125 191 125 text 0
447 109 492 109 492 125 447 125 text 0
311 109 432 109 432 125 311 125 text 0
253 139 301 139 301 156 253 156 text 0
363 140 405 140 405 156 363 156 text 0
423 140 519 140 519 156 423 156 text 0
316 140 347 140 347 156 316 156 text 0
86 160 106 160 106 170 86 170 text 0
25 161 81 161 81 170 25 170 text 0
402 161 524 161 524 170 402 170 text 0
329 161 385 161 385 170 329 170 text 0
135 176 193 176 193 193 135 193 text 0
208 177 280 177 280 193 208 193 text 0
294 177 328 177 328 193 294 193 text 0
342 177 377 177 377 193 342 193 text 0
22 177 118 177 118 193 22 193 text 0
267 199 279 199 279 207 267 207 text 0
194 199 218 199 218 207 194 207 text 0
24 199 95 199 95 207 24 207 text 0
110 199 178 199 178 209 110 209 text 0
293 199 313 199 313 209 293 209 text 0
29 212 83 212 83 220 29 220 text 0
136 211 203 211 203 221 136 221 text 0
99 212 113 212 113 220 99 220 text 0
345 221 347 221 347 222 345 222 text 0
260 224 352 224 352 232 260 232 text 0
189 224 230 224 230 232 189 232 text 0
22 224 67 224 67 232 22 232 text 0
98 224 169 224 169 232 98 232 text 0
25 235 81 235 81 244 25 244 text 0
203 235 266 235 266 244 203 244 text 0
101 235 195 235 195 245 101 245 text 0
310 247 420 247 420 258 310 258 text 0
447 247 506 247 506 257 447 257 text 0
258 247 295 247 295 259 258 259 text 0
337 262 350 262 350 272 337 272 text 0
275 263 314 263 314 272 275 272 text 0
365 263 412 263 412 271 365 271 text 0
178 262 215 262 215 272 178 272 text 0
436 263 521 263 521 273 436 273 text 0
20 264 153 264 153 273 20 273 text 0
229 264 265 264 265 273 229 273 text 0
388 282 412 282 412 291 388 291 text 0
162 282 215 282 215 291 162 291 text 0
21 283 48 283 48 290 21 290 text 0
81 283 135 283 135 290 81 290 text 0
460 282 523 282 523 291 460 291 text 0
337 282 351 282 351 291 337 291 text 0
300 283 314 283 314 292 300 292 text 0
240 282 265 282 265 293 240 293 text 0
304 294 314 294 314 303 304 303 text 0
168 295 213 295 213 303 168 303 text 0
398 294 408 294 408 303 398 303 text 0
252 296 275 296 275 303 252 303 text 0
464 296 522 296 522 303 464 303 text 0
18 294 121 294 121 304 18 304 text 0
335 294 351 294 351 304 335 304 text 0
253 307 272 307 272 314 253 314 text 0
463 307 521 307 521 316 463 316 text 0
388 307 409 307 409 315 388 315 text 0
302 307 323 307 323 316 302 316 text 0
337 307 349 307 349 315 337 315 text 0
74 307 129 307 129 315 74 315 text 0
19 307 58 307 58 316 19 316 text 0
167 308 215 308 215 316 167 316 text 0
190 324 248 324 248 341 190 341 text 0
460 325 525 325 525 342 460 342 text 0
264 325 289 325 289 341 264 341 text 0
303 323 407 323 407 345 303 345 text 0
290 350 349 350 349 360 290 360 text 0
466 351 521 351 521 360 466 360 text 0
252 351 263 351 263 359 252 359 text 0
390 351 409 351 409 359 390 359 text 0
20 351 129 351 129 360 20 360 text 0
166 351 213 351 213 360 166 360 text 0
337 363 349 363 349 372 337 372 text 0
25 363 128 363 128 372 25 372 text 0
472 363 524 363 524 372 472 372 text 0
241 364 274 364 274 371 241 371 text 0
168 364 213 364 213 372 168 372 text 0
292 363 324 363 324 373 292 373 text 0
397 364 409 364 409 373 397 373 text 0
462 379 524 379 524 396 462 396 text 0
118 381 143 381 143 396 118 396 text 0
44 380 102 380 102 397 44 397 text 0
154 379 248 379 248 400 154 400 text 0
265 379 332 379 332 400 265 400 text 0
350 379 406 379 406 401 350 401 text 0
461 404 522 404 522 422 461 422 text 0
363 406 406 406 406 421 363 421 text 0
58 431 114 431 114 448 58 448 text 0
460 432 523 432 523 449 460 449 text 0
129 432 154 432 154 448 129 448 text 0
350 431 406 431 406 452 350 452 text 0
167 431 262 431 262 453 167 453 text 0
277 431 333 431 333 453 277 453 text 0
458 455 524 455 524 473 458 473 text 0
264 457 289 457 289 473 264 473 text 0
191 457 248 457 248 474 191 474 text 0
303 456 407 456 407 478 303 478 text 0
244 483 298 483 298 500 244 500 text 0
459 484 523 484 523 502 459 502 text 0
314 483 405 483 405 504 314 504 text 0
25 518 104 518 104 525 25 525 text 0
134 531 193 531 193 538 134 538 text 0
455 531 561 531 561 538 455 538 text 0
381 531 439 531 439 538 381 538 text 0
320 530 366 530 366 540 320 540 text 0
24 531 121 531 121 540 24 540 text 0
283 532 305 532 305 538 283 538 text 0
208 530 264 530 264 541 208 541 text 0
23 542 60 542 60 551 23 551 text 0
198 543 219 543 219 551 198 551 text 0
232 543 351 543 351 551 232 551 text 0
481 544 499 544 499 550 481 550 text 0
74 544 179 544 179 553 74 553 text 0
367 544 460 544 460 553 367 553 text 0
171 555 219 555 219 563 171 563 text 0
421 555 485 555 485 563 421 563 text 0
25 555 120 555 120 564 25 564 text 0
135 556 157 556 157 563 135 563 text 0
504 556 525 556 525 563 504 563 text 0
544 557 573 557 573 563 544 563 text 0
232 557 338 557 338 563 232 563 text 0
354 555 395 555 395 565 354 565 text 0
282 567 317 567 317 576 282 576 text 0
404 569 424 569 424 575 404 575 text 0
99 568 130 568 130 576 99 576 text 0
444 569 476 569 476 576 444 576 text 0
148 568 218 568 218 578 148 578 text 0
244 570 267 570 267 576 244 576 text 0
331 571 383 571 383 576 331 576 text 0
28 569 81 569 81 578 28 578 text 0
347 580 375 580 375 588 347 588 text 0
395 580 476 580 476 588 395 588 text 0
172 582 231 582 231 589 172 589 text 0
282 580 327 580 327 590 282 590 text 0
24 581 79 581 79 591 24 591 text 0
88 581 158 581 158 590 88 590 text 0
248 583 268 583 268 589 248 589 text 0
159 594 210 594 210 602 159 602 text 0
24 593 142 593 142 604 24 604 text 0
194 607 362 607 362 616 194 616 text 0
372 606 434 606 434 616 372 616 text 0