38 39 175 39 175 48 38 48 text 0
182 39 314 39 314 48 182 48 text 0
378 39 428 39 428 49 378 49 text 0
437 39 490 39 490 49 437 49 text 0
320 39 372 39 372 50 320 50 text 0
496 39 577 39 577 50 496 50 text 0
586 39 610 39 610 50 586 50 text 0
183 51 219 51 219 61 183 61 text 0
320 51 402 51 402 61 320 61 text 0
255 51 312 51 312 61 255 61 text 0
227 50 244 50 244 62 227 62 text 0
411 51 460 51 460 62 411 62 text 0
167 63 229 63 229 72 167 72 text 0
236 63 289 63 289 72 236 72 text 0
298 63 361 63 361 75 298 75 text 0
371 63 473 63 473 75 371 75 text 0
215 75 314 75 314 85 215 85 text 0
174 75 207 75 207 85 174 85 text 0
334 75 412 75 412 85 334 85 text 0
421 75 518 75 518 85 421 85 text 0
128 75 167 75 167 85 128 85 text 0
301 86 445 86 445 97 301 97 text 0
200 87 250 87 250 96 200 96 text 0
258 87 291 87 291 96 258 96 text 0
291 109 302 109 302 124 291 124 text 0
143 109 180 109 180 125 143 125 text 0
316 109 438 109 438 125 316 125 text 0
451 109 498 109 498 125 451 125 text 0
196 109 278 109 278 125 196 125 text 0
429 139 527 139 527 155 429 155 text 0
257 139 306 139 306 155 257 155 text 0
320 139 354 139 354 155 320 155 text 0
368 140 411 140 411 155 368 155 text 0
407 160 529 160 529 169 407 169 text 0
335 160 391 160 391 169 335 169 text 0
27 175 126 175 126 191 27 191 text 0
140 175 199 175 199 191 140 191 text 0
211 175 285 175 285 191 211 191 text 0
347 175 382 175 382 192 347 192 text 0
299 175 334 175 334 192 299 192 text 0
29 196 100 196 100 206 29 206 text 0
248 196 261 196 261 206 248 206 text 0
273 197 285 197 285 205 273 205 text 0
199 196 231 196 231 206 199 206 text 0
115 196 183 196 183 207 115 207 text 0
298 197 318 197 318 207 298 207 text 0
29 209 88 209 88 218 29 218 text 0
102 209 125 209 125 218 102 218 text 0
140 209 208 209 208 219 140 219 text 0
27 221 88 221 88 230 27 230 text 0
102 221 173 221 173 230 102 230 text 0
262 221 357 221 357 230 262 230 text 0
188 221 244 221 244 231 188 231 text 0
29 232 94 232 94 241 29 241 text 0
104 232 192 232 192 241 104 241 text 0
202 232 278 232 278 242 202 242 text 0
266 242 299 242 299 253 266 253 text 0
302 242 424 242 424 253 302 253 text 0
453 242 506 242 506 253 453 253 text 0
430 258 476 258 476 267 430 267 text 0
343 258 377 258 377 267 343 267 text 0
404 258 415 258 415 267 404 267 text 0
23 257 163 257 163 269 23 269 text 0
295 258 327 258 327 267 295 267 text 0
500 256 586 256 586 269 500 269 text 0
242 259 281 259 281 267 242 267 text 0
318 277 331 277 331 287 318 287 text 0
364 276 377 276 377 287 364 287 text 0
538 278 586 278 586 287 538 287 text 0
85 278 144 278 144 287 85 287 text 0
402 278 415 278 415 287 402 287 text 0
466 278 475 278 475 287 466 287 text 0
25 278 67 278 67 287 25 287 text 0
232 278 279 278 279 287 232 287 text 0
400 288 416 288 416 299 400 299 text 0
368 290 378 290 378 299 368 299 text 0
537 290 585 290 585 299 537 299 text 0
464 290 475 290 475 299 464 299 text 0
319 290 329 290 329 299 319 299 text 0
22 289 131 289 131 301 22 301 text 0
232 291 279 291 279 300 232 300 text 0
538 301 587 301 587 311 538 311 text 0
366 302 380 302 380 311 366 311 text 0
400 302 417 302 417 312 400 312 text 0
319 303 327 303 327 311 319 311 text 0
233 303 280 303 280 311 233 311 text 0
464 303 475 303 475 311 464 311 text 0
73 303 132 303 132 312 73 312 text 0
23 303 59 303 59 312 23 312 text 0
195 319 254 319 254 336 195 336 text 0
267 320 293 320 293 336 267 336 text 0
464 320 525 320 525 336 464 336 text 0
306 319 411 319 411 340 306 340 text 0
465 345 474 345 474 353 465 353 text 0
401 345 415 345 415 354 401 354 text 0
22 345 218 345 218 354 22 354 text 0
319 345 327 345 327 354 319 354 text 0
232 345 279 345 279 354 232 354 text 0
366 345 377 345 377 354 366 354 text 0
527 345 585 345 585 354 527 354 text 0
231 357 267 357 267 366 231 366 text 0
366 357 377 357 377 366 366 366 text 0
23 357 133 357 133 366 23 366 text 0
305 357 329 357 329 366 305 366 text 0
527 357 585 357 585 366 527 366 text 0
451 357 475 357 475 366 451 366 text 0
401 357 415 357 415 366 401 366 text 0
527 368 588 368 588 378 527 378 text 0
305 368 329 368 329 378 305 378 text 0
24 368 79 368 79 378 24 378 text 0
366 370 377 370 377 378 366 378 text 0
451 370 475 370 475 378 451 378 text 0
85 370 157 370 157 378 85 378 text 0
231 370 267 370 267 378 231 378 text 0
401 370 415 370 415 378 401 378 text 0
47 385 105 385 105 402 47 402 text 0
121 386 146 386 146 402 121 402 text 0
464 386 525 386 525 403 464 403 text 0
269 385 337 385 337 406 269 406 text 0
159 385 253 385 253 406 159 406 text 0
354 385 410 385 410 406 354 406 text 0
476 410 524 410 524 427 476 427 text 0
367 410 409 410 409 427 367 427 text 0
60 436 118 436 118 453 60 453 text 0
464 437 523 437 523 454 464 454 text 0
134 437 157 437 157 453 134 453 text 0
280 436 337 436 337 456 280 456 text 0
169 436 266 436 266 457 169 457 text 0
354 436 410 436 410 457 354 457 text 0
194 460 253 460 253 478 194 478 text 0
465 461 524 461 524 478 465 478 text 0
267 462 292 462 292 478 267 478 text 0
307 460 410 460 410 482 307 482 text 0
242 487 301 487 301 504 242 504 text 0
463 488 525 488 525 504 463 504 text 0
317 487 409 487 409 508 317 508 text 0
27 520 118 520 118 529 27 529 text 0
27 533 123 533 123 542 27 542 text 0
456 533 573 533 573 542 456 542 text 0
136 533 196 533 196 542 136 542 text 0
383 533 442 533 442 542 383 542 text 0
285 533 308 533 308 542 285 542 text 0
321 532 368 532 368 543 321 543 text 0
210 533 269 533 269 543 210 543 text 0
198 544 223 544 223 554 198 554 text 0
25 545 61 545 61 554 25 554 text 0
235 545 354 545 354 554 235 554 text 0
76 545 184 545 184 555 76 555 text 0
370 544 464 544 464 556 370 556 text 0
481 547 502 547 502 554 481 554 text 0
172 556 222 556 222 566 172 566 text 0
136 558 160 558 160 566 136 566 text 0
505 558 528 558 528 566 505 566 text 0
544 558 576 558 576 566 544 566 text 0
357 557 490 557 490 568 357 568 text 0
26 557 123 557 123 568 26 568 text 0
235 559 344 559 344 568 235 568 text 0
444 569 479 569 479 579 444 579 text 0
405 569 430 569 430 579 405 579 text 0
286 569 320 569 320 579 286 579 text 0
333 569 392 569 392 579 333 579 text 0
101 570 134 570 134 579 101 579 text 0
149 569 231 569 231 580 149 580 text 0
246 573 270 573 270 579 246 579 text 0
29 571 85 571 85 581 29 581 text 0
492 582 503 582 503 591 492 591 text 0
172 581 234 581 234 591 172 591 text 0
286 581 330 581 330 591 286 591 text 0
345 581 379 581 379 591 345 591 text 0
397 582 479 582 479 591 397 591 text 0
26 582 159 582 159 593 26 593 text 0
249 585 270 585 270 591 249 591 text 0
160 595 209 595 209 603 160 603 text 0
25 595 147 595 147 606 25 606 text 0
197 607 365 607 365 617 197 617 text 0
373 608 446 608 446 619 373 619 text 0