182 45 311 45 311 54 182 54 text 0
38 46 173 46 173 54 38 54 text 0
376 46 423 46 423 55 376 55 text 0
433 46 485 46 485 56 433 56 text 0
320 46 370 46 370 57 320 57 text 0
494 46 575 46 575 57 494 57 text 0
581 46 607 46 607 57 581 57 text 0
182 57 218 57 218 67 182 67 text 0
252 58 310 58 310 67 252 67 text 0
224 57 242 57 242 68 224 68 text 0
320 58 402 58 402 68 320 68 text 0
410 59 456 59 456 70 410 70 text 0
166 69 226 69 226 79 166 79 text 0
235 69 288 69 288 79 235 79 text 0
293 70 357 70 357 81 293 81 text 0
369 70 465 70 465 83 369 83 text 0
333 82 411 82 411 91 333 91 text 0
128 83 168 83 168 92 128 92 text 0
176 83 209 83 209 92 176 92 text 0
217 83 313 83 313 92 217 92 text 0
420 83 516 83 516 92 420 92 text 0
198 94 247 94 247 103 198 103 text 0
256 95 290 95 290 104 256 104 text 0
298 96 444 96 444 105 298 105 text 0
316 117 438 117 438 133 316 133 text 0
145 118 180 118 180 133 145 133 text 0
193 118 275 118 275 134 193 134 text 0
449 118 497 118 497 134 449 134 text 0
257 147 305 147 305 163 257 163 text 0
321 147 353 147 353 163 321 163 text 0
429 149 523 149 523 165 429 165 text 0
367 148 412 148 412 165 367 165 text 0
30 168 111 168 111 177 30 177 text 0
336 170 389 170 389 178 336 178 text 0
410 170 527 170 527 178 410 178 text 0
27 185 123 185 123 201 27 201 text 0
140 185 199 185 199 201 140 201 text 0
213 185 285 185 285 201 213 201 text 0
300 185 334 185 334 201 300 201 text 0
347 185 382 185 382 201 347 201 text 0
29 207 101 207 101 214 29 214 text 0
250 208 259 208 259 216 250 216 text 0
200 208 231 208 231 216 200 216 text 0
273 208 284 208 284 216 273 216 text 0
114 208 183 208 183 217 114 217 text 0
298 208 318 208 318 217 298 217 text 0
104 219 126 219 126 227 104 227 text 0
29 221 87 221 87 229 29 229 text 0
141 219 209 219 209 229 141 229 text 0
27 232 87 232 87 240 27 240 text 0
103 232 172 232 172 240 103 240 text 0
189 232 245 232 245 241 189 241 text 0
261 233 355 233 355 241 261 241 text 0
30 243 95 243 95 253 30 253 text 0
106 242 272 242 272 253 106 253 text 0
265 254 306 254 306 264 265 264 text 0
317 254 423 254 423 264 317 264 text 0
451 256 506 256 506 264 451 264 text 0
429 271 475 271 475 279 429 279 text 0
245 272 281 272 281 279 245 279 text 0
294 272 326 272 326 280 294 280 text 0
344 272 378 272 378 280 344 280 text 0
404 272 414 272 414 280 404 280 text 0
26 270 159 270 159 281 26 281 text 0
501 272 584 272 584 282 501 282 text 0
86 290 145 290 145 298 86 298 text 0
26 291 67 291 67 299 26 299 text 0
319 291 327 291 327 299 319 299 text 0
231 291 278 291 278 299 231 299 text 0
367 291 377 291 377 299 367 299 text 0
465 291 474 291 474 299 465 299 text 0
536 290 583 290 583 299 536 299 text 0
403 291 415 291 415 299 403 299 text 0
26 303 131 303 131 311 26 311 text 0
319 304 327 304 327 312 319 312 text 0
367 304 378 304 378 312 367 312 text 0
404 304 414 304 414 312 404 312 text 0
465 304 474 304 474 312 465 312 text 0
539 302 585 302 585 312 539 312 text 0
234 304 280 304 280 312 234 312 text 0
27 315 60 315 60 323 27 323 text 0
76 315 135 315 135 323 76 323 text 0
234 316 280 316 280 323 234 323 text 0
319 317 327 317 327 323 319 323 text 0
463 317 473 317 473 325 463 325 text 0
367 317 380 317 380 325 367 325 text 0
525 317 584 317 584 325 525 325 text 0
403 316 415 316 415 325 403 325 text 0
194 331 253 331 253 349 194 349 text 0
466 334 524 334 524 350 466 350 text 0
268 334 295 334 295 350 268 350 text 0
306 333 413 333 413 355 306 355 text 0
319 360 327 360 327 368 319 368 text 0
27 360 220 360 220 368 27 368 text 0
231 360 278 360 278 368 231 368 text 0
404 361 414 361 414 368 404 368 text 0
367 361 378 361 378 369 367 369 text 0
463 361 473 361 473 369 463 369 text 0
538 361 586 361 586 369 538 369 text 0
26 373 81 373 81 381 26 381 text 0
92 373 159 373 159 381 92 381 text 0
231 373 278 373 278 381 231 381 text 0
453 373 475 373 475 381 453 381 text 0
308 373 329 373 329 381 308 381 text 0
367 373 378 373 378 381 367 381 text 0
403 373 415 373 415 381 403 381 text 0
528 373 586 373 586 381 528 381 text 0
50 387 108 387 108 405 50 405 text 0
124 390 147 390 147 406 124 406 text 0
465 390 525 390 525 406 465 406 text 0
159 388 254 388 254 409 159 409 text 0
354 388 411 388 411 409 354 409 text 0
269 388 337 388 337 409 269 409 text 0
368 414 411 414 411 430 368 430 text 0
476 415 524 415 524 431 476 431 text 0
63 440 120 440 120 456 63 456 text 0
134 441 160 441 160 457 134 457 text 0
466 441 524 441 524 457 466 457 text 0
171 441 266 441 266 461 171 461 text 0
284 441 337 441 337 462 284 462 text 0
354 441 411 441 411 462 354 462 text 0
194 464 253 464 253 482 194 482 text 0
269 466 294 466 294 482 269 482 text 0
466 467 524 467 524 483 466 483 text 0
306 465 411 465 411 486 306 486 text 0
245 493 304 493 304 509 245 509 text 0
465 494 525 494 525 510 465 510 text 0
320 493 411 493 411 514 320 514 text 0
31 526 122 526 122 534 31 534 text 0
31 539 126 539 126 547 31 547 text 0
140 539 199 539 199 547 140 547 text 0
215 539 272 539 272 548 215 548 text 0
458 540 572 540 572 548 458 548 text 0
384 540 443 540 443 548 384 548 text 0
289 542 310 542 310 548 289 548 text 0
321 540 369 540 369 550 321 550 text 0
28 551 65 551 65 559 28 559 text 0
202 551 225 551 225 560 202 560 text 0
484 552 505 552 505 561 484 561 text 0
80 552 187 552 187 562 80 562 text 0
236 552 359 552 359 561 236 561 text 0
372 552 467 552 467 561 372 561 text 0
175 565 224 565 224 573 175 573 text 0
544 565 576 565 576 573 544 573 text 0
361 564 490 564 490 575 361 575 text 0
507 565 528 565 528 573 507 573 text 0
140 566 163 566 163 573 140 573 text 0
31 565 126 565 126 575 31 575 text 0
236 566 346 566 346 574 236 574 text 0
337 576 395 576 395 586 337 586 text 0
288 577 322 577 322 585 288 585 text 0
103 577 135 577 135 585 103 585 text 0
410 576 431 576 431 586 410 586 text 0
445 577 480 577 480 585 445 585 text 0
33 577 90 577 90 587 33 587 text 0
250 579 273 579 273 585 250 585 text 0
155 577 233 577 233 587 155 587 text 0
289 590 332 590 332 598 289 598 text 0
177 590 237 590 237 598 177 598 text 0
250 590 270 590 270 598 250 598 text 0
348 590 381 590 381 598 348 598 text 0
399 590 480 590 480 598 399 598 text 0
28 590 161 590 161 600 28 600 text 0
165 603 212 603 212 611 165 611 text 0
27 603 151 603 151 614 27 614 text 0
202 616 368 616 368 625 202 625 text 0
374 617 444 617 444 627 374 627 text 0