424 42 464 42 464 53 424 53 text 0
483 42 523 42 523 53 483 53 text 0
187 42 241 42 241 54 187 54 text 0
259 42 409 42 409 53 259 53 text 0
76 43 173 43 173 56 76 56 text 0
248 58 367 58 367 72 248 72 text 0
274 76 298 76 298 88 274 88 text 0
316 76 453 76 453 88 316 88 text 0
147 76 258 76 258 88 147 88 text 0
285 89 323 89 323 107 285 107 text 0
343 94 465 94 465 106 343 106 text 0
36 92 141 92 141 107 36 107 text 0
482 92 578 92 578 107 482 107 text 0
161 94 271 94 271 107 161 107 text 0
116 110 184 110 184 123 116 123 text 0
398 109 507 109 507 124 398 124 text 0
200 109 380 109 380 124 200 124 text 0
525 109 578 109 578 124 525 124 text 0
33 111 96 111 96 125 33 125 text 0
73 127 76 127 76 129 73 129 text 0
243 128 354 128 354 142 243 142 text 0
203 145 229 145 229 157 203 157 text 0
245 145 281 145 281 157 245 157 text 0
299 144 478 144 478 159 299 159 text 0
134 146 186 146 186 159 134 159 text 0
118 162 256 162 256 173 118 173 text 0
272 162 354 162 354 176 272 176 text 0
370 162 478 162 478 176 370 176 text 0
161 179 196 179 196 191 161 191 text 0
285 179 452 179 452 191 285 191 text 0
215 179 251 179 251 191 215 191 text 0
229 196 269 196 269 208 229 208 text 0
287 196 381 196 381 208 287 208 text 0
243 230 285 230 285 242 243 242 text 0
300 231 354 231 354 243 300 243 text 0
372 231 383 231 383 243 372 243 text 0
104 265 313 265 313 277 104 277 text 0
37 266 88 266 88 278 37 278 text 0
33 282 73 282 73 294 33 294 text 0
89 282 129 282 129 294 89 294 text 0
148 282 200 282 200 294 148 294 text 0
214 282 266 282 266 294 214 294 text 0
439 282 549 282 549 293 439 293 text 0
290 281 424 281 424 296 290 296 text 0
509 299 576 299 576 310 509 310 text 0
92 298 143 298 143 311 92 311 text 0
33 299 73 299 73 311 33 311 text 0
118 316 242 316 242 328 118 328 text 0
511 317 577 317 577 328 511 328 text 0
91 316 101 316 101 328 91 328 text 0
64 318 70 318 70 328 64 328 text 0
145 333 200 333 200 345 145 345 text 0
94 335 98 335 98 346 94 346 text 0
119 335 129 335 129 346 119 346 text 0
146 351 214 351 214 363 146 363 text 0
118 352 130 352 130 364 118 364 text 0
91 352 101 352 101 364 91 364 text 0
523 368 577 368 577 380 523 380 text 0
61 369 74 369 74 381 61 381 text 0
88 369 157 369 157 382 88 382 text 0
173 369 227 369 227 381 173 381 text 0
33 403 127 403 127 416 33 416 text 0
511 404 577 404 577 416 511 416 text 0
147 403 211 403 211 416 147 416 text 0
313 404 364 404 364 417 313 417 text 0
231 402 297 402 297 418 231 418 text 0
34 421 98 421 98 433 34 433 text 0
118 421 214 421 214 433 118 433 text 0
511 421 577 421 577 433 511 433 text 0
103 438 214 438 214 450 103 450 text 0
509 438 576 438 576 450 509 450 text 0
33 438 87 438 87 451 33 451 text 0
523 456 577 456 577 467 523 467 text 0
33 454 116 454 116 469 33 469 text 0
522 490 578 490 578 501 522 501 text 0
284 489 324 489 324 502 284 502 text 0
33 489 99 489 99 502 33 502 text 0
243 489 269 489 269 502 243 502 text 0
119 489 227 489 227 502 119 502 text 0
370 542 422 542 422 554 370 554 text 0
270 542 351 542 351 554 270 554 text 0
214 542 255 542 255 554 214 554 text 0
112 542 142 542 142 554 112 554 text 0
159 543 199 543 199 555 159 555 text 0
438 542 516 542 516 556 438 556 text 0
127 559 253 559 253 572 127 572 text 0
399 559 561 559 561 572 399 572 text 0
45 560 112 560 112 572 45 572 text 0
270 560 351 560 351 572 270 572 text 0
371 563 375 563 375 572 371 572 text 0