399 123 436 123 436 135 399 135 text 0
346 125 382 125 382 137 346 137 text 0
295 127 327 127 327 139 295 139 text 0
198 128 272 128 272 141 198 141 text 0
145 131 178 131 178 143 145 143 text 0
285 141 409 141 409 155 285 155 text 0
175 145 264 145 264 160 175 160 text 0
482 155 493 155 493 167 482 167 text 0
429 156 466 156 466 167 429 167 text 0
350 158 411 158 411 171 350 171 text 0
245 160 318 160 318 174 245 174 text 0
215 163 224 163 224 174 215 174 text 0
122 165 198 165 198 177 122 177 text 0
69 167 102 167 102 178 69 178 text 0
377 172 481 172 481 186 377 186 text 0
189 176 360 176 360 191 189 191 text 0
81 182 172 182 172 195 81 195 text 0
393 188 495 188 495 203 393 203 text 0
245 192 362 192 362 207 245 207 text 0
177 196 226 196 226 209 177 209 text 0
98 197 161 197 161 211 98 211 text 0
275 206 456 206 456 222 275 222 text 0
235 213 257 213 257 224 235 224 text 0
193 213 215 213 215 225 193 225 text 0
127 215 173 215 173 228 127 228 text 0
274 225 377 225 377 240 274 240 text 0
210 228 256 228 256 243 210 243 text 0
277 242 379 242 379 256 277 256 text 0
210 245 259 245 259 258 210 258 text 0
547 268 571 268 571 281 547 281 text 0
171 279 248 279 248 293 171 293 text 0
131 282 153 282 153 294 131 294 text 0
38 283 114 283 114 296 38 296 text 0
133 297 210 297 210 311 133 311 text 0
39 301 85 301 85 314 39 314 text 0
496 302 546 302 546 316 496 316 text 0
402 306 453 306 453 319 402 319 text 0
361 309 372 309 372 320 361 320 text 0
338 310 344 310 344 321 338 321 text 0
41 315 130 315 130 329 41 329 text 0
552 319 574 319 574 331 552 331 text 0
150 330 200 330 200 342 150 342 text 0
41 333 132 333 132 347 41 347 text 0
499 336 550 336 550 350 499 350 text 0
405 339 455 339 455 352 405 352 text 0
364 341 375 341 375 353 364 353 text 0
340 342 347 342 347 354 340 354 text 0
44 350 107 350 107 363 44 363 text 0
568 369 578 369 578 380 568 380 text 0
448 371 523 371 523 385 448 385 text 0
180 380 189 380 189 392 180 392 text 0
47 382 134 382 134 396 47 396 text 0
531 402 582 402 582 415 531 415 text 0
491 404 513 404 513 416 491 416 text 0
210 411 286 411 286 425 210 425 text 0
130 414 190 414 190 427 130 427 text 0
50 414 110 414 110 429 50 429 text 0
522 419 584 419 584 433 522 433 text 0
480 421 503 421 503 434 480 434 text 0
50 433 100 433 100 445 50 445 text 0
537 436 584 436 584 449 537 449 text 0
495 437 517 437 517 450 495 450 text 0
53 449 129 449 129 463 53 463 text 0
498 470 545 470 545 482 498 482 text 0
457 472 481 472 481 483 457 483 text 0
322 474 383 474 383 488 322 488 text 0
286 477 307 477 307 489 286 489 text 0
164 478 264 478 264 493 164 493 text 0
108 482 145 482 145 493 108 493 text 0
54 483 91 483 91 495 54 495 text 0
460 502 591 502 591 517 460 517 text 0
419 506 443 506 443 519 419 519 text 0
326 508 374 508 374 521 326 521 text 0
259 510 306 510 306 523 259 523 text 0
180 512 242 512 242 525 180 525 text 0
61 514 162 514 162 529 61 529 text 0
328 524 418 524 418 538 328 538 text 0
274 526 309 526 309 539 274 539 text 0
179 529 229 529 229 542 179 542 text 0
59 530 163 530 163 545 59 545 text 0
423 555 501 555 501 568 423 568 text 0
316 557 406 557 406 572 316 572 text 0
263 560 300 560 300 573 263 573 text 0
143 561 246 561 246 576 143 576 text 0
343 572 434 572 434 586 343 586 text 0
277 575 327 575 327 589 277 589 text 0
223 577 259 577 259 590 223 590 text 0
197 579 205 579 205 590 197 590 text 0
399 588 476 588 476 601 399 601 text 0
332 591 382 591 382 603 332 603 text 0
293 593 316 593 316 605 293 605 text 0
172 593 275 593 275 608 172 608 text 0