90 78 166 78 166 95 90 95 text 0
190 79 346 79 346 95 190 95 text 0
371 79 568 79 568 96 371 96 text 0
141 101 165 101 165 113 141 113 text 0
182 102 293 102 293 114 182 114 text 0
309 102 406 102 406 114 309 114 text 0
423 103 462 103 462 114 423 114 text 0
479 103 519 103 519 114 479 114 text 0
269 118 392 118 392 130 269 130 text 0
59 133 116 133 116 146 59 146 text 0
133 134 194 134 194 146 133 146 text 0
211 135 307 135 307 147 211 147 text 0
324 134 342 134 342 147 324 147 text 0
353 135 420 135 420 147 353 147 text 0
436 136 505 136 505 147 436 147 text 0
521 136 575 136 575 147 521 147 text 0
127 151 194 151 194 162 127 162 text 0
212 151 314 151 314 163 212 163 text 0
327 152 392 152 392 163 327 163 text 0
409 151 491 151 491 163 409 163 text 0
198 168 237 168 237 179 198 179 text 0
267 167 359 167 359 179 267 179 text 0
380 167 435 167 435 179 380 179 text 0
273 193 384 193 384 208 273 208 text 0
32 240 123 240 123 252 32 252 text 0
154 241 208 241 208 252 154 252 text 0
309 241 406 241 406 254 309 254 text 0
423 242 492 242 492 254 423 254 text 0
27 257 68 257 68 268 27 268 text 0
83 257 111 257 111 269 83 269 text 0
127 257 136 257 136 269 127 269 text 0
309 257 376 257 376 269 309 269 text 0
435 257 461 257 461 269 435 269 text 0
27 273 81 273 81 284 27 284 text 0
129 273 251 273 251 285 129 285 text 0
270 274 372 274 372 286 270 286 text 0
27 288 95 288 95 301 27 301 text 0
57 322 102 322 102 332 57 332 text 0
275 321 360 321 360 333 275 333 text 0
199 322 233 322 233 333 199 333 text 0
394 322 477 322 477 334 394 334 text 0
510 323 546 323 546 334 510 334 text 0
555 323 596 323 596 334 555 334 text 0
55 353 151 353 151 364 55 364 text 0
168 352 236 352 236 364 168 364 text 0
252 352 321 352 321 365 252 365 text 0
55 368 122 368 122 380 55 380 text 0
282 369 349 369 349 381 282 381 text 0
212 369 219 369 219 382 212 382 text 0
421 369 436 369 436 382 421 382 text 0
449 369 477 369 477 382 449 382 text 0
522 370 588 370 588 382 522 382 text 0
54 384 94 384 94 397 54 397 text 0
196 385 263 385 263 397 196 397 text 0
111 384 178 384 178 398 111 398 text 0
351 386 389 386 389 397 351 397 text 0
280 386 334 386 334 397 280 397 text 0
54 400 123 400 123 412 54 412 text 0
295 401 349 401 349 413 295 413 text 0
213 401 219 401 219 413 213 413 text 0
421 402 439 402 439 414 421 414 text 0
451 402 478 402 478 414 451 414 text 0
535 402 589 402 589 414 535 414 text 0
55 417 122 417 122 428 55 428 text 0
140 417 179 417 179 428 140 428 text 0
202 416 273 416 273 430 202 430 text 0
280 418 319 418 319 429 280 429 text 0
55 432 107 432 107 445 55 445 text 0
125 434 164 434 164 445 125 445 text 0
295 434 349 434 349 446 295 446 text 0
422 433 438 433 438 446 422 446 text 0
213 435 219 435 219 446 213 446 text 0
533 434 588 434 588 446 533 446 text 0
449 434 477 434 477 447 449 447 text 0
83 458 122 458 122 470 83 470 text 0
140 459 203 459 203 470 140 470 text 0
224 459 306 459 306 471 224 471 text 0
323 460 431 460 431 471 323 471 text 0
478 460 505 460 505 471 478 471 text 0
521 459 589 459 589 472 521 472 text 0
82 474 179 474 179 486 82 486 text 0
195 475 277 475 277 489 195 489 text 0
563 476 588 476 588 487 563 487 text 0
491 476 518 476 518 487 491 487 text 0
535 476 551 476 551 487 535 487 text 0
84 491 147 491 147 502 84 502 text 0
167 491 234 491 234 503 167 503 text 0
477 492 503 492 503 503 477 503 text 0
520 492 551 492 551 504 520 504 text 0
563 492 588 492 588 504 563 504 text 0
82 506 193 506 193 520 82 520 text 0
211 507 348 507 348 520 211 520 text 0
535 508 551 508 551 520 535 520 text 0
563 508 588 508 588 520 563 520 text 0
491 509 518 509 518 520 491 520 text 0
80 534 205 534 205 555 80 555 text 0
472 535 532 535 532 557 472 557 text 0
394 535 441 535 441 556 394 556 text 0
554 535 598 535 598 556 554 556 text 0
80 563 180 563 180 584 80 584 text 0
394 565 441 565 441 586 394 586 text 0
472 565 532 565 532 586 472 586 text 0
554 564 598 564 598 586 554 586 text 0
80 593 231 593 231 614 80 614 text 0
499 594 532 594 532 615 499 615 text 0
419 594 467 594 467 615 419 615 text 0
553 594 599 594 599 615 553 615 text 0