160 97 255 97 255 108 160 108 text 0
269 97 304 97 304 108 269 108 text 0
318 97 377 97 377 108 318 108 text 0
197 112 328 112 328 124 197 124 text 0
173 127 232 127 232 139 173 139 text 0
101 127 154 127 154 140 101 140 text 0
381 127 434 127 434 140 381 140 text 0
245 127 365 127 365 141 245 141 text 0
209 142 279 142 279 154 209 154 text 0
294 142 377 142 377 154 294 154 text 0
75 142 157 142 157 156 75 156 text 0
173 143 192 143 192 156 173 156 text 0
391 142 470 142 470 156 391 156 text 0
136 158 195 158 195 170 136 170 text 0
208 158 288 158 288 170 208 170 text 0
307 158 401 158 401 171 307 171 text 0
122 173 157 173 157 185 122 185 text 0
222 173 252 173 252 185 222 185 text 0
172 174 207 174 207 186 172 186 text 0
270 174 414 174 414 186 270 186 text 0
125 204 193 204 193 216 125 216 text 0
223 204 387 204 387 216 223 216 text 0
28 234 61 234 61 246 28 246 text 0
354 235 437 235 437 247 354 247 text 0
76 235 99 235 99 246 76 246 text 0
138 235 218 235 218 246 138 246 text 0
245 236 329 236 329 247 245 247 text 0
26 250 74 250 74 262 26 262 text 0
137 250 255 250 255 262 137 262 text 0
272 251 365 251 365 262 272 262 text 0
402 281 462 281 462 294 402 294 text 0
475 281 512 281 512 293 475 293 text 0
25 280 160 280 160 295 25 295 text 0
208 280 246 280 246 295 208 295 text 0
292 281 378 281 378 294 292 294 text 0
89 311 122 311 122 325 89 325 text 0
26 311 72 311 72 326 26 326 text 0
305 328 351 328 351 339 305 339 text 0
414 327 461 327 461 339 414 339 text 0
200 327 208 327 208 339 200 339 text 0
488 328 510 328 510 339 488 339 text 0
220 329 233 329 233 339 220 339 text 0
27 342 73 342 73 354 27 354 text 0
89 341 120 341 120 355 89 355 text 0
305 358 351 358 351 369 305 369 text 0
414 357 461 357 461 369 414 369 text 0
199 357 207 357 207 369 199 369 text 0
488 358 510 358 510 369 488 369 text 0
220 360 232 360 232 368 220 368 text 0
27 372 73 372 73 384 27 384 text 0
87 373 133 373 133 385 87 385 text 0
197 388 207 388 207 399 197 399 text 0
414 388 461 388 461 399 414 399 text 0
488 388 510 388 510 399 488 399 text 0
305 388 351 388 351 399 305 399 text 0
221 390 229 390 229 398 221 398 text 0
27 417 82 417 82 429 27 429 text 0
160 418 171 418 171 430 160 430 text 0
99 417 134 417 134 430 99 430 text 0
26 433 83 433 83 444 26 444 text 0
464 434 510 434 510 445 464 445 text 0
100 432 218 432 218 446 100 446 text 0
233 433 278 433 278 447 233 447 text 0
25 448 60 448 60 460 25 460 text 0
464 449 510 449 510 461 464 461 text 0
74 448 157 448 157 461 74 461 text 0
173 448 218 448 218 461 173 461 text 0
27 463 82 463 82 475 27 475 text 0
232 463 253 463 253 475 232 475 text 0
100 462 218 462 218 476 100 476 text 0
464 464 510 464 510 475 464 475 text 0
269 464 316 464 316 476 269 476 text 0
27 479 146 479 146 491 27 491 text 0
414 479 508 479 508 491 414 491 text 0
27 509 73 509 73 520 27 520 text 0
463 509 509 509 509 521 463 521 text 0
26 554 61 554 61 566 26 566 text 0
269 554 387 554 387 567 269 567 text 0
75 554 157 554 157 568 75 568 text 0
428 554 507 554 507 568 428 568 text 0
27 570 49 570 49 581 27 581 text 0
342 570 387 570 387 581 342 581 text 0
149 570 170 570 170 583 149 583 text 0
463 570 509 570 509 582 463 582 text 0
184 570 217 570 217 582 184 582 text 0