107 33 187 33 187 47 107 47 text 0
198 36 338 36 338 48 198 48 text 0
352 36 470 36 470 50 352 50 text 0
239 106 289 106 289 115 239 115 text 0
312 106 321 106 321 115 312 115 text 0
335 106 388 106 388 115 335 115 text 0
404 106 461 106 461 116 404 116 text 0
159 106 220 106 220 116 159 116 text 0
234 120 295 120 295 129 234 129 text 0
395 121 429 121 429 130 395 130 text 0
309 121 375 121 375 130 309 130 text 0
187 121 220 121 220 133 187 133 text 0
267 138 335 138 335 148 267 148 text 0
185 138 252 138 252 148 185 148 text 0
352 139 416 139 416 151 352 151 text 0
395 154 468 154 468 161 395 161 text 0
230 154 296 154 296 163 230 163 text 0
143 155 213 155 213 162 143 162 text 0
312 154 388 154 388 164 312 164 text 0
322 168 513 168 513 179 322 179 text 0
105 169 296 169 296 179 105 179 text 0
253 201 352 201 352 211 253 211 text 0
199 235 304 235 304 242 199 242 text 0
40 235 171 235 171 244 40 244 text 0
324 235 363 235 363 244 324 244 text 0
445 249 468 249 468 258 445 258 text 0
503 249 570 249 570 259 503 259 text 0
268 249 427 249 427 259 268 259 text 0
32 249 137 249 137 259 32 259 text 0
161 249 186 249 186 259 161 259 text 0
94 281 190 281 190 291 94 291 text 0
35 282 74 282 74 291 35 291 text 0
420 298 580 298 580 308 420 308 text 0
38 299 90 299 90 308 38 308 text 0
102 300 140 300 140 309 102 309 text 0
162 299 185 299 185 310 162 310 text 0
448 328 540 328 540 338 448 338 text 0
353 329 418 329 418 339 353 339 text 0
35 329 159 329 159 339 35 339 text 0
271 329 309 329 309 341 271 341 text 0
324 346 394 346 394 356 324 356 text 0
216 346 311 346 311 356 216 356 text 0
40 346 199 346 199 357 40 357 text 0
476 360 543 360 543 370 476 370 text 0
355 361 419 361 419 370 355 370 text 0
300 361 308 361 308 370 300 370 text 0
37 361 107 361 107 371 37 371 text 0
322 377 362 377 362 387 322 387 text 0
160 378 309 378 309 388 160 388 text 0
38 378 144 378 144 388 38 388 text 0
298 393 306 393 306 401 298 401 text 0
474 393 542 393 542 402 474 402 text 0
353 394 421 394 421 403 353 403 text 0
35 394 105 394 105 403 35 403 text 0
314 408 392 408 392 418 314 418 text 0
216 407 283 407 283 418 216 418 text 0
476 408 543 408 543 417 476 417 text 0
244 426 255 426 255 435 244 435 text 0
38 427 118 427 118 436 38 436 text 0
133 426 171 426 171 438 133 438 text 0
476 440 543 440 543 449 476 449 text 0
381 440 403 440 403 450 381 450 text 0
121 440 159 440 159 450 121 450 text 0
36 441 102 441 102 451 36 451 text 0
39 458 146 458 146 467 39 467 text 0
477 458 539 458 539 468 477 468 text 0
159 458 198 458 198 468 159 468 text 0
476 487 543 487 543 498 476 498 text 0
375 488 404 488 404 498 375 498 text 0
476 506 543 506 543 515 476 515 text 0
375 505 402 505 402 516 375 516 text 0
39 506 95 506 95 516 39 516 text 0
474 519 544 519 544 528 474 528 text 0
373 519 401 519 401 529 373 529 text 0
38 520 118 520 118 529 38 529 text 0
353 566 407 566 407 576 353 576 text 0
255 567 337 567 337 576 255 576 text 0
175 567 214 567 214 576 175 576 text 0
94 567 161 567 161 577 94 577 text 0
419 566 489 566 489 578 419 578 text 0
365 584 500 584 500 594 365 594 text 0
310 584 350 584 350 593 310 593 text 0
255 584 296 584 296 593 255 593 text 0
190 585 244 585 244 594 190 594 text 0
107 585 174 585 174 594 107 594 text 0
435 599 513 599 513 608 435 608 text 0
381 599 422 599 422 608 381 608 text 0
204 599 228 599 228 608 204 608 text 0
243 599 366 599 366 609 243 609 text 0
96 600 188 600 188 612 96 612 text 0