39 39 176 39 176 48 39 48 text 0
184 38 314 38 314 49 184 49 text 0
379 39 425 39 425 48 379 48 text 0
436 39 487 39 487 48 436 48 text 0
320 39 370 39 370 49 320 49 text 0
495 40 574 40 574 49 495 49 text 0
583 40 607 40 607 49 583 49 text 0
226 49 242 49 242 61 226 61 text 0
182 50 220 50 220 61 182 61 text 0
254 51 312 51 312 61 254 61 text 0
320 51 402 51 402 61 320 61 text 0
411 52 457 52 457 63 411 63 text 0
236 63 289 63 289 73 236 73 text 0
298 63 361 63 361 75 298 75 text 0
373 64 466 64 466 75 373 75 text 0
217 76 313 76 313 85 217 85 text 0
176 76 208 76 208 85 176 85 text 0
128 76 168 76 168 85 128 85 text 0
332 76 412 76 412 85 332 85 text 0
419 76 517 76 517 85 419 85 text 0
202 88 250 88 250 97 202 97 text 0
259 88 291 88 291 97 259 97 text 0
299 87 443 87 443 97 299 97 text 0
293 110 304 110 304 126 293 126 text 0
146 111 181 111 181 127 146 127 text 0
197 111 278 111 278 127 197 127 text 0
316 111 438 111 438 127 316 127 text 0
450 111 496 111 496 127 450 127 text 0
257 141 305 141 305 157 257 157 text 0
427 141 522 141 522 157 427 157 text 0
320 142 354 142 354 158 320 158 text 0
367 142 399 142 399 157 367 157 text 0
29 162 87 162 87 171 29 171 text 0
94 162 113 162 113 171 94 171 text 0
406 163 529 163 529 171 406 171 text 0
335 163 384 163 384 173 335 173 text 0
31 178 127 178 127 194 31 194 text 0
140 178 199 178 199 194 140 194 text 0
213 178 285 178 285 194 213 194 text 0
301 178 335 178 335 194 301 194 text 0
348 178 383 178 383 194 348 194 text 0
32 200 102 200 102 208 32 208 text 0
202 200 233 200 233 208 202 208 text 0
275 199 287 199 287 208 275 208 text 0
250 199 264 199 264 208 250 208 text 0
117 199 185 199 185 209 117 209 text 0
298 200 318 200 318 209 298 209 text 0
31 212 90 212 90 219 31 219 text 0
106 212 127 212 127 219 106 219 text 0
141 212 209 212 209 222 141 222 text 0
28 224 88 224 88 233 28 233 text 0
106 225 176 225 176 233 106 233 text 0
263 225 358 225 358 233 263 233 text 0
190 225 246 225 246 234 190 234 text 0
32 235 96 235 96 244 32 244 text 0
107 235 232 235 232 246 107 246 text 0
314 247 423 247 423 257 314 257 text 0
265 248 306 248 306 257 265 257 text 0
452 248 505 248 505 257 452 257 text 0
371 263 415 263 415 272 371 272 text 0
285 264 318 264 318 271 285 271 text 0
183 264 219 264 219 271 183 271 text 0
342 264 352 264 352 271 342 271 text 0
235 264 268 264 268 271 235 271 text 0
27 264 160 264 160 274 27 274 text 0
440 265 524 265 524 275 440 275 text 0
28 282 72 282 72 291 28 291 text 0
173 282 219 282 219 291 173 291 text 0
304 282 316 282 316 291 304 291 text 0
258 284 269 284 269 291 258 291 text 0
343 283 356 283 356 293 343 293 text 0
87 283 146 283 146 293 87 293 text 0
394 283 417 283 417 293 394 293 text 0
467 284 522 284 522 292 467 292 text 0
76 296 135 296 135 303 76 303 text 0
172 296 220 296 220 303 172 303 text 0
27 296 64 296 64 303 27 303 text 0
256 296 266 296 266 303 256 303 text 0
307 296 319 296 319 304 307 304 text 0
405 296 413 296 413 304 405 304 text 0
344 296 355 296 355 305 344 305 text 0
476 297 524 297 524 305 476 305 text 0
197 312 255 312 255 329 197 329 text 0
269 313 294 313 294 329 269 329 text 0
477 313 523 313 523 329 477 329 text 0
306 311 413 311 413 332 306 332 text 0
27 339 135 339 135 346 27 346 text 0
171 339 219 339 219 347 171 347 text 0
247 339 269 339 269 347 247 347 text 0
343 339 354 339 354 347 343 347 text 0
305 339 318 339 318 347 305 347 text 0
466 339 524 339 524 348 466 348 text 0
391 339 417 339 417 348 391 348 text 0
258 351 269 351 269 359 258 359 text 0
176 351 219 351 219 359 176 359 text 0
343 351 354 351 354 359 343 359 text 0
74 351 147 351 147 359 74 359 text 0
27 351 62 351 62 359 27 359 text 0
309 351 317 351 317 359 309 359 text 0
391 351 412 351 412 359 391 359 text 0
466 351 524 351 524 359 466 359 text 0
27 362 119 362 119 371 27 371 text 0
258 364 269 364 269 371 258 371 text 0
305 364 318 364 318 371 305 371 text 0
403 364 415 364 415 371 403 371 text 0
172 364 220 364 220 371 172 371 text 0
343 364 354 364 354 371 343 371 text 0
476 364 524 364 524 372 476 372 text 0
50 380 108 380 108 397 50 397 text 0
124 381 147 381 147 397 124 397 text 0
466 381 524 381 524 397 466 397 text 0
159 380 254 380 254 400 159 400 text 0
269 379 337 379 337 401 269 401 text 0
354 380 411 380 411 401 354 401 text 0
367 405 410 405 410 421 367 421 text 0
478 406 524 406 524 421 478 421 text 0
61 430 119 430 119 448 61 448 text 0
136 432 160 432 160 448 136 448 text 0
466 432 524 432 524 449 466 449 text 0
171 431 266 431 266 451 171 451 text 0
284 431 337 431 337 451 284 451 text 0
354 430 411 430 411 452 354 452 text 0
197 455 255 455 255 473 197 473 text 0
269 457 294 457 294 473 269 473 text 0
477 458 523 458 523 474 477 474 text 0
305 456 408 456 408 476 305 476 text 0
245 483 304 483 304 500 245 500 text 0
465 484 525 484 525 500 465 500 text 0
320 483 411 483 411 504 320 504 text 0
31 517 122 517 122 525 31 525 text 0
31 530 126 530 126 537 31 537 text 0
140 530 199 530 199 538 140 538 text 0
384 530 443 530 443 538 384 538 text 0
458 530 572 530 572 539 458 539 text 0
215 530 272 530 272 540 215 540 text 0
288 532 309 532 309 538 288 538 text 0
321 531 369 531 369 540 321 540 text 0
30 542 65 542 65 551 30 551 text 0
202 542 225 542 225 550 202 550 text 0
238 542 356 542 356 550 238 550 text 0
373 543 466 543 466 552 373 552 text 0
80 543 187 543 187 552 80 552 text 0
481 544 501 544 501 551 481 551 text 0
143 555 163 555 163 562 143 562 text 0
31 554 126 554 126 564 31 564 text 0
175 555 224 555 224 563 175 563 text 0
507 557 528 557 528 564 507 564 text 0
544 557 576 557 576 564 544 564 text 0
360 556 491 556 491 566 360 566 text 0
236 557 346 557 346 565 236 565 text 0
410 567 431 567 431 576 410 576 text 0
336 567 394 567 394 576 336 576 text 0
106 568 137 568 137 575 106 575 text 0
287 568 321 568 321 576 287 576 text 0
446 568 479 568 479 576 446 576 text 0
152 567 231 567 231 577 152 577 text 0
34 568 89 568 89 577 34 577 text 0
251 569 272 569 272 575 251 575 text 0
177 579 237 579 237 588 177 588 text 0
288 579 331 579 331 588 288 588 text 0
348 580 381 580 381 588 348 588 text 0
395 579 477 579 477 588 395 588 text 0
493 580 503 580 503 587 493 587 text 0
28 579 161 579 161 589 28 589 text 0
251 581 272 581 272 588 251 588 text 0
165 591 212 591 212 599 165 599 text 0
28 592 150 592 150 602 28 602 text 0
200 603 365 603 365 615 200 615 text 0
374 603 444 603 444 615 374 615 text 0