323 38 364 38 364 47 323 47 text 0
441 38 483 38 483 47 441 47 text 0
184 38 314 38 314 47 184 47 text 0
380 38 428 38 428 46 380 46 text 0
587 37 611 37 611 47 587 47 text 0
39 38 175 38 175 49 39 49 text 0
497 38 579 38 579 49 497 49 text 0
321 49 398 49 398 58 321 58 text 0
183 49 219 49 219 59 183 59 text 0
255 50 312 50 312 59 255 59 text 0
228 49 246 49 246 60 228 60 text 0
413 50 461 50 461 60 413 60 text 0
167 61 229 61 229 70 167 70 text 0
237 62 292 62 292 71 237 71 text 0
300 62 358 62 358 72 300 72 text 0
376 61 469 61 469 72 376 72 text 0
424 73 523 73 523 82 424 82 text 0
218 73 316 73 316 82 218 82 text 0
336 73 412 73 412 82 336 82 text 0
130 74 169 74 169 83 130 83 text 0
176 74 202 74 202 83 176 83 text 0
301 86 362 86 362 94 301 94 text 0
367 86 449 86 449 94 367 94 text 0
260 86 294 86 294 94 260 94 text 0
204 86 250 86 250 94 204 94 text 0
295 107 304 107 304 123 295 123 text 0
145 108 182 108 182 123 145 123 text 0
197 108 280 108 280 123 197 123 text 0
320 108 441 108 441 123 320 123 text 0
454 108 504 108 504 124 454 124 text 0
260 138 307 138 307 153 260 153 text 0
432 137 529 137 529 153 432 153 text 0
323 137 358 137 358 153 323 153 text 0
371 139 393 139 393 152 371 152 text 0
31 158 113 158 113 167 31 167 text 0
338 159 393 159 393 167 338 167 text 0
413 159 533 159 533 167 413 167 text 0
216 174 289 174 289 189 216 189 text 0
301 174 337 174 337 189 301 189 text 0
349 174 385 174 385 189 349 189 text 0
29 174 128 174 128 190 29 190 text 0
142 174 202 174 202 190 142 190 text 0
275 196 287 196 287 204 275 204 text 0
252 197 264 197 264 205 252 205 text 0
203 197 233 197 233 205 203 205 text 0
30 197 102 197 102 205 30 205 text 0
301 196 321 196 321 205 301 205 text 0
116 197 185 197 185 206 116 206 text 0
33 208 89 208 89 216 33 216 text 0
106 208 128 208 128 216 106 216 text 0
146 207 211 207 211 217 146 217 text 0
266 220 361 220 361 228 266 228 text 0
28 220 89 220 89 228 28 228 text 0
105 220 176 220 176 228 105 228 text 0
190 220 247 220 247 229 190 229 text 0
107 230 195 230 195 240 107 240 text 0
30 231 95 231 95 239 30 239 text 0
204 231 280 231 280 240 204 240 text 0
267 242 310 242 310 252 267 252 text 0
319 242 428 242 428 252 319 252 text 0
459 242 511 242 511 252 459 252 text 0
187 258 222 258 222 266 187 266 text 0
374 258 419 258 419 266 374 266 text 0
347 257 359 257 359 266 347 266 text 0
237 258 271 258 271 266 237 266 text 0
286 257 322 257 322 266 286 266 text 0
445 257 531 257 531 267 445 267 text 0
25 259 162 259 162 269 25 269 text 0
472 276 495 276 495 286 472 286 text 0
25 277 69 277 69 286 25 286 text 0
408 277 420 277 420 286 408 286 text 0
88 277 146 277 146 286 88 286 text 0
174 277 222 277 222 286 174 286 text 0
250 278 273 278 273 286 250 286 text 0
508 278 529 278 529 287 508 287 text 0
345 278 358 278 358 287 345 287 text 0
311 278 322 278 322 287 311 287 text 0
310 289 320 289 320 298 310 298 text 0
483 289 530 289 530 298 483 298 text 0
346 289 359 289 359 298 346 298 text 0
24 289 134 289 134 298 24 298 text 0
175 289 222 289 222 298 175 298 text 0
261 289 271 289 271 299 261 299 text 0
409 289 420 289 420 299 409 299 text 0
483 301 530 301 530 311 483 311 text 0
261 301 272 301 272 311 261 311 text 0
346 301 358 301 358 311 346 311 text 0
408 301 421 301 421 311 408 311 text 0
25 302 61 302 61 310 25 310 text 0
77 302 136 302 136 310 77 310 text 0
309 302 322 302 322 311 309 311 text 0
175 302 223 302 223 311 175 311 text 0
200 318 256 318 256 334 200 334 text 0
470 318 529 318 529 334 470 334 text 0
271 320 296 320 296 334 271 334 text 0
310 319 414 319 414 338 310 338 text 0
473 344 491 344 491 352 473 352 text 0
401 344 420 344 420 352 401 352 text 0
313 345 322 345 322 353 313 353 text 0
346 345 358 345 358 353 346 353 text 0
249 345 272 345 272 353 249 353 text 0
174 345 221 345 221 353 174 353 text 0
28 344 147 344 147 353 28 353 text 0
507 346 528 346 528 351 507 351 text 0
396 357 420 357 420 365 396 365 text 0
346 357 358 357 358 365 346 365 text 0
474 357 492 357 492 363 474 363 text 0
26 357 110 357 110 365 26 365 text 0
173 356 222 356 222 365 173 365 text 0
249 357 272 357 272 364 249 364 text 0
308 357 320 357 320 364 308 364 text 0
506 357 530 357 530 365 506 365 text 0
460 368 530 368 530 376 460 376 text 0
346 369 358 369 358 376 346 376 text 0
300 369 319 369 319 376 300 376 text 0
385 369 417 369 417 376 385 376 text 0
259 369 271 369 271 376 259 376 text 0
175 369 221 369 221 378 175 378 text 0
25 369 149 369 149 378 25 378 text 0
471 386 530 386 530 401 471 401 text 0
50 385 109 385 109 401 50 401 text 0
126 386 149 386 149 401 126 401 text 0
273 385 340 385 340 405 273 405 text 0
361 385 414 385 414 405 361 405 text 0
162 385 257 385 257 405 162 405 text 0
481 410 531 410 531 426 481 426 text 0
372 411 414 411 414 426 372 426 text 0
63 435 122 435 122 452 63 452 text 0
472 436 530 436 530 451 472 451 text 0
138 437 162 437 162 452 138 452 text 0
361 435 414 435 414 455 361 455 text 0
175 435 270 435 270 456 175 456 text 0
286 437 340 437 340 456 286 456 text 0
201 461 256 461 256 477 201 477 text 0
471 461 529 461 529 476 471 476 text 0
271 461 297 461 297 476 271 476 text 0
311 460 414 460 414 480 311 480 text 0
470 488 531 488 531 503 470 503 text 0
247 487 306 487 306 503 247 503 text 0
323 487 408 487 408 506 323 506 text 0
54 520 113 520 113 527 54 527 text 0
32 520 40 520 40 527 32 527 text 0
464 531 579 531 579 539 464 539 text 0
390 532 449 532 449 540 390 540 text 0
142 531 202 531 202 540 142 540 text 0
31 532 129 532 129 540 31 540 text 0
294 534 313 534 313 539 294 539 text 0
216 532 274 532 274 542 216 542 text 0
329 533 375 533 375 542 329 542 text 0
205 544 226 544 226 553 205 553 text 0
240 545 361 545 361 552 240 552 text 0
377 544 471 544 471 553 377 553 text 0
489 546 510 546 510 552 489 552 text 0
29 545 65 545 65 553 29 553 text 0
82 546 187 546 187 554 82 554 text 0
549 556 583 556 583 565 549 565 text 0
513 558 534 558 534 565 513 565 text 0
365 557 496 557 496 567 365 567 text 0
178 559 226 559 226 565 178 565 text 0
143 559 165 559 165 565 143 565 text 0
31 558 129 558 129 567 31 567 text 0
242 559 348 559 348 567 242 567 text 0
414 569 437 569 437 577 414 577 text 0
453 569 486 569 486 577 453 577 text 0
339 570 398 570 398 577 339 577 text 0
292 571 326 571 326 577 292 577 text 0
106 571 139 571 139 578 106 578 text 0
156 569 236 569 236 580 156 580 text 0
254 572 277 572 277 578 254 578 text 0
33 571 90 571 90 579 33 579 text 0
500 581 509 581 509 589 500 589 text 0
353 581 384 581 384 589 353 589 text 0
404 581 485 581 485 589 404 589 text 0
294 581 336 581 336 589 294 589 text 0
179 581 239 581 239 589 179 589 text 0
256 584 277 584 277 590 256 590 text 0
32 582 166 582 166 592 32 592 text 0
168 595 216 595 216 602 168 602 text 0
31 594 155 594 155 605 31 605 text 0
382 607 449 607 449 616 382 616 text 0
204 607 373 607 373 616 204 616 text 0