140 30 280 30 280 43 140 43 text 0
297 34 404 34 404 45 297 45 text 0
422 37 466 37 466 46 422 46 text 0
485 38 529 38 529 47 485 47 text 0
185 43 218 43 218 52 185 52 text 0
237 45 268 45 268 54 237 54 text 0
276 46 340 46 340 54 276 54 text 0
354 47 430 47 430 57 354 57 text 0
446 49 473 49 473 58 446 58 text 0
179 54 255 54 255 64 179 64 text 0
270 57 333 57 333 65 270 65 text 0
348 58 404 58 404 68 348 68 text 0
426 60 488 60 488 68 426 68 text 0
153 64 215 64 215 74 153 74 text 0
227 66 332 66 332 76 227 76 text 0
347 69 390 69 390 78 347 78 text 0
412 70 512 70 512 79 412 79 text 0
204 76 240 76 240 84 204 84 text 0
254 77 285 77 285 86 254 86 text 0
325 79 456 79 456 90 325 90 text 0
196 87 235 87 235 96 196 96 text 0
248 88 279 88 279 96 248 96 text 0
314 90 466 90 466 100 314 100 text 0
119 95 154 95 154 105 119 105 text 0
160 98 259 98 259 107 160 107 text 0
275 100 325 100 325 109 275 109 text 0
340 101 384 101 384 109 340 109 text 0
390 102 478 102 478 111 390 111 text 0
493 104 544 104 544 112 493 112 text 0
244 121 289 121 289 130 244 130 text 0
310 121 416 121 416 132 310 132 text 0
63 135 162 135 162 145 63 145 text 0
181 138 270 138 270 147 181 147 text 0
362 140 409 140 409 149 362 149 text 0
427 141 460 141 460 150 427 150 text 0
480 143 580 143 580 151 480 151 text 0
62 145 100 145 100 154 62 154 text 0
179 148 256 148 256 158 179 158 text 0
144 151 161 151 161 156 144 156 text 0
361 151 425 151 425 160 361 160 text 0
481 154 486 154 486 161 481 161 text 0
61 157 110 157 110 166 61 166 text 0
126 159 178 159 178 168 126 168 text 0
218 160 348 160 348 170 218 170 text 0
62 168 112 168 112 177 62 177 text 0
125 169 199 169 199 178 125 178 text 0
218 170 347 170 347 180 218 180 text 0
362 173 463 173 463 182 362 182 text 0
476 175 500 175 500 183 476 183 text 0
60 190 111 190 111 199 60 199 text 0
219 193 330 193 330 201 219 201 text 0
60 201 111 201 111 209 60 209 text 0
218 203 269 203 269 212 218 212 text 0
60 211 151 211 151 221 60 221 text 0
57 245 96 245 96 254 57 254 text 0
110 246 141 246 141 254 110 254 text 0
56 279 145 279 145 288 56 288 text 0
548 284 571 284 571 292 548 292 text 0
56 290 81 290 81 298 56 298 text 0
95 290 159 290 159 298 95 298 text 0
175 291 226 291 226 299 175 299 text 0
240 291 290 291 290 299 240 299 text 0
59 300 65 300 65 308 59 308 text 0
136 301 160 301 160 309 136 309 text 0
201 302 251 302 251 310 201 310 text 0
265 302 300 302 300 310 265 310 text 0
322 302 326 302 326 310 322 310 text 0
367 303 470 303 470 312 367 312 text 0
520 304 571 304 571 312 520 312 text 0
56 311 145 311 145 320 56 320 text 0
547 315 572 315 572 323 547 323 text 0
56 322 106 322 106 331 56 331 text 0
121 323 146 323 146 331 121 331 text 0
199 323 223 323 223 331 199 331 text 0
161 323 185 323 185 331 161 331 text 0
239 323 276 323 276 331 239 331 text 0
290 323 354 323 354 332 290 332 text 0
368 324 431 324 431 333 368 333 text 0
135 333 160 333 160 342 135 342 text 0
55 334 66 334 66 342 55 342 text 0
186 334 248 334 248 343 186 343 text 0
265 334 299 334 299 343 265 343 text 0
321 335 326 335 326 344 321 344 text 0
369 335 469 335 469 344 369 344 text 0
508 336 570 336 570 344 508 344 text 0
52 355 91 355 91 363 52 363 text 0
107 355 167 355 167 363 107 363 text 0
444 357 466 357 466 366 444 366 text 0
506 358 568 358 568 365 506 365 text 0
53 366 144 366 144 374 53 374 text 0
159 366 235 366 235 376 159 376 text 0
516 368 568 368 568 376 516 376 text 0
444 368 466 368 466 376 444 376 text 0
52 375 143 375 143 385 52 385 text 0
158 377 183 377 183 384 158 384 text 0
443 379 467 379 467 387 443 387 text 0
519 379 569 379 569 387 519 387 text 0
53 394 129 394 129 403 53 403 text 0
323 395 351 395 351 404 323 404 text 0
402 395 475 395 475 405 402 405 text 0
52 406 95 406 95 415 52 415 text 0
323 408 351 408 351 417 323 417 text 0
402 408 475 408 475 416 402 416 text 0
53 416 158 416 158 427 53 427 text 0
323 420 351 420 351 429 323 429 text 0
416 420 473 420 473 429 416 429 text 0
52 446 101 446 101 455 52 455 text 0
116 446 189 446 189 455 116 455 text 0
208 447 219 447 219 455 208 455 text 0
102 457 165 457 165 466 102 466 text 0
49 457 88 457 88 466 49 466 text 0
208 458 244 458 244 465 208 465 text 0
49 478 125 478 125 487 49 487 text 0
142 478 201 478 201 487 142 487 text 0
218 478 348 478 348 488 218 488 text 0
362 480 460 480 460 488 362 488 text 0
476 480 500 480 500 488 476 488 text 0
49 495 114 495 114 504 49 504 text 0
129 494 171 494 171 504 129 504 text 0
194 495 269 495 269 504 194 504 text 0
348 497 416 497 416 506 348 506 text 0
284 499 335 499 335 504 284 504 text 0
49 505 114 505 114 514 49 514 text 0
128 505 178 505 178 514 128 514 text 0
439 507 566 507 566 515 439 515 text 0
192 508 230 508 230 514 192 514 text 0
297 506 430 506 430 516 297 516 text 0
243 509 280 509 280 515 243 515 text 0
114 516 153 516 153 524 114 524 text 0
167 516 205 516 205 525 167 525 text 0
48 517 99 517 99 525 48 525 text 0
220 517 268 517 268 526 220 526 text 0
348 517 398 517 398 526 348 526 text 0
283 518 330 518 330 526 283 526 text 0
114 528 153 528 153 536 114 536 text 0
219 528 267 528 267 536 219 536 text 0
167 528 204 528 204 536 167 536 text 0
48 528 99 528 99 536 48 536 text 0
349 528 397 528 397 536 349 536 text 0
283 528 333 528 333 537 283 537 text 0
113 538 151 538 151 547 113 547 text 0
48 539 98 539 98 547 48 547 text 0
165 539 241 539 241 547 165 547 text 0
412 539 460 539 460 547 412 547 text 0
257 539 293 539 293 547 257 547 text 0
361 539 398 539 398 547 361 547 text 0
311 539 345 539 345 548 311 548 text 0
399 554 481 554 481 564 399 564 text 0
311 555 352 555 352 564 311 564 text 0
47 555 87 555 87 564 47 564 text 0
230 555 306 555 306 564 230 564 text 0
100 555 190 555 190 565 100 565 text 0
86 576 99 576 99 584 86 584 text 0
113 576 139 576 139 584 113 584 text 0
46 577 72 577 72 585 46 585 text 0
434 577 485 577 485 585 434 585 text 0
293 577 357 577 357 586 293 586 text 0
47 586 150 586 150 596 47 596 text 0
434 588 485 588 485 596 434 596 text 0
307 588 356 588 356 596 307 596 text 0