110 75 202 75 202 85 110 85 text 0
215 75 316 75 316 85 215 85 text 0
329 75 398 75 398 85 329 85 text 0
407 76 515 76 515 86 407 86 text 0
229 87 398 87 398 96 229 96 text 0
175 102 217 102 217 109 175 109 text 0
227 102 263 102 263 109 227 109 text 0
272 102 342 102 342 110 272 110 text 0
351 102 451 102 451 110 351 110 text 0
228 115 327 115 327 123 228 123 text 0
156 115 219 115 219 123 156 123 text 0
342 117 474 117 474 124 342 124 text 0
98 137 138 137 138 145 98 145 text 0
158 137 296 137 296 145 158 145 text 0
329 137 371 137 371 145 329 145 text 0
148 139 149 139 149 144 148 144 text 0
391 138 528 138 528 146 391 146 text 0
188 152 233 152 233 159 188 159 text 0
243 152 262 152 262 160 243 160 text 0
282 152 438 152 438 160 282 160 text 0
233 169 281 169 281 178 233 178 text 0
291 169 394 169 394 178 291 178 text 0
31 181 56 181 56 188 31 188 text 0
65 181 89 181 89 188 65 188 text 0
30 196 82 196 82 203 30 203 text 0
90 196 155 196 155 203 90 203 text 0
163 196 225 196 225 204 163 204 text 0
232 196 378 196 378 204 232 204 text 0
30 208 63 208 63 216 30 216 text 0
74 209 82 209 82 217 74 217 text 0
89 209 159 209 159 217 89 217 text 0
242 209 253 209 253 217 242 217 text 0
168 209 233 209 233 217 168 217 text 0
30 221 108 221 108 229 30 229 text 0
117 221 178 221 178 229 117 229 text 0
184 222 248 222 248 229 184 229 text 0
30 234 129 234 129 243 30 243 text 0
138 235 264 235 264 243 138 243 text 0
29 248 166 248 166 256 29 256 text 0
78 261 107 261 107 270 78 270 text 0
30 261 72 261 72 270 30 270 text 0
194 262 331 262 331 270 194 270 text 0
483 262 598 262 598 270 483 270 text 0
411 262 460 262 460 271 411 271 text 0
30 276 109 276 109 284 30 284 text 0
197 277 258 277 258 285 197 285 text 0
484 277 571 277 571 285 484 285 text 0
410 277 463 277 463 285 410 285 text 0
29 290 156 290 156 300 29 300 text 0
418 292 455 292 455 300 418 300 text 0
361 311 416 311 416 320 361 320 text 0
481 311 536 311 536 320 481 320 text 0
356 321 425 321 425 328 356 328 text 0
27 321 70 321 70 328 27 328 text 0
462 321 535 321 535 329 462 329 text 0
263 322 330 322 330 330 263 330 text 0
196 321 229 321 229 330 196 330 text 0
569 323 603 323 603 330 569 330 text 0
31 333 94 333 94 339 31 339 text 0
207 334 216 334 216 340 207 340 text 0
280 334 318 334 318 341 280 341 text 0
370 334 408 334 408 341 370 341 text 0
488 334 536 334 536 341 488 341 text 0
578 334 602 334 602 341 578 341 text 0
101 347 127 347 127 354 101 354 text 0
30 347 72 347 72 354 30 354 text 0
82 347 92 347 92 353 82 353 text 0
136 347 178 347 178 355 136 355 text 0
31 362 94 362 94 368 31 368 text 0
208 362 217 362 217 369 208 369 text 0
275 362 322 362 322 369 275 369 text 0
367 363 413 363 413 370 367 370 text 0
478 363 537 363 537 370 478 370 text 0
579 363 602 363 602 370 579 370 text 0
31 376 73 376 73 383 31 383 text 0
103 376 122 376 122 383 103 383 text 0
82 376 93 376 93 382 82 382 text 0
129 376 172 376 172 384 129 384 text 0
58 389 109 389 109 397 58 397 text 0
202 390 226 390 226 398 202 398 text 0
115 390 149 390 149 399 115 399 text 0
471 391 540 391 540 399 471 399 text 0
113 413 161 413 161 420 113 420 text 0
174 413 224 413 224 420 174 420 text 0
472 414 539 414 539 421 472 421 text 0
234 413 335 413 335 423 234 423 text 0
343 413 397 413 397 422 343 422 text 0
309 430 397 430 397 438 309 438 text 0
494 430 539 430 539 437 494 437 text 0
295 446 344 446 344 454 295 454 text 0
352 446 397 446 397 454 352 454 text 0
486 448 540 448 540 455 486 455 text 0
495 463 538 463 538 471 495 471 text 0
304 463 397 463 397 473 304 473 text 0
69 480 122 480 122 487 69 487 text 0
131 479 191 479 191 487 131 487 text 0
317 480 337 480 337 487 317 487 text 0
199 480 308 480 308 489 199 489 text 0
471 481 540 481 540 488 471 488 text 0
345 480 399 480 399 490 345 490 text 0
333 496 396 496 396 504 333 504 text 0
471 497 540 497 540 505 471 505 text 0
495 510 540 510 540 518 495 518 text 0
312 510 398 510 398 519 312 519 text 0
69 538 116 538 116 547 69 547 text 0
126 539 245 539 245 546 126 546 text 0
74 555 115 555 115 563 74 563 text 0
121 555 178 555 178 563 121 563 text 0
480 556 518 556 518 564 480 564 text 0
245 556 263 556 263 565 245 565 text 0
324 556 427 556 427 566 324 566 text 0
527 556 578 556 578 566 527 566 text 0
75 568 104 568 104 576 75 576 text 0
247 568 258 568 258 576 247 576 text 0
359 568 427 568 427 576 359 576 text 0
523 569 578 569 578 577 523 577 text 0
206 583 261 583 261 590 206 590 text 0
356 583 424 583 424 591 356 591 text 0
522 583 577 583 577 591 522 591 text 0
67 607 140 607 140 614 67 614 text 0
148 607 200 607 200 614 148 614 text 0
209 607 247 607 247 614 209 614 text 0
254 607 295 607 295 614 254 614 text 0
446 608 508 608 508 615 446 615 text 0
304 608 436 608 436 615 304 615 text 0
517 608 558 608 558 614 517 614 text 0