183 49 423 49 423 61 183 61 text 0
428 49 527 49 527 61 428 61 text 0
51 50 176 50 176 61 51 61 text 0
52 68 86 68 86 74 52 74 text 0
349 68 417 68 417 74 349 74 text 0
207 68 269 68 269 74 207 74 text 0
279 68 341 68 341 74 279 74 text 0
427 68 440 68 440 75 427 75 text 0
448 68 517 68 517 76 448 76 text 0
97 68 199 68 199 76 97 76 text 0
48 77 113 77 113 83 48 83 text 0
123 77 185 77 185 83 123 83 text 0
191 77 247 77 247 83 191 83 text 0
51 88 114 88 114 94 51 94 text 0
392 88 442 88 442 94 392 94 text 0
268 88 382 88 382 94 268 94 text 0
123 87 244 87 244 96 123 96 text 0
221 100 270 100 270 106 221 106 text 0
97 100 212 100 212 106 97 106 text 0
49 100 87 100 87 106 49 106 text 0
178 109 330 109 330 115 178 115 text 0
51 109 92 109 92 115 51 115 text 0
99 109 122 109 122 115 99 115 text 0
132 109 164 109 164 115 132 115 text 0
427 113 483 113 483 121 427 121 text 0
492 113 607 113 607 121 492 121 text 0
41 120 103 120 103 126 41 126 text 0
108 120 130 120 130 126 108 126 text 0
41 128 104 128 104 134 41 134 text 0
111 128 184 128 184 134 111 134 text 0
191 128 229 128 229 134 191 134 text 0
236 128 275 128 275 134 236 134 text 0
284 128 386 128 386 136 284 136 text 0
45 148 108 148 108 155 45 155 text 0
118 148 190 148 190 155 118 155 text 0
197 148 307 148 307 155 197 155 text 0
333 171 442 171 442 179 333 179 text 0
450 172 511 172 511 179 450 179 text 0
283 172 326 172 326 179 283 179 text 0
87 172 199 172 199 178 87 178 text 0
59 172 70 172 70 178 59 178 text 0
521 172 610 172 610 180 521 180 text 0
282 182 331 182 331 188 282 188 text 0
106 195 119 195 119 201 106 201 text 0
128 195 198 195 198 201 128 201 text 0
91 195 97 195 97 201 91 201 text 0
498 195 542 195 542 201 498 201 text 0
574 195 600 195 600 201 574 201 text 0
88 206 198 206 198 212 88 212 text 0
56 206 71 206 71 213 56 213 text 0
285 206 421 206 421 213 285 213 text 0
430 207 503 207 503 213 430 213 text 0
509 207 561 207 561 213 509 213 text 0
571 207 610 207 610 213 571 213 text 0
285 216 357 216 357 223 285 223 text 0
127 228 198 228 198 234 127 234 text 0
86 228 97 228 97 234 86 234 text 0
108 228 119 228 119 234 108 234 text 0
574 228 600 228 600 234 574 234 text 0
497 228 542 228 542 234 497 234 text 0
88 240 198 240 198 246 88 246 text 0
283 240 381 240 381 246 283 246 text 0
59 239 76 239 76 246 59 246 text 0
407 240 431 240 431 246 407 246 text 0
439 240 538 240 538 246 439 246 text 0
547 240 598 240 598 246 547 246 text 0
283 249 353 249 353 257 283 257 text 0
377 249 603 249 603 257 377 257 text 0
284 259 428 259 428 267 284 267 text 0
128 271 212 271 212 277 128 277 text 0
108 271 119 271 119 277 108 277 text 0
573 271 601 271 601 278 573 278 text 0
485 271 542 271 542 278 485 278 text 0
90 271 98 271 98 278 90 278 text 0
251 285 291 285 291 291 251 291 text 0
33 285 83 285 83 291 33 291 text 0
153 285 241 285 241 291 153 291 text 0
94 285 145 285 145 291 94 291 text 0
298 285 352 285 352 292 298 292 text 0
484 285 544 285 544 292 484 292 text 0
255 296 341 296 341 303 255 303 text 0
499 297 545 297 545 304 499 304 text 0
251 312 301 312 301 319 251 319 text 0
488 313 548 313 548 320 488 320 text 0
255 324 317 324 317 331 255 331 text 0
324 324 357 324 357 332 324 332 text 0
500 325 546 325 546 332 500 332 text 0
306 339 357 339 357 346 306 346 text 0
254 339 299 339 299 346 254 346 text 0
486 340 546 340 546 347 486 347 text 0
255 361 308 361 308 367 255 367 text 0
477 361 546 361 546 368 477 368 text 0
255 371 339 371 339 378 255 378 text 0
488 373 549 373 549 380 488 380 text 0
36 387 76 387 76 393 36 393 text 0
268 388 398 388 398 396 268 396 text 0
85 388 180 388 180 396 85 396 text 0
497 388 583 388 583 396 497 396 text 0
100 399 133 399 133 405 100 405 text 0
36 399 62 399 62 405 36 405 text 0
341 399 398 399 398 406 341 406 text 0
541 399 584 399 584 406 541 406 text 0
70 399 89 399 89 406 70 406 text 0
37 429 74 429 74 436 37 436 text 0
140 429 299 429 299 436 140 436 text 0
84 429 119 429 119 436 84 436 text 0
183 440 301 440 301 448 183 448 text 0
37 442 84 442 84 448 37 448 text 0
36 452 88 452 88 459 36 459 text 0
183 453 196 453 196 458 183 458 text 0
94 452 130 452 130 460 94 460 text 0
440 466 492 466 492 473 440 473 text 0
38 467 84 467 84 473 38 473 text 0
592 467 613 467 613 473 592 473 text 0
503 467 582 467 582 473 503 473 text 0
326 467 427 467 427 473 326 473 text 0
89 467 141 467 141 473 89 473 text 0
290 467 314 467 314 473 290 473 text 0
181 467 280 467 280 474 181 474 text 0
76 495 149 495 149 502 76 502 text 0
156 495 201 495 201 502 156 502 text 0
297 496 425 496 425 502 297 502 text 0
432 496 449 496 449 502 432 502 text 0
458 496 590 496 590 502 458 502 text 0
254 496 290 496 290 502 254 502 text 0
209 497 245 497 245 502 209 502 text 0
271 514 316 514 316 521 271 521 text 0
212 514 262 514 262 521 212 521 text 0
323 514 388 514 388 521 323 521 text 0
126 515 207 515 207 521 126 521 text 0
396 516 540 516 540 522 396 522 text 0
298 527 368 527 368 533 298 533 text 0
374 527 456 527 456 533 374 533 text 0
210 527 291 527 291 533 210 533 text 0
229 547 294 547 294 553 229 553 text 0
377 547 476 547 476 553 377 553 text 0
127 547 220 547 220 553 127 553 text 0
320 547 368 547 368 553 320 553 text 0
484 547 534 547 534 553 484 553 text 0
266 566 313 566 313 571 266 571 text 0
203 566 255 566 255 571 203 571 text 0
111 566 192 566 192 571 111 571 text 0
322 566 415 566 415 572 322 572 text 0
561 566 590 566 590 572 561 572 text 0
423 566 467 566 467 572 423 572 text 0
474 566 552 566 552 572 474 572 text 0
352 577 465 577 465 583 352 583 text 0
472 577 606 577 606 583 472 583 text 0
319 577 344 577 344 583 319 583 text 0
261 577 306 577 306 583 261 583 text 0
192 577 253 577 253 583 192 583 text 0
62 577 185 577 185 583 62 583 text 0
260 590 368 590 368 596 260 596 text 0
243 608 352 608 352 615 243 615 text 0
101 608 177 608 177 615 101 615 text 0
213 609 234 609 234 616 213 616 text 0
184 610 207 610 207 615 184 615 text 0
370 609 567 609 567 617 370 617 text 0