136 128 171 128 171 140 136 140 text 0
190 128 265 128 265 140 190 140 text 0
405 128 442 128 442 140 405 140 text 0
459 129 497 129 497 141 459 141 text 0
288 128 386 128 386 143 288 143 text 0
244 148 254 148 254 159 244 159 text 0
151 148 226 148 226 160 151 160 text 0
95 148 131 148 131 160 95 160 text 0
458 148 496 148 496 160 458 160 text 0
378 148 442 148 442 160 378 160 text 0
270 148 358 148 358 163 270 163 text 0
513 149 536 149 536 163 513 163 text 0
109 168 200 168 200 180 109 180 text 0
216 168 389 168 389 180 216 180 text 0
405 168 521 168 521 182 405 182 text 0
202 187 252 187 252 199 202 199 text 0
122 188 186 188 186 199 122 199 text 0
417 187 525 187 525 199 417 199 text 0
270 187 399 187 399 202 270 202 text 0
218 207 240 207 240 218 218 218 text 0
257 207 281 207 281 218 257 218 text 0
152 207 200 207 200 220 152 220 text 0
300 207 480 207 480 221 300 221 text 0
311 226 373 226 373 240 311 240 text 0
259 226 295 226 295 241 259 241 text 0
53 264 131 264 131 275 53 275 text 0
150 264 225 264 225 275 150 275 text 0
242 265 307 265 307 275 242 275 text 0
565 265 591 265 591 275 565 275 text 0
54 283 187 283 187 295 54 295 text 0
232 283 308 283 308 295 232 295 text 0
418 302 469 302 469 314 418 314 text 0
54 302 146 302 146 314 54 314 text 0
511 302 564 302 564 314 511 314 text 0
377 302 391 302 391 314 377 314 text 0
353 303 363 303 363 316 353 316 text 0
190 342 199 342 199 353 190 353 text 0
582 342 591 342 591 353 582 353 text 0
56 342 145 342 145 355 56 355 text 0
459 342 534 342 534 355 459 355 text 0
138 380 198 380 198 391 138 391 text 0
216 380 295 380 295 391 216 391 text 0
541 380 592 380 592 391 541 391 text 0
500 381 524 381 524 392 500 392 text 0
56 381 121 381 121 392 56 392 text 0
54 399 106 399 106 410 54 410 text 0
499 399 523 399 523 410 499 410 text 0
539 399 592 399 592 410 539 410 text 0
56 437 92 437 92 449 56 449 text 0
109 437 147 437 147 449 109 449 text 0
163 438 267 438 267 448 163 448 text 0
285 438 309 438 309 448 285 448 text 0
325 438 389 438 389 448 325 448 text 0
459 438 484 438 484 448 459 448 text 0
500 438 552 438 552 448 500 448 text 0
257 476 307 476 307 487 257 487 text 0
326 476 376 476 376 487 326 487 text 0
56 476 159 476 159 487 56 487 text 0
459 476 591 476 591 487 459 487 text 0
178 476 241 476 241 487 178 487 text 0
420 476 443 476 443 487 420 487 text 0
54 494 160 494 160 506 54 506 text 0
175 494 214 494 214 506 175 506 text 0
257 494 322 494 322 506 257 506 text 0
257 532 294 532 294 544 257 544 text 0
312 532 403 532 403 544 312 544 text 0
418 532 497 532 497 544 418 544 text 0
135 533 239 533 239 544 135 544 text 0
189 552 199 552 199 563 189 563 text 0
216 552 252 552 252 563 216 563 text 0
270 552 321 552 321 563 270 563 text 0
336 552 440 552 440 563 336 563 text 0
285 571 308 571 308 582 285 582 text 0
391 571 480 571 480 582 391 582 text 0
162 571 268 571 268 582 162 582 text 0
325 571 376 571 376 582 325 582 text 0