92 98 183 98 183 110 92 110 text 0
214 98 379 98 379 110 214 110 text 0
177 115 248 115 248 126 177 126 text 0
286 115 331 115 331 126 286 126 text 0
262 116 272 116 272 126 262 126 text 0
179 131 219 131 219 143 179 143 text 0
238 131 330 131 330 143 238 143 text 0
286 147 345 147 345 158 286 158 text 0
165 147 272 147 272 158 165 158 text 0
128 163 161 163 161 175 128 175 text 0
177 163 199 163 199 174 177 174 text 0
237 164 380 164 380 175 237 175 text 0
23 193 77 193 77 205 23 205 text 0
127 194 197 194 197 206 127 206 text 0
226 194 244 194 244 206 226 206 text 0
19 226 78 226 78 237 19 237 text 0
127 225 319 225 319 238 127 238 text 0
19 241 102 241 102 252 19 252 text 0
130 241 247 241 247 254 130 254 text 0
18 257 104 257 104 269 18 269 text 0
128 257 212 257 212 269 128 269 text 0
79 272 101 272 101 284 79 284 text 0
19 272 63 272 63 284 19 284 text 0
265 273 357 273 357 285 265 285 text 0
130 273 247 273 247 286 130 286 text 0
372 274 393 274 393 286 372 286 text 0
481 274 503 274 503 285 481 285 text 0
19 305 52 305 52 316 19 316 text 0
69 305 115 305 115 316 69 316 text 0
434 305 501 305 501 316 434 316 text 0
55 337 76 337 76 347 55 347 text 0
20 337 29 337 29 347 20 347 text 0
91 337 174 337 174 348 91 348 text 0
191 337 212 337 212 348 191 348 text 0
226 338 308 338 308 348 226 348 text 0
434 337 504 337 504 348 434 348 text 0
20 352 29 352 29 363 20 363 text 0
55 352 76 352 76 364 55 364 text 0
92 352 151 352 151 364 92 364 text 0
167 352 186 352 186 364 167 364 text 0
201 352 284 352 284 364 201 364 text 0
434 354 504 354 504 364 434 364 text 0
17 383 28 383 28 394 17 394 text 0
55 383 89 383 89 394 55 394 text 0
105 383 164 383 164 395 105 395 text 0
433 384 505 384 505 396 433 396 text 0
55 398 137 398 137 411 55 411 text 0
152 398 223 398 223 411 152 411 text 0
240 399 272 399 272 410 240 410 text 0
446 399 505 399 505 411 446 411 text 0
54 415 88 415 88 426 54 426 text 0
105 415 126 415 126 426 105 426 text 0
448 415 503 415 503 427 448 427 text 0
55 430 150 430 150 443 55 443 text 0
166 431 198 431 198 442 166 442 text 0
446 432 505 432 505 443 446 443 text 0
433 463 505 463 505 485 433 485 text 0
57 473 86 473 86 483 57 483 text 0
110 472 164 472 164 484 110 484 text 0
472 518 505 518 505 531 472 531 text 0
322 520 392 520 392 530 322 530 text 0
19 534 52 534 52 545 19 545 text 0
324 534 395 534 395 545 324 545 text 0
67 534 150 534 150 545 67 545 text 0
167 538 235 538 235 545 167 545 text 0
254 538 273 538 273 545 254 545 text 0
19 550 41 550 41 560 19 560 text 0
324 550 395 550 395 561 324 561 text 0
67 550 90 550 90 561 67 561 text 0
116 550 140 550 140 560 116 560 text 0
106 580 163 580 163 592 106 592 text 0