280 68 430 68 430 82 280 82 text 0
92 68 268 68 268 82 92 82 text 0
443 68 563 68 563 82 443 82 text 0
250 90 319 90 319 104 250 104 text 0
335 90 406 90 406 104 335 104 text 0
221 112 256 112 256 123 221 123 text 0
269 112 315 112 315 123 269 123 text 0
327 113 446 113 446 125 327 125 text 0
131 128 305 128 305 138 131 138 text 0
398 128 460 128 460 138 398 138 text 0
319 128 388 128 388 138 319 138 text 0
87 128 120 128 120 138 87 138 text 0
468 128 545 128 545 138 468 138 text 0
552 129 567 129 567 139 552 139 text 0
175 142 255 142 255 152 175 152 text 0
265 143 334 143 334 152 265 152 text 0
340 143 403 143 403 152 340 152 text 0
411 143 480 143 480 152 411 152 text 0
255 162 398 162 398 173 255 173 text 0
279 182 324 182 324 192 279 192 text 0
333 183 364 183 364 191 333 191 text 0
213 212 339 212 339 222 213 222 text 0
385 212 445 212 445 222 385 222 text 0
349 212 374 212 374 223 349 223 text 0
187 232 272 232 272 250 187 250 text 0
290 232 470 232 470 250 290 250 text 0
71 257 142 257 142 270 71 270 text 0
155 257 338 257 338 270 155 270 text 0
79 283 201 283 201 294 79 294 text 0
212 284 225 284 225 294 212 294 text 0
565 284 587 284 587 294 565 294 text 0
420 284 545 284 545 295 420 295 text 0
67 313 95 313 95 323 67 323 text 0
124 313 180 313 180 323 124 323 text 0
247 313 350 313 350 323 247 323 text 0
367 313 405 313 405 323 367 323 text 0
424 313 470 313 470 323 424 323 text 0
487 314 522 314 522 323 487 323 text 0
544 314 593 314 593 323 544 323 text 0
245 329 301 329 301 339 245 339 text 0
378 329 413 329 413 339 378 339 text 0
489 329 524 329 524 339 489 339 text 0
535 329 593 329 593 339 535 339 text 0
67 352 162 352 162 362 67 362 text 0
173 353 255 353 255 363 173 363 text 0
122 370 190 370 190 380 122 380 text 0
75 370 84 370 84 380 75 380 text 0
479 370 524 370 524 380 479 380 text 0
546 370 592 370 592 380 546 380 text 0
255 370 303 370 303 381 255 381 text 0
367 370 414 370 414 381 367 381 text 0
65 401 128 401 128 412 65 412 text 0
201 401 254 401 254 412 201 412 text 0
539 402 591 402 591 413 539 413 text 0
139 401 187 401 187 415 139 415 text 0
65 425 128 425 128 436 65 436 text 0
140 424 253 424 253 436 140 436 text 0
263 426 322 426 322 437 263 437 text 0
332 426 372 426 372 437 332 437 text 0
539 426 593 426 593 437 539 437 text 0
63 447 203 447 203 461 63 461 text 0
214 447 322 447 322 462 214 462 text 0
65 470 128 470 128 481 65 481 text 0
507 471 591 471 591 482 507 482 text 0
521 491 591 491 591 502 521 502 text 0
65 491 161 491 161 504 65 504 text 0
64 516 114 516 114 526 64 526 text 0
295 516 386 516 386 526 295 526 text 0
484 517 522 517 522 527 484 527 text 0
123 515 235 515 235 528 123 528 text 0
392 516 447 516 447 529 392 529 text 0
532 516 586 516 586 529 532 529 text 0
63 538 171 538 171 548 63 548 text 0
405 538 447 538 447 548 405 548 text 0
542 539 587 539 587 548 542 548 text 0
136 558 227 558 227 569 136 569 text 0
237 559 289 559 289 570 237 570 text 0
347 559 387 559 387 570 347 570 text 0
396 560 525 560 525 570 396 570 text 0
298 561 338 561 338 570 298 570 text 0
84 576 160 576 160 587 84 587 text 0
223 576 257 576 257 587 223 587 text 0
431 576 576 576 576 588 431 588 text 0
388 578 413 578 413 588 388 588 text 0
264 577 379 577 379 590 264 590 text 0
167 579 213 579 213 590 167 590 text 0
142 593 267 593 267 604 142 604 text 0
278 593 376 593 376 604 278 604 text 0
388 593 446 593 446 604 388 604 text 0
455 593 515 593 515 605 455 605 text 0