261 74 336 74 336 84 261 84 text 0
346 74 367 74 367 86 346 86 text 0
368 88 410 88 410 96 368 96 text 0
419 88 463 88 463 96 419 96 text 0
229 88 361 88 361 96 229 96 text 0
168 88 222 88 222 96 168 96 text 0
257 100 373 100 373 111 257 111 text 0
446 114 511 114 511 122 446 122 text 0
367 114 437 114 437 122 367 122 text 0
244 114 294 114 294 122 244 122 text 0
152 115 180 115 180 122 152 122 text 0
113 114 142 114 142 122 113 122 text 0
304 114 350 114 350 123 304 123 text 0
205 114 234 114 234 124 205 124 text 0
269 127 361 127 361 135 269 135 text 0
379 140 442 140 442 148 379 148 text 0
450 140 472 140 472 148 450 148 text 0
217 140 269 140 269 149 217 149 text 0
158 140 184 140 184 148 158 148 text 0
277 140 371 140 371 149 277 149 text 0
196 140 209 140 209 150 196 150 text 0
225 152 260 152 260 161 225 161 text 0
270 152 402 152 402 161 270 161 text 0
247 166 277 166 277 174 247 174 text 0
284 166 446 166 446 176 284 176 text 0
192 166 242 166 242 177 192 177 text 0
289 181 416 181 416 194 289 194 text 0
216 182 277 182 277 194 216 194 text 0
422 225 529 225 529 233 422 233 text 0
304 225 360 225 360 233 304 233 text 0
80 226 130 226 130 233 80 233 text 0
175 225 291 225 291 235 175 235 text 0
175 242 249 242 249 250 175 250 text 0
80 242 120 242 120 250 80 250 text 0
130 242 165 242 165 250 130 250 text 0
77 257 138 257 138 265 77 265 text 0
174 257 253 257 253 268 174 268 text 0
262 257 336 257 336 271 262 271 text 0
78 273 162 273 162 281 78 281 text 0
174 273 198 273 198 281 174 281 text 0
218 273 258 273 258 281 218 281 text 0
271 273 278 273 278 281 271 281 text 0
255 288 294 288 294 296 255 296 text 0
212 289 247 289 247 297 212 297 text 0
78 289 130 289 130 297 78 297 text 0
175 289 203 289 203 297 175 297 text 0
78 312 191 312 191 322 78 322 text 0
574 321 611 321 611 329 574 329 text 0
80 328 119 328 119 335 80 335 text 0
126 328 174 328 174 335 126 335 text 0
196 328 234 328 234 335 196 335 text 0
247 328 332 328 332 335 247 335 text 0
485 327 563 327 563 336 485 336 text 0
575 333 615 333 615 342 575 342 text 0
80 348 210 348 210 358 80 358 text 0
221 348 300 348 300 358 221 358 text 0
310 348 362 348 362 358 310 358 text 0
576 364 603 364 603 372 576 372 text 0
494 364 568 364 568 372 494 372 text 0
199 364 210 364 210 372 199 372 text 0
81 364 163 364 163 372 81 372 text 0
245 364 289 364 289 372 245 372 text 0
221 382 300 382 300 391 221 391 text 0
312 382 362 382 362 391 312 391 text 0
80 382 210 382 210 392 80 392 text 0
245 398 289 398 289 406 245 406 text 0
495 398 569 398 569 406 495 406 text 0
578 398 604 398 604 406 578 406 text 0
81 398 110 398 110 406 81 406 text 0
120 398 162 398 162 406 120 406 text 0
199 398 210 398 210 406 199 406 text 0
175 415 186 415 186 422 175 422 text 0
80 415 121 415 121 425 80 425 text 0
320 416 357 416 357 425 320 425 text 0
496 416 571 416 571 424 496 424 text 0
365 416 405 416 405 424 365 424 text 0
260 417 310 417 310 425 260 425 text 0
310 430 399 430 399 439 310 439 text 0
496 431 571 431 571 438 496 438 text 0
254 443 304 443 304 452 254 452 text 0
496 444 571 444 571 452 496 452 text 0
310 444 404 444 404 452 310 452 text 0
136 457 208 457 208 465 136 465 text 0
497 457 571 457 571 465 497 465 text 0
213 457 286 457 286 467 213 467 text 0
294 457 341 457 341 467 294 467 text 0
350 457 405 457 405 467 350 467 text 0
358 469 404 469 404 477 358 477 text 0
496 469 571 469 571 477 496 477 text 0
289 482 353 482 353 490 289 490 text 0
497 482 571 482 571 490 497 490 text 0
228 482 280 482 280 490 228 490 text 0
361 482 404 482 404 494 361 494 text 0
153 498 219 498 219 510 153 510 text 0
232 498 309 498 309 510 232 510 text 0
463 499 574 499 574 511 463 511 text 0
292 521 434 521 434 531 292 531 text 0
446 521 569 521 569 531 446 531 text 0
466 537 572 537 572 546 466 546 text 0
330 537 437 537 437 549 330 549 text 0
489 568 575 568 575 577 489 577 text 0
254 568 291 568 291 577 254 577 text 0
297 567 424 567 424 578 297 578 text 0
84 568 125 568 125 577 84 577 text 0
131 568 228 568 228 578 131 578 text 0
527 582 572 582 572 590 527 590 text 0
142 582 176 582 176 590 142 590 text 0
85 582 111 582 111 590 85 590 text 0
379 582 423 582 423 591 379 591 text 0
473 598 512 598 512 607 473 607 text 0
388 599 464 599 464 607 388 607 text 0
157 599 228 599 228 607 157 607 text 0
235 599 253 599 253 607 235 607 text 0
262 598 379 598 379 609 262 609 text 0
260 612 304 612 304 620 260 620 text 0
313 611 388 611 388 620 313 620 text 0
396 612 455 612 455 620 396 620 text 0
462 612 527 612 527 620 462 620 text 0
131 612 204 612 204 620 131 620 text 0
210 612 254 612 254 620 210 620 text 0