73 126 106 126 106 135 73 135 text 0
121 126 155 126 155 136 121 136 text 0
171 126 227 126 227 135 171 135 text 0
241 126 325 126 325 135 241 135 text 0
340 126 458 126 458 136 340 136 text 0
473 126 506 126 506 136 473 136 text 0
520 126 555 126 555 136 520 136 text 0
244 139 372 139 372 151 244 151 text 0
147 154 205 154 205 163 147 163 text 0
218 154 251 154 251 163 218 163 text 0
74 154 128 154 128 164 74 164 text 0
448 155 482 155 482 164 448 164 text 0
376 155 434 155 434 164 376 164 text 0
266 154 358 154 358 165 266 165 text 0
497 155 556 155 556 164 497 164 text 0
170 168 229 168 229 178 170 178 text 0
351 168 455 168 455 178 351 178 text 0
243 168 334 168 334 179 243 179 text 0
267 183 289 183 289 193 267 193 text 0
149 183 192 183 192 194 149 194 text 0
206 182 250 182 250 194 206 194 text 0
328 183 481 183 481 194 328 194 text 0
306 186 310 186 310 193 306 193 text 0
170 197 239 197 239 206 170 206 text 0
268 197 431 197 431 207 268 207 text 0
74 210 190 210 190 220 74 220 text 0
218 211 262 211 262 221 218 221 text 0
97 224 117 224 117 234 97 234 text 0
123 224 301 224 301 235 123 235 text 0
363 224 442 224 442 235 363 235 text 0
463 225 528 225 528 235 463 235 text 0
72 239 119 239 119 248 72 248 text 0
181 239 301 239 301 249 181 249 text 0
315 239 410 239 410 249 315 249 text 0
74 252 156 252 156 262 74 262 text 0
185 253 216 253 216 262 185 262 text 0
231 253 313 253 313 263 231 263 text 0
546 253 555 253 555 263 546 263 text 0
424 253 504 253 504 264 424 264 text 0
448 281 503 281 503 292 448 292 text 0
74 281 106 281 106 292 74 292 text 0
521 282 554 282 554 292 521 292 text 0
146 281 277 281 277 292 146 292 text 0
112 310 119 310 119 319 112 319 text 0
387 310 397 310 397 319 387 319 text 0
425 310 482 310 482 319 425 319 text 0
497 310 519 310 519 320 497 320 text 0
74 322 168 322 168 333 74 333 text 0
185 323 229 323 229 333 185 333 text 0
111 337 119 337 119 348 111 348 text 0
387 338 398 338 398 348 387 348 text 0
495 338 518 338 518 348 495 348 text 0
425 338 482 338 482 348 425 348 text 0
135 351 181 351 181 361 135 361 text 0
74 351 121 351 121 362 74 362 text 0
196 352 227 352 227 363 196 363 text 0
113 365 117 365 117 375 113 375 text 0
387 365 398 365 398 376 387 376 text 0
423 365 482 365 482 376 423 376 text 0
495 366 518 366 518 376 495 376 text 0
74 379 121 379 121 389 74 389 text 0
157 379 241 379 241 390 157 390 text 0
328 380 374 380 374 390 328 390 text 0
257 379 313 379 313 391 257 391 text 0
389 380 458 380 458 392 389 392 text 0
135 382 144 382 144 389 135 389 text 0
387 394 397 394 397 403 387 403 text 0
111 394 119 394 119 404 111 404 text 0
436 394 483 394 483 403 436 403 text 0
496 394 519 394 519 403 496 403 text 0
74 407 168 407 168 418 74 418 text 0
74 435 128 435 128 445 74 445 text 0
147 435 265 435 265 447 147 447 text 0
279 436 334 436 334 446 279 446 text 0
497 437 556 437 556 446 497 446 text 0
74 448 128 448 128 459 74 459 text 0
278 449 299 449 299 459 278 459 text 0
149 449 265 449 265 460 149 460 text 0
497 450 556 450 556 460 497 460 text 0
315 450 360 450 360 461 315 461 text 0
74 463 190 463 190 474 74 474 text 0
436 464 553 464 553 474 436 474 text 0
72 490 152 490 152 501 72 501 text 0
171 491 180 491 180 501 171 501 text 0
303 492 422 492 422 502 303 502 text 0
460 492 555 492 555 502 460 502 text 0
73 506 144 506 144 516 73 516 text 0
172 506 205 506 205 515 172 515 text 0
217 506 301 506 301 516 217 516 text 0
72 520 119 520 119 529 72 529 text 0
497 520 556 520 556 530 497 530 text 0
73 548 106 548 106 557 73 557 text 0
121 548 204 548 204 559 121 559 text 0
316 548 432 548 432 560 316 560 text 0
472 548 552 548 552 560 472 560 text 0
74 562 95 562 95 572 74 572 text 0
196 561 216 561 216 572 196 572 text 0
230 562 263 562 263 573 230 573 text 0
376 562 434 562 434 572 376 572 text 0
508 562 555 562 555 572 508 572 text 0
255 603 313 603 313 613 255 613 text 0
328 604 361 604 361 613 328 613 text 0
218 617 289 617 289 628 218 628 text 0
304 618 349 618 349 628 304 628 text 0
363 619 422 619 422 630 363 630 text 0