376 39 422 39 422 47 376 47 text 0
32 39 167 39 167 48 32 48 text 0
178 39 307 39 307 48 178 48 text 0
434 39 484 39 484 48 434 48 text 0
316 39 367 39 367 49 316 49 text 0
492 38 573 38 573 49 492 49 text 0
583 38 607 38 607 49 583 49 text 0
178 51 213 51 213 60 178 60 text 0
316 51 397 51 397 60 316 60 text 0
253 50 310 50 310 60 253 60 text 0
408 51 455 51 455 60 408 60 text 0
221 51 237 51 237 61 221 61 text 0
161 62 224 62 224 71 161 71 text 0
292 62 350 62 350 71 292 71 text 0
231 63 285 63 285 71 231 71 text 0
368 62 463 62 463 73 368 73 text 0
170 74 195 74 195 83 170 83 text 0
212 74 310 74 310 83 212 83 text 0
121 74 162 74 162 83 121 83 text 0
419 74 515 74 515 83 419 83 text 0
329 74 407 74 407 83 329 83 text 0
195 87 244 87 244 96 195 96 text 0
253 87 287 87 287 96 253 96 text 0
361 87 442 87 442 96 361 96 text 0
295 87 354 87 354 96 295 96 text 0
287 109 299 109 299 125 287 125 text 0
311 110 434 110 434 126 311 126 text 0
450 110 494 110 494 126 450 126 text 0
190 110 272 110 272 126 190 126 text 0
139 110 174 110 174 126 139 126 text 0
253 140 301 140 301 156 253 156 text 0
315 141 350 141 350 156 315 156 text 0
365 141 407 141 407 156 365 156 text 0
427 141 522 141 522 156 427 156 text 0
23 160 105 160 105 170 23 170 text 0
330 162 387 162 387 171 330 171 text 0
407 162 527 162 527 171 407 171 text 0
342 177 379 177 379 192 342 192 text 0
295 177 329 177 329 192 295 192 text 0
22 177 119 177 119 192 22 192 text 0
207 177 281 177 281 192 207 192 text 0
134 177 192 177 192 192 134 192 text 0
244 199 256 199 256 207 244 207 text 0
193 199 225 199 225 207 193 207 text 0
21 199 94 199 94 207 21 207 text 0
269 200 280 200 280 207 269 207 text 0
294 199 313 199 313 208 294 208 text 0
109 199 177 199 177 208 109 208 text 0
99 211 120 211 120 219 99 219 text 0
23 211 82 211 82 219 23 219 text 0
136 211 203 211 203 221 136 221 text 0
20 223 81 223 81 231 20 231 text 0
97 224 169 224 169 231 97 231 text 0
259 224 354 224 354 231 259 231 text 0
184 224 238 224 238 233 184 233 text 0
22 234 87 234 87 243 22 243 text 0
98 234 187 234 187 243 98 243 text 0
194 235 272 235 272 244 194 244 text 0
260 247 295 247 295 256 260 256 text 0
313 247 420 247 420 256 313 256 text 0
452 248 503 248 503 257 452 257 text 0
229 262 263 262 263 271 229 271 text 0
179 262 215 262 215 271 179 271 text 0
339 262 351 262 351 272 339 272 text 0
278 263 314 263 314 272 278 272 text 0
365 262 411 262 411 272 365 272 text 0
18 262 153 262 153 273 18 273 text 0
437 262 522 262 522 274 437 274 text 0
80 282 139 282 139 290 80 290 text 0
18 282 53 282 53 290 18 290 text 0
475 283 523 283 523 291 475 291 text 0
301 282 313 282 313 291 301 291 text 0
168 282 215 282 215 290 168 290 text 0
401 282 413 282 413 291 401 291 text 0
254 282 264 282 264 291 254 291 text 0
339 282 351 282 351 291 339 291 text 0
17 294 124 294 124 302 17 302 text 0
166 294 215 294 215 303 166 303 text 0
402 295 413 295 413 303 402 303 text 0
252 295 264 295 264 303 252 303 text 0
301 295 313 295 313 304 301 304 text 0
339 296 350 296 350 303 339 303 text 0
476 296 523 296 523 303 476 303 text 0
18 307 53 307 53 315 18 315 text 0
68 308 128 308 128 316 68 316 text 0
301 308 314 308 314 317 301 317 text 0
167 308 216 308 216 316 167 316 text 0
401 308 411 308 411 317 401 317 text 0
338 308 351 308 351 317 338 317 text 0
252 308 266 308 266 316 252 316 text 0
475 308 522 308 522 316 475 316 text 0
187 324 249 324 249 340 187 340 text 0
264 324 290 324 290 340 264 340 text 0
463 325 522 325 522 340 463 340 text 0
301 323 399 323 399 344 301 344 text 0
338 351 349 351 349 359 338 359 text 0
18 351 128 351 128 359 18 359 text 0
164 351 212 351 212 359 164 359 text 0
241 351 264 351 264 359 241 359 text 0
300 351 312 351 312 359 300 359 text 0
387 351 411 351 411 359 387 359 text 0
463 350 523 350 523 359 463 359 text 0
389 364 410 364 410 371 389 371 text 0
338 364 349 364 349 371 338 371 text 0
164 364 212 364 212 371 164 371 text 0
18 364 101 364 101 371 18 371 text 0
251 364 265 364 265 371 251 371 text 0
301 363 313 363 313 372 301 372 text 0
474 364 523 364 523 372 474 372 text 0
43 379 99 379 99 395 43 395 text 0
116 380 140 380 140 396 116 396 text 0
463 381 524 381 524 397 463 397 text 0
264 380 321 380 321 400 264 400 text 0
153 380 249 380 249 400 153 400 text 0
350 380 406 380 406 400 350 400 text 0
364 406 406 406 406 421 364 421 text 0
474 406 523 406 523 422 474 422 text 0
54 431 112 431 112 447 54 447 text 0
129 431 152 431 152 447 129 447 text 0
464 433 523 433 523 449 464 449 text 0
167 431 262 431 262 451 167 451 text 0
276 432 332 432 332 452 276 452 text 0
350 432 406 432 406 453 350 453 text 0
188 455 248 455 248 472 188 472 text 0
264 457 290 457 290 473 264 473 text 0
463 458 522 458 522 474 463 474 text 0
302 456 407 456 407 476 302 476 text 0
238 483 298 483 298 501 238 501 text 0
462 485 523 485 523 501 462 501 text 0
313 483 406 483 406 505 313 505 text 0
22 516 103 516 103 525 22 525 text 0
22 528 117 528 117 537 22 537 text 0
133 529 191 529 191 537 133 537 text 0
208 530 265 530 265 540 208 540 text 0
283 532 304 532 304 538 283 538 text 0
318 530 366 530 366 540 318 540 text 0
381 531 440 531 440 539 381 539 text 0
454 531 571 531 571 539 454 539 text 0
21 541 56 541 56 549 21 549 text 0
194 542 217 542 217 550 194 550 text 0
230 543 351 543 351 551 230 551 text 0
70 543 179 543 179 552 70 552 text 0
480 543 500 543 500 552 480 552 text 0
367 544 462 544 462 553 367 553 text 0
169 555 218 555 218 562 169 562 text 0
133 555 154 555 154 563 133 563 text 0
22 555 117 555 117 563 22 563 text 0
355 556 488 556 488 566 355 566 text 0
503 557 526 557 526 564 503 564 text 0
230 557 339 557 339 565 230 565 text 0
542 558 574 558 574 565 542 565 text 0
96 568 129 568 129 575 96 575 text 0
282 568 315 568 315 576 282 576 text 0
22 568 79 568 79 577 22 577 text 0
404 568 428 568 428 576 404 576 text 0
329 568 388 568 388 576 329 576 text 0
145 567 227 567 227 577 145 577 text 0
442 568 475 568 475 576 442 576 text 0
244 569 267 569 267 575 244 575 text 0
21 579 153 579 153 589 21 589 text 0
168 579 229 579 229 588 168 588 text 0
283 580 327 580 327 588 283 588 text 0
341 581 375 581 375 588 341 588 text 0
393 580 476 580 476 590 393 590 text 0
246 582 267 582 267 588 246 588 text 0
490 582 500 582 500 589 490 589 text 0
21 592 141 592 141 602 21 602 text 0
156 593 206 593 206 600 156 600 text 0
193 606 362 606 362 615 193 615 text 0
369 607 437 607 437 616 369 616 text 0