35 49 170 49 170 58 35 58 text 0
376 50 422 50 422 57 376 57 text 0
433 49 481 49 481 58 433 58 text 0
181 49 311 49 311 58 181 58 text 0
318 48 367 48 367 59 318 59 text 0
493 49 573 49 573 59 493 59 text 0
583 49 606 49 606 59 583 59 text 0
317 60 398 60 398 69 317 69 text 0
181 61 214 61 214 70 181 70 text 0
251 61 308 61 308 71 251 71 text 0
222 62 239 62 239 71 222 71 text 0
407 62 454 62 454 71 407 71 text 0
163 74 225 74 225 82 163 82 text 0
295 73 356 73 356 83 295 83 text 0
232 74 287 74 287 82 232 82 text 0
369 73 462 73 462 84 369 84 text 0
212 85 310 85 310 94 212 94 text 0
331 85 409 85 409 94 331 94 text 0
418 85 514 85 514 94 418 94 text 0
128 86 163 86 163 94 128 94 text 0
173 86 204 86 204 94 173 94 text 0
255 98 288 98 288 107 255 107 text 0
298 98 354 98 354 107 298 107 text 0
362 98 445 98 445 107 362 107 text 0
197 99 246 99 246 107 197 107 text 0
290 120 302 120 302 136 290 136 text 0
142 121 177 121 177 136 142 136 text 0
191 121 274 121 274 136 191 136 text 0
313 121 435 121 435 136 313 136 text 0
450 121 495 121 495 136 450 136 text 0
254 151 302 151 302 167 254 167 text 0
426 153 523 153 523 168 426 168 text 0
318 153 350 153 350 168 318 168 text 0
365 152 398 152 398 167 365 167 text 0
90 173 109 173 109 181 90 181 text 0
28 172 83 172 83 182 28 182 text 0
405 173 526 173 526 182 405 182 text 0
333 175 388 175 388 182 333 182 text 0
136 189 195 189 195 205 136 205 text 0
298 190 331 190 331 205 298 205 text 0
346 190 380 190 380 205 346 205 text 0
26 190 123 190 123 205 26 205 text 0
210 190 281 190 281 205 210 205 text 0
245 212 257 212 257 219 245 219 text 0
26 212 98 212 98 219 26 219 text 0
197 212 222 212 222 220 197 220 text 0
271 212 282 212 282 219 271 219 text 0
295 212 309 212 309 221 295 221 text 0
113 211 180 211 180 221 113 221 text 0
100 224 122 224 122 231 100 231 text 0
26 224 85 224 85 232 26 232 text 0
139 223 206 223 206 233 139 233 text 0
26 236 85 236 85 244 26 244 text 0
101 236 170 236 170 244 101 244 text 0
261 236 355 236 355 244 261 244 text 0
189 236 242 236 242 246 189 246 text 0
28 246 91 246 91 255 28 255 text 0
102 246 189 246 189 255 102 255 text 0
200 246 277 246 277 257 200 257 text 0
263 258 303 258 303 268 263 268 text 0
452 258 505 258 505 268 452 268 text 0
313 259 423 259 423 268 313 268 text 0
368 274 415 274 415 283 368 283 text 0
281 275 318 275 318 283 281 283 text 0
341 274 354 274 354 284 341 284 text 0
233 274 266 274 266 284 233 284 text 0
181 274 217 274 217 284 181 284 text 0
439 274 524 274 524 284 439 284 text 0
22 275 157 275 157 286 22 286 text 0
256 294 267 294 267 304 256 304 text 0
303 296 316 296 316 303 303 303 text 0
401 296 410 296 410 303 401 303 text 0
465 296 521 296 521 303 465 303 text 0
83 296 141 296 141 303 83 303 text 0
21 296 64 296 64 303 21 303 text 0
340 296 351 296 351 303 340 303 text 0
168 296 216 296 216 304 168 304 text 0
401 308 413 308 413 316 401 316 text 0
340 308 351 308 351 316 340 316 text 0
466 308 523 308 523 316 466 316 text 0
254 308 264 308 264 315 254 315 text 0
169 308 215 308 215 315 169 315 text 0
303 308 316 308 316 315 303 315 text 0
22 308 131 308 131 317 22 317 text 0
465 321 521 321 521 328 465 328 text 0
340 321 351 321 351 328 340 328 text 0
402 321 414 321 414 328 402 328 text 0
257 321 266 321 266 329 257 329 text 0
168 321 216 321 216 329 168 329 text 0
76 321 131 321 131 329 76 329 text 0
22 321 59 321 59 328 22 328 text 0
303 321 316 321 316 328 303 328 text 0
194 336 252 336 252 353 194 353 text 0
267 338 292 338 292 353 267 353 text 0
462 338 524 338 524 353 462 353 text 0
304 336 409 336 409 357 304 357 text 0
304 364 315 364 315 372 304 372 text 0
393 364 412 364 412 372 393 372 text 0
168 364 215 364 215 372 168 372 text 0
21 364 131 364 131 372 21 372 text 0
340 365 351 365 351 372 340 372 text 0
254 365 267 365 267 372 254 372 text 0
475 364 524 364 524 372 475 372 text 0
47 380 105 380 105 397 47 397 text 0
465 380 523 380 523 396 465 396 text 0
121 381 146 381 146 397 121 397 text 0
267 380 335 380 335 401 267 401 text 0
354 380 410 380 410 401 354 401 text 0
159 380 253 380 253 403 159 403 text 0
367 405 409 405 409 422 367 422 text 0
464 406 525 406 525 422 464 422 text 0
59 433 117 433 117 449 59 449 text 0
132 433 157 433 157 449 132 449 text 0
467 433 523 433 523 449 467 449 text 0
354 432 409 432 409 453 354 453 text 0
169 433 265 433 265 453 169 453 text 0
280 433 336 433 336 453 280 453 text 0
194 458 252 458 252 474 194 474 text 0
462 458 523 458 523 474 462 474 text 0
266 459 292 459 292 474 266 474 text 0
307 457 410 457 410 478 307 478 text 0
465 485 523 485 523 501 465 501 text 0
242 485 300 485 300 501 242 501 text 0
319 484 410 484 410 505 319 505 text 0
27 519 118 519 118 527 27 527 text 0
456 531 573 531 573 539 456 539 text 0
139 532 198 532 198 540 139 540 text 0
384 532 443 532 443 540 384 540 text 0
29 532 124 532 124 540 29 540 text 0
211 532 269 532 269 542 211 542 text 0
286 534 308 534 308 540 286 540 text 0
321 532 368 532 368 541 321 541 text 0
236 543 354 543 354 552 236 552 text 0
483 543 502 543 502 552 483 552 text 0
199 543 224 543 224 552 199 552 text 0
30 544 61 544 61 552 30 552 text 0
370 543 464 543 464 553 370 553 text 0
77 545 185 545 185 554 77 554 text 0
174 556 222 556 222 565 174 565 text 0
506 557 528 557 528 564 506 564 text 0
138 558 161 558 161 565 138 565 text 0
543 558 576 558 576 565 543 565 text 0
359 557 489 557 489 567 359 567 text 0
29 557 124 557 124 567 29 567 text 0
235 559 345 559 345 566 235 566 text 0
446 570 478 570 478 578 446 578 text 0
286 570 320 570 320 578 286 578 text 0
334 570 393 570 393 578 334 578 text 0
406 570 429 570 429 578 406 578 text 0
102 570 133 570 133 578 102 578 text 0
29 568 85 568 85 580 29 580 text 0
151 568 231 568 231 580 151 580 text 0
248 571 271 571 271 577 248 577 text 0
492 583 502 583 502 590 492 590 text 0
174 583 235 583 235 591 174 591 text 0
287 583 330 583 330 591 287 591 text 0
348 583 380 583 380 591 348 591 text 0
397 583 478 583 478 591 397 591 text 0
27 583 159 583 159 592 27 592 text 0
250 585 272 585 272 591 250 591 text 0
161 595 210 595 210 603 161 603 text 0
27 595 149 595 149 606 27 606 text 0
375 609 444 609 444 617 375 617 text 0
199 608 368 608 368 618 199 618 text 0