35 35 170 35 170 44 35 44 text 0
180 36 310 36 310 45 180 45 text 0
433 36 481 36 481 45 433 45 text 0
317 36 358 36 358 46 317 46 text 0
363 36 422 36 422 46 363 46 text 0
583 36 606 36 606 46 583 46 text 0
494 36 576 36 576 47 494 47 text 0
181 49 215 49 215 57 181 57 text 0
251 49 308 49 308 58 251 58 text 0
406 49 455 49 455 59 406 59 text 0
223 49 240 49 240 59 223 59 text 0
316 48 399 48 399 61 316 61 text 0
233 60 287 60 287 69 233 69 text 0
165 60 227 60 227 69 165 69 text 0
294 61 357 61 357 71 294 71 text 0
370 61 463 61 463 72 370 72 text 0
125 71 163 71 163 81 125 81 text 0
214 71 311 71 311 81 214 81 text 0
173 72 204 72 204 81 173 81 text 0
418 72 514 72 514 81 418 81 text 0
330 72 402 72 402 83 330 83 text 0
255 84 288 84 288 93 255 93 text 0
296 84 358 84 358 94 296 94 text 0
362 84 444 84 444 94 362 94 text 0
197 85 246 85 246 93 197 93 text 0
289 106 299 106 299 121 289 121 text 0
142 107 177 107 177 121 142 121 text 0
191 106 273 106 273 122 191 122 text 0
313 106 434 106 434 122 313 122 text 0
450 107 495 107 495 122 450 122 text 0
254 137 302 137 302 152 254 152 text 0
317 137 350 137 350 152 317 152 text 0
425 137 523 137 523 152 425 152 text 0
365 137 398 137 398 153 365 153 text 0
26 157 82 157 82 166 26 166 text 0
88 157 107 157 107 166 88 166 text 0
406 158 526 158 526 167 406 167 text 0
332 158 387 158 387 166 332 166 text 0
295 174 330 174 330 188 295 188 text 0
210 174 282 174 282 188 210 188 text 0
346 174 380 174 380 188 346 188 text 0
24 174 120 174 120 188 24 188 text 0
136 174 195 174 195 188 136 188 text 0
25 194 98 194 98 202 25 202 text 0
198 194 229 194 229 202 198 202 text 0
245 194 257 194 257 202 245 202 text 0
270 194 283 194 283 202 270 202 text 0
296 194 316 194 316 203 296 203 text 0
111 194 180 194 180 204 111 204 text 0
29 207 84 207 84 215 29 215 text 0
100 207 122 207 122 215 100 215 text 0
138 207 205 207 205 216 138 216 text 0
24 219 84 219 84 227 24 227 text 0
101 219 170 219 170 227 101 227 text 0
259 219 353 219 353 227 259 227 text 0
186 220 241 220 241 229 186 229 text 0
26 230 89 230 89 239 26 239 text 0
102 230 190 230 190 239 102 239 text 0
198 230 275 230 275 240 198 240 text 0
263 242 303 242 303 252 263 252 text 0
316 242 423 242 423 252 316 252 text 0
451 242 505 242 505 252 451 252 text 0
365 258 414 258 414 266 365 266 text 0
340 258 353 258 353 266 340 266 text 0
232 258 265 258 265 266 232 266 text 0
181 258 216 258 216 266 181 266 text 0
282 258 315 258 315 266 282 266 text 0
437 258 522 258 522 267 437 267 text 0
20 258 155 258 155 268 20 268 text 0
255 276 264 276 264 283 255 283 text 0
21 276 57 276 57 285 21 285 text 0
81 276 140 276 140 285 81 285 text 0
168 276 215 276 215 285 168 285 text 0
301 276 315 276 315 285 301 285 text 0
339 276 350 276 350 285 339 285 text 0
401 277 410 277 410 284 401 284 text 0
475 278 522 278 522 284 475 284 text 0
254 289 264 289 264 297 254 297 text 0
21 289 123 289 123 296 21 296 text 0
168 289 215 289 215 297 168 297 text 0
339 289 350 289 350 297 339 297 text 0
391 289 413 289 413 297 391 297 text 0
302 289 314 289 314 297 302 297 text 0
474 290 521 290 521 297 474 297 text 0
169 301 215 301 215 309 169 309 text 0
76 301 130 301 130 308 76 308 text 0
301 301 315 301 315 309 301 309 text 0
339 301 350 301 350 309 339 309 text 0
254 302 265 302 265 309 254 309 text 0
23 301 59 301 59 309 23 309 text 0
401 302 413 302 413 309 401 309 text 0
466 301 521 301 521 312 466 312 text 0
192 317 251 317 251 333 192 333 text 0
266 317 292 317 292 334 266 334 text 0
464 318 523 318 523 334 464 334 text 0
305 316 409 316 409 337 305 337 text 0
167 344 214 344 214 352 167 352 text 0
301 344 315 344 315 352 301 352 text 0
390 344 412 344 412 352 390 352 text 0
243 344 265 344 265 352 243 352 text 0
339 344 350 344 350 352 339 352 text 0
21 344 142 344 142 352 21 352 text 0
464 345 486 345 486 353 464 353 text 0
167 355 214 355 214 364 167 364 text 0
243 355 265 355 265 364 243 364 text 0
301 356 315 356 315 363 301 363 text 0
339 356 350 356 350 363 339 363 text 0
390 356 412 356 412 363 390 363 text 0
21 356 106 356 106 363 21 363 text 0
467 357 483 357 483 364 467 364 text 0
95 368 140 368 140 376 95 376 text 0
21 368 74 368 74 376 21 376 text 0
169 369 215 369 215 376 169 376 text 0
254 369 263 369 263 376 254 376 text 0
301 369 315 369 315 376 301 376 text 0
339 369 350 369 350 377 339 377 text 0
401 369 410 369 410 377 401 377 text 0
463 368 487 368 487 377 463 377 text 0
45 385 103 385 103 401 45 401 text 0
120 386 144 386 144 401 120 401 text 0
464 386 523 386 523 401 464 401 text 0
157 384 250 384 250 405 157 405 text 0
351 384 407 384 407 405 351 405 text 0
267 384 334 384 334 405 267 405 text 0
364 410 407 410 407 425 364 425 text 0
474 411 521 411 521 425 474 425 text 0
57 435 114 435 114 451 57 451 text 0
131 436 156 436 156 451 131 451 text 0
463 436 521 436 521 451 463 451 text 0
351 435 407 435 407 456 351 456 text 0
168 435 263 435 263 455 168 455 text 0
278 435 334 435 334 456 278 456 text 0
192 460 251 460 251 476 192 476 text 0
265 461 290 461 290 476 265 476 text 0
464 460 523 460 523 476 464 476 text 0
304 460 409 460 409 480 304 480 text 0
240 487 298 487 298 502 240 502 text 0
453 488 526 488 526 503 453 503 text 0
315 487 408 487 408 507 315 507 text 0
25 520 106 520 106 528 25 528 text 0
27 533 122 533 122 540 27 540 text 0
135 533 193 533 193 540 135 540 text 0
383 532 441 532 441 540 383 540 text 0
455 533 569 533 569 540 455 540 text 0
209 532 266 532 266 541 209 541 text 0
284 535 305 535 305 541 284 541 text 0
320 533 367 533 367 543 320 543 text 0
26 544 60 544 60 552 26 552 text 0
198 544 220 544 220 552 198 552 text 0
233 545 352 545 352 553 233 553 text 0
368 544 463 544 463 554 368 554 text 0
482 547 501 547 501 554 482 554 text 0
75 547 180 547 180 555 75 555 text 0
138 557 158 557 158 564 138 564 text 0
173 557 221 557 221 565 173 565 text 0
25 557 121 557 121 567 25 567 text 0
358 557 489 557 489 567 358 567 text 0
545 560 574 560 574 565 545 565 text 0
506 560 528 560 528 566 506 566 text 0
234 559 341 559 341 567 234 567 text 0
332 569 390 569 390 577 332 577 text 0
284 569 317 569 317 577 284 577 text 0
404 569 427 569 427 577 404 577 text 0
101 569 132 569 132 577 101 577 text 0
148 569 228 569 228 578 148 578 text 0
443 570 476 570 476 577 443 577 text 0
29 569 83 569 83 579 29 579 text 0
246 572 269 572 269 577 246 577 text 0
173 581 231 581 231 589 173 589 text 0
284 582 328 582 328 589 284 589 text 0
344 582 377 582 377 589 344 589 text 0
396 581 477 581 477 590 396 590 text 0
26 581 157 581 157 591 26 591 text 0
247 584 269 584 269 589 247 589 text 0
159 594 206 594 206 602 159 602 text 0
25 593 146 593 146 604 25 604 text 0
198 606 364 606 364 616 198 616 text 0
372 608 439 608 439 617 372 617 text 0