168 31 242 31 242 49 168 49 text 0
255 36 381 36 381 48 255 48 text 0
400 36 508 36 508 53 400 53 text 0
130 110 153 110 153 119 130 119 text 0
173 110 252 110 252 120 173 120 text 0
276 109 368 109 368 120 276 120 text 0
388 111 428 111 428 120 388 120 text 0
445 111 484 111 484 120 445 120 text 0
191 123 286 123 286 135 191 135 text 0
307 124 441 124 441 136 307 136 text 0
132 139 212 139 212 149 132 149 text 0
374 139 442 139 442 149 374 149 text 0
75 139 110 139 110 149 75 149 text 0
260 138 352 138 352 149 260 149 text 0
232 139 242 139 242 148 232 148 text 0
462 139 501 139 501 149 462 149 text 0
519 138 530 138 530 150 519 150 text 0
87 151 184 151 184 162 87 162 text 0
201 151 383 151 383 162 201 162 text 0
402 153 526 153 526 165 402 165 text 0
101 167 170 167 170 177 101 177 text 0
187 168 238 168 238 178 187 178 text 0
258 167 395 167 395 178 258 178 text 0
420 168 530 168 530 178 420 178 text 0
218 180 255 180 255 191 218 191 text 0
276 180 343 180 343 191 276 191 text 0
159 180 198 180 198 192 159 192 text 0
363 181 455 181 455 192 363 192 text 0
246 195 370 195 370 206 246 206 text 0
28 223 139 223 139 234 28 234 text 0
161 224 228 224 228 234 161 234 text 0
245 224 399 224 399 234 245 234 text 0
418 224 484 224 484 234 418 234 text 0
31 238 141 238 141 248 31 248 text 0
188 238 212 238 212 247 188 247 text 0
31 253 124 253 124 263 31 263 text 0
349 252 356 252 356 263 349 263 text 0
405 253 472 253 472 263 405 263 text 0
508 253 572 253 572 263 508 263 text 0
375 252 386 252 386 263 375 263 text 0
86 266 198 266 198 276 86 276 text 0
217 266 311 266 311 276 217 276 text 0
31 266 68 266 68 276 31 276 text 0
329 266 439 266 439 278 329 278 text 0
462 268 513 268 513 278 462 278 text 0
28 281 110 281 110 292 28 292 text 0
162 282 183 282 183 292 162 292 text 0
31 295 124 295 124 305 31 305 text 0
419 296 472 296 472 305 419 305 text 0
516 296 570 296 570 307 516 307 text 0
346 296 354 296 354 307 346 307 text 0
374 296 386 296 386 307 374 307 text 0
29 310 96 310 96 320 29 320 text 0
114 310 255 310 255 320 114 320 text 0
273 311 371 311 371 321 273 321 text 0
392 311 454 311 454 321 392 321 text 0
31 323 124 323 124 333 31 333 text 0
171 323 198 323 198 333 171 333 text 0
29 338 212 338 212 348 29 348 text 0
346 339 354 339 354 349 346 349 text 0
375 339 386 339 386 349 375 349 text 0
415 339 470 339 470 349 415 349 text 0
516 339 570 339 570 350 516 350 text 0
26 352 81 352 81 362 26 362 text 0
106 352 152 352 152 362 106 362 text 0
171 352 297 352 297 362 171 362 text 0
315 352 385 352 385 362 315 362 text 0
145 366 169 366 169 375 145 375 text 0
29 366 95 366 95 377 29 377 text 0
29 380 212 380 212 391 29 391 text 0
516 381 570 381 570 391 516 391 text 0
347 381 353 381 353 391 347 391 text 0
415 381 470 381 470 391 415 391 text 0
374 380 386 380 386 391 374 391 text 0
30 408 122 408 122 419 30 419 text 0
170 409 183 409 183 419 170 419 text 0
457 408 540 408 540 420 457 420 text 0
587 411 600 411 600 421 587 421 text 0
27 435 94 435 94 445 27 445 text 0
488 438 513 438 513 448 488 448 text 0
529 438 564 438 564 448 529 448 text 0
573 438 600 438 600 448 573 448 text 0
27 451 138 451 138 461 27 461 text 0
155 451 297 451 297 462 155 462 text 0
488 451 526 451 526 461 488 461 text 0
544 451 598 451 598 463 544 463 text 0
27 464 94 464 94 474 27 474 text 0
113 464 209 464 209 476 113 476 text 0
485 466 512 466 512 476 485 476 text 0
531 466 598 466 598 476 531 476 text 0
27 478 83 478 83 490 27 490 text 0
485 479 512 479 512 489 485 489 text 0
531 479 598 479 598 489 531 489 text 0
27 493 108 493 108 502 27 502 text 0
485 495 512 495 512 505 485 505 text 0
531 495 598 495 598 505 531 505 text 0
242 521 292 521 292 531 242 531 text 0
31 521 138 521 138 531 31 531 text 0
155 521 223 521 223 531 155 531 text 0
315 521 368 521 368 531 315 531 text 0
416 522 439 522 439 531 416 531 text 0
459 523 598 523 598 533 459 533 text 0
27 534 138 534 138 545 27 545 text 0
157 536 253 536 253 545 157 545 text 0
269 536 367 536 367 547 269 547 text 0
241 563 279 563 279 573 241 573 text 0
113 563 222 563 222 573 113 573 text 0
301 563 395 563 395 575 301 575 text 0
414 565 497 565 497 576 414 576 text 0
169 578 180 578 180 588 169 588 text 0
269 578 324 578 324 588 269 588 text 0
200 578 253 578 253 588 200 588 text 0
341 578 451 578 451 588 341 588 text 0
141 591 250 591 250 601 141 601 text 0
272 591 295 591 295 601 272 601 text 0
312 591 367 591 367 603 312 603 text 0
386 593 469 593 469 604 386 604 text 0