78 64 244 64 244 81 78 81 text 0
311 64 368 64 368 81 311 81 text 0
259 67 296 67 296 82 259 82 text 0
384 64 499 64 499 86 384 86 text 0
76 99 497 99 497 144 76 144 text 0
47 154 160 154 160 167 47 167 text 0
176 154 289 154 289 167 176 167 text 0
305 154 341 154 341 167 305 167 text 0
356 154 391 154 391 167 356 167 text 0
411 156 529 156 529 169 411 169 text 0
176 171 251 171 251 183 176 183 text 0
99 171 160 171 160 183 99 183 text 0
357 171 417 171 417 183 357 183 text 0
267 171 337 171 337 183 267 183 text 0
35 171 80 171 80 184 35 184 text 0
435 171 534 171 534 184 435 184 text 0
435 186 480 186 480 198 435 198 text 0
99 186 160 186 160 198 99 198 text 0
243 188 299 188 299 200 243 200 text 0
318 188 418 188 418 200 318 200 text 0
176 188 226 188 226 200 176 200 text 0
163 203 200 203 200 215 163 215 text 0
265 203 417 203 417 215 265 215 text 0
217 203 248 203 248 215 217 215 text 0
241 225 277 225 277 236 241 236 text 0
292 225 365 225 365 236 292 236 text 0
384 225 419 225 419 236 384 236 text 0
164 225 225 225 225 236 164 236 text 0
269 241 355 241 355 253 269 253 text 0
216 241 252 241 252 253 216 253 text 0
397 263 534 263 534 275 397 275 text 0
36 262 162 262 162 276 36 276 text 0
178 263 238 263 238 275 178 275 text 0
37 279 72 279 72 291 37 291 text 0
101 279 124 279 124 293 101 293 text 0
38 294 98 294 98 308 38 308 text 0
126 294 266 294 266 308 126 308 text 0
38 317 87 317 87 331 38 331 text 0
462 319 496 319 496 330 462 330 text 0
502 318 545 318 545 331 502 331 text 0
461 350 510 350 510 363 461 363 text 0
537 350 547 350 547 363 537 363 text 0
38 351 137 351 137 364 38 364 text 0
258 351 302 351 302 363 258 363 text 0
153 351 238 351 238 364 153 364 text 0
319 354 343 354 343 363 319 363 text 0
423 386 520 386 520 407 423 407 text 0
38 386 159 386 159 407 38 407 text 0
38 412 86 412 86 424 38 424 text 0
439 412 512 412 512 424 439 424 text 0
35 428 111 428 111 439 35 439 text 0
140 443 189 443 189 453 140 453 text 0
38 443 47 443 47 453 38 453 text 0
66 443 126 443 126 453 66 453 text 0
245 443 252 443 252 455 245 455 text 0
243 464 328 464 328 475 243 475 text 0
102 464 139 464 139 475 102 475 text 0
387 464 470 464 470 477 387 477 text 0
152 464 203 464 203 476 152 476 text 0
283 478 331 478 331 491 283 491 text 0
103 480 111 480 111 492 103 492 text 0
128 480 152 480 152 492 128 492 text 0
425 480 470 480 470 492 425 492 text 0
179 507 216 507 216 518 179 518 text 0
347 507 395 507 395 518 347 518 text 0
102 507 162 507 162 518 102 518 text 0
231 507 241 507 241 518 231 518 text 0
258 507 331 507 331 518 258 518 text 0
413 507 474 507 474 519 413 519 text 0
140 538 150 538 150 550 140 550 text 0
321 540 395 540 395 551 321 551 text 0
411 540 483 540 483 551 411 551 text 0
102 540 124 540 124 551 102 551 text 0
168 540 214 540 214 551 168 551 text 0
232 540 254 540 254 551 232 551 text 0
270 540 306 540 306 551 270 551 text 0
155 555 266 555 266 566 155 566 text 0
283 554 434 554 434 567 283 567 text 0
206 571 423 571 423 584 206 584 text 0
155 575 191 575 191 584 155 584 text 0
121 609 131 609 131 624 121 624 text 0
465 609 483 609 483 624 465 624 text 0
155 609 172 609 172 624 155 624 text 0
426 609 443 609 443 624 426 624 text 0
233 609 251 609 251 624 233 624 text 0
195 609 213 609 213 624 195 624 text 0
271 609 289 609 289 625 271 625 text 0
312 609 328 609 328 625 312 625 text 0
347 609 366 609 366 624 347 624 text 0
393 609 403 609 403 625 393 625 text 0