374 103 416 103 416 112 374 112 text 0
435 103 475 103 475 112 435 112 text 0
153 103 189 103 189 111 153 111 text 0
212 103 294 103 294 112 212 112 text 0
318 102 354 102 354 113 318 113 text 0
304 115 453 115 453 125 304 125 text 0
184 116 281 116 281 125 184 125 text 0
64 128 102 128 102 136 64 136 text 0
464 128 505 128 505 137 464 137 text 0
124 128 207 128 207 137 124 137 text 0
226 129 238 129 238 137 226 137 text 0
376 128 445 128 445 137 376 137 text 0
524 128 546 128 546 138 524 138 text 0
261 128 353 128 353 138 261 138 text 0
77 139 177 139 177 149 77 149 text 0
196 140 386 140 386 149 196 149 text 0
405 140 533 140 533 150 405 150 text 0
91 153 162 153 162 162 91 162 text 0
182 152 235 152 235 162 182 162 text 0
419 153 535 153 535 162 419 162 text 0
256 153 398 153 398 163 256 163 text 0
198 165 223 165 223 174 198 174 text 0
242 165 268 165 268 174 242 174 text 0
124 164 178 164 178 175 124 175 text 0
290 164 489 164 489 175 290 175 text 0
287 178 399 178 399 188 287 188 text 0
213 178 265 178 265 188 213 188 text 0
225 190 268 190 268 199 225 199 text 0
287 190 387 190 387 200 287 200 text 0
18 216 87 216 87 225 18 225 text 0
108 216 162 216 162 225 108 225 text 0
182 216 282 216 282 225 182 225 text 0
587 216 610 216 610 225 587 225 text 0
304 215 370 215 370 225 304 225 text 0
166 228 192 228 192 236 166 236 text 0
16 228 117 228 117 237 16 237 text 0
17 240 117 240 117 249 17 249 text 0
349 241 357 241 357 249 349 249 text 0
424 241 477 241 477 250 424 250 text 0
528 241 582 241 582 250 528 250 text 0
376 240 388 240 388 250 376 250 text 0
94 252 148 252 148 261 94 261 text 0
18 252 72 252 72 261 18 261 text 0
167 253 297 253 297 262 167 262 text 0
587 253 610 253 610 262 587 262 text 0
315 253 387 253 387 262 315 262 text 0
17 265 163 265 163 274 17 274 text 0
213 266 237 266 237 275 213 275 text 0
18 278 207 278 207 287 18 287 text 0
421 278 477 278 477 287 421 287 text 0
525 278 581 278 581 287 525 287 text 0
349 278 356 278 356 287 349 287 text 0
376 278 388 278 388 288 376 288 text 0
18 290 87 290 87 299 18 299 text 0
107 290 163 290 163 299 107 299 text 0
182 291 282 291 282 300 182 300 text 0
584 291 610 291 610 300 584 300 text 0
303 290 398 290 398 300 303 300 text 0
18 302 72 302 72 312 18 312 text 0
122 303 148 303 148 312 122 312 text 0
16 316 117 316 117 324 16 324 text 0
349 316 356 316 356 324 349 324 text 0
424 316 477 316 477 325 424 325 text 0
528 316 582 316 582 325 528 325 text 0
376 315 389 315 389 325 376 325 text 0
16 328 57 328 57 337 16 337 text 0
78 328 132 328 132 337 78 337 text 0
151 328 223 328 223 337 151 337 text 0
241 328 341 328 341 337 241 337 text 0
362 328 416 328 416 337 362 337 text 0
435 328 536 328 536 337 435 337 text 0
601 328 626 328 626 337 601 337 text 0
18 340 72 340 72 349 18 349 text 0
121 340 177 340 177 351 121 351 text 0
18 353 207 353 207 362 18 362 text 0
408 353 477 353 477 362 408 362 text 0
349 354 356 354 356 363 349 363 text 0
513 354 580 354 580 363 513 363 text 0
376 353 388 353 388 363 376 363 text 0
16 365 57 365 57 373 16 373 text 0
78 365 132 365 132 374 78 374 text 0
153 365 252 365 252 374 153 374 text 0
584 366 610 366 610 375 584 375 text 0
18 378 71 378 71 387 18 387 text 0
120 378 146 378 146 387 120 387 text 0
17 390 117 390 117 400 17 400 text 0
424 390 477 390 477 400 424 400 text 0
528 391 582 391 582 400 528 400 text 0
349 390 356 390 356 400 349 400 text 0
375 391 389 391 389 400 375 400 text 0
135 404 191 404 191 412 135 412 text 0
587 404 610 404 610 412 587 412 text 0
17 404 117 404 117 412 17 412 text 0
18 416 87 416 87 425 18 425 text 0
525 416 581 416 581 426 525 426 text 0
347 416 355 416 355 426 347 426 text 0
422 416 476 416 476 426 422 426 text 0
376 416 389 416 389 426 376 426 text 0
19 441 114 441 114 451 19 451 text 0
600 442 611 442 611 451 600 451 text 0
166 441 179 441 179 451 166 451 text 0
464 441 549 441 549 451 464 451 text 0
494 466 520 466 520 475 494 475 text 0
539 466 610 466 610 475 539 475 text 0
17 466 85 466 85 476 17 476 text 0
108 466 161 466 161 476 108 476 text 0
195 466 283 466 283 476 195 476 text 0
16 478 73 478 73 487 16 487 text 0
494 478 520 478 520 487 494 487 text 0
540 478 610 478 610 488 540 488 text 0
15 491 102 491 102 500 15 500 text 0
539 491 610 491 610 500 539 500 text 0
496 492 522 492 522 500 496 500 text 0
76 515 118 515 118 525 76 525 text 0
15 515 58 515 58 525 15 525 text 0
138 515 251 515 251 525 138 525 text 0
273 516 297 516 297 525 273 525 text 0
317 516 384 516 384 525 317 525 text 0
512 516 566 516 566 525 512 525 text 0
466 516 491 516 491 525 466 525 text 0
16 540 133 540 133 550 16 550 text 0
152 541 221 541 221 550 152 550 text 0
240 541 294 541 294 550 240 550 text 0
315 541 372 541 372 550 315 550 text 0
420 541 446 541 446 551 420 551 text 0
466 541 612 541 612 551 466 551 text 0
15 554 132 554 132 563 15 563 text 0
151 554 252 554 252 563 151 563 text 0
270 554 372 554 372 563 270 563 text 0
107 579 222 579 222 588 107 588 text 0
241 580 280 580 280 588 241 588 text 0
422 580 507 580 507 589 422 589 text 0
301 580 401 580 401 589 301 589 text 0
166 591 176 591 176 601 166 601 text 0
255 592 311 592 311 601 255 601 text 0
197 592 237 592 237 601 197 601 text 0
331 592 443 592 443 601 331 601 text 0
137 604 252 604 252 613 137 613 text 0
272 604 298 604 298 613 272 613 text 0
315 604 372 604 372 614 315 614 text 0
390 604 489 604 489 614 390 614 text 0