67 91 184 91 184 102 67 102 text 0
214 92 379 92 379 103 214 103 text 0
177 106 248 106 248 118 177 118 text 0
262 108 272 108 272 118 262 118 text 0
285 107 332 107 332 118 285 118 text 0
179 122 220 122 220 133 179 133 text 0
238 121 330 121 330 134 238 134 text 0
165 137 272 137 272 147 165 147 text 0
286 137 345 137 345 147 286 147 text 0
128 152 161 152 161 162 128 162 text 0
177 151 199 151 199 163 177 163 text 0
237 152 380 152 380 162 237 162 text 0
191 181 224 181 224 192 191 192 text 0
239 181 320 181 320 193 239 193 text 0
20 197 76 197 76 208 20 208 text 0
127 197 173 197 173 209 127 209 text 0
22 227 53 227 53 237 22 237 text 0
69 227 98 227 98 237 69 237 text 0
115 226 330 226 330 238 115 238 text 0
340 227 452 227 452 237 340 237 text 0
19 241 52 241 52 251 19 251 text 0
66 241 122 241 122 251 66 251 text 0
140 241 260 241 260 253 140 253 text 0
19 255 111 255 111 266 19 266 text 0
127 255 211 255 211 267 127 267 text 0
19 270 52 270 52 280 19 280 text 0
66 270 97 270 97 280 66 280 text 0
252 270 340 270 340 281 252 281 text 0
359 271 381 271 381 281 359 281 text 0
115 270 235 270 235 283 115 283 text 0
480 272 502 272 502 282 480 282 text 0
18 300 53 300 53 311 18 311 text 0
69 300 115 300 115 312 69 312 text 0
434 302 502 302 502 312 434 312 text 0
20 330 28 330 28 341 20 341 text 0
55 330 80 330 80 341 55 341 text 0
90 329 175 329 175 341 90 341 text 0
191 329 212 329 212 341 191 341 text 0
226 330 309 330 309 341 226 341 text 0
387 330 419 330 419 342 387 342 text 0
468 331 504 331 504 341 468 341 text 0
105 360 164 360 164 371 105 371 text 0
22 360 28 360 28 371 22 371 text 0
55 360 91 360 91 371 55 371 text 0
434 361 505 361 505 371 434 371 text 0
447 375 465 375 465 385 447 385 text 0
55 375 138 375 138 386 55 386 text 0
151 375 224 375 224 386 151 386 text 0
481 376 503 376 503 386 481 386 text 0
239 376 273 376 273 387 239 387 text 0
54 390 88 390 88 401 54 401 text 0
104 390 128 390 128 402 104 402 text 0
434 421 505 421 505 441 434 441 text 0
56 430 90 430 90 442 56 442 text 0
105 429 165 429 165 441 105 441 text 0
55 445 103 445 103 456 55 456 text 0
433 445 505 445 505 455 433 455 text 0
444 460 503 460 503 480 444 480 text 0
55 468 125 468 125 479 55 479 text 0
322 512 392 512 392 523 322 523 text 0
469 512 503 512 503 523 469 523 text 0
21 512 54 512 54 523 21 523 text 0
66 512 151 512 151 524 66 524 text 0
325 527 394 527 394 537 325 537 text 0
67 527 151 527 151 537 67 537 text 0
164 527 235 527 235 537 164 537 text 0
19 527 54 527 54 537 19 537 text 0
252 527 273 527 273 538 252 538 text 0
448 527 503 527 503 538 448 538 text 0
19 542 41 542 41 552 19 552 text 0
66 542 101 542 101 552 66 552 text 0
117 541 139 541 139 552 117 552 text 0
325 541 394 541 394 552 325 552 text 0
457 542 504 542 504 553 457 553 text 0
105 571 164 571 164 581 105 581 text 0
178 571 221 571 221 581 178 581 text 0
237 570 271 570 271 582 237 582 text 0
288 571 334 571 334 582 288 582 text 0
347 571 407 571 407 583 347 583 text 0