46 57 172 57 172 69 46 69 text 0
182 57 419 57 419 69 182 69 text 0
424 57 523 57 523 69 424 69 text 0
347 77 415 77 415 84 347 84 text 0
276 77 337 77 337 84 276 84 text 0
426 78 435 78 435 84 426 84 text 0
206 77 267 77 267 84 206 84 text 0
47 77 76 77 76 84 47 84 text 0
94 77 194 77 194 86 94 86 text 0
452 77 514 77 514 86 452 86 text 0
189 87 243 87 243 94 189 94 text 0
47 87 111 87 111 94 47 94 text 0
120 87 181 87 181 94 120 94 text 0
48 99 111 99 111 107 48 107 text 0
264 99 378 99 378 107 264 107 text 0
390 100 439 100 439 107 390 107 text 0
120 99 241 99 241 109 120 109 text 0
217 113 267 113 267 121 217 121 text 0
46 114 83 114 83 121 46 121 text 0
94 114 208 114 208 121 94 121 text 0
54 125 73 125 73 127 54 127 text 0
255 125 308 125 308 132 255 132 text 0
174 125 326 125 326 132 174 132 text 0
48 125 88 125 88 132 48 132 text 0
96 125 118 125 118 132 96 132 text 0
128 125 161 125 161 133 128 133 text 0
490 130 605 130 605 139 490 139 text 0
424 130 479 130 479 139 424 139 text 0
37 138 99 138 99 145 37 145 text 0
106 138 128 138 128 146 106 146 text 0
108 148 180 148 180 155 108 155 text 0
37 148 101 148 101 155 37 155 text 0
234 148 271 148 271 155 234 155 text 0
187 148 225 148 225 155 187 155 text 0
281 148 382 148 382 157 281 157 text 0
114 171 187 171 187 179 114 179 text 0
194 171 305 171 305 179 194 179 text 0
41 171 104 171 104 179 41 179 text 0
84 199 193 199 193 206 84 206 text 0
279 199 377 199 377 206 279 206 text 0
438 199 536 199 536 207 438 207 text 0
403 199 427 199 427 207 403 207 text 0
57 199 65 199 65 207 57 207 text 0
544 200 595 200 595 207 544 207 text 0
375 210 516 210 516 220 375 220 text 0
280 210 349 210 349 220 280 220 text 0
522 211 600 211 600 220 522 220 text 0
281 223 425 223 425 232 281 232 text 0
87 237 94 237 94 244 87 244 text 0
483 237 539 237 539 244 483 244 text 0
571 237 596 237 596 244 571 244 text 0
104 237 116 237 116 245 104 245 text 0
127 237 208 237 208 247 127 247 text 0
90 251 142 251 142 260 90 260 text 0
32 252 81 252 81 260 32 260 text 0
150 252 237 252 237 261 150 261 text 0
247 253 284 253 284 261 247 261 text 0
294 252 348 252 348 261 294 261 text 0
483 254 540 254 540 262 483 262 text 0
251 266 336 266 336 274 251 274 text 0
494 267 538 267 538 276 494 276 text 0
246 284 298 284 298 292 246 292 text 0
484 286 543 286 543 293 484 293 text 0
251 298 312 298 312 305 251 305 text 0
322 297 354 297 354 307 322 307 text 0
497 299 542 299 542 307 497 307 text 0
251 315 295 315 295 322 251 322 text 0
303 315 352 315 352 322 303 322 text 0
484 316 543 316 543 324 484 324 text 0
249 340 303 340 303 347 249 347 text 0
484 341 543 341 543 349 484 349 text 0
248 354 334 354 334 361 248 361 text 0
499 355 543 355 543 363 499 363 text 0
33 373 73 373 73 380 33 380 text 0
266 372 395 372 395 382 266 382 text 0
80 373 176 373 176 383 80 383 text 0
492 372 580 372 580 383 492 383 text 0
96 387 130 387 130 395 96 395 text 0
337 387 393 387 393 395 337 395 text 0
33 387 58 387 58 395 33 395 text 0
538 388 581 388 581 395 538 395 text 0
67 387 85 387 85 395 67 395 text 0
34 421 70 421 70 428 34 428 text 0
81 421 115 421 115 428 81 428 text 0
136 421 295 421 295 428 136 428 text 0
331 421 376 421 376 430 331 430 text 0
413 421 532 421 532 430 413 430 text 0
73 478 145 478 145 485 73 485 text 0
151 478 196 478 196 485 151 485 text 0
295 478 420 478 420 485 295 485 text 0
427 478 444 478 444 485 427 485 text 0
454 478 585 478 585 485 454 485 text 0
249 479 286 479 286 485 249 485 text 0
206 479 241 479 241 485 206 485 text 0
268 500 311 500 311 507 268 507 text 0
321 500 385 500 385 507 321 507 text 0
123 500 203 500 203 507 123 507 text 0
208 500 258 500 258 507 208 507 text 0
393 500 536 500 536 507 393 507 text 0
296 514 365 514 365 521 296 521 text 0
206 514 287 514 287 521 206 521 text 0
373 514 454 514 454 522 373 522 text 0
372 533 470 533 470 539 372 539 text 0
124 533 216 533 216 539 124 539 text 0
480 533 531 533 531 539 480 539 text 0
224 533 290 533 290 539 224 539 text 0
315 533 363 533 363 539 315 539 text 0
419 555 462 555 462 561 419 561 text 0
318 555 411 555 411 561 318 561 text 0
258 555 308 555 308 561 258 561 text 0
198 555 253 555 253 561 198 561 text 0
107 555 189 555 189 561 107 561 text 0
558 555 585 555 585 562 558 562 text 0
471 555 548 555 548 562 471 562 text 0
59 569 181 569 181 575 59 575 text 0
315 569 340 569 340 575 315 575 text 0
258 569 302 569 302 575 258 575 text 0
189 569 249 569 249 575 189 575 text 0
349 569 462 569 462 576 349 576 text 0
469 569 602 569 602 576 469 576 text 0
257 582 364 582 364 589 257 589 text 0
96 605 171 605 171 612 96 612 text 0
181 605 228 605 228 612 181 612 text 0
240 605 348 605 348 613 240 613 text 0
368 604 564 604 564 614 368 614 text 0