405 46 483 46 483 55 405 55 text 0
132 45 375 45 375 57 132 57 text 0
230 60 295 60 295 69 230 69 text 0
338 60 360 60 360 70 338 70 text 0
310 61 322 61 322 70 310 70 text 0
162 74 226 74 226 84 162 84 text 0
243 75 376 75 376 84 243 84 text 0
392 75 444 75 444 85 392 85 text 0
160 89 240 89 240 99 160 99 text 0
254 89 348 89 348 99 254 99 text 0
365 90 446 90 446 99 365 99 text 0
49 104 115 104 115 113 49 113 text 0
131 104 240 104 240 114 131 114 text 0
256 104 322 104 322 114 256 114 text 0
433 105 542 105 542 114 433 114 text 0
339 104 415 104 415 115 339 115 text 0
215 134 253 134 253 143 215 143 text 0
273 133 364 133 364 144 273 144 text 0
379 162 390 162 390 173 379 173 text 0
324 163 335 163 335 173 324 173 text 0
350 163 362 163 362 173 350 173 text 0
295 163 307 163 307 173 295 173 text 0
92 163 129 163 129 173 92 173 text 0
149 163 199 163 199 173 149 173 text 0
215 163 226 163 226 173 215 173 text 0
271 163 278 163 278 173 271 173 text 0
242 163 253 163 253 173 242 173 text 0
406 164 419 164 419 173 406 173 text 0
460 164 473 164 473 173 460 173 text 0
489 164 502 164 502 174 489 174 text 0
433 164 445 164 445 173 433 173 text 0
22 178 33 178 33 187 22 187 text 0
48 178 153 178 153 187 48 187 text 0
420 178 474 178 474 188 420 188 text 0
488 179 563 179 563 189 488 189 text 0
23 207 61 207 61 216 23 216 text 0
76 207 156 207 156 216 76 216 text 0
489 208 565 208 565 217 489 217 text 0
164 221 184 221 184 231 164 231 text 0
297 222 400 222 400 231 297 231 text 0
260 222 281 222 281 231 260 231 text 0
203 222 240 222 240 231 203 231 text 0
420 222 445 222 445 231 420 231 text 0
22 236 156 236 156 256 22 256 text 0
249 237 261 237 261 256 249 256 text 0
189 237 209 237 209 258 189 258 text 0
227 274 268 274 268 284 227 284 text 0
63 274 102 274 102 284 63 284 text 0
285 274 296 274 296 284 285 284 text 0
25 275 33 275 33 284 25 284 text 0
118 275 169 275 169 284 118 284 text 0
187 275 211 275 211 284 187 284 text 0
528 275 541 275 541 285 528 285 text 0
461 275 514 275 514 285 461 285 text 0
25 289 33 289 33 299 25 299 text 0
175 290 267 290 267 300 175 300 text 0
63 290 102 290 102 300 63 300 text 0
118 290 157 290 157 300 118 300 text 0
284 290 295 290 295 299 284 299 text 0
460 290 513 290 513 300 460 300 text 0
528 290 540 290 540 300 528 300 text 0
63 304 102 304 102 314 63 314 text 0
117 304 170 304 170 314 117 314 text 0
25 304 33 304 33 314 25 314 text 0
189 304 224 304 224 315 189 315 text 0
242 304 253 304 253 314 242 314 text 0
460 305 513 305 513 314 460 314 text 0
527 305 539 305 539 314 527 314 text 0
62 319 115 319 115 328 62 328 text 0
448 319 469 319 469 329 448 329 text 0
480 319 512 319 512 329 480 329 text 0
451 349 512 349 512 358 451 358 text 0
450 363 512 363 512 373 450 373 text 0
63 361 166 361 166 375 63 375 text 0
68 377 103 377 103 387 68 387 text 0
118 377 157 377 157 387 118 387 text 0
173 378 212 378 212 389 173 389 text 0
463 378 512 378 512 388 463 388 text 0
64 392 140 392 140 402 64 402 text 0
449 393 512 393 512 402 449 402 text 0
119 406 158 406 158 416 119 416 text 0
63 407 102 407 102 416 63 416 text 0
460 408 526 408 526 417 460 417 text 0
173 421 212 421 212 430 173 430 text 0
64 421 102 421 102 430 64 430 text 0
118 421 156 421 156 430 118 430 text 0
450 421 512 421 512 431 450 431 text 0
63 435 155 435 155 447 63 447 text 0
447 436 512 436 512 446 447 446 text 0
159 450 198 450 198 460 159 460 text 0
62 450 143 450 143 461 62 461 text 0
459 451 512 451 512 461 459 461 text 0
75 465 128 465 128 475 75 475 text 0
146 465 225 465 225 475 146 475 text 0
246 466 266 466 266 474 246 474 text 0
282 465 321 465 321 475 282 475 text 0
341 465 363 465 363 475 341 475 text 0
379 465 486 465 486 475 379 475 text 0
501 466 528 466 528 475 501 475 text 0
104 480 170 480 170 489 104 489 text 0
254 480 334 480 334 489 254 489 text 0
188 480 237 480 237 489 188 489 text 0
349 480 402 480 402 490 349 490 text 0
420 480 496 480 496 490 420 490 text 0
241 494 280 494 280 504 241 504 text 0
296 494 321 494 321 504 296 504 text 0
337 494 363 494 363 504 337 504 text 0
226 522 359 522 359 533 226 533 text 0
392 523 484 523 484 533 392 533 text 0
63 523 198 523 198 534 63 534 text 0
63 537 129 537 129 546 63 546 text 0
144 537 192 537 192 546 144 546 text 0
231 538 294 538 294 547 231 547 text 0
392 538 445 538 445 548 392 548 text 0
63 551 129 551 129 561 63 561 text 0
144 552 192 552 192 562 144 562 text 0
226 552 279 552 279 561 226 561 text 0
391 552 443 552 443 562 391 562 text 0