463 88 516 88 516 98 463 98 text 0
352 90 443 90 443 100 352 100 text 0
147 92 241 92 241 102 147 102 text 0
257 92 336 92 336 101 257 101 text 0
397 101 528 101 528 114 397 114 text 0
339 104 379 104 379 112 339 112 text 0
161 104 185 104 185 113 161 113 text 0
202 104 267 104 267 113 202 113 text 0
284 104 323 104 323 113 284 113 text 0
519 112 582 112 582 122 519 122 text 0
491 113 505 113 505 123 491 123 text 0
339 116 406 116 406 125 339 125 text 0
301 117 323 117 323 125 301 125 text 0
78 117 102 117 102 125 78 125 text 0
233 117 253 117 253 125 233 125 text 0
270 117 281 117 281 125 270 125 text 0
423 116 474 116 474 127 423 127 text 0
121 117 154 117 154 127 121 127 text 0
178 117 210 117 210 127 178 127 text 0
559 124 598 124 598 134 559 134 text 0
490 125 542 125 542 135 490 135 text 0
410 124 474 124 474 137 410 137 text 0
298 128 389 128 389 137 298 137 text 0
50 129 144 129 144 139 50 139 text 0
159 129 281 129 281 139 159 139 text 0
410 140 474 140 474 149 410 149 text 0
325 140 388 140 388 149 325 149 text 0
202 142 309 142 309 151 202 151 text 0
342 153 447 153 447 162 342 162 text 0
299 154 332 154 332 162 299 162 text 0
229 153 278 153 278 161 229 161 text 0
311 164 475 164 475 174 311 174 text 0
244 166 268 166 268 174 244 174 text 0
186 166 227 166 227 174 186 174 text 0
270 202 364 202 364 211 270 211 text 0
302 227 351 227 351 236 302 236 text 0
53 228 156 228 156 236 53 236 text 0
301 239 434 239 434 248 301 248 text 0
50 240 143 240 143 249 50 249 text 0
162 240 187 240 187 249 162 249 text 0
454 249 556 249 556 260 454 260 text 0
301 252 434 252 434 262 301 262 text 0
50 252 102 252 102 261 50 261 text 0
423 263 502 263 502 273 423 273 text 0
311 265 377 265 377 273 311 273 text 0
50 265 144 265 144 273 50 273 text 0
577 298 599 298 599 307 577 307 text 0
421 300 488 300 488 309 421 309 text 0
315 302 405 302 405 310 315 310 text 0
50 301 157 301 157 310 50 310 text 0
174 302 212 302 212 311 174 311 text 0
228 301 296 301 296 311 228 311 text 0
546 311 599 311 599 320 546 320 text 0
395 313 448 313 448 321 395 321 text 0
367 315 377 315 377 321 367 321 text 0
342 314 349 314 349 322 342 322 text 0
50 314 227 314 227 323 50 323 text 0
590 336 596 336 596 345 590 345 text 0
118 339 180 339 180 347 118 347 text 0
50 340 103 340 103 348 50 348 text 0
546 349 599 349 599 357 546 357 text 0
51 352 115 352 115 360 51 360 text 0
546 361 599 361 599 370 546 370 text 0
173 364 307 364 307 373 173 373 text 0
50 363 158 363 158 373 50 373 text 0
546 374 599 374 599 383 546 383 text 0
50 376 112 376 112 385 50 385 text 0
131 376 198 376 198 385 131 385 text 0
215 375 323 375 323 385 215 385 text 0
520 411 600 411 600 420 520 420 text 0
50 414 102 414 102 422 50 422 text 0
532 423 600 423 600 432 532 432 text 0
146 425 198 425 198 433 146 433 text 0
49 425 129 425 129 435 49 435 text 0
561 473 596 473 596 482 561 482 text 0
506 473 555 473 555 482 506 482 text 0
352 473 445 473 445 483 352 483 text 0
283 473 334 473 334 483 283 483 text 0
227 475 265 475 265 484 227 484 text 0
50 475 87 475 87 483 50 483 text 0
106 476 158 476 158 484 106 484 text 0
530 499 585 499 585 507 530 507 text 0
380 498 432 498 432 507 380 507 text 0
104 499 131 499 131 508 104 508 text 0
50 500 60 500 60 508 50 508 text 0
490 535 503 535 503 543 490 543 text 0
284 535 336 535 336 544 284 544 text 0
245 536 267 536 267 544 245 544 text 0
354 536 430 536 430 544 354 544 text 0
49 537 129 537 129 545 49 545 text 0
144 537 226 537 226 545 144 545 text 0
216 560 349 560 349 569 216 569 text 0
160 561 195 561 195 569 160 569 text 0
49 562 141 562 141 571 49 571 text 0
369 572 474 572 474 581 369 581 text 0
131 574 194 574 194 582 131 582 text 0
219 573 349 573 349 582 219 582 text 0
50 574 72 574 72 582 50 582 text 0
82 574 114 574 114 582 82 582 text 0
299 611 363 611 363 619 299 619 text 0
379 611 419 611 419 619 379 619 text 0
324 623 376 623 376 631 324 631 text 0
228 623 307 623 307 631 228 631 text 0
393 623 461 623 461 633 393 633 text 0