411 42 489 42 489 52 411 52 text 0
138 42 380 42 380 53 138 53 text 0
237 57 300 57 300 66 237 66 text 0
344 56 366 56 366 66 344 66 text 0
317 57 328 57 328 66 317 66 text 0
166 71 232 71 232 80 166 80 text 0
249 70 381 70 381 80 249 80 text 0
398 70 451 70 451 81 398 81 text 0
166 85 246 85 246 94 166 94 text 0
262 85 354 85 354 94 262 94 text 0
370 84 450 84 450 94 370 94 text 0
139 98 245 98 245 107 139 107 text 0
260 98 327 98 327 107 260 107 text 0
58 99 123 99 123 108 58 108 text 0
438 99 546 99 546 108 438 108 text 0
345 98 420 98 420 109 345 109 text 0
222 126 259 126 259 135 222 135 text 0
278 125 369 125 369 135 278 135 text 0
220 152 233 152 233 161 220 161 text 0
247 153 260 153 260 161 247 161 text 0
356 152 369 152 369 162 356 162 text 0
384 153 396 153 396 161 384 161 text 0
98 153 136 153 136 162 98 162 text 0
155 153 204 153 204 162 155 162 text 0
302 152 315 152 315 162 302 162 text 0
277 152 285 152 285 162 277 162 text 0
329 153 342 153 342 161 329 161 text 0
438 152 451 152 451 162 438 162 text 0
466 153 478 153 478 162 466 162 text 0
411 153 423 153 423 162 411 162 text 0
493 153 506 153 506 162 493 162 text 0
30 166 41 166 41 175 30 175 text 0
56 166 162 166 162 176 56 176 text 0
424 167 477 167 477 176 424 176 text 0
493 167 571 167 571 176 493 176 text 0
29 194 67 194 67 203 29 203 text 0
83 194 163 194 163 203 83 203 text 0
493 194 571 194 571 204 493 204 text 0
265 208 285 208 285 217 265 217 text 0
166 208 189 208 189 217 166 217 text 0
423 208 449 208 449 217 423 217 text 0
302 208 405 208 405 217 302 217 text 0
205 208 244 208 244 217 205 217 text 0
28 223 160 223 160 241 28 241 text 0
254 223 265 223 265 241 254 241 text 0
194 222 215 222 215 242 194 242 text 0
69 257 107 257 107 266 69 266 text 0
124 257 176 257 176 266 124 266 text 0
33 258 37 258 37 266 33 266 text 0
302 257 315 257 315 267 302 267 text 0
533 258 544 258 544 267 533 267 text 0
468 258 516 258 516 267 468 267 text 0
191 257 284 257 284 268 191 268 text 0
125 271 146 271 146 280 125 280 text 0
289 271 298 271 298 280 289 280 text 0
69 271 107 271 107 280 69 280 text 0
28 271 40 271 40 280 28 280 text 0
166 271 272 271 272 280 166 280 text 0
314 271 394 271 394 280 314 280 text 0
452 271 517 271 517 281 452 281 text 0
533 271 544 271 544 281 533 281 text 0
32 285 37 285 37 294 32 294 text 0
69 285 107 285 107 294 69 294 text 0
124 285 176 285 176 294 124 294 text 0
192 285 312 285 312 294 192 294 text 0
329 285 339 285 339 294 329 294 text 0
532 285 543 285 543 294 532 294 text 0
464 285 516 285 516 294 464 294 text 0
32 299 37 299 37 307 32 307 text 0
124 299 173 299 173 308 124 308 text 0
69 299 107 299 107 308 69 308 text 0
289 299 298 299 298 307 289 307 text 0
233 299 271 299 271 307 233 307 text 0
193 299 216 299 216 307 193 307 text 0
464 299 516 299 516 308 464 308 text 0
532 299 543 299 543 308 532 308 text 0
31 313 36 313 36 322 31 322 text 0
124 313 176 313 176 322 124 322 text 0
247 312 257 312 257 322 247 322 text 0
69 312 107 312 107 322 69 322 text 0
464 313 516 313 516 322 464 322 text 0
195 312 229 312 229 322 195 322 text 0
532 312 543 312 543 322 532 322 text 0
69 327 122 327 122 336 69 336 text 0
450 327 515 327 515 336 450 336 text 0
450 354 515 354 515 363 450 363 text 0
70 368 171 368 171 377 70 377 text 0
450 368 515 368 515 377 450 377 text 0
72 381 108 381 108 390 72 390 text 0
124 381 161 381 161 390 124 390 text 0
464 381 516 381 516 391 464 391 text 0
178 381 216 381 216 391 178 391 text 0
68 395 94 395 94 404 68 404 text 0
109 395 147 395 147 404 109 404 text 0
464 395 516 395 516 404 464 404 text 0
69 409 145 409 145 418 69 418 text 0
450 409 515 409 515 418 450 418 text 0
124 422 162 422 162 431 124 431 text 0
69 422 107 422 107 431 69 431 text 0
464 423 516 423 516 432 464 432 text 0
69 436 107 436 107 445 69 445 text 0
178 436 216 436 216 445 178 445 text 0
450 436 515 436 515 445 450 445 text 0
123 434 161 434 161 448 123 448 text 0
450 449 515 449 515 459 450 459 text 0
68 449 160 449 160 460 68 460 text 0
164 463 203 463 203 472 164 472 text 0
462 464 515 464 515 473 462 473 text 0
69 463 149 463 149 474 69 474 text 0
345 477 367 477 367 486 345 486 text 0
81 477 135 477 135 486 81 486 text 0
245 477 270 477 270 486 245 486 text 0
287 477 326 477 326 486 287 486 text 0
382 477 488 477 488 486 382 486 text 0
151 477 229 477 229 486 151 486 text 0
503 477 531 477 531 487 503 487 text 0
110 491 175 491 175 500 110 500 text 0
191 491 240 491 240 500 191 500 text 0
259 491 339 491 339 500 259 500 text 0
354 491 407 491 407 500 354 500 text 0
423 491 498 491 498 500 423 500 text 0
150 504 215 504 215 513 150 513 text 0
235 504 257 504 257 513 235 513 text 0
273 504 311 504 311 513 273 513 text 0
329 504 447 504 447 513 329 513 text 0
231 531 310 531 310 540 231 540 text 0
316 531 363 531 363 540 316 540 text 0
69 530 202 530 202 541 69 541 text 0
395 531 486 531 486 541 395 541 text 0
150 544 198 544 198 553 150 553 text 0
68 544 134 544 134 553 68 553 text 0
232 544 297 544 297 553 232 553 text 0
395 545 447 545 447 554 395 554 text 0
68 558 134 558 134 567 68 567 text 0
231 557 284 557 284 567 231 567 text 0
150 557 198 557 198 567 150 567 text 0
395 558 447 558 447 567 395 567 text 0