168 99 265 99 265 110 168 110 text 0
328 99 386 99 386 110 328 110 text 0
279 100 313 100 313 111 279 111 text 0
205 114 337 114 337 127 205 127 text 0
181 132 240 132 240 144 181 144 text 0
110 132 164 132 164 145 110 145 text 0
390 132 444 132 444 146 390 146 text 0
254 132 373 132 373 146 254 146 text 0
216 148 287 148 287 161 216 161 text 0
302 148 386 148 386 161 302 161 text 0
84 149 168 149 168 163 84 163 text 0
180 149 200 149 200 163 180 163 text 0
399 149 479 149 479 163 399 163 text 0
146 166 204 166 204 178 146 178 text 0
216 166 287 166 287 178 216 178 text 0
316 166 410 166 410 179 316 179 text 0
230 182 261 182 261 194 230 194 text 0
316 182 423 182 423 195 316 195 text 0
182 182 216 182 216 195 182 195 text 0
131 182 166 182 166 195 131 195 text 0
133 215 201 215 201 228 133 228 text 0
232 215 396 215 396 228 232 228 text 0
147 247 227 247 227 259 147 259 text 0
37 248 70 248 70 260 37 260 text 0
85 248 127 248 127 260 85 260 text 0
253 248 346 248 346 260 253 260 text 0
365 248 446 248 446 260 365 260 text 0
34 264 82 264 82 275 34 275 text 0
147 263 265 263 265 276 147 276 text 0
280 265 373 265 373 277 280 277 text 0
486 296 519 296 519 308 486 308 text 0
412 296 468 296 468 309 412 309 text 0
36 296 168 296 168 309 36 309 text 0
302 296 386 296 386 310 302 310 text 0
216 297 253 297 253 310 216 310 text 0
97 328 128 328 128 341 97 341 text 0
34 329 80 329 80 342 34 342 text 0
315 344 361 344 361 356 315 356 text 0
495 344 519 344 519 356 495 356 text 0
207 344 214 344 214 356 207 356 text 0
424 345 470 345 470 356 424 356 text 0
229 347 241 347 241 356 229 356 text 0
37 360 82 360 82 372 37 372 text 0
96 360 142 360 142 372 96 372 text 0
313 376 360 376 360 387 313 387 text 0
424 376 470 376 470 387 424 387 text 0
495 376 519 376 519 387 495 387 text 0
208 377 216 377 216 388 208 388 text 0
229 378 241 378 241 388 229 388 text 0
36 406 92 406 92 418 36 418 text 0
169 407 179 407 179 418 169 418 text 0
108 407 151 407 151 418 108 418 text 0
37 422 92 422 92 434 37 434 text 0
240 423 297 423 297 435 240 435 text 0
473 423 518 423 518 435 473 435 text 0
111 423 228 423 228 437 111 437 text 0
37 439 70 439 70 450 37 450 text 0
473 439 519 439 519 451 473 451 text 0
184 438 238 438 238 452 184 452 text 0
83 438 168 438 168 452 83 452 text 0
111 453 228 453 228 466 111 466 text 0
36 455 92 455 92 466 36 466 text 0
242 455 262 455 262 466 242 466 text 0
473 455 519 455 519 466 473 466 text 0
276 455 333 455 333 467 276 467 text 0
424 470 518 470 518 482 424 482 text 0
469 503 519 503 519 514 469 514 text 0
36 548 67 548 67 560 36 560 text 0
353 549 396 549 396 562 353 562 text 0
277 550 348 550 348 561 277 561 text 0
437 549 517 549 517 562 437 562 text 0
85 551 166 551 166 562 85 562 text 0
36 565 60 565 60 577 36 577 text 0
160 564 180 564 180 578 160 578 text 0
193 565 227 565 227 578 193 578 text 0
350 565 396 565 396 577 350 577 text 0
471 565 517 565 517 577 471 577 text 0