367 33 483 33 483 50 367 50 text 0
125 33 329 33 329 49 125 49 text 0
219 54 293 54 293 73 219 73 text 0
336 56 420 56 420 72 336 72 text 0
457 56 543 56 543 72 457 72 text 0
94 56 163 56 163 73 94 73 text 0
245 78 279 78 279 86 245 86 text 0
311 78 437 78 437 87 311 87 text 0
172 78 217 78 217 87 172 87 text 0
307 91 499 91 499 100 307 100 text 0
245 92 279 92 279 100 245 100 text 0
111 92 164 92 164 101 111 101 text 0
185 92 226 92 226 101 185 101 text 0
428 105 469 105 469 113 428 113 text 0
489 105 560 105 560 113 489 113 text 0
352 106 407 106 407 113 352 113 text 0
231 105 325 105 325 114 231 114 text 0
47 106 72 106 72 114 47 114 text 0
138 106 209 106 209 114 138 114 text 0
90 106 111 106 111 115 90 115 text 0
397 119 515 119 515 128 397 128 text 0
91 119 163 119 163 128 91 128 text 0
184 119 255 119 255 128 184 128 text 0
277 120 372 120 372 128 277 128 text 0
365 133 471 133 471 142 365 142 text 0
230 133 347 133 347 142 230 142 text 0
123 134 212 134 212 143 123 143 text 0
277 161 438 161 438 170 277 170 text 0
183 161 220 161 220 170 183 170 text 0
446 189 594 189 594 198 446 198 text 0
367 189 422 189 422 198 367 198 text 0
32 189 151 189 151 199 32 199 text 0
173 189 241 189 241 198 173 198 text 0
290 190 348 190 348 199 290 199 text 0
447 203 532 203 532 212 447 212 text 0
336 203 422 203 422 212 336 212 text 0
33 204 58 204 58 212 33 212 text 0
79 204 135 204 135 213 79 213 text 0
311 231 501 231 501 239 311 239 text 0
170 232 226 232 226 239 170 239 text 0
247 232 284 232 284 239 247 239 text 0
64 231 150 231 150 240 64 240 text 0
309 245 425 245 425 254 309 254 text 0
109 245 166 245 166 254 109 254 text 0
185 245 286 245 286 255 185 255 text 0
459 273 541 273 541 281 459 281 text 0
34 273 198 273 198 282 34 282 text 0
34 301 60 301 60 309 34 309 text 0
142 301 211 301 211 310 142 310 text 0
232 301 303 301 303 310 232 310 text 0
81 302 119 302 119 309 81 309 text 0
580 315 594 315 594 324 580 324 text 0
170 315 226 315 226 324 170 324 text 0
492 315 562 315 562 324 492 324 text 0
79 315 121 315 121 324 79 324 text 0
139 317 154 317 154 323 139 323 text 0
493 328 564 328 564 338 493 338 text 0
50 329 136 329 136 338 50 338 text 0
156 329 275 329 275 338 156 338 text 0
34 356 105 356 105 365 34 365 text 0
127 356 152 356 152 365 127 365 text 0
174 357 236 357 236 366 174 366 text 0
261 357 287 357 287 366 261 366 text 0
305 357 350 357 350 366 305 366 text 0
505 357 562 357 562 366 505 366 text 0
35 370 90 370 90 379 35 379 text 0
476 371 565 371 565 380 476 380 text 0
35 384 123 384 123 393 35 393 text 0
493 385 564 385 564 394 493 394 text 0
37 412 89 412 89 421 37 421 text 0
108 413 174 413 174 421 108 421 text 0
552 412 562 412 562 421 552 421 text 0
33 426 76 426 76 435 33 435 text 0
93 426 197 426 197 435 93 435 text 0
339 426 391 426 391 435 339 435 text 0
233 427 313 427 313 435 233 435 text 0
444 426 485 426 485 435 444 435 text 0
508 426 559 426 559 435 508 435 text 0
32 440 44 440 44 449 32 449 text 0
62 441 75 441 75 447 62 447 text 0
505 440 562 440 562 449 505 449 text 0
337 441 357 441 357 449 337 449 text 0
92 440 119 440 119 449 92 449 text 0
368 441 393 441 393 449 368 449 text 0
32 468 101 468 101 477 32 477 text 0
492 468 562 468 562 477 492 477 text 0
124 468 227 468 227 478 124 478 text 0
168 496 181 496 181 505 168 505 text 0
123 496 152 496 152 505 123 505 text 0
200 496 303 496 303 505 200 505 text 0
322 496 380 496 380 505 322 505 text 0
398 497 487 497 487 506 398 506 text 0
259 510 365 510 365 519 259 519 text 0
169 510 241 510 241 519 169 519 text 0
106 510 151 510 151 519 106 519 text 0
384 511 518 511 518 520 384 520 text 0
92 524 165 524 165 533 92 533 text 0
184 524 234 524 234 533 184 533 text 0
261 524 348 524 348 533 261 533 text 0
369 525 425 525 425 534 369 534 text 0
444 525 525 525 525 534 444 534 text 0
230 538 440 538 440 547 230 547 text 0
169 541 219 541 219 547 169 547 text 0
185 552 286 552 286 561 185 561 text 0
306 552 379 552 379 561 306 561 text 0
124 552 165 552 165 562 124 562 text 0
397 552 486 552 486 561 397 561 text 0
184 566 489 566 489 576 184 576 text 0
123 569 174 569 174 575 123 575 text 0