524 5 577 5 577 9 524 9 text 0
38 4 158 4 158 9 38 9 text 0
356 5 411 5 411 9 356 9 text 0
38 11 184 11 184 19 38 19 text 0
245 44 312 44 312 51 245 51 text 0
329 44 370 44 370 51 329 51 text 0
160 55 244 55 244 62 160 62 text 0
342 55 368 55 368 62 342 62 text 0
257 55 326 55 326 63 257 63 text 0
383 56 452 56 452 63 383 63 text 0
106 77 175 77 175 84 106 84 text 0
187 77 243 77 243 84 187 84 text 0
259 78 299 78 299 84 259 84 text 0
370 78 507 78 507 85 370 85 text 0
313 78 354 78 354 85 313 85 text 0
119 88 257 88 257 95 119 95 text 0
272 88 297 88 297 94 272 94 text 0
314 88 478 88 478 97 314 97 text 0
103 174 215 174 215 181 103 181 text 0
228 174 381 174 381 181 228 181 text 0
395 174 436 174 436 181 395 181 text 0
451 174 493 174 493 181 451 181 text 0
243 184 311 184 311 191 243 191 text 0
148 184 228 184 228 193 148 193 text 0
327 185 393 185 393 193 327 193 text 0
117 195 174 195 174 202 117 202 text 0
63 195 103 195 103 202 63 202 text 0
187 195 199 195 199 202 187 202 text 0
299 195 340 195 340 202 299 202 text 0
355 195 406 195 406 202 355 202 text 0
425 196 521 196 521 202 425 202 text 0
214 196 279 196 279 204 214 204 text 0
535 196 558 196 558 204 535 204 text 0
91 205 144 205 144 212 91 212 text 0
285 206 326 206 326 212 285 212 text 0
340 206 383 206 383 213 340 213 text 0
398 206 467 206 467 213 398 213 text 0
159 206 267 206 267 214 159 214 text 0
480 206 544 206 544 214 480 214 text 0
131 216 201 216 201 223 131 223 text 0
215 216 283 216 283 223 215 223 text 0
298 217 392 217 392 224 298 224 text 0
133 227 227 227 227 233 133 233 text 0
244 227 280 227 280 233 244 233 text 0
300 227 409 227 409 233 300 233 text 0
186 238 226 238 226 245 186 245 text 0
133 238 174 238 174 245 133 245 text 0
243 238 407 238 407 245 243 245 text 0
134 249 170 249 170 256 134 256 text 0
216 249 241 249 241 256 216 256 text 0
286 249 337 249 337 256 286 256 text 0
355 249 409 249 409 256 355 256 text 0
33 270 156 270 156 277 33 277 text 0
244 271 451 271 451 278 244 278 text 0
34 281 129 281 129 288 34 288 text 0
244 282 326 282 326 289 244 289 text 0
32 292 144 292 144 299 32 299 text 0
158 292 185 292 185 299 158 299 text 0
244 292 365 292 365 298 244 298 text 0
35 302 103 302 103 309 35 309 text 0
117 302 146 302 146 309 117 309 text 0
243 302 256 302 256 309 243 309 text 0
244 313 365 313 365 320 244 320 text 0
144 313 182 313 182 320 144 320 text 0
36 313 129 313 129 320 36 320 text 0
173 334 283 334 283 341 173 341 text 0
297 334 394 334 394 341 297 341 text 0
158 356 240 356 240 363 158 363 text 0
88 356 142 356 142 362 88 362 text 0
257 356 325 356 325 363 257 363 text 0
50 356 71 356 71 364 50 364 text 0
470 356 532 356 532 364 470 364 text 0
370 356 447 356 447 364 370 364 text 0
77 367 85 367 85 374 77 374 text 0
103 367 115 367 115 374 103 374 text 0
172 367 241 367 241 374 172 374 text 0
524 367 591 367 591 374 524 374 text 0
285 367 353 367 353 375 285 375 text 0
381 367 448 367 448 376 381 376 text 0
49 388 135 388 135 401 49 401 text 0
506 389 585 389 585 402 506 402 text 0
519 408 582 408 582 420 519 420 text 0
33 407 165 407 165 423 33 423 text 0
184 407 229 407 229 423 184 423 text 0
501 444 584 444 584 458 501 458 text 0
32 444 166 444 166 461 32 461 text 0
33 463 84 463 84 477 33 477 text 0
103 463 233 463 233 477 103 477 text 0
519 464 586 464 586 476 519 476 text 0
523 483 591 483 591 490 523 490 text 0
326 483 382 483 382 490 326 490 text 0
327 493 410 493 410 500 327 500 text 0
537 494 591 494 591 501 537 501 text 0
34 514 102 514 102 521 34 521 text 0
115 515 213 515 213 521 115 521 text 0
229 514 325 514 325 521 229 521 text 0
452 515 505 515 505 521 452 521 text 0
35 535 61 535 61 542 35 542 text 0
76 535 101 535 101 542 76 542 text 0
258 535 267 535 267 541 258 541 text 0
118 535 209 535 209 543 118 543 text 0
33 577 73 577 73 584 33 584 text 0
89 578 185 578 185 586 89 586 text 0
271 578 405 578 405 586 271 586 text 0
481 577 574 577 574 586 481 586 text 0
524 588 578 588 578 595 524 595 text 0
344 588 410 588 410 595 344 595 text 0
35 588 155 588 155 596 35 596 text 0
328 630 369 630 369 632 328 632 text 0
245 630 312 630 312 632 245 632 text 0