267 92 302 92 302 103 267 103 text 0
159 92 255 92 255 104 159 104 text 0
316 92 375 92 375 104 316 104 text 0
195 107 328 107 328 118 195 118 text 0
171 120 230 120 230 133 171 133 text 0
381 121 434 121 434 134 381 134 text 0
244 121 364 121 364 134 244 134 text 0
100 122 155 122 155 134 100 134 text 0
207 135 278 135 278 148 207 148 text 0
293 135 376 135 376 148 293 148 text 0
73 136 157 136 157 148 73 148 text 0
388 136 468 136 468 148 388 148 text 0
171 136 190 136 190 148 171 148 text 0
135 150 194 150 194 162 135 162 text 0
207 150 288 150 288 162 207 162 text 0
306 150 400 150 400 164 306 164 text 0
121 165 155 165 155 177 121 177 text 0
219 165 250 165 250 177 219 177 text 0
171 165 206 165 206 177 171 177 text 0
268 165 412 165 412 177 268 177 text 0
222 195 385 195 385 206 222 206 text 0
121 195 189 195 189 206 121 206 text 0
353 223 435 223 435 235 353 235 text 0
137 224 217 224 217 235 137 235 text 0
244 224 336 224 336 235 244 235 text 0
27 224 60 224 60 235 27 235 text 0
75 225 117 225 117 236 75 236 text 0
136 238 253 238 253 250 136 250 text 0
271 238 363 238 363 250 271 250 text 0
23 239 70 239 70 250 23 250 text 0
402 268 457 268 457 279 402 279 text 0
475 268 508 268 508 279 475 279 text 0
23 268 156 268 156 280 23 280 text 0
207 268 241 268 241 280 207 280 text 0
290 268 373 268 373 280 290 280 text 0
88 297 119 297 119 309 88 309 text 0
24 297 68 297 68 309 24 309 text 0
304 311 350 311 350 323 304 323 text 0
411 311 458 311 458 323 411 323 text 0
486 311 508 311 508 323 486 323 text 0
198 312 206 312 206 323 198 323 text 0
218 314 228 314 228 322 218 322 text 0
27 326 60 326 60 338 27 338 text 0
75 326 104 326 104 338 75 338 text 0
486 341 508 341 508 352 486 352 text 0
304 341 351 341 351 352 304 352 text 0
196 341 205 341 205 352 196 352 text 0
411 341 458 341 458 352 411 352 text 0
218 343 228 343 228 351 218 351 text 0
23 355 70 355 70 367 23 367 text 0
87 355 118 355 118 367 87 367 text 0
304 370 351 370 351 381 304 381 text 0
412 370 459 370 459 381 412 381 text 0
197 370 205 370 205 381 197 381 text 0
486 370 508 370 508 381 486 381 text 0
218 372 228 372 228 380 218 380 text 0
26 384 72 384 72 395 26 395 text 0
85 385 131 385 131 397 85 397 text 0
304 399 351 399 351 410 304 410 text 0
413 399 459 399 459 410 413 410 text 0
486 399 508 399 508 410 486 410 text 0
195 399 207 399 207 410 195 410 text 0
218 401 230 401 230 410 218 410 text 0
160 428 170 428 170 439 160 439 text 0
27 428 82 428 82 440 27 440 text 0
99 428 142 428 142 439 99 439 text 0
26 442 82 442 82 454 26 454 text 0
462 443 508 443 508 454 462 454 text 0
232 442 288 442 288 454 232 454 text 0
100 442 218 442 218 455 100 455 text 0
26 456 61 456 61 468 26 468 text 0
462 457 508 457 508 468 462 468 text 0
174 456 227 456 227 469 174 469 text 0
73 456 157 456 157 470 73 470 text 0
232 471 253 471 253 482 232 482 text 0
28 471 83 471 83 483 28 483 text 0
462 471 508 471 508 483 462 483 text 0
100 471 218 471 218 484 100 484 text 0
269 471 324 471 324 484 269 484 text 0
414 486 507 486 507 497 414 497 text 0
26 486 162 486 162 497 26 497 text 0
27 514 73 514 73 526 27 526 text 0
463 515 509 515 509 525 463 525 text 0
26 558 61 558 61 569 26 569 text 0
269 558 387 558 387 570 269 570 text 0
74 558 157 558 157 571 74 571 text 0
427 558 507 558 507 571 427 571 text 0
463 573 508 573 508 584 463 584 text 0
340 573 387 573 387 584 340 584 text 0
28 573 50 573 50 584 28 584 text 0
149 573 170 573 170 585 149 585 text 0
184 573 217 573 217 585 184 585 text 0