311 113 478 113 478 130 311 130 text 0
310 136 480 136 480 157 310 157 text 0
265 194 353 194 353 206 265 206 text 0
412 195 450 195 450 206 412 206 text 0
216 194 255 194 255 207 216 207 text 0
365 194 404 194 404 207 365 207 text 0
256 210 296 210 296 223 256 223 text 0
307 211 413 211 413 223 307 223 text 0
303 228 336 228 336 241 303 241 text 0
230 228 288 228 288 241 230 241 text 0
414 230 445 230 445 242 414 242 text 0
342 229 403 229 403 242 342 242 text 0
244 246 328 246 328 257 244 257 text 0
341 245 433 245 433 258 341 258 text 0
457 262 470 262 470 275 457 275 text 0
353 263 440 263 440 275 353 275 text 0
219 263 250 263 250 275 219 275 text 0
280 263 343 263 343 276 280 276 text 0
259 263 274 263 274 275 259 275 text 0
218 279 281 279 281 291 218 291 text 0
292 279 354 279 354 291 292 291 text 0
365 280 446 280 446 293 365 293 text 0
294 296 492 296 492 310 294 310 text 0
197 296 244 296 244 309 197 309 text 0
259 297 282 297 282 308 259 308 text 0
392 314 441 314 441 326 392 326 text 0
244 314 281 314 281 327 244 327 text 0
287 315 382 315 382 326 287 326 text 0
301 349 467 349 467 361 301 361 text 0
198 349 270 349 270 361 198 361 text 0
345 382 543 382 543 395 345 395 text 0
122 383 159 383 159 396 122 396 text 0
236 384 247 384 247 393 236 393 text 0
174 383 209 383 209 395 174 395 text 0
264 385 341 385 341 396 264 396 text 0
432 399 543 399 543 411 432 411 text 0
347 400 420 400 420 411 347 411 text 0
123 400 160 400 160 413 123 413 text 0
172 401 208 401 208 412 172 412 text 0
485 415 543 415 543 427 485 427 text 0
409 416 469 416 469 430 409 430 text 0
275 416 394 416 394 430 275 430 text 0
198 418 247 418 247 430 198 430 text 0
124 417 186 417 186 431 124 431 text 0
486 433 541 433 541 444 486 444 text 0
410 432 468 432 468 446 410 446 text 0
277 433 396 433 396 447 277 447 text 0
123 435 173 435 173 446 123 446 text 0
186 435 236 435 236 446 186 446 text 0
499 450 544 450 544 462 499 462 text 0
224 452 273 452 273 464 224 464 text 0
125 452 212 452 212 465 125 465 text 0
471 468 545 468 545 480 471 480 text 0
386 468 398 468 398 480 386 480 text 0
323 469 372 469 372 481 323 481 text 0
224 470 262 470 262 481 224 481 text 0
124 469 212 469 212 482 124 482 text 0
471 502 545 502 545 513 471 513 text 0
125 505 201 505 201 516 125 516 text 0
472 518 545 518 545 531 472 531 text 0
324 521 374 521 374 533 324 533 text 0
125 522 162 522 162 534 125 534 text 0
528 552 542 552 542 564 528 564 text 0
503 552 517 552 517 565 503 565 text 0
435 553 481 553 481 565 435 565 text 0
128 556 244 556 244 568 128 568 text 0
503 569 520 569 520 581 503 581 text 0
528 569 546 569 546 582 528 582 text 0
438 569 483 569 483 583 438 583 text 0
125 572 227 572 227 584 125 584 text 0
528 585 546 585 546 599 528 599 text 0
504 587 519 587 519 600 504 600 text 0
436 588 482 588 482 600 436 600 text 0
128 590 277 590 277 604 128 604 text 0
414 606 452 606 452 618 414 618 text 0
376 605 403 605 403 618 376 618 text 0
256 606 364 606 364 619 256 619 text 0
375 623 413 623 413 634 375 634 text 0
302 623 361 623 361 634 302 634 text 0