130 109 160 109 160 116 130 116 text 0
179 109 246 109 246 116 179 116 text 0
377 109 411 109 411 116 377 116 text 0
426 108 461 108 461 116 426 116 text 0
268 108 359 108 359 116 268 116 text 0
193 119 224 119 224 127 193 127 text 0
294 118 408 118 408 127 294 127 text 0
241 119 274 119 274 127 241 127 text 0
145 129 212 129 212 137 145 137 text 0
93 130 122 130 122 137 93 137 text 0
228 130 238 130 238 137 228 137 text 0
352 129 411 129 411 137 352 137 text 0
427 129 461 129 461 137 427 137 text 0
475 129 487 129 487 137 475 137 text 0
254 129 333 129 333 137 254 137 text 0
376 140 474 140 474 147 376 147 text 0
105 140 188 140 188 147 105 147 text 0
204 140 361 140 361 147 204 147 text 0
118 150 174 150 174 158 118 158 text 0
252 150 363 150 363 158 252 158 text 0
191 150 236 150 236 158 191 158 text 0
389 150 487 150 487 158 389 158 text 0
144 160 187 160 187 168 144 168 text 0
206 160 225 160 225 168 206 168 text 0
241 161 262 161 262 168 241 168 text 0
282 161 446 161 446 169 282 169 text 0
243 171 274 171 274 179 243 179 text 0
291 171 346 171 346 180 291 180 text 0
214 181 261 181 261 189 214 189 text 0
278 182 373 182 373 189 278 189 text 0
167 202 289 202 289 210 167 210 text 0
389 202 477 202 477 210 389 210 text 0
527 202 551 202 551 210 527 210 text 0
55 203 151 203 151 210 55 210 text 0
303 202 374 202 374 210 303 210 text 0
143 213 188 213 188 220 143 220 text 0
57 213 102 213 102 221 57 221 text 0
55 223 138 223 138 231 55 231 text 0
377 224 437 224 437 232 377 232 text 0
351 224 364 224 364 232 351 232 text 0
328 224 336 224 336 232 328 232 text 0
464 224 525 224 525 232 464 232 text 0
240 234 337 234 337 242 240 242 text 0
57 234 97 234 97 241 57 241 text 0
355 234 436 234 436 242 355 242 text 0
117 234 226 234 226 242 117 242 text 0
526 234 550 234 550 242 526 242 text 0
56 244 102 244 102 252 56 252 text 0
145 245 164 245 164 252 145 252 text 0
380 255 437 255 437 263 380 263 text 0
55 255 212 255 212 263 55 263 text 0
353 254 363 254 363 263 353 263 text 0
463 255 524 255 524 263 463 263 text 0
327 255 337 255 337 263 327 263 text 0
55 266 126 266 126 274 55 274 text 0
143 266 249 266 249 274 143 274 text 0
527 266 550 266 550 274 527 274 text 0
205 276 225 276 225 283 205 283 text 0
56 276 163 276 163 283 56 283 text 0
351 287 364 287 364 295 351 295 text 0
477 287 526 287 526 295 477 295 text 0
55 287 138 287 138 295 55 295 text 0
390 287 437 287 437 295 390 295 text 0
330 287 337 287 337 295 330 295 text 0
118 297 152 297 152 304 118 304 text 0
217 297 274 297 274 304 217 304 text 0
55 297 97 297 97 304 55 304 text 0
527 297 550 297 550 305 527 305 text 0
167 297 200 297 200 304 167 304 text 0
290 297 373 297 373 305 290 305 text 0
56 308 175 308 175 315 56 315 text 0
219 308 286 308 286 316 219 316 text 0
352 318 363 318 363 325 352 325 text 0
475 318 524 318 524 326 475 326 text 0
330 318 337 318 337 326 330 326 text 0
55 318 212 318 212 326 55 326 text 0
390 318 436 318 436 325 390 325 text 0
291 328 322 328 322 336 291 336 text 0
340 329 388 329 388 337 340 337 text 0
205 329 276 329 276 336 205 336 text 0
130 329 188 329 188 336 130 336 text 0
527 329 551 329 551 337 527 337 text 0
54 329 115 329 115 337 54 337 text 0
56 339 99 339 99 347 56 347 text 0
145 339 214 339 214 348 145 348 text 0
353 348 365 348 365 357 353 357 text 0
478 348 526 348 526 357 478 357 text 0
392 349 438 349 438 356 392 356 text 0
55 349 139 349 139 357 55 357 text 0
332 350 338 350 338 358 332 358 text 0
527 360 550 360 550 368 527 368 text 0
180 360 212 360 212 368 180 368 text 0
129 360 164 360 164 368 129 368 text 0
57 360 115 360 115 368 57 368 text 0
168 371 188 371 188 379 168 379 text 0
57 371 128 371 128 379 57 379 text 0
352 381 363 381 363 389 352 389 text 0
378 381 438 381 438 389 378 389 text 0
465 380 526 380 526 389 465 389 text 0
55 381 139 381 139 389 55 389 text 0
331 381 337 381 337 389 331 389 text 0
254 391 313 391 313 399 254 399 text 0
168 391 239 391 239 399 168 399 text 0
527 391 550 391 550 399 527 399 text 0
57 392 152 392 152 399 57 399 text 0
56 402 102 402 102 410 56 410 text 0
144 401 213 401 213 410 144 410 text 0
391 412 438 412 438 420 391 420 text 0
353 412 365 412 365 421 353 421 text 0
478 412 525 412 525 420 478 420 text 0
332 412 337 412 337 420 332 420 text 0
55 413 139 413 139 421 55 421 text 0
181 433 188 433 188 441 181 441 text 0
539 433 550 433 550 441 539 441 text 0
427 433 498 433 498 442 427 442 text 0
57 433 139 433 139 441 57 441 text 0
479 453 550 453 550 461 479 461 text 0
440 453 463 453 463 461 440 461 text 0
133 453 176 453 176 462 133 462 text 0
204 454 276 454 276 462 204 462 text 0
57 454 113 454 113 462 57 462 text 0
480 464 548 464 548 472 480 472 text 0
439 464 462 464 462 472 439 472 text 0
56 465 104 465 104 473 56 473 text 0
465 474 487 474 487 482 465 482 text 0
502 474 548 474 548 482 502 482 text 0
56 475 128 475 128 483 56 483 text 0
404 496 486 496 486 505 404 505 text 0
278 496 360 496 360 505 278 505 text 0
56 496 86 496 86 504 56 504 text 0
106 496 189 496 189 504 106 504 text 0
465 506 512 506 512 514 465 514 text 0
320 506 388 506 388 514 320 514 text 0
107 506 153 506 153 514 107 514 text 0
56 507 90 507 90 514 56 514 text 0
391 538 413 538 413 545 391 545 text 0
428 538 550 538 550 546 428 546 text 0
171 538 227 538 227 546 171 546 text 0
241 538 288 538 288 546 241 546 text 0
304 538 353 538 353 546 304 546 text 0
59 538 154 538 154 546 59 546 text 0
268 548 351 548 351 556 268 556 text 0
169 548 252 548 252 556 169 556 text 0
56 549 153 549 153 557 56 557 text 0
219 569 228 569 228 577 219 577 text 0
392 569 463 569 463 577 392 577 text 0
293 570 376 570 376 578 293 578 text 0
244 570 277 570 277 578 244 578 text 0
131 570 203 570 203 578 131 578 text 0
317 580 401 580 401 588 317 588 text 0
255 580 303 580 303 587 255 587 text 0
207 580 240 580 240 587 207 587 text 0
181 580 189 580 189 588 181 588 text 0
366 591 439 591 439 599 366 599 text 0
158 591 252 591 252 599 158 599 text 0
305 591 353 591 353 599 305 599 text 0
269 591 289 591 289 598 269 598 text 0