110 75 202 75 202 85 110 85 text 0
330 75 399 75 399 84 330 84 text 0
216 75 317 75 317 85 216 85 text 0
410 75 517 75 517 85 410 85 text 0
230 86 399 86 399 96 230 96 text 0
271 101 342 101 342 109 271 109 text 0
175 101 218 101 218 109 175 109 text 0
227 101 264 101 264 109 227 109 text 0
352 101 454 101 454 109 352 109 text 0
157 115 220 115 220 123 157 123 text 0
344 115 477 115 477 123 344 123 text 0
229 115 334 115 334 123 229 123 text 0
98 136 138 136 138 144 98 144 text 0
159 136 297 136 297 145 159 145 text 0
329 136 370 136 370 145 329 145 text 0
393 137 531 137 531 145 393 145 text 0
187 151 233 151 233 159 187 159 text 0
243 151 263 151 263 159 243 159 text 0
283 151 440 151 440 159 283 159 text 0
291 168 393 168 393 176 291 176 text 0
235 168 282 168 282 177 235 177 text 0
29 180 55 180 55 188 29 188 text 0
64 180 89 180 89 188 64 188 text 0
29 195 82 195 82 203 29 203 text 0
89 195 155 195 155 203 89 203 text 0
162 196 224 196 224 204 162 204 text 0
233 196 379 196 379 204 233 204 text 0
90 208 159 208 159 215 90 215 text 0
168 209 233 209 233 216 168 216 text 0
30 208 63 208 63 216 30 216 text 0
72 208 81 208 81 216 72 216 text 0
241 209 252 209 252 216 241 216 text 0
29 220 107 220 107 228 29 228 text 0
116 220 177 220 177 228 116 228 text 0
185 220 248 220 248 229 185 229 text 0
29 234 128 234 128 242 29 242 text 0
137 234 264 234 264 242 137 242 text 0
29 248 167 248 167 256 29 256 text 0
80 258 111 258 111 268 80 268 text 0
195 261 332 261 332 269 195 269 text 0
484 260 600 260 600 270 484 270 text 0
46 263 71 263 71 269 46 269 text 0
413 262 466 262 466 270 413 270 text 0
27 275 107 275 107 283 27 283 text 0
197 275 259 275 259 283 197 283 text 0
410 276 463 276 463 284 410 284 text 0
487 276 573 276 573 284 487 284 text 0
28 290 155 290 155 300 28 300 text 0
419 291 464 291 464 299 419 299 text 0
362 312 418 312 418 320 362 320 text 0
481 312 538 312 538 320 481 320 text 0
26 321 67 321 67 328 26 328 text 0
266 321 331 321 331 329 266 329 text 0
357 321 423 321 423 329 357 329 text 0
463 321 535 321 535 329 463 329 text 0
197 321 230 321 230 330 197 330 text 0
571 322 605 322 605 329 571 329 text 0
29 333 90 333 90 340 29 340 text 0
280 333 318 333 318 340 280 340 text 0
188 333 235 333 235 341 188 341 text 0
371 334 408 334 408 341 371 341 text 0
477 334 537 334 537 341 477 341 text 0
577 334 602 334 602 341 577 341 text 0
28 346 78 346 78 353 28 353 text 0
86 346 146 346 146 354 86 354 text 0
364 362 386 362 386 367 364 367 text 0
30 361 93 361 93 368 30 368 text 0
273 361 293 361 293 368 273 368 text 0
301 362 322 362 322 368 301 368 text 0
208 363 215 363 215 369 208 369 text 0
489 363 537 363 537 370 489 370 text 0
580 363 604 363 604 370 580 370 text 0
30 375 86 375 86 382 30 382 text 0
94 375 156 375 156 382 94 382 text 0
165 375 191 375 191 383 165 383 text 0
56 388 107 388 107 397 56 397 text 0
185 389 238 389 238 397 185 397 text 0
471 389 541 389 541 398 471 398 text 0
114 388 153 388 153 399 114 399 text 0
112 412 161 412 161 420 112 420 text 0
171 412 222 412 222 420 171 420 text 0
471 413 540 413 540 420 471 420 text 0
232 412 335 412 335 422 232 422 text 0
343 413 397 413 397 422 343 422 text 0
308 428 398 428 398 437 308 437 text 0
497 429 540 429 540 437 497 437 text 0
296 445 397 445 397 454 296 454 text 0
483 447 540 447 540 454 483 454 text 0
495 463 540 463 540 471 495 471 text 0
303 462 397 462 397 472 303 472 text 0
68 478 122 478 122 486 68 486 text 0
132 479 191 479 191 487 132 487 text 0
316 479 335 479 335 487 316 487 text 0
470 479 540 479 540 487 470 487 text 0
199 478 308 478 308 488 199 488 text 0
344 479 399 479 399 489 344 489 text 0
333 495 397 495 397 504 333 504 text 0
470 496 540 496 540 504 470 504 text 0
497 509 540 509 540 517 497 517 text 0
312 509 398 509 398 519 312 519 text 0
68 538 115 538 115 546 68 546 text 0
125 538 245 538 245 546 125 546 text 0
72 554 111 554 111 562 72 562 text 0
120 554 178 554 178 562 120 562 text 0
244 555 262 555 262 563 244 563 text 0
324 555 415 555 415 564 324 564 text 0
481 556 579 556 579 564 481 564 text 0
74 567 103 567 103 575 74 575 text 0
246 567 257 567 257 575 246 575 text 0
357 568 426 568 426 575 357 575 text 0
520 567 578 567 578 576 520 576 text 0
204 581 259 581 259 589 204 589 text 0
355 582 388 582 388 589 355 589 text 0
399 582 424 582 424 589 399 589 text 0
521 582 579 582 579 590 521 590 text 0
64 606 139 606 139 612 64 612 text 0
147 606 199 606 199 613 147 613 text 0
206 607 246 607 246 614 206 614 text 0
252 607 294 607 294 613 252 613 text 0
303 607 430 607 430 614 303 614 text 0
442 607 507 607 507 614 442 614 text 0
516 607 557 607 557 614 516 614 text 0