50 59 176 59 176 72 50 72 text 0
187 60 418 60 418 73 187 73 text 0
429 60 528 60 528 73 429 73 text 0
52 79 87 79 87 86 52 86 text 0
208 79 270 79 270 86 208 86 text 0
349 79 417 79 417 87 349 87 text 0
427 79 441 79 441 87 427 87 text 0
282 79 343 79 343 87 282 87 text 0
96 79 200 79 200 88 96 88 text 0
449 80 518 80 518 89 449 89 text 0
50 90 115 90 115 98 50 98 text 0
124 90 186 90 186 97 124 97 text 0
191 90 247 90 247 97 191 97 text 0
51 102 115 102 115 110 51 110 text 0
269 102 382 102 382 109 269 109 text 0
393 103 443 103 443 110 393 110 text 0
124 102 245 102 245 112 124 112 text 0
51 115 87 115 87 122 51 122 text 0
220 116 271 116 271 123 220 123 text 0
97 115 212 115 212 123 97 123 text 0
74 123 94 123 94 135 74 135 text 0
52 127 86 127 86 133 52 133 text 0
99 127 122 127 122 133 99 133 text 0
133 127 165 127 165 135 133 135 text 0
179 127 332 127 332 135 179 135 text 0
492 132 607 132 607 141 492 141 text 0
427 132 483 132 483 141 427 141 text 0
41 140 103 140 103 146 41 146 text 0
109 140 132 140 132 149 109 149 text 0
111 150 184 150 184 157 111 157 text 0
238 150 276 150 276 157 238 157 text 0
41 150 104 150 104 157 41 157 text 0
190 151 229 151 229 157 190 157 text 0
284 150 386 150 386 159 284 159 text 0
198 175 308 175 308 182 198 182 text 0
117 175 191 175 191 182 117 182 text 0
45 175 108 175 108 182 45 182 text 0
60 202 76 202 76 209 60 209 text 0
285 201 421 201 421 209 285 209 text 0
430 202 503 202 503 209 430 209 text 0
511 202 563 202 563 209 511 209 text 0
569 202 612 202 612 209 569 209 text 0
87 202 199 202 199 209 87 209 text 0
284 213 358 213 358 220 284 220 text 0
87 226 199 226 199 234 87 234 text 0
498 227 543 227 543 234 498 234 text 0
574 227 600 227 600 234 574 234 text 0
251 242 291 242 291 249 251 249 text 0
33 242 85 242 85 250 33 250 text 0
92 242 145 242 145 250 92 250 text 0
152 242 240 242 240 250 152 250 text 0
297 242 354 242 354 251 297 251 text 0
499 243 543 243 543 251 499 251 text 0
254 255 340 255 340 263 254 263 text 0
498 257 543 257 543 264 498 264 text 0
250 273 300 273 300 281 250 281 text 0
500 274 546 274 546 282 500 282 text 0
253 286 315 286 315 294 253 294 text 0
325 286 356 286 356 296 325 296 text 0
499 288 547 288 547 296 499 296 text 0
305 306 356 306 356 314 305 314 text 0
254 306 299 306 299 314 254 314 text 0
502 308 547 308 547 315 502 315 text 0
252 330 307 330 307 337 252 337 text 0
502 332 547 332 547 340 502 340 text 0
252 343 338 343 338 350 252 350 text 0
499 345 547 345 547 352 499 352 text 0
35 361 77 361 77 369 35 369 text 0
267 361 397 361 397 371 267 371 text 0
84 362 181 362 181 372 84 372 text 0
496 362 583 362 583 371 496 371 text 0
99 375 134 375 134 383 99 383 text 0
353 375 398 375 398 382 353 382 text 0
35 375 63 375 63 382 35 382 text 0
540 376 583 376 583 383 540 383 text 0
70 375 91 375 91 384 70 384 text 0
35 410 72 410 72 417 35 417 text 0
83 410 118 410 118 417 83 417 text 0
139 410 297 410 297 417 139 417 text 0
333 410 392 410 392 418 333 418 text 0
416 410 534 410 534 419 416 419 text 0
74 472 147 472 147 479 74 479 text 0
155 472 200 472 200 479 155 479 text 0
296 472 422 472 422 480 296 480 text 0
431 472 448 472 448 480 431 480 text 0
455 472 587 472 587 480 455 480 text 0
253 473 289 473 289 479 253 479 text 0
208 475 244 475 244 480 208 480 text 0
125 495 206 495 206 501 125 501 text 0
213 495 262 495 262 501 213 501 text 0
269 495 313 495 313 501 269 501 text 0
322 495 389 495 389 501 322 501 text 0
395 495 539 495 539 502 395 502 text 0
209 508 290 508 290 515 209 515 text 0
297 508 367 508 367 515 297 515 text 0
375 508 456 508 456 515 375 515 text 0
127 532 219 532 219 538 127 538 text 0
227 532 293 532 293 538 227 538 text 0
319 532 367 532 367 538 319 538 text 0
483 532 533 532 533 538 483 538 text 0
376 532 475 532 475 538 376 538 text 0
110 554 191 554 191 561 110 561 text 0
204 554 254 554 254 561 204 561 text 0
264 554 311 554 311 561 264 561 text 0
560 554 587 554 587 562 560 562 text 0
320 554 413 554 413 562 320 562 text 0
421 554 466 554 466 562 421 562 text 0
473 554 551 554 551 562 473 562 text 0
61 567 183 567 183 575 61 575 text 0
260 568 305 568 305 575 260 575 text 0
318 568 343 568 343 575 318 575 text 0
351 568 465 568 465 575 351 575 text 0
192 568 252 568 252 575 192 575 text 0
473 570 606 570 606 576 473 576 text 0
260 582 367 582 367 589 260 589 text 0
213 603 231 603 231 611 213 611 text 0
241 603 361 603 361 611 241 611 text 0
100 603 175 603 175 611 100 611 text 0
183 606 205 606 205 611 183 611 text 0
369 604 567 604 567 613 369 613 text 0