248 134 297 134 297 145 248 145 text 0
311 133 348 133 348 145 311 145 text 0
367 133 488 133 488 145 367 145 text 0
171 134 234 134 234 146 171 146 text 0
134 134 157 134 157 146 134 146 text 0
378 151 427 151 427 163 378 163 text 0
441 152 451 152 451 162 441 162 text 0
170 152 207 152 207 164 170 164 text 0
222 152 268 152 268 164 222 164 text 0
287 152 357 152 357 167 287 167 text 0
325 170 387 170 387 182 325 182 text 0
403 170 466 170 466 182 403 182 text 0
159 171 222 171 222 183 159 183 text 0
235 171 307 171 307 186 235 186 text 0
351 190 453 190 453 202 351 202 text 0
185 191 248 191 248 202 185 202 text 0
260 189 333 189 333 205 260 205 text 0
352 208 401 208 401 221 352 221 text 0
238 209 337 209 337 221 238 221 text 0
160 228 196 228 196 240 160 240 text 0
260 228 286 228 286 240 260 240 text 0
211 229 244 229 244 241 211 241 text 0
324 229 478 229 478 241 324 241 text 0
315 267 506 267 506 279 315 279 text 0
249 267 273 267 273 279 249 279 text 0
146 267 234 267 234 280 146 280 text 0
69 304 158 304 158 317 69 317 text 0
287 304 363 304 363 317 287 317 text 0
480 305 581 305 581 317 480 317 text 0
135 342 237 342 237 354 135 354 text 0
71 343 120 343 120 354 71 354 text 0
326 343 413 343 413 355 326 355 text 0
248 343 313 343 313 355 248 355 text 0
467 343 556 343 556 355 467 355 text 0
569 347 582 347 582 356 569 356 text 0
96 362 119 362 119 373 96 373 text 0
134 362 146 362 146 373 134 373 text 0
161 362 183 362 183 374 161 374 text 0
200 362 261 362 261 374 200 374 text 0
69 399 131 399 131 411 69 411 text 0
147 400 209 400 209 412 147 412 text 0
427 400 453 400 453 411 427 411 text 0
226 400 350 400 350 412 226 412 text 0
364 401 412 401 412 412 364 412 text 0
494 400 555 400 555 412 494 412 text 0
338 419 416 419 416 431 338 431 text 0
428 419 452 419 452 431 428 431 text 0
492 419 555 419 555 432 492 432 text 0
338 438 415 438 415 450 338 450 text 0
429 438 454 438 454 450 429 450 text 0
518 439 556 439 556 451 518 451 text 0
69 475 108 475 108 487 69 487 text 0
274 476 399 476 399 488 274 488 text 0
479 476 566 476 566 488 479 488 text 0
120 475 209 475 209 491 120 491 text 0
120 495 146 495 146 507 120 507 text 0
338 495 402 495 402 507 338 507 text 0
67 498 79 498 79 506 67 506 text 0
532 496 568 496 568 508 532 508 text 0
209 552 256 552 256 564 209 564 text 0
274 552 349 552 349 564 274 564 text 0
133 552 195 552 195 564 133 564 text 0
364 556 412 556 412 564 364 564 text 0
429 553 490 553 490 567 429 567 text 0
135 571 170 571 170 582 135 582 text 0
290 571 322 571 322 583 290 583 text 0
187 572 272 572 272 584 187 584 text 0
67 571 119 571 119 585 67 585 text 0
479 573 565 573 565 584 479 584 text 0
340 572 464 572 464 586 340 586 text 0