197 50 254 50 254 60 197 60 text 0
267 50 338 50 338 60 267 60 text 0
351 50 388 50 388 60 351 60 text 0
400 50 435 50 435 60 400 60 text 0
258 62 373 62 373 74 258 74 text 0
185 85 276 85 276 96 185 96 text 0
304 86 446 86 446 97 304 97 text 0
268 97 327 97 327 108 268 108 text 0
232 97 253 97 253 108 232 108 text 0
196 97 218 97 218 108 196 108 text 0
340 97 435 97 435 108 340 108 text 0
245 109 302 109 302 120 245 120 text 0
316 109 384 109 384 120 316 120 text 0
208 121 266 121 266 132 208 132 text 0
280 121 339 121 339 132 280 132 text 0
353 122 424 122 424 132 353 132 text 0
195 133 230 133 230 144 195 144 text 0
244 133 287 133 287 144 244 144 text 0
304 134 447 134 447 145 304 145 text 0
304 158 388 158 388 179 304 179 text 0
256 158 291 158 291 179 256 179 text 0
85 192 142 192 142 204 85 204 text 0
170 192 400 192 400 204 170 204 text 0
352 204 409 204 409 215 352 215 text 0
425 205 523 205 523 215 425 215 text 0
352 216 411 216 411 227 352 227 text 0
440 217 486 217 486 227 440 227 text 0
85 228 153 228 153 238 85 238 text 0
170 228 278 228 278 238 170 238 text 0
352 228 422 228 422 239 352 239 text 0
498 229 557 229 557 240 498 240 text 0
83 252 219 252 219 264 83 264 text 0
438 252 508 252 508 263 438 263 text 0
521 252 547 252 547 264 521 264 text 0
85 288 180 288 180 297 85 297 text 0
194 287 277 287 277 298 194 298 text 0
291 288 326 288 326 298 291 298 text 0
339 288 435 288 435 298 339 298 text 0
121 299 131 299 131 309 121 309 text 0
182 299 192 299 192 309 182 309 text 0
206 299 276 299 276 310 206 310 text 0
438 299 508 299 508 310 438 310 text 0
533 300 568 300 568 310 533 310 text 0
146 302 168 302 168 311 146 311 text 0
85 334 142 334 142 345 85 345 text 0
157 335 181 335 181 345 157 345 text 0
315 335 350 335 350 345 315 345 text 0
364 335 387 335 387 345 364 345 text 0
195 334 301 334 301 346 195 346 text 0
438 335 508 335 508 345 438 345 text 0
195 347 238 347 238 359 195 359 text 0
461 347 507 347 507 358 461 358 text 0
84 346 180 346 180 358 84 358 text 0
84 358 141 358 141 369 84 369 text 0
158 358 243 358 243 369 158 369 text 0
437 358 468 358 468 369 437 369 text 0
477 359 507 359 507 369 477 369 text 0
84 382 132 382 132 393 84 393 text 0
425 383 510 383 510 393 425 393 text 0
84 418 118 418 118 428 84 428 text 0
241 417 265 417 265 429 241 429 text 0
146 418 168 418 168 428 146 428 text 0
329 418 399 418 399 428 329 428 text 0
449 418 508 418 508 429 449 429 text 0
147 429 201 429 201 440 147 440 text 0
218 430 253 430 253 440 218 440 text 0
84 430 128 430 128 440 84 440 text 0
437 431 507 431 507 441 437 441 text 0
134 453 156 453 156 463 134 463 text 0
85 453 109 453 109 464 85 464 text 0
170 453 229 453 229 464 170 464 text 0
495 454 508 454 508 465 495 465 text 0
146 499 207 499 207 510 146 510 text 0
280 500 352 500 352 511 280 511 text 0
425 501 494 501 494 513 425 513 text 0
365 502 412 502 412 511 365 511 text 0
218 502 263 502 263 512 218 512 text 0
152 587 501 587 501 599 152 599 text 0