276 51 314 51 314 61 276 61 text 0
230 51 263 51 263 61 230 61 text 0
326 52 357 52 357 61 326 61 text 0
367 51 395 51 395 63 367 63 text 0
244 65 311 65 311 75 244 75 text 0
338 65 395 65 395 75 338 75 text 0
411 65 423 65 423 77 411 77 text 0
193 67 223 67 223 75 193 75 text 0
217 80 253 80 253 90 217 90 text 0
265 80 336 80 336 91 265 91 text 0
350 80 404 80 404 90 350 90 text 0
301 93 348 93 348 104 301 104 text 0
204 93 288 93 288 104 204 104 text 0
362 95 428 95 428 105 362 105 text 0
145 108 194 108 194 116 145 116 text 0
217 108 275 108 275 116 217 116 text 0
291 110 354 110 354 119 291 119 text 0
374 110 469 110 469 119 374 119 text 0
240 121 385 121 385 131 240 131 text 0
268 136 428 136 428 154 268 154 text 0
174 137 235 137 235 154 174 154 text 0
481 171 506 171 506 181 481 181 text 0
23 171 59 171 59 181 23 181 text 0
410 171 469 171 469 181 410 181 text 0
171 172 252 172 252 182 171 182 text 0
283 172 396 172 396 182 283 182 text 0
167 186 191 186 191 195 167 195 text 0
223 186 299 186 299 195 223 195 text 0
23 185 103 185 103 197 23 197 text 0
120 187 143 187 143 196 120 196 text 0
397 186 442 186 442 196 397 196 text 0
23 200 106 200 106 209 23 209 text 0
168 200 252 200 252 209 168 209 text 0
73 213 97 213 97 223 73 223 text 0
25 213 58 213 58 223 25 223 text 0
471 241 505 241 505 251 471 251 text 0
386 241 455 241 455 251 386 251 text 0
252 241 335 241 335 251 252 251 text 0
25 241 71 241 71 251 25 251 text 0
180 242 215 242 215 252 180 252 text 0
205 269 215 269 215 278 205 278 text 0
483 269 505 269 505 279 483 279 text 0
25 269 130 269 130 279 25 279 text 0
290 269 336 269 336 279 290 279 text 0
411 270 456 270 456 279 411 279 text 0
23 283 106 283 106 294 23 294 text 0
23 297 131 297 131 307 23 307 text 0
281 298 335 298 335 307 281 307 text 0
402 297 458 297 458 307 402 307 text 0
484 297 506 297 506 307 484 307 text 0
207 297 214 297 214 307 207 307 text 0
23 311 58 311 58 321 23 321 text 0
130 311 214 311 214 320 130 320 text 0
71 311 116 311 116 321 71 321 text 0
229 311 240 311 240 321 229 321 text 0
22 337 117 337 117 348 22 348 text 0
445 339 505 339 505 349 445 349 text 0
25 366 82 366 82 377 25 377 text 0
447 367 505 367 505 377 447 377 text 0
23 395 237 395 237 414 23 414 text 0
387 395 505 395 505 414 387 414 text 0
44 416 78 416 78 425 44 425 text 0
97 415 192 415 192 426 97 426 text 0
206 416 239 416 239 426 206 426 text 0
447 416 503 416 503 426 447 426 text 0
483 430 505 430 505 439 483 439 text 0
460 431 469 431 469 438 460 438 text 0
23 457 103 457 103 467 23 467 text 0
119 458 196 458 196 466 119 466 text 0
23 471 59 471 59 481 23 481 text 0
448 471 506 471 506 481 448 481 text 0
23 485 70 485 70 494 23 494 text 0
459 485 506 485 506 494 459 494 text 0
84 488 154 488 154 496 84 496 text 0
27 513 58 513 58 521 27 521 text 0
72 513 155 513 155 523 72 523 text 0
27 526 58 526 58 535 27 535 text 0
72 526 119 526 119 535 72 535 text 0
143 526 156 526 156 536 143 536 text 0
204 525 335 525 335 537 204 537 text 0
414 527 505 527 505 537 414 537 text 0
23 553 47 553 47 563 23 563 text 0
277 553 335 553 335 563 277 563 text 0
143 553 156 553 156 563 143 563 text 0
462 554 507 554 507 564 462 564 text 0
257 582 311 582 311 591 257 591 text 0
327 583 362 583 362 591 327 591 text 0
205 595 277 595 277 605 205 605 text 0
290 595 336 595 336 605 290 605 text 0
349 596 409 596 409 606 349 606 text 0