178 87 287 87 287 98 178 98 text 0
302 87 341 87 341 98 302 98 text 0
355 87 421 87 421 98 355 98 text 0
220 102 366 102 366 113 220 113 text 0
192 118 257 118 257 129 192 129 text 0
110 118 170 118 170 129 110 129 text 0
273 118 408 118 408 129 273 129 text 0
424 118 482 118 482 129 424 129 text 0
153 117 176 117 176 132 153 132 text 0
232 133 312 133 312 144 232 144 text 0
330 133 423 133 423 144 330 144 text 0
77 133 175 133 175 144 77 144 text 0
439 134 525 134 525 145 439 145 text 0
193 135 211 135 211 145 193 145 text 0
150 149 218 149 218 160 150 160 text 0
231 149 319 149 319 160 231 160 text 0
342 149 448 149 448 160 342 160 text 0
302 164 464 164 464 175 302 175 text 0
135 164 175 164 175 175 135 175 text 0
247 164 281 164 281 175 247 175 text 0
190 165 230 165 230 175 190 175 text 0
139 196 215 196 215 207 139 207 text 0
254 196 436 196 436 207 254 207 text 0
275 233 377 233 377 245 275 245 text 0
153 233 244 233 244 245 153 245 text 0
83 233 131 233 131 245 83 245 text 0
32 233 68 233 68 244 32 244 text 0
397 233 488 233 488 244 397 244 text 0
152 250 287 250 287 261 152 261 text 0
303 250 409 250 409 262 303 262 text 0
26 251 81 251 81 262 26 262 text 0
451 282 514 282 514 293 451 293 text 0
328 282 424 282 424 294 328 294 text 0
535 282 574 282 574 294 535 294 text 0
28 283 181 283 181 293 28 293 text 0
233 282 273 282 273 294 233 294 text 0
32 312 68 312 68 323 32 323 text 0
86 313 116 313 116 325 86 325 text 0
218 328 230 328 230 339 218 339 text 0
549 328 574 328 574 339 549 339 text 0
465 328 519 328 519 339 465 339 text 0
343 329 398 329 398 340 343 340 text 0
244 332 256 332 256 338 244 338 text 0
28 344 80 344 80 355 28 355 text 0
101 345 130 345 130 356 101 356 text 0
466 360 519 360 519 370 466 370 text 0
342 360 396 360 396 371 342 371 text 0
549 360 574 360 574 371 549 371 text 0
222 360 231 360 231 371 222 371 text 0
246 363 260 363 260 371 246 371 text 0
29 375 79 375 79 386 29 386 text 0
96 376 148 376 148 387 96 387 text 0
218 392 230 392 230 402 218 402 text 0
465 391 519 391 519 402 465 402 text 0
546 392 571 392 571 402 546 402 text 0
343 392 397 392 397 403 343 403 text 0
246 394 258 394 258 402 246 402 text 0
109 422 159 422 159 433 109 433 text 0
31 422 90 422 90 433 31 433 text 0
179 422 189 422 189 433 179 433 text 0
519 438 570 438 570 448 519 448 text 0
31 438 90 438 90 449 31 449 text 0
259 438 320 438 320 449 259 449 text 0
115 438 245 438 245 449 115 449 text 0
27 453 66 453 66 464 27 464 text 0
520 453 574 453 574 464 520 464 text 0
195 453 253 453 253 464 195 464 text 0
83 453 177 453 177 464 83 464 text 0
261 468 283 468 283 479 261 479 text 0
112 468 243 468 243 479 112 479 text 0
29 469 90 469 90 479 29 479 text 0
520 468 573 468 573 479 520 479 text 0
299 468 361 468 361 479 299 479 text 0
30 483 179 483 179 495 30 495 text 0
469 484 572 484 572 495 469 495 text 0
27 515 81 515 81 526 27 526 text 0
519 515 571 515 571 526 519 526 text 0
26 561 66 561 66 571 26 571 text 0
83 560 176 560 176 572 83 572 text 0
481 562 517 562 517 573 481 573 text 0
297 562 377 562 377 572 297 572 text 0
524 562 565 562 565 573 524 573 text 0
387 562 431 562 431 573 387 573 text 0
207 577 240 577 240 588 207 588 text 0
29 577 55 577 55 588 29 588 text 0
170 576 191 576 191 588 170 588 text 0
383 577 430 577 430 587 383 587 text 0
518 577 571 577 571 587 518 587 text 0