186 60 419 60 419 73 186 73 text 0
430 60 529 60 529 73 430 73 text 0
50 59 176 59 176 75 50 75 text 0
55 79 88 79 88 86 55 86 text 0
210 79 272 79 272 87 210 87 text 0
281 79 341 79 341 87 281 87 text 0
349 81 417 81 417 88 349 88 text 0
96 80 200 80 200 89 96 89 text 0
427 81 442 81 442 88 427 88 text 0
449 80 517 80 517 89 449 89 text 0
123 90 184 90 184 97 123 97 text 0
191 90 247 90 247 97 191 97 text 0
51 89 116 89 116 98 51 98 text 0
51 101 115 101 115 108 51 108 text 0
269 102 384 102 384 109 269 109 text 0
391 102 443 102 443 109 391 109 text 0
125 101 246 101 246 110 125 110 text 0
52 113 88 113 88 121 52 121 text 0
98 113 213 113 213 121 98 121 text 0
220 113 270 113 270 121 220 121 text 0
101 124 124 124 124 131 101 131 text 0
52 124 91 124 91 131 52 131 text 0
133 125 165 125 165 132 133 132 text 0
179 125 332 125 332 133 179 133 text 0
426 130 484 130 484 139 426 139 text 0
492 130 607 130 607 139 492 139 text 0
42 137 104 137 104 144 42 144 text 0
109 137 141 137 141 146 109 146 text 0
43 147 106 147 106 154 43 154 text 0
238 147 276 147 276 154 238 154 text 0
111 148 184 148 184 153 111 153 text 0
192 148 230 148 230 153 192 153 text 0
284 148 386 148 386 156 284 156 text 0
45 170 108 170 108 178 45 178 text 0
198 171 306 171 306 179 198 179 text 0
117 171 191 171 191 179 117 179 text 0
86 198 194 198 194 206 86 206 text 0
60 199 77 199 77 207 60 207 text 0
283 199 370 199 370 207 283 207 text 0
413 199 476 199 476 206 413 206 text 0
378 199 406 199 406 207 378 207 text 0
519 199 556 199 556 206 519 206 text 0
485 199 510 199 510 206 485 206 text 0
285 210 347 210 347 217 285 217 text 0
351 210 410 210 410 217 351 217 text 0
419 209 589 209 589 220 419 220 text 0
88 222 199 222 199 230 88 230 text 0
497 224 542 224 542 231 497 231 text 0
573 224 601 224 601 231 573 231 text 0
32 237 82 237 82 244 32 244 text 0
151 237 239 237 239 244 151 244 text 0
94 237 145 237 145 244 94 244 text 0
248 238 288 238 288 245 248 245 text 0
298 237 352 237 352 245 298 245 text 0
496 238 541 238 541 245 496 245 text 0
253 251 341 251 341 259 253 259 text 0
496 251 541 251 541 258 496 258 text 0
249 268 301 268 301 275 249 275 text 0
500 270 545 270 545 277 500 277 text 0
252 281 314 281 314 288 252 288 text 0
323 280 355 280 355 291 323 291 text 0
500 283 545 283 545 290 500 290 text 0
254 299 354 299 354 306 254 306 text 0
497 302 545 302 545 309 497 309 text 0
252 324 306 324 306 331 252 331 text 0
489 326 544 326 544 333 489 333 text 0
251 337 336 337 336 344 251 344 text 0
499 338 542 338 542 345 499 345 text 0
35 354 76 354 76 361 35 361 text 0
84 355 179 355 179 364 84 364 text 0
267 354 398 354 398 364 267 364 text 0
494 355 583 355 583 364 494 364 text 0
36 367 61 367 61 374 36 374 text 0
96 367 131 367 131 374 96 374 text 0
70 367 88 367 88 375 70 375 text 0
540 368 583 368 583 376 540 376 text 0
354 368 400 368 400 375 354 375 text 0
36 401 72 401 72 408 36 408 text 0
81 401 117 401 117 408 81 408 text 0
136 401 295 401 295 408 136 408 text 0
179 412 297 412 297 422 179 422 text 0
35 414 93 414 93 421 35 421 text 0
31 426 81 426 81 433 31 433 text 0
180 427 194 427 194 435 180 435 text 0
93 427 133 427 133 436 93 436 text 0
36 444 81 444 81 451 36 451 text 0
271 444 285 444 285 451 271 451 text 0
412 445 462 445 462 453 412 453 text 0
85 445 138 445 138 453 85 453 text 0
474 446 551 446 551 453 474 453 text 0
562 446 589 446 589 453 562 453 text 0
179 445 262 445 262 454 179 454 text 0
293 445 400 445 400 454 293 454 text 0
151 478 196 478 196 485 151 485 text 0
74 478 146 478 146 485 74 485 text 0
429 478 447 478 447 485 429 485 text 0
292 478 420 478 420 485 292 485 text 0
250 478 287 478 287 485 250 485 text 0
454 478 587 478 587 485 454 485 text 0
204 480 240 480 240 484 204 484 text 0
122 499 204 499 204 506 122 506 text 0
268 499 313 499 313 505 268 505 text 0
209 499 260 499 260 505 209 505 text 0
320 499 387 499 387 506 320 506 text 0
394 499 538 499 538 506 394 506 text 0
205 512 286 512 286 519 205 519 text 0
296 512 365 512 365 519 296 519 text 0
373 512 454 512 454 519 373 519 text 0
123 535 215 535 215 542 123 542 text 0
223 535 289 535 289 542 223 542 text 0
315 535 363 535 363 542 315 542 text 0
372 535 470 535 470 542 372 542 text 0
483 535 532 535 532 542 483 542 text 0
198 556 253 556 253 564 198 564 text 0
258 556 308 556 308 564 258 564 text 0
107 556 189 556 189 564 107 564 text 0
318 557 411 557 411 564 318 564 text 0
418 558 463 558 463 565 418 565 text 0
558 558 585 558 585 565 558 565 text 0
473 558 550 558 550 565 473 565 text 0
188 570 248 570 248 578 188 578 text 0
59 570 181 570 181 578 59 578 text 0
256 571 301 571 301 578 256 578 text 0
349 571 462 571 462 578 349 578 text 0
315 571 340 571 340 578 315 578 text 0
468 571 603 571 603 578 468 578 text 0
256 585 363 585 363 592 256 592 text 0
96 605 171 605 171 612 96 612 text 0
240 605 348 605 348 612 240 612 text 0
210 605 229 605 229 612 210 612 text 0
181 607 203 607 203 613 181 613 text 0
364 606 562 606 562 616 364 616 text 0