366 36 482 36 482 54 366 54 text 0
123 37 332 37 332 55 123 55 text 0
221 60 294 60 294 80 221 80 text 0
338 61 420 61 420 79 338 79 text 0
460 61 544 61 544 79 460 79 text 0
95 62 165 62 165 79 95 79 text 0
311 85 438 85 438 94 311 94 text 0
247 85 282 85 282 94 247 94 text 0
174 85 222 85 222 94 174 94 text 0
309 99 500 99 500 108 309 108 text 0
247 99 282 99 282 108 247 108 text 0
113 99 168 99 168 109 113 109 text 0
186 99 228 99 228 109 186 109 text 0
490 112 559 112 559 122 490 122 text 0
427 113 469 113 469 122 427 122 text 0
232 113 327 113 327 123 232 123 text 0
353 114 408 114 408 121 353 121 text 0
140 113 211 113 211 122 140 122 text 0
48 114 74 114 74 122 48 122 text 0
94 114 114 114 114 123 94 123 text 0
398 127 514 127 514 136 398 136 text 0
187 128 256 128 256 137 187 137 text 0
95 128 165 128 165 137 95 137 text 0
280 128 364 128 364 138 280 138 text 0
353 142 410 142 410 151 353 151 text 0
278 142 335 142 335 151 278 151 text 0
202 142 259 142 259 151 202 151 text 0
279 156 440 156 440 165 279 165 text 0
186 157 225 157 225 165 186 165 text 0
445 184 590 184 590 193 445 193 text 0
369 186 423 186 423 194 369 194 text 0
293 186 350 186 350 195 293 195 text 0
35 185 152 185 152 195 35 195 text 0
174 185 243 185 243 195 174 195 text 0
447 200 533 200 533 209 447 209 text 0
337 200 424 200 424 209 337 209 text 0
36 201 185 201 185 210 36 210 text 0
312 228 500 228 500 237 312 237 text 0
172 228 228 228 228 237 172 237 text 0
248 228 284 228 284 237 248 237 text 0
66 230 152 230 152 238 66 238 text 0
308 242 424 242 424 252 308 252 text 0
112 243 168 243 168 252 112 252 text 0
189 243 284 243 284 253 189 253 text 0
462 272 544 272 544 280 462 280 text 0
37 272 197 272 197 281 37 281 text 0
262 301 318 301 318 309 262 309 text 0
39 301 181 301 181 310 39 310 text 0
203 300 241 300 241 310 203 310 text 0
583 314 595 314 595 323 583 323 text 0
492 314 563 314 563 323 492 323 text 0
188 316 245 316 245 325 188 325 text 0
82 315 138 315 138 325 82 325 text 0
492 328 564 328 564 338 492 338 text 0
158 330 274 330 274 340 158 340 text 0
48 330 138 330 138 340 48 340 text 0
493 357 563 357 563 366 493 366 text 0
262 358 288 358 288 367 262 367 text 0
309 358 353 358 353 367 309 367 text 0
127 358 154 358 154 367 127 367 text 0
176 358 239 358 239 367 176 367 text 0
35 359 104 359 104 368 35 368 text 0
477 371 564 371 564 381 477 381 text 0
36 373 91 373 91 382 36 382 text 0
539 401 564 401 564 410 539 410 text 0
39 402 92 402 92 411 39 411 text 0
112 402 181 402 181 411 112 411 text 0
509 414 562 414 562 424 509 424 text 0
444 414 485 414 485 424 444 424 text 0
341 414 394 414 394 425 341 425 text 0
34 416 79 416 79 425 34 425 text 0
233 416 317 416 317 424 233 424 text 0
95 416 197 416 197 425 95 425 text 0
508 429 565 429 565 438 508 438 text 0
327 429 396 429 396 439 327 439 text 0
65 431 78 431 78 439 65 439 text 0
35 430 48 430 48 440 35 440 text 0
95 431 124 431 124 440 95 440 text 0
492 459 563 459 563 468 492 468 text 0
35 459 103 459 103 469 35 469 text 0
124 459 227 459 227 470 124 470 text 0
401 488 491 488 491 498 401 498 text 0
325 488 383 488 383 497 325 497 text 0
204 488 308 488 308 498 204 498 text 0
172 488 185 488 185 498 172 498 text 0
127 489 155 489 155 499 127 499 text 0
386 502 519 502 519 512 386 512 text 0
262 503 368 503 368 512 262 512 text 0
110 503 155 503 155 512 110 512 text 0
171 503 244 503 244 512 171 512 text 0
447 517 517 517 517 526 447 526 text 0
370 517 427 517 427 526 370 526 text 0
263 517 351 517 351 526 263 526 text 0
186 518 238 518 238 527 186 527 text 0
95 518 168 518 168 527 95 527 text 0
232 532 440 532 440 542 232 542 text 0
170 535 222 535 222 542 170 542 text 0
401 546 489 546 489 555 401 555 text 0
309 546 382 546 382 556 309 556 text 0
186 547 289 547 289 556 186 556 text 0
124 547 165 547 165 558 124 558 text 0
186 561 491 561 491 572 186 572 text 0
125 565 176 565 176 571 125 571 text 0