72 122 106 122 106 132 72 132 text 0
122 122 155 122 155 132 122 132 text 0
171 122 229 122 229 132 171 132 text 0
242 122 326 122 326 132 242 132 text 0
340 122 459 122 459 132 340 132 text 0
473 123 508 123 508 132 473 132 text 0
520 123 555 123 555 133 520 133 text 0
246 136 373 136 373 147 246 147 text 0
148 151 205 151 205 160 148 160 text 0
218 151 251 151 251 160 218 160 text 0
449 150 484 150 484 160 449 160 text 0
375 150 434 150 434 160 375 160 text 0
497 150 555 150 555 160 497 160 text 0
74 150 128 150 128 160 74 160 text 0
268 150 359 150 359 161 268 161 text 0
171 163 229 163 229 172 171 172 text 0
351 164 456 164 456 173 351 173 text 0
242 163 334 163 334 174 242 174 text 0
149 176 192 176 192 187 149 187 text 0
268 177 291 177 291 186 268 186 text 0
327 176 481 176 481 187 327 187 text 0
207 177 250 177 250 188 207 188 text 0
171 190 239 190 239 200 171 200 text 0
270 191 432 191 432 199 270 199 text 0
84 202 191 202 191 213 84 213 text 0
219 203 263 203 263 213 219 213 text 0
98 217 300 217 300 227 98 227 text 0
363 217 443 217 443 227 363 227 text 0
462 217 531 217 531 227 462 227 text 0
317 231 410 231 410 241 317 241 text 0
186 231 303 231 303 241 186 241 text 0
75 231 121 231 121 241 75 241 text 0
185 245 217 245 217 254 185 254 text 0
230 245 315 245 315 255 230 255 text 0
72 245 157 245 157 255 72 255 text 0
425 245 503 245 503 256 425 256 text 0
450 271 506 271 506 281 450 281 text 0
523 271 555 271 555 281 523 281 text 0
75 271 107 271 107 282 75 282 text 0
145 272 277 272 277 282 145 282 text 0
439 299 485 299 485 308 439 308 text 0
113 299 121 299 121 309 113 309 text 0
497 299 519 299 519 308 497 308 text 0
387 299 401 299 401 308 387 308 text 0
75 311 170 311 170 321 75 321 text 0
183 313 229 313 229 321 183 321 text 0
427 325 484 325 484 335 427 335 text 0
497 325 519 325 519 335 497 335 text 0
115 326 122 326 122 334 115 334 text 0
387 325 402 325 402 335 387 335 text 0
123 338 206 338 206 348 123 348 text 0
75 339 108 339 108 348 75 348 text 0
221 339 288 339 288 348 221 348 text 0
114 352 121 352 121 362 114 362 text 0
427 352 484 352 484 362 427 362 text 0
497 352 518 352 518 362 497 362 text 0
390 352 401 352 401 362 390 362 text 0
159 365 242 365 242 375 159 375 text 0
75 365 121 365 121 375 75 375 text 0
331 365 374 365 374 375 331 375 text 0
257 366 314 366 314 376 257 376 text 0
390 366 461 366 461 377 390 377 text 0
135 368 146 368 146 375 135 375 text 0
114 379 122 379 122 388 114 388 text 0
390 378 399 378 399 389 390 389 text 0
439 379 485 379 485 389 439 389 text 0
497 379 519 379 519 389 497 389 text 0
75 392 171 392 171 404 75 404 text 0
390 407 399 407 399 416 390 416 text 0
427 407 484 407 484 416 427 416 text 0
497 407 519 407 519 416 497 416 text 0
114 407 121 407 121 417 114 417 text 0
77 419 147 419 147 429 77 429 text 0
160 419 206 419 206 429 160 429 text 0
221 419 292 419 292 431 221 431 text 0
79 446 131 446 131 456 79 456 text 0
498 447 556 447 556 456 498 456 text 0
148 446 267 446 267 457 148 457 text 0
280 446 338 446 338 457 280 457 text 0
75 459 130 459 130 469 75 469 text 0
281 459 302 459 302 469 281 469 text 0
148 460 267 460 267 470 148 470 text 0
498 461 556 461 556 469 498 469 text 0
316 460 373 460 373 471 316 471 text 0
75 473 208 473 208 483 75 483 text 0
438 473 554 473 554 483 438 483 text 0
75 499 154 499 154 509 75 509 text 0
173 499 181 499 181 509 173 509 text 0
310 500 425 500 425 508 310 508 text 0
463 501 555 501 555 509 463 509 text 0
75 512 154 512 154 522 75 522 text 0
220 513 287 513 287 523 220 523 text 0
174 513 206 513 206 522 174 522 text 0
75 526 122 526 122 534 75 534 text 0
498 527 556 527 556 536 498 536 text 0
75 553 108 553 108 561 75 561 text 0
122 552 206 552 206 563 122 563 text 0
317 553 433 553 433 563 317 563 text 0
473 553 555 553 555 563 473 563 text 0
76 565 98 565 98 575 76 575 text 0
379 565 437 565 437 575 379 575 text 0
233 564 264 564 264 576 233 576 text 0
197 564 218 564 218 576 197 576 text 0
509 567 555 567 555 575 509 575 text 0
257 605 315 605 315 615 257 615 text 0
329 607 365 607 365 615 329 615 text 0
221 619 292 619 292 629 221 629 text 0
304 619 350 619 350 628 304 628 text 0
366 621 425 621 425 629 366 629 text 0