144 102 179 102 179 111 144 111 text 0
201 103 279 103 279 110 201 110 text 0
360 102 400 102 400 111 360 111 text 0
304 102 340 102 340 111 304 111 text 0
416 103 453 103 453 110 416 110 text 0
176 115 272 115 272 124 176 124 text 0
291 116 423 116 423 124 291 124 text 0
445 127 482 127 482 135 445 135 text 0
60 127 96 127 96 136 60 136 text 0
503 127 522 127 522 136 503 136 text 0
119 128 197 128 197 136 119 136 text 0
248 128 336 128 336 137 248 137 text 0
216 128 228 128 228 136 216 136 text 0
361 128 427 128 427 137 361 137 text 0
188 139 368 139 368 148 188 148 text 0
75 139 170 139 170 148 75 148 text 0
388 140 509 140 509 149 388 149 text 0
90 153 155 153 155 161 90 161 text 0
175 153 224 153 224 161 175 161 text 0
405 153 512 153 512 161 405 161 text 0
246 153 381 153 381 163 246 163 text 0
118 165 167 165 167 174 118 174 text 0
231 166 253 166 253 173 231 173 text 0
189 165 212 165 212 174 189 174 text 0
277 166 466 166 466 175 277 175 text 0
203 178 253 178 253 186 203 186 text 0
274 178 382 178 382 187 274 187 text 0
203 190 256 190 256 199 203 199 text 0
276 190 385 190 385 199 276 199 text 0
560 216 582 216 582 224 560 224 text 0
17 216 111 216 111 224 17 224 text 0
206 216 329 216 329 224 206 224 text 0
133 216 184 216 184 224 133 224 text 0
16 228 70 228 70 237 16 237 text 0
120 228 196 228 196 238 120 238 text 0
17 241 108 241 108 249 17 249 text 0
402 241 454 241 454 250 402 250 text 0
331 242 341 242 341 250 331 250 text 0
361 241 372 241 372 251 361 251 text 0
491 242 555 242 555 250 491 250 text 0
73 253 125 253 125 261 73 261 text 0
347 253 399 253 399 263 347 263 text 0
17 254 49 254 49 262 17 262 text 0
146 254 213 254 213 262 146 262 text 0
233 254 330 254 330 262 233 262 text 0
419 254 515 254 515 263 419 263 text 0
575 254 599 254 599 263 575 263 text 0
17 266 70 266 70 274 17 274 text 0
119 266 169 266 169 276 119 276 text 0
17 279 198 279 198 287 17 287 text 0
392 279 456 279 456 287 392 287 text 0
492 279 555 279 555 287 492 287 text 0
358 279 370 279 370 287 358 287 text 0
335 279 342 279 342 287 335 287 text 0
88 291 127 291 127 300 88 300 text 0
560 292 582 292 582 300 560 300 text 0
145 292 197 292 197 300 145 300 text 0
20 292 67 292 67 301 20 301 text 0
16 304 124 304 124 313 16 313 text 0
175 304 256 304 256 314 175 314 text 0
18 317 114 317 114 325 18 325 text 0
359 318 369 318 369 325 359 325 text 0
407 317 454 317 454 326 407 326 text 0
505 317 554 317 554 326 505 326 text 0
335 318 340 318 340 326 335 326 text 0
319 330 469 330 469 338 319 338 text 0
146 330 183 330 183 338 146 338 text 0
202 330 225 330 225 338 202 338 text 0
561 330 585 330 585 338 561 338 text 0
17 329 127 329 127 339 17 339 text 0
262 330 297 330 297 339 262 339 text 0
18 341 99 341 99 351 18 351 text 0
148 341 226 341 226 351 148 351 text 0
17 355 108 355 108 364 17 364 text 0
404 355 457 355 457 363 404 363 text 0
502 355 557 355 557 364 502 364 text 0
361 355 372 355 372 363 361 363 text 0
335 355 342 355 342 365 335 365 text 0
18 368 228 368 228 376 18 376 text 0
290 368 340 368 340 376 290 376 text 0
561 368 585 368 585 376 561 376 text 0
246 368 257 368 257 376 246 376 text 0
17 380 67 380 67 389 17 389 text 0
119 380 197 380 197 390 119 390 text 0
16 393 112 393 112 401 16 401 text 0
402 393 454 393 454 402 402 402 text 0
503 393 555 393 555 402 503 402 text 0
358 393 371 393 371 402 358 402 text 0
335 394 342 394 342 402 335 402 text 0
159 418 169 418 169 426 159 426 text 0
573 418 583 418 583 426 573 426 text 0
446 418 524 418 524 428 446 428 text 0
16 418 110 418 110 428 16 428 text 0
474 443 496 443 496 452 474 452 text 0
187 443 268 443 268 452 187 452 text 0
105 443 167 443 167 452 105 452 text 0
516 444 583 444 583 452 516 452 text 0
16 444 80 444 80 453 16 453 text 0
516 456 583 456 583 464 516 464 text 0
474 457 496 457 496 465 474 465 text 0
17 457 54 457 54 465 17 465 text 0
16 468 242 468 242 477 16 477 text 0
261 468 337 468 337 478 261 478 text 0
303 506 367 506 367 515 303 515 text 0
447 506 471 506 471 515 447 515 text 0
133 506 241 506 241 515 133 515 text 0
263 506 285 506 285 515 263 515 text 0
492 506 542 506 542 515 492 515 text 0
76 507 114 507 114 515 76 515 text 0
15 507 55 507 55 516 15 516 text 0
402 531 425 531 425 539 402 539 text 0
149 531 213 531 213 540 149 540 text 0
303 532 355 532 355 541 303 541 text 0
445 532 583 532 583 541 445 541 text 0
231 532 280 532 280 541 231 541 text 0
18 532 128 532 128 541 18 541 text 0
260 544 356 544 356 553 260 553 text 0
146 544 242 544 242 554 146 554 text 0
18 545 128 545 128 554 18 554 text 0
233 570 271 570 271 579 233 579 text 0
289 570 385 570 385 579 289 579 text 0
404 570 486 570 486 579 404 579 text 0
104 570 212 570 212 579 104 579 text 0
317 582 425 582 425 591 317 591 text 0
245 582 299 582 299 591 245 591 text 0
190 583 227 583 227 591 190 591 text 0
161 583 169 583 169 591 161 591 text 0
304 595 357 595 357 604 304 604 text 0
375 595 459 595 459 604 375 604 text 0
133 595 242 595 242 604 133 604 text 0
261 595 284 595 284 604 261 604 text 0