198 123 322 123 322 151 198 151 text 0
344 132 452 132 452 150 344 150 text 0
53 160 203 160 203 171 53 171 text 0
212 160 231 160 231 171 212 171 text 0
240 160 282 160 282 171 240 171 text 0
292 160 426 160 426 172 292 172 text 0
450 163 592 163 592 173 450 173 text 0
212 174 254 174 254 185 212 185 text 0
272 174 312 174 312 185 272 185 text 0
52 174 89 174 89 185 52 185 text 0
186 174 202 174 202 185 186 185 text 0
322 175 383 175 383 185 322 185 text 0
97 174 176 174 176 186 97 186 text 0
398 175 437 175 437 185 398 185 text 0
531 175 595 175 595 186 531 186 text 0
451 174 521 174 521 188 451 188 text 0
185 191 284 191 284 203 185 203 text 0
312 192 492 192 492 203 312 203 text 0
168 210 229 210 229 220 168 220 text 0
309 210 507 210 507 220 309 220 text 0
240 210 283 210 283 221 240 221 text 0
505 235 547 235 547 246 505 246 text 0
183 234 295 234 295 246 183 246 text 0
95 235 155 235 155 246 95 246 text 0
304 235 371 235 371 246 304 246 text 0
397 234 492 234 492 246 397 246 text 0
126 256 246 256 246 270 126 270 text 0
54 256 115 256 115 270 54 270 text 0
398 264 472 264 472 274 398 274 text 0
484 264 584 264 584 274 484 274 text 0
130 277 232 277 232 288 130 288 text 0
59 277 99 277 99 288 59 288 text 0
436 279 536 279 536 291 436 291 text 0
71 298 220 298 220 312 71 312 text 0
467 301 503 301 503 310 467 310 text 0
535 300 577 300 577 310 535 310 text 0
374 300 412 300 412 312 374 312 text 0
52 320 188 320 188 331 52 331 text 0
542 322 574 322 574 329 542 329 text 0
197 321 296 321 296 330 197 330 text 0
367 321 413 321 413 331 367 331 text 0
458 321 528 321 528 331 458 331 text 0
189 334 262 334 262 344 189 344 text 0
52 334 149 334 149 344 52 344 text 0
156 334 179 334 179 346 156 346 text 0
52 359 111 359 111 369 52 369 text 0
167 360 209 360 209 370 167 370 text 0
223 360 275 360 275 369 223 369 text 0
461 360 533 360 533 370 461 370 text 0
116 361 161 361 161 370 116 370 text 0
279 360 347 360 347 371 279 371 text 0
115 377 218 377 218 389 115 389 text 0
227 378 347 378 347 389 227 389 text 0
143 395 199 395 199 405 143 405 text 0
456 396 534 396 534 405 456 405 text 0
204 396 249 396 249 405 204 405 text 0
257 395 346 395 346 407 257 407 text 0
208 413 256 413 256 422 208 422 text 0
460 413 533 413 533 422 460 422 text 0
264 413 346 413 346 423 264 423 text 0
487 431 530 431 530 440 487 440 text 0
259 430 347 430 347 442 259 442 text 0
523 447 531 447 531 457 523 457 text 0
160 447 216 447 216 457 160 457 text 0
267 448 346 448 346 457 267 457 text 0
222 448 262 448 262 460 222 460 text 0
84 482 132 482 132 491 84 491 text 0
512 482 548 482 548 492 512 492 text 0
311 483 395 483 395 492 311 492 text 0
140 483 245 483 245 494 140 494 text 0
342 495 394 495 394 507 342 507 text 0
497 496 549 496 549 507 497 507 text 0
83 512 117 512 117 521 83 521 text 0
156 512 169 512 169 520 156 520 text 0
125 512 149 512 149 523 125 523 text 0
323 516 395 516 395 525 323 525 text 0
489 516 549 516 549 526 489 526 text 0
489 532 548 532 548 540 489 540 text 0
325 532 396 532 396 541 325 541 text 0
85 532 138 532 138 542 85 542 text 0
77 558 161 558 161 567 77 567 text 0
168 558 223 558 223 567 168 567 text 0
82 569 153 569 153 578 82 578 text 0
162 569 226 569 226 578 162 578 text 0
231 569 292 569 292 580 231 580 text 0
301 582 424 582 424 591 301 591 text 0
257 582 294 582 294 591 257 591 text 0
83 582 152 582 152 591 83 591 text 0
159 582 207 582 207 591 159 591 text 0
211 582 250 582 250 591 211 591 text 0