399 112 443 112 443 122 399 122 text 0
458 112 502 112 502 122 458 122 text 0
300 113 385 113 385 123 300 123 text 0
140 113 229 113 229 123 140 123 text 0
10 113 126 113 126 123 10 123 text 0
242 113 287 113 287 123 242 123 text 0
10 126 95 126 95 137 10 137 text 0
184 126 273 126 273 136 184 136 text 0
111 126 170 126 170 137 111 137 text 0
386 141 414 141 414 151 386 151 text 0
285 141 371 141 371 151 285 151 text 0
182 141 267 141 267 151 182 151 text 0
8 142 38 142 38 152 8 152 text 0
97 142 169 142 169 152 97 152 text 0
53 142 79 142 79 152 53 152 text 0
10 155 92 155 92 165 10 165 text 0
112 155 168 155 168 166 112 166 text 0
185 155 272 155 272 166 185 166 text 0
12 168 227 168 227 179 12 179 text 0
8 182 112 182 112 193 8 193 text 0
125 183 172 183 172 193 125 193 text 0
183 183 326 183 326 193 183 193 text 0
8 197 47 197 47 207 8 207 text 0
125 197 314 197 314 207 125 207 text 0
66 198 110 198 110 208 66 208 text 0
444 225 473 225 473 235 444 235 text 0
488 239 545 239 545 249 488 249 text 0
285 239 386 239 386 249 285 249 text 0
574 239 587 239 587 249 574 249 text 0
152 239 271 239 271 249 152 249 text 0
8 240 139 240 139 250 8 250 text 0
487 254 545 254 545 264 487 264 text 0
67 253 182 253 182 264 67 264 text 0
67 268 243 268 243 278 67 278 text 0
329 268 388 268 388 278 329 278 text 0
488 282 560 282 560 292 488 292 text 0
8 283 38 283 38 293 8 293 text 0
58 283 95 283 95 293 58 293 text 0
140 283 196 283 196 293 140 293 text 0
108 283 124 283 124 292 108 292 text 0
25 296 123 296 123 306 25 306 text 0
196 297 212 297 212 307 196 307 text 0
66 310 183 310 183 321 66 321 text 0
488 310 545 310 545 321 488 321 text 0
7 339 123 339 123 349 7 349 text 0
141 339 300 339 300 349 141 349 text 0
489 339 560 339 560 349 489 349 text 0
489 353 548 353 548 363 489 363 text 0
14 354 82 354 82 364 14 364 text 0
100 354 149 354 149 364 100 364 text 0
171 354 242 354 242 364 171 364 text 0
488 368 545 368 545 378 488 378 text 0
7 367 66 367 66 378 7 378 text 0
487 396 545 396 545 406 487 406 text 0
261 397 326 397 326 407 261 407 text 0
11 397 67 397 67 407 11 407 text 0
197 397 242 397 242 407 197 407 text 0
82 397 183 397 183 407 82 407 text 0
9 410 50 410 50 420 9 420 text 0
417 410 455 410 455 420 417 420 text 0
241 410 280 410 280 420 241 420 text 0
472 410 517 410 517 421 472 421 text 0
96 410 155 410 155 421 96 421 text 0
299 411 358 411 358 422 299 422 text 0
284 424 343 424 343 435 284 435 text 0
416 424 473 424 473 435 416 435 text 0
8 425 23 425 23 435 8 435 text 0
111 425 138 425 138 435 111 435 text 0
343 453 458 453 458 463 343 463 text 0
285 453 326 453 326 464 285 464 text 0
228 454 270 454 270 464 228 464 text 0
142 454 210 454 210 464 142 464 text 0
214 468 243 468 243 478 214 478 text 0
257 468 373 468 373 478 257 478 text 0
197 482 300 482 300 492 197 492 text 0
415 482 444 482 444 492 415 492 text 0
314 482 358 482 358 491 314 491 text 0
138 482 183 482 183 492 138 492 text 0
372 483 401 483 401 492 372 492 text 0
300 496 514 496 514 507 300 507 text 0
81 497 155 497 155 507 81 507 text 0
171 497 228 497 228 507 171 507 text 0
243 497 285 497 285 506 243 506 text 0
98 510 228 510 228 520 98 520 text 0
386 510 445 510 445 520 386 520 text 0
239 510 373 510 373 520 239 520 text 0
458 511 502 511 502 520 458 520 text 0
183 525 226 525 226 535 183 535 text 0
241 525 388 525 388 535 241 535 text 0
415 539 545 539 545 549 415 549 text 0
299 539 400 539 400 549 299 549 text 0
243 539 286 539 286 549 243 549 text 0
97 539 228 539 228 549 97 549 text 0
38 539 82 539 82 549 38 549 text 0
37 554 155 554 155 564 37 564 text 0
459 554 488 554 488 564 459 564 text 0
502 554 559 554 559 564 502 564 text 0
387 554 445 554 445 564 387 564 text 0
257 554 373 554 373 564 257 564 text 0
170 554 243 554 243 565 170 565 text 0
531 568 575 568 575 577 531 577 text 0
400 568 518 568 518 578 400 578 text 0
198 569 257 569 257 579 198 579 text 0
271 569 386 569 386 579 271 579 text 0
8 568 95 568 95 579 8 579 text 0
112 568 184 568 184 579 112 579 text 0
82 583 183 583 183 593 82 593 text 0
373 583 514 583 514 593 373 593 text 0
201 584 227 584 227 593 201 593 text 0
242 583 360 583 360 596 242 596 text 0
360 597 528 597 528 607 360 607 text 0
52 597 153 597 153 607 52 607 text 0
164 597 228 597 228 607 164 607 text 0
243 597 343 597 343 607 243 607 text 0
315 611 431 611 431 620 315 620 text 0
172 611 243 611 243 621 172 621 text 0