117 129 139 129 139 141 117 141 text 0
154 131 215 131 215 142 154 142 text 0
229 131 278 131 278 142 229 142 text 0
293 132 329 132 329 144 293 144 text 0
347 132 471 132 471 145 347 145 text 0
154 149 186 149 186 159 154 159 text 0
205 149 247 149 247 160 205 160 text 0
358 150 407 150 407 162 358 162 text 0
422 152 434 152 434 163 422 163 text 0
268 149 339 149 339 165 268 165 text 0
137 167 200 167 200 179 137 179 text 0
304 169 364 169 364 180 304 180 text 0
214 167 286 167 286 183 214 183 text 0
381 170 444 170 444 181 381 181 text 0
166 187 226 187 226 198 166 198 text 0
330 188 426 188 426 200 330 200 text 0
240 187 312 187 312 202 240 202 text 0
178 206 277 206 277 218 178 218 text 0
290 207 326 207 326 219 290 219 text 0
342 208 403 208 403 218 342 218 text 0
138 225 174 225 174 237 138 237 text 0
190 225 222 225 222 237 190 237 text 0
239 226 263 226 263 238 239 238 text 0
306 226 455 226 455 238 306 238 text 0
124 263 208 263 208 275 124 275 text 0
224 263 247 263 247 275 224 275 text 0
292 264 478 264 478 277 292 277 text 0
45 300 134 300 134 312 45 312 text 0
264 302 335 302 335 314 264 314 text 0
457 303 554 303 554 315 457 315 text 0
46 339 94 339 94 350 46 350 text 0
110 339 209 339 209 351 110 351 text 0
262 341 311 341 311 351 262 351 text 0
224 341 247 341 247 352 224 352 text 0
329 342 350 342 350 352 329 352 text 0
442 341 528 341 528 353 442 353 text 0
545 345 555 345 555 354 545 354 text 0
69 359 92 359 92 369 69 369 text 0
106 358 119 358 119 370 106 370 text 0
135 359 155 359 155 369 135 369 text 0
173 360 221 360 221 370 173 370 text 0
45 396 103 396 103 408 45 408 text 0
122 396 184 396 184 408 122 408 text 0
340 397 386 397 386 409 340 409 text 0
402 397 427 397 427 409 402 409 text 0
200 397 323 397 323 409 200 409 text 0
468 397 527 397 527 409 468 409 text 0
262 416 387 416 387 428 262 428 text 0
403 417 425 417 425 428 403 428 text 0
505 416 526 416 526 428 505 428 text 0
147 416 246 416 246 430 147 430 text 0
403 435 427 435 427 447 403 447 text 0
470 435 528 435 528 447 470 447 text 0
288 435 388 435 388 450 288 450 text 0
402 454 424 454 424 465 402 465 text 0
338 455 386 455 386 467 338 467 text 0
467 455 528 455 528 467 467 467 text 0
313 473 387 473 387 485 313 485 text 0
402 473 426 473 426 485 402 485 text 0
494 473 529 473 529 485 494 485 text 0
44 511 80 511 80 522 44 522 text 0
249 511 372 511 372 523 249 523 text 0
455 512 540 512 540 523 455 523 text 0
97 512 183 512 183 525 97 525 text 0
314 531 374 531 374 542 314 542 text 0
506 531 540 531 540 542 506 542 text 0
94 531 120 531 120 541 94 541 text 0
42 533 54 533 54 541 42 541 text 0
248 587 323 587 323 599 248 599 text 0
185 586 231 586 231 600 185 600 text 0
108 587 172 587 172 600 108 600 text 0
339 591 387 591 387 600 339 600 text 0
404 588 466 588 466 602 404 602 text 0
161 607 245 607 245 618 161 618 text 0
112 606 144 606 144 618 112 618 text 0
263 607 295 607 295 619 263 619 text 0
455 608 537 608 537 618 455 618 text 0
314 606 438 606 438 622 314 622 text 0
43 607 94 607 94 622 43 622 text 0