362 131 479 131 479 143 362 143 text 0
308 133 343 133 343 145 308 145 text 0
246 133 292 133 292 145 246 145 text 0
169 134 228 134 228 145 169 145 text 0
130 135 152 135 152 146 130 146 text 0
409 150 470 150 470 161 409 161 text 0
335 150 393 150 393 161 335 161 text 0
196 152 240 152 240 162 196 162 text 0
144 151 182 151 182 163 144 163 text 0
258 151 314 151 314 165 258 165 text 0
297 169 394 169 394 181 297 181 text 0
221 170 282 170 282 180 221 180 text 0
348 188 447 188 447 199 348 199 text 0
258 188 329 188 329 200 258 200 text 0
183 189 245 189 245 201 183 201 text 0
234 208 382 208 382 220 234 220 text 0
324 226 472 226 472 237 324 237 text 0
159 227 194 227 194 237 159 237 text 0
211 227 240 227 240 238 211 238 text 0
262 227 283 227 283 238 262 238 text 0
312 264 498 264 498 275 312 275 text 0
248 265 270 265 270 275 248 275 text 0
146 264 232 264 232 276 146 276 text 0
477 301 576 301 576 314 477 314 text 0
285 302 359 302 359 314 285 314 text 0
72 303 158 303 158 315 72 315 text 0
72 340 106 340 106 350 72 350 text 0
474 339 550 339 550 351 474 351 text 0
260 340 320 340 320 351 260 351 text 0
185 340 246 340 246 351 185 351 text 0
122 340 171 340 171 351 122 351 text 0
566 343 576 343 576 351 566 351 text 0
136 359 144 359 144 369 136 369 text 0
96 359 119 359 119 370 96 370 text 0
160 359 183 359 183 370 160 370 text 0
198 359 245 359 245 370 198 370 text 0
70 378 117 378 117 389 70 389 text 0
462 378 549 378 549 389 462 389 text 0
248 378 332 378 332 389 248 389 text 0
350 378 409 378 409 389 350 389 text 0
134 378 233 378 233 389 134 389 text 0
565 381 574 381 574 389 565 389 text 0
146 415 208 415 208 427 146 427 text 0
70 415 130 415 130 427 70 427 text 0
426 415 449 415 449 426 426 426 text 0
362 416 407 416 407 427 362 427 text 0
227 416 347 416 347 427 227 427 text 0
488 416 549 416 549 427 488 427 text 0
489 433 550 433 550 445 489 445 text 0
426 433 449 433 449 445 426 445 text 0
362 433 410 433 410 445 362 445 text 0
516 452 550 452 550 464 516 464 text 0
425 453 449 453 449 464 425 464 text 0
338 452 411 452 411 464 338 464 text 0
69 490 106 490 106 502 69 502 text 0
274 490 398 490 398 502 274 502 text 0
477 490 561 490 561 502 477 502 text 0
121 491 209 491 209 505 121 505 text 0
121 509 145 509 145 520 121 520 text 0
337 509 398 509 398 521 337 521 text 0
517 509 563 509 563 521 517 521 text 0
70 513 81 513 81 521 70 521 text 0
135 566 196 566 196 577 135 577 text 0
274 566 348 566 348 577 274 577 text 0
211 566 255 566 255 577 211 577 text 0
426 567 487 567 487 581 426 581 text 0
362 570 410 570 410 578 362 578 text 0
188 585 273 585 273 596 188 596 text 0
290 585 323 585 323 596 290 596 text 0
136 585 172 585 172 596 136 596 text 0
479 587 563 587 563 596 479 596 text 0
72 584 121 584 121 598 72 598 text 0
338 585 461 585 461 599 338 599 text 0