86 84 276 84 276 95 86 95 text 0
376 85 527 85 527 94 376 94 text 0
294 85 361 85 361 94 294 94 text 0
100 98 166 98 166 107 100 107 text 0
184 98 236 98 236 108 184 108 text 0
309 98 347 98 347 108 309 108 text 0
251 98 291 98 291 108 251 108 text 0
363 98 509 98 509 109 363 109 text 0
259 113 352 113 352 122 259 122 text 0
369 112 460 112 460 122 369 122 text 0
148 112 239 112 239 123 148 123 text 0
312 125 394 125 394 135 312 135 text 0
36 125 103 125 103 135 36 135 text 0
411 125 492 125 492 135 411 135 text 0
229 125 293 125 293 135 229 135 text 0
507 125 571 125 571 136 507 136 text 0
120 126 212 126 212 137 120 137 text 0
37 139 101 139 101 149 37 149 text 0
327 138 445 138 445 149 327 149 text 0
466 139 574 139 574 149 466 149 text 0
120 140 228 140 228 149 120 149 text 0
245 139 309 139 309 150 245 150 text 0
448 152 554 152 554 162 448 162 text 0
56 152 138 152 138 162 56 162 text 0
292 151 430 151 430 163 292 163 text 0
212 152 276 152 276 163 212 163 text 0
155 153 191 153 191 163 155 163 text 0
426 165 505 165 505 175 426 175 text 0
107 165 144 165 144 175 107 175 text 0
163 165 270 165 270 175 163 175 text 0
289 165 419 165 419 176 289 176 text 0
278 193 443 193 443 202 278 202 text 0
224 193 261 193 261 202 224 202 text 0
168 193 207 193 207 203 168 203 text 0
496 220 562 220 562 229 496 229 text 0
68 220 120 220 120 230 68 230 text 0
138 220 190 220 190 230 138 230 text 0
11 220 50 220 50 230 11 230 text 0
481 247 562 247 562 256 481 256 text 0
192 247 229 247 229 256 192 256 text 0
41 247 50 247 50 257 41 257 text 0
135 247 175 247 175 258 135 258 text 0
468 259 561 259 561 269 468 269 text 0
259 260 309 260 309 269 259 269 text 0
206 261 243 261 243 269 206 269 text 0
139 261 186 261 186 271 139 271 text 0
43 261 51 261 51 271 43 271 text 0
274 273 313 273 313 283 274 283 text 0
96 274 119 274 119 283 96 283 text 0
138 273 257 273 257 284 138 284 text 0
358 286 425 286 425 296 358 296 text 0
233 287 341 287 341 296 233 296 text 0
152 287 216 287 216 297 152 297 text 0
191 300 285 300 285 309 191 309 text 0
151 300 174 300 174 310 151 310 text 0
468 313 561 313 561 323 468 323 text 0
206 314 243 314 243 323 206 323 text 0
260 313 312 313 312 324 260 324 text 0
137 314 186 314 186 324 137 324 text 0
41 315 50 315 50 324 41 324 text 0
412 327 451 327 451 336 412 336 text 0
96 327 119 327 119 336 96 336 text 0
206 327 300 327 300 337 206 337 text 0
137 327 189 327 189 337 137 337 text 0
315 326 396 326 396 338 315 338 text 0
356 340 422 340 422 349 356 349 text 0
152 341 216 341 216 351 152 351 text 0
233 341 341 341 341 351 233 351 text 0
190 354 286 354 286 364 190 364 text 0
151 355 171 355 171 363 151 363 text 0
470 381 558 381 558 390 470 390 text 0
11 381 63 381 63 391 11 391 text 0
83 380 190 380 190 391 83 391 text 0
468 394 561 394 561 403 468 403 text 0
12 394 74 394 74 404 12 404 text 0
96 394 145 394 145 405 96 405 text 0
164 394 199 394 199 405 164 405 text 0
467 407 563 407 563 417 467 417 text 0
11 408 63 408 63 418 11 418 text 0
483 421 565 421 565 431 483 431 text 0
10 421 92 421 92 432 10 432 text 0
68 461 132 461 132 472 68 472 text 0
12 462 49 462 49 471 12 471 text 0
483 488 565 488 565 497 483 497 text 0
67 490 91 490 91 498 67 498 text 0
12 490 49 490 49 498 12 498 text 0
112 488 160 488 160 499 112 499 text 0
467 501 563 501 563 511 467 511 text 0
12 501 202 501 202 511 12 511 text 0
358 529 382 529 382 538 358 538 text 0
163 528 245 528 245 538 163 538 text 0
13 529 67 529 67 538 13 538 text 0
140 529 145 529 145 538 140 538 text 0
261 529 343 529 343 539 261 539 text 0
82 531 122 531 122 538 82 538 text 0
262 542 302 542 302 551 262 551 text 0
468 542 549 542 549 551 468 551 text 0
401 542 453 542 453 551 401 551 text 0
71 542 105 542 105 552 71 552 text 0
315 543 355 543 355 553 315 553 text 0
112 542 245 542 245 553 112 553 text 0
373 544 384 544 384 551 373 551 text 0
12 544 62 544 62 551 12 551 text 0
428 555 453 555 453 565 428 565 text 0
470 555 480 555 480 565 470 565 text 0
271 555 411 555 411 566 271 566 text 0
12 556 67 556 67 565 12 565 text 0
81 556 133 556 133 565 81 565 text 0
151 556 259 556 259 566 151 566 text 0
12 569 94 569 94 579 12 579 text 0
164 569 314 569 314 579 164 579 text 0
109 571 148 571 148 580 109 580 text 0