345 96 466 96 466 106 345 106 text 0
290 97 328 97 328 106 290 106 text 0
226 97 277 97 277 107 226 107 text 0
113 98 137 98 137 107 113 107 text 0
151 98 213 98 213 108 151 108 text 0
317 110 382 110 382 120 317 120 text 0
394 110 468 110 468 121 394 121 text 0
177 111 224 111 224 121 177 121 text 0
242 111 302 111 302 122 242 122 text 0
125 112 165 112 165 122 125 122 text 0
280 124 381 124 381 134 280 134 text 0
202 125 266 125 266 134 202 134 text 0
331 138 434 138 434 148 331 148 text 0
166 139 230 139 230 149 166 149 text 0
242 139 316 139 316 150 242 150 text 0
345 152 407 152 407 161 345 161 text 0
180 153 333 153 333 163 180 163 text 0
308 166 462 166 462 176 308 176 text 0
245 167 270 167 270 176 245 176 text 0
195 167 228 167 228 177 195 177 text 0
142 168 180 168 180 177 142 177 text 0
298 194 487 194 487 205 298 205 text 0
232 195 257 195 257 205 232 205 text 0
131 196 219 196 219 206 131 206 text 0
464 222 566 222 566 232 464 232 text 0
272 223 348 223 348 233 272 233 text 0
54 224 145 224 145 235 54 235 text 0
465 251 540 251 540 260 465 260 text 0
387 251 400 251 400 260 387 260 text 0
323 251 375 251 375 261 323 261 text 0
554 252 567 252 567 260 554 260 text 0
273 252 312 252 312 261 273 261 text 0
223 252 262 252 262 262 223 262 text 0
185 252 209 252 209 262 185 262 text 0
121 252 172 252 172 262 121 262 text 0
55 253 109 253 109 263 55 263 text 0
464 265 541 265 541 275 464 275 text 0
365 266 400 266 400 275 365 275 text 0
298 266 349 266 349 275 298 275 text 0
553 267 566 267 566 274 553 274 text 0
172 266 209 266 209 276 172 276 text 0
223 266 285 266 285 276 223 276 text 0
121 267 159 267 159 276 121 276 text 0
55 267 107 267 107 277 55 277 text 0
466 279 542 279 542 288 466 288 text 0
326 280 390 280 390 289 326 289 text 0
556 281 569 281 569 288 556 288 text 0
274 280 311 280 311 289 274 289 text 0
212 280 262 280 262 290 212 290 text 0
122 281 197 281 197 291 122 291 text 0
59 281 110 281 110 291 59 291 text 0
465 293 541 293 541 303 465 303 text 0
325 294 400 294 400 304 325 304 text 0
555 296 566 296 566 302 555 302 text 0
223 294 313 294 313 304 223 304 text 0
121 295 211 295 211 304 121 304 text 0
58 295 107 295 107 305 58 305 text 0
187 309 236 309 236 318 187 318 text 0
123 310 136 310 136 319 123 319 text 0
148 310 173 310 173 319 148 319 text 0
83 309 110 309 110 319 83 319 text 0
466 321 542 321 542 331 466 331 text 0
555 324 567 324 567 331 555 331 text 0
302 322 402 322 402 332 302 332 text 0
212 323 287 323 287 332 212 332 text 0
122 323 197 323 197 333 122 333 text 0
58 323 108 323 108 332 58 332 text 0
469 336 544 336 544 346 469 346 text 0
354 336 379 336 379 346 354 346 text 0
277 337 339 337 339 347 277 347 text 0
189 337 264 337 264 346 189 346 text 0
557 338 570 338 570 345 557 345 text 0
111 337 175 337 175 347 111 347 text 0
60 338 99 338 99 347 60 347 text 0
454 350 543 350 543 359 454 359 text 0
391 351 404 351 404 360 391 360 text 0
317 351 376 351 376 360 317 360 text 0
237 351 301 351 301 361 237 361 text 0
557 353 569 353 569 359 557 359 text 0
111 351 149 351 149 360 111 360 text 0
161 351 225 351 225 361 161 361 text 0
58 352 98 352 98 361 58 361 text 0
470 364 545 364 545 374 470 374 text 0
290 365 404 365 404 374 290 374 text 0
558 367 571 367 571 373 558 373 text 0
213 365 277 365 277 374 213 374 text 0
125 365 202 365 202 375 125 375 text 0
60 366 112 366 112 375 60 375 text 0
468 378 545 378 545 388 468 388 text 0
367 379 404 379 404 389 367 389 text 0
265 379 352 379 352 389 265 389 text 0
226 379 250 379 250 388 226 388 text 0
557 381 570 381 570 388 557 388 text 0
163 379 213 379 213 389 163 389 text 0
122 380 149 380 149 390 122 390 text 0
59 380 110 380 110 389 59 389 text 0
471 393 546 393 546 402 471 402 text 0
227 393 278 393 278 403 227 403 text 0
176 394 215 394 215 403 176 403 text 0
125 394 163 394 163 404 125 404 text 0
61 394 113 394 113 403 61 403 text 0
559 395 572 395 572 402 559 402 text 0
149 408 176 408 176 417 149 417 text 0
189 408 240 408 240 417 189 417 text 0
86 408 110 408 110 417 86 417 text 0
125 408 137 408 137 417 125 417 text 0
484 436 547 436 547 445 484 445 text 0
356 436 404 436 404 444 356 444 text 0
420 436 445 436 445 444 420 444 text 0
219 436 343 436 343 445 219 445 text 0
139 435 202 435 202 445 139 445 text 0
64 436 126 436 126 446 64 446 text 0
419 449 444 449 444 458 419 458 text 0
510 449 547 449 547 458 510 458 text 0
278 449 405 449 405 460 278 460 text 0
164 449 267 449 267 461 164 461 text 0
485 463 549 463 549 472 485 472 text 0
420 464 445 464 445 473 420 473 text 0
305 463 406 463 406 475 305 475 text 0
482 477 546 477 546 486 482 486 text 0
356 477 407 477 407 487 356 487 text 0
420 477 445 477 445 487 420 487 text 0
420 491 446 491 446 500 420 500 text 0
499 491 548 491 548 500 499 500 text 0
330 491 408 491 408 500 330 500 text 0
472 520 559 520 559 529 472 529 text 0
267 519 393 519 393 529 267 529 text 0
64 519 102 519 102 529 64 529 text 0
114 519 205 519 205 531 114 531 text 0
331 533 395 533 395 543 331 543 text 0
510 533 559 533 559 543 510 543 text 0
114 534 139 534 139 543 114 543 text 0
62 536 74 536 74 543 62 543 text 0
128 576 191 576 191 585 128 585 text 0
205 575 251 575 251 585 205 585 text 0
268 575 345 575 345 585 268 585 text 0
421 576 485 576 485 587 421 587 text 0
357 578 407 578 407 585 357 585 text 0
63 589 114 589 114 598 63 598 text 0
128 589 166 589 166 598 128 598 text 0
179 589 266 589 266 599 179 599 text 0
282 590 317 590 317 599 282 599 text 0
472 591 560 591 560 599 472 599 text 0
331 590 457 590 457 601 331 601 text 0
79 604 103 604 103 610 79 610 text 0
21 604 55 604 55 611 21 611 text 0