217 54 273 54 273 61 217 61 text 0
285 55 378 55 378 62 285 62 text 0
388 55 414 55 414 62 388 62 text 0
425 56 453 56 453 62 425 62 text 0
246 70 290 70 290 77 246 77 text 0
303 70 336 70 336 78 303 78 text 0
350 71 393 71 393 78 350 78 text 0
406 71 421 71 421 79 406 79 text 0
236 86 298 86 298 94 236 94 text 0
311 86 383 86 383 93 311 93 text 0
396 86 431 86 431 93 396 93 text 0
254 102 299 102 299 109 254 109 text 0
207 102 241 102 241 109 207 109 text 0
310 102 366 102 366 109 310 109 text 0
377 103 449 103 449 110 377 110 text 0
234 117 280 117 280 124 234 124 text 0
291 118 346 118 346 124 291 124 text 0
357 118 429 118 429 125 357 125 text 0
243 133 289 133 289 140 243 140 text 0
299 133 345 133 345 140 299 140 text 0
355 134 408 134 408 141 355 141 text 0
233 149 257 149 257 155 233 155 text 0
308 149 331 149 331 155 308 155 text 0
271 149 297 149 297 156 271 156 text 0
347 149 435 149 435 156 347 156 text 0
224 165 249 165 249 171 224 171 text 0
298 165 321 165 321 171 298 171 text 0
261 165 287 165 287 172 261 172 text 0
336 165 446 165 446 172 336 172 text 0
251 180 284 180 284 187 251 187 text 0
297 181 314 181 314 187 297 187 text 0
345 181 417 181 417 187 345 187 text 0
146 210 183 210 183 218 146 218 text 0
212 210 388 210 388 218 212 218 text 0
146 226 199 226 199 233 146 233 text 0
214 226 248 226 248 232 214 232 text 0
258 226 292 226 292 232 258 232 text 0
305 227 340 227 340 233 305 233 text 0
361 227 413 227 413 233 361 233 text 0
427 227 517 227 517 233 427 233 text 0
144 241 188 241 188 248 144 248 text 0
210 241 285 241 285 248 210 248 text 0
295 242 341 242 341 248 295 248 text 0
143 271 246 271 246 279 143 279 text 0
394 272 486 272 486 280 394 280 text 0
143 303 214 303 214 309 143 309 text 0
256 304 328 304 328 310 256 310 text 0
143 318 196 318 196 324 143 324 text 0
207 318 253 318 253 325 207 325 text 0
291 318 326 318 326 325 291 325 text 0
171 334 195 334 195 340 171 340 text 0
243 334 252 334 252 340 243 340 text 0
264 334 308 334 308 340 264 340 text 0
206 335 234 335 234 340 206 340 text 0
494 334 511 334 511 341 494 341 text 0
410 334 482 334 482 341 410 341 text 0
141 348 177 348 177 354 141 354 text 0
189 348 222 348 222 355 189 355 text 0
252 349 326 349 326 355 252 355 text 0
141 363 195 363 195 370 141 370 text 0
205 363 251 363 251 370 205 370 text 0
279 364 321 364 321 370 279 370 text 0
167 379 195 379 195 385 167 385 text 0
241 379 249 379 249 385 241 385 text 0
262 379 305 379 305 385 262 385 text 0
203 380 232 380 232 385 203 385 text 0
408 380 481 380 481 387 408 387 text 0
492 380 510 380 510 387 492 387 text 0
140 394 175 394 175 400 140 400 text 0
186 394 219 394 219 400 186 400 text 0
251 395 323 395 323 401 251 401 text 0
138 409 194 409 194 415 138 415 text 0
202 409 248 409 248 415 202 415 text 0
277 409 304 409 304 416 277 416 text 0
167 424 192 424 192 430 167 430 text 0
239 425 248 425 248 431 239 431 text 0
260 424 304 424 304 431 260 431 text 0
202 426 229 426 229 431 202 431 text 0
406 425 479 425 479 433 406 433 text 0
490 426 506 426 506 432 490 432 text 0
138 454 180 454 180 461 138 461 text 0
192 455 210 455 210 461 192 461 text 0
406 456 479 456 479 463 406 463 text 0
136 470 173 470 173 476 136 476 text 0
184 469 226 469 226 477 184 477 text 0
395 472 479 472 479 479 395 479 text 0
135 484 191 484 191 492 135 492 text 0
441 487 478 487 478 494 441 494 text 0
161 515 197 515 197 521 161 521 text 0
236 515 298 515 298 524 236 524 text 0
337 517 399 517 399 524 337 524 text 0
421 518 502 518 502 525 421 525 text 0
133 530 152 530 152 536 133 536 text 0
188 531 196 531 196 537 188 537 text 0
227 531 299 531 299 538 227 538 text 0
345 532 398 532 398 539 345 539 text 0
430 533 502 533 502 540 430 540 text 0
206 561 242 561 242 568 206 568 text 0
252 562 279 562 279 568 252 568 text 0
145 561 195 561 195 570 145 570 text 0
290 562 362 562 362 569 290 569 text 0
372 563 471 563 471 571 372 571 text 0
169 576 241 576 241 583 169 583 text 0
251 577 269 577 269 583 251 583 text 0
279 577 325 577 325 584 279 584 text 0
335 578 390 578 390 585 335 585 text 0
402 579 418 579 418 586 402 586 text 0
428 579 464 579 464 586 428 586 text 0
167 592 268 592 268 599 167 599 text 0
279 593 295 593 295 599 279 599 text 0
306 593 378 593 378 601 306 601 text 0
389 594 460 594 460 601 389 601 text 0