183 68 360 68 360 80 183 80 text 0
378 68 509 68 509 81 378 81 text 0
99 70 167 70 167 80 99 80 text 0
46 70 85 70 85 80 46 80 text 0
225 85 263 85 263 95 225 95 text 0
282 85 332 85 332 95 282 95 text 0
143 85 207 85 207 96 143 96 text 0
351 84 412 84 412 97 351 97 text 0
472 100 485 100 485 110 472 110 text 0
402 100 456 100 456 111 402 111 text 0
281 100 388 100 388 111 281 111 text 0
211 101 263 101 263 111 211 111 text 0
115 100 168 100 168 112 115 112 text 0
61 101 96 101 96 111 61 111 text 0
184 102 193 102 193 111 184 111 text 0
388 115 456 115 456 126 388 126 text 0
320 116 370 116 370 127 320 127 text 0
171 116 224 116 224 128 171 128 text 0
90 116 154 116 154 128 90 128 text 0
238 117 306 117 306 128 238 128 text 0
280 132 329 132 329 142 280 142 text 0
349 131 498 131 498 143 349 143 text 0
113 131 263 131 263 143 113 143 text 0
48 132 82 132 82 143 48 143 text 0
155 162 320 162 320 173 155 173 text 0
46 163 71 163 71 173 46 173 text 0
88 162 113 162 113 174 88 174 text 0
295 193 387 193 387 204 295 204 text 0
241 194 278 194 278 203 241 203 text 0
533 224 580 224 580 235 533 235 text 0
267 225 347 225 347 235 267 235 text 0
418 225 512 225 512 235 418 235 text 0
198 225 224 225 224 235 198 235 text 0
38 226 71 226 71 236 38 236 text 0
88 225 181 225 181 237 88 237 text 0
174 239 332 239 332 252 174 252 text 0
31 240 139 240 139 251 31 251 text 0
433 256 539 256 539 266 433 266 text 0
554 256 581 256 581 266 554 266 text 0
33 256 167 256 167 266 33 266 text 0
503 270 550 270 550 283 503 283 text 0
279 302 294 302 294 312 279 312 text 0
335 303 403 303 403 313 335 313 text 0
225 303 265 303 265 313 225 313 text 0
72 303 124 303 124 312 72 312 text 0
141 303 209 303 209 313 141 313 text 0
554 317 581 317 581 328 554 328 text 0
486 317 540 317 540 329 486 329 text 0
266 317 293 317 293 329 266 329 text 0
45 318 224 318 224 329 45 329 text 0
32 349 139 349 139 361 32 361 text 0
211 349 278 349 278 361 211 361 text 0
185 350 196 350 196 361 185 361 text 0
501 379 580 379 580 391 501 391 text 0
115 380 182 380 182 392 115 392 text 0
349 380 399 380 399 393 349 393 text 0
294 381 333 381 333 391 294 391 text 0
34 381 95 381 95 391 34 391 text 0
199 379 262 379 262 393 199 393 text 0
500 397 581 397 581 407 500 407 text 0
157 396 290 396 290 409 157 409 text 0
31 396 139 396 139 409 31 409 text 0
500 412 581 412 581 423 500 423 text 0
87 412 150 412 150 423 87 423 text 0
34 413 70 413 70 423 34 423 text 0
528 428 581 428 581 438 528 438 text 0
141 427 223 427 223 439 141 439 text 0
32 428 125 428 125 440 32 440 text 0
500 442 581 442 581 454 500 454 text 0
155 443 209 443 209 454 155 454 text 0
31 442 141 442 141 455 31 455 text 0
500 458 581 458 581 469 500 469 text 0
31 459 112 459 112 472 31 472 text 0
541 490 578 490 578 501 541 501 text 0
307 490 374 490 374 501 307 501 text 0
487 490 524 490 524 501 487 501 text 0
46 490 84 490 84 502 46 502 text 0
391 491 428 491 428 501 391 501 text 0
101 490 195 490 195 502 101 502 text 0
516 505 565 505 565 518 516 518 text 0
379 505 427 505 427 518 379 518 text 0
527 522 576 522 576 533 527 533 text 0
377 522 429 522 429 533 377 533 text 0
46 522 71 522 71 532 46 532 text 0
90 522 138 522 138 535 90 535 text 0
528 536 581 536 581 548 528 548 text 0
377 537 429 537 429 549 377 549 text 0
48 538 71 538 71 549 48 549 text 0
90 538 138 538 138 550 90 550 text 0
431 568 527 568 527 580 431 580 text 0
197 569 263 569 263 580 197 580 text 0
360 569 416 569 416 580 360 580 text 0
279 569 347 569 347 580 279 580 text 0
72 570 181 570 181 581 72 581 text 0
444 585 455 585 455 595 444 595 text 0
181 584 248 584 248 596 181 596 text 0
470 585 523 585 523 595 470 595 text 0
348 585 428 585 428 596 348 596 text 0
72 586 167 586 167 596 72 596 text 0
266 586 333 586 333 596 266 596 text 0
474 601 524 601 524 611 474 611 text 0
73 600 152 600 152 612 73 612 text 0
376 601 455 601 455 612 376 612 text 0
307 601 359 601 359 612 307 612 text 0
252 602 291 602 291 613 252 613 text 0
168 602 237 602 237 613 168 613 text 0
116 633 154 633 154 639 116 639 text 0
33 633 97 633 97 639 33 639 text 0