176 90 281 90 281 101 176 101 text 0
299 90 336 90 336 101 299 101 text 0
353 90 419 90 419 101 353 101 text 0
217 107 364 107 364 118 217 118 text 0
105 123 132 123 132 133 105 133 text 0
190 122 254 122 254 134 190 134 text 0
149 123 167 123 167 134 149 134 text 0
272 123 405 123 405 135 272 135 text 0
423 123 479 123 479 135 423 135 text 0
230 138 308 138 308 149 230 149 text 0
190 138 207 138 207 150 190 150 text 0
326 140 419 140 419 150 326 150 text 0
435 138 521 138 521 151 435 151 text 0
79 140 172 140 172 151 79 151 text 0
146 154 215 154 215 165 146 165 text 0
338 155 443 155 443 167 338 167 text 0
229 154 315 154 315 167 229 167 text 0
135 171 172 171 172 182 135 182 text 0
191 172 227 172 227 183 191 183 text 0
244 171 279 171 279 183 244 183 text 0
298 171 461 171 461 183 298 183 text 0
135 204 211 204 211 215 135 215 text 0
250 204 431 204 431 215 250 215 text 0
79 236 128 236 128 247 79 247 text 0
149 235 226 235 226 247 149 247 text 0
28 236 64 236 64 247 28 247 text 0
269 236 371 236 371 247 269 247 text 0
393 236 472 236 472 247 393 247 text 0
149 253 280 253 280 264 149 264 text 0
25 253 78 253 78 264 25 264 text 0
300 253 406 253 406 264 300 264 text 0
24 284 172 284 172 297 24 297 text 0
529 284 570 284 570 297 529 297 text 0
326 285 420 285 420 297 326 297 text 0
448 285 511 285 511 297 448 297 text 0
229 285 270 285 270 298 229 298 text 0
26 317 121 317 121 328 26 328 text 0
135 317 198 317 198 328 135 328 text 0
270 317 394 317 394 328 270 328 text 0
222 316 250 316 250 329 222 329 text 0
328 334 393 334 393 345 328 345 text 0
216 335 225 335 225 345 216 345 text 0
447 334 514 334 514 345 447 345 text 0
543 334 570 334 570 345 543 345 text 0
242 337 255 337 255 344 242 344 text 0
24 350 142 350 142 362 24 362 text 0
215 367 228 367 228 376 215 376 text 0
340 366 393 366 393 378 340 378 text 0
531 367 566 367 566 378 531 378 text 0
465 367 515 367 515 378 465 378 text 0
242 370 255 370 255 377 242 377 text 0
174 398 187 398 187 409 174 409 text 0
25 398 86 398 86 409 25 409 text 0
107 398 155 398 155 410 107 410 text 0
25 414 86 414 86 425 25 425 text 0
112 414 241 414 241 426 112 426 text 0
255 415 317 415 317 426 255 426 text 0
504 415 566 415 566 426 504 426 text 0
23 431 60 431 60 441 23 441 text 0
79 429 171 429 171 442 79 442 text 0
194 430 250 430 250 442 194 442 text 0
515 431 569 431 569 442 515 442 text 0
24 445 86 445 86 456 24 456 text 0
258 446 281 446 281 457 258 457 text 0
109 445 240 445 240 457 109 457 text 0
296 446 358 446 358 457 296 457 text 0
502 446 570 446 570 457 502 457 text 0
434 462 568 462 568 474 434 474 text 0
27 462 178 462 178 474 27 474 text 0
26 495 79 495 79 505 26 505 text 0
501 496 570 496 570 507 501 507 text 0
23 543 61 543 61 554 23 554 text 0
295 543 374 543 374 554 295 554 text 0
79 543 171 543 171 555 79 555 text 0
383 543 424 543 424 555 383 555 text 0
476 543 565 543 565 555 476 555 text 0
26 559 51 559 51 569 26 569 text 0
364 559 427 559 427 569 364 569 text 0
203 559 236 559 236 570 203 570 text 0
164 559 184 559 184 571 164 571 text 0
517 560 567 560 567 571 517 571 text 0
25 574 64 574 64 585 25 585 text 0
203 574 236 574 236 585 203 585 text 0
517 574 567 574 567 585 517 585 text 0
382 574 433 574 433 585 382 585 text 0
166 574 187 574 187 586 166 586 text 0