179 85 237 85 237 95 179 95 text 0
251 86 274 86 274 95 251 95 text 0
289 86 382 86 382 95 289 95 text 0
34 98 67 98 67 107 34 107 text 0
84 98 130 98 130 107 84 107 text 0
144 98 298 98 298 107 144 107 text 0
313 98 348 98 348 107 313 107 text 0
361 98 514 98 514 108 361 108 text 0
131 110 213 110 213 120 131 120 text 0
228 110 323 110 323 121 228 121 text 0
336 110 419 110 419 121 336 121 text 0
83 124 116 124 116 133 83 133 text 0
360 123 444 123 444 133 360 133 text 0
277 123 348 123 348 133 277 133 text 0
132 123 259 123 259 133 132 133 text 0
460 123 477 123 477 133 460 133 text 0
131 135 213 135 213 144 131 144 text 0
229 136 309 136 309 145 229 145 text 0
397 136 429 136 429 145 397 145 text 0
317 136 384 136 384 146 317 146 text 0
155 148 199 148 199 157 155 157 text 0
216 148 263 148 263 157 216 157 text 0
276 148 320 148 320 157 276 157 text 0
336 148 383 148 383 157 336 157 text 0
108 160 153 160 153 169 108 169 text 0
229 161 250 161 250 169 229 169 text 0
167 159 210 159 210 170 167 170 text 0
288 160 441 160 441 170 288 170 text 0
130 185 247 185 247 194 130 194 text 0
276 185 393 185 393 194 276 194 text 0
34 209 152 209 152 228 34 228 text 0
183 210 218 210 218 228 183 228 text 0
34 242 93 242 93 251 34 251 text 0
146 242 213 242 213 252 146 252 text 0
445 242 456 242 456 252 445 252 text 0
108 244 127 244 127 252 108 252 text 0
348 243 428 243 428 253 348 253 text 0
34 254 81 254 81 264 34 264 text 0
147 255 263 255 263 264 147 264 text 0
278 255 371 255 371 264 278 264 text 0
34 267 127 267 127 276 34 276 text 0
143 267 226 267 226 276 143 276 text 0
482 292 516 292 516 302 482 302 text 0
34 291 168 291 168 302 34 302 text 0
408 292 467 292 467 302 408 302 text 0
215 292 252 292 252 303 215 303 text 0
299 291 384 291 384 303 299 303 text 0
34 316 114 316 114 325 34 325 text 0
130 316 189 316 189 325 130 325 text 0
205 328 215 328 215 338 205 338 text 0
312 328 359 328 359 338 312 338 text 0
422 329 467 329 467 338 422 338 text 0
494 329 516 329 516 338 494 338 text 0
226 330 238 330 238 338 226 338 text 0
33 340 140 340 140 350 33 350 text 0
154 341 284 341 284 351 154 351 text 0
299 341 346 341 346 351 299 351 text 0
302 354 359 354 359 363 302 363 text 0
205 354 215 354 215 363 205 363 text 0
411 354 467 354 467 363 411 363 text 0
494 354 516 354 516 363 494 363 text 0
228 356 239 356 239 363 228 363 text 0
33 378 89 378 89 387 33 387 text 0
458 378 516 378 516 388 458 388 text 0
107 377 226 377 226 389 107 389 text 0
239 378 295 378 295 388 239 388 text 0
33 391 89 391 89 400 33 400 text 0
105 390 177 390 177 401 105 401 text 0
194 390 259 390 259 401 194 401 text 0
469 391 516 391 516 400 469 400 text 0
33 403 68 403 68 412 33 412 text 0
83 403 174 403 174 413 83 413 text 0
472 403 516 403 516 413 472 413 text 0
34 415 90 415 90 424 34 424 text 0
240 415 260 415 260 424 240 424 text 0
109 414 226 414 226 425 109 425 text 0
458 416 516 416 516 425 458 425 text 0
275 415 331 415 331 426 275 426 text 0
143 427 186 427 186 437 143 437 text 0
33 427 129 427 129 437 33 437 text 0
469 428 513 428 513 437 469 437 text 0
33 452 171 452 171 470 33 470 text 0
396 453 514 453 514 471 396 471 text 0
34 483 114 483 114 493 34 493 text 0
266 485 383 485 383 494 266 494 text 0
34 496 114 496 114 505 34 505 text 0
130 496 213 496 213 506 130 506 text 0
33 545 67 545 67 554 33 554 text 0
276 546 392 546 392 556 276 556 text 0
81 545 164 545 164 556 81 556 text 0
431 546 513 546 513 556 431 556 text 0
214 607 272 607 272 616 214 616 text 0
288 608 321 608 321 617 288 617 text 0
178 619 249 619 249 628 178 628 text 0
263 620 310 620 310 629 263 629 text 0
323 620 382 620 382 630 323 630 text 0