439 111 557 111 557 125 439 125 text 0
326 112 372 112 372 125 326 125 text 0
387 113 432 113 432 125 387 125 text 0
51 114 179 114 179 126 51 126 text 0
194 114 313 114 313 128 194 128 text 0
245 128 306 128 306 141 245 141 text 0
318 129 382 129 382 140 318 140 text 0
394 129 408 129 408 140 394 140 text 0
421 128 480 128 480 141 421 141 text 0
140 131 175 131 175 141 140 141 text 0
188 130 237 130 237 142 188 142 text 0
301 142 407 142 407 156 301 156 text 0
418 144 512 144 512 156 418 156 text 0
203 145 290 145 290 157 203 157 text 0
109 146 190 146 190 156 109 156 text 0
199 159 257 159 257 172 199 172 text 0
455 160 501 160 501 171 455 171 text 0
269 158 445 158 445 175 269 175 text 0
115 161 191 161 191 172 115 172 text 0
230 175 387 175 387 186 230 186 text 0
251 192 290 192 290 202 251 202 text 0
302 192 482 192 482 203 302 203 text 0
139 193 186 193 186 204 139 204 text 0
197 192 238 192 238 206 197 206 text 0
246 219 293 219 293 229 246 229 text 0
303 219 406 219 406 229 303 229 text 0
48 237 114 237 114 246 48 246 text 0
186 238 313 238 313 246 186 246 text 0
325 254 418 254 418 263 325 263 text 0
430 254 464 254 464 262 430 262 text 0
188 254 312 254 312 264 188 264 text 0
49 255 95 255 95 264 49 264 text 0
187 272 248 272 248 281 187 281 text 0
49 272 124 272 124 281 49 281 text 0
377 296 432 296 432 304 377 304 text 0
451 297 539 297 539 305 451 305 text 0
291 295 329 295 329 308 291 308 text 0
82 296 207 296 207 307 82 307 text 0
226 313 264 313 264 322 226 322 text 0
488 316 535 316 535 324 488 324 text 0
386 316 433 316 433 324 386 324 text 0
83 314 212 314 212 326 83 326 text 0
318 316 326 316 326 324 318 324 text 0
46 316 54 316 54 324 46 324 text 0
134 326 151 326 151 334 134 334 text 0
162 326 237 326 237 335 162 335 text 0
510 348 555 348 555 357 510 357 text 0
279 348 332 348 332 358 279 358 text 0
509 366 553 366 553 376 509 376 text 0
247 367 340 367 340 376 247 376 text 0
123 367 179 367 179 377 123 377 text 0
186 367 237 367 237 377 186 377 text 0
508 392 557 392 557 401 508 401 text 0
287 393 330 393 330 402 287 402 text 0
182 393 275 393 275 403 182 403 text 0
61 394 112 394 112 403 61 403 text 0
121 393 175 393 175 403 121 403 text 0
507 418 555 418 555 426 507 426 text 0
237 418 330 418 330 427 237 427 text 0
176 419 228 419 228 428 176 428 text 0
47 452 91 452 91 462 47 462 text 0
102 452 203 452 203 462 102 462 text 0
463 471 506 471 506 480 463 480 text 0
47 471 84 471 84 480 47 480 text 0
168 470 192 470 192 481 168 481 text 0
96 470 151 470 151 481 96 481 text 0
256 470 337 470 337 481 256 481 text 0
347 472 431 472 431 481 347 481 text 0
169 487 215 487 215 497 169 497 text 0
66 487 93 487 93 497 66 497 text 0
457 487 503 487 503 497 457 497 text 0
352 487 402 487 402 497 352 497 text 0
46 513 92 513 92 523 46 523 text 0
180 513 228 513 228 523 180 523 text 0
121 530 201 530 201 540 121 540 text 0
69 530 113 530 113 540 69 540 text 0
210 530 260 530 260 540 210 540 text 0
240 582 280 582 280 591 240 591 text 0
371 582 431 582 431 592 371 592 text 0
164 582 229 582 229 592 164 592 text 0
297 582 362 582 362 592 297 592 text 0
443 581 502 581 502 593 443 593 text 0