12 126 97 126 97 140 12 140 text 0
113 129 250 129 250 143 113 143 text 0
408 129 580 129 580 144 408 144 text 0
265 132 317 132 317 143 265 143 text 0
337 132 388 132 388 143 337 143 text 0
84 149 112 149 112 161 84 161 text 0
405 148 492 148 492 164 405 164 text 0
131 149 215 149 215 163 131 163 text 0
233 151 389 151 389 163 233 163 text 0
81 168 199 168 199 182 81 182 text 0
403 170 472 170 472 182 403 182 text 0
220 170 386 170 386 183 220 183 text 0
80 187 163 187 163 201 80 201 text 0
353 190 491 190 491 202 353 202 text 0
181 190 249 190 249 202 181 202 text 0
265 190 335 190 335 202 265 202 text 0
97 207 156 207 156 221 97 221 text 0
180 208 456 208 456 222 180 222 text 0
99 227 163 227 163 241 99 241 text 0
250 227 476 227 476 241 250 241 text 0
188 229 225 229 225 240 188 240 text 0
259 285 490 285 490 299 259 299 text 0
114 287 216 287 216 300 114 300 text 0
8 323 59 323 59 336 8 336 text 0
83 325 129 325 129 337 83 337 text 0
319 324 598 324 598 338 319 338 text 0
166 327 182 327 182 337 166 337 text 0
205 326 310 326 310 339 205 339 text 0
11 342 60 342 60 356 11 356 text 0
490 343 596 343 596 356 490 356 text 0
325 345 420 345 420 357 325 357 text 0
81 346 125 346 125 357 81 357 text 0
438 346 472 346 472 357 438 357 text 0
513 363 599 363 599 375 513 375 text 0
409 363 493 363 493 377 409 377 text 0
215 363 386 363 386 377 215 377 text 0
115 364 180 364 180 376 115 376 text 0
9 362 92 362 92 378 9 378 text 0
513 382 599 382 599 395 513 395 text 0
9 383 76 383 76 396 9 396 text 0
216 383 386 383 386 397 216 397 text 0
98 384 164 384 164 395 98 395 text 0
410 383 492 383 492 397 410 397 text 0
535 402 595 402 595 413 535 413 text 0
149 402 215 402 215 415 149 415 text 0
10 401 129 401 129 417 10 417 text 0
490 421 596 421 596 434 490 434 text 0
12 421 81 421 81 436 12 436 text 0
283 422 352 422 352 435 283 435 text 0
372 422 388 422 388 435 372 435 text 0
492 460 598 460 598 474 492 474 text 0
147 461 198 461 198 472 147 472 text 0
12 459 131 459 131 475 12 475 text 0
12 477 233 477 233 493 12 493 text 0
492 480 598 480 598 492 492 492 text 0
283 480 352 480 352 492 283 492 text 0
372 481 388 481 388 493 372 493 text 0
13 516 171 516 171 532 13 532 text 0
442 518 594 518 594 531 442 531 text 0
13 536 151 536 151 550 13 550 text 0
439 537 593 537 593 551 439 551 text 0
439 557 592 557 592 571 439 571 text 0
11 556 217 556 217 571 11 571 text 0
250 577 332 577 332 588 250 588 text 0
354 577 406 577 406 590 354 590 text 0
370 596 406 596 406 610 370 610 text 0
204 596 353 596 353 610 204 610 text 0
424 596 473 596 473 609 424 609 text 0