26 44 85 44 85 52 26 52 text 0
99 45 159 45 159 53 99 53 text 0
172 45 219 45 219 53 172 53 text 0
332 45 366 45 366 53 332 53 text 0
380 45 416 45 416 53 380 53 text 0
234 45 243 45 243 52 234 52 text 0
258 45 317 45 317 53 258 53 text 0
28 55 145 55 145 65 28 65 text 0
25 67 121 67 121 75 25 75 text 0
135 67 207 67 207 75 135 75 text 0
221 68 280 68 280 76 221 76 text 0
293 68 353 68 353 76 293 76 text 0
26 79 57 79 57 86 26 86 text 0
100 79 158 79 158 87 100 87 text 0
174 79 219 79 219 87 174 87 text 0
236 80 244 80 244 87 236 87 text 0
78 79 85 79 85 87 78 87 text 0
25 89 58 89 58 98 25 98 text 0
148 90 194 90 194 98 148 98 text 0
75 90 134 90 134 98 75 98 text 0
208 90 255 90 255 99 208 99 text 0
110 101 170 101 170 110 110 110 text 0
443 102 500 102 500 110 443 110 text 0
318 102 366 102 366 110 318 110 text 0
379 102 436 102 436 111 379 111 text 0
26 102 94 102 94 111 26 111 text 0
185 102 268 102 268 111 185 111 text 0
282 102 305 102 305 110 282 110 text 0
27 114 231 114 231 123 27 123 text 0
237 115 288 115 288 122 237 122 text 0
294 115 317 115 317 122 294 122 text 0
26 124 58 124 58 133 26 133 text 0
98 125 228 125 228 133 98 133 text 0
27 136 62 136 62 144 27 144 text 0
99 136 232 136 232 144 99 144 text 0
25 159 59 159 59 166 25 166 text 0
76 159 99 159 99 167 76 167 text 0
136 159 279 159 279 167 136 167 text 0
259 181 341 181 341 189 259 189 text 0
211 181 243 181 243 189 211 189 text 0
25 204 120 204 120 212 25 212 text 0
163 203 277 203 277 213 163 213 text 0
26 216 69 216 69 224 26 224 text 0
87 216 122 216 122 224 87 224 text 0
135 216 182 216 182 224 135 224 text 0
197 216 243 216 243 224 197 224 text 0
470 238 513 238 513 245 470 245 text 0
369 238 452 238 452 246 369 246 text 0
25 239 58 239 58 246 25 246 text 0
237 239 304 239 304 247 237 247 text 0
174 239 196 239 196 246 174 246 text 0
77 239 158 239 158 247 77 247 text 0
393 249 510 249 510 258 393 258 text 0
307 250 378 250 378 257 307 257 text 0
269 250 291 250 291 258 269 258 text 0
27 250 122 250 122 258 27 258 text 0
141 249 257 249 257 258 141 258 text 0
491 261 514 261 514 268 491 268 text 0
384 261 477 261 477 268 384 268 text 0
29 261 147 261 147 269 29 269 text 0
445 272 488 272 488 281 445 281 text 0
89 295 170 295 170 303 89 303 text 0
344 295 417 295 417 302 344 302 text 0
184 295 318 295 318 304 184 304 text 0
25 296 74 296 74 303 25 303 text 0
491 306 514 306 514 314 491 314 text 0
404 306 477 306 477 314 404 314 text 0
40 306 171 306 171 314 40 314 text 0
233 306 257 306 257 314 233 314 text 0
443 317 514 317 514 325 443 325 text 0
323 318 415 318 415 326 323 326 text 0
26 318 85 318 85 325 26 325 text 0
98 318 205 318 205 325 98 325 text 0
282 318 305 318 305 325 282 325 text 0
224 318 268 318 268 326 224 326 text 0
418 329 477 329 477 337 418 337 text 0
492 329 515 329 515 336 492 336 text 0
38 329 195 329 195 337 38 337 text 0
233 330 252 330 252 337 233 337 text 0
393 340 453 340 453 348 393 348 text 0
318 340 365 340 365 348 318 348 text 0
112 340 170 340 170 348 112 348 text 0
25 341 97 341 97 349 25 349 text 0
187 340 306 340 306 349 187 349 text 0
421 351 478 351 478 359 421 359 text 0
492 351 514 351 514 359 492 359 text 0
234 352 256 352 256 360 234 360 text 0
39 352 173 352 173 360 39 360 text 0
164 363 196 363 196 371 164 371 text 0
26 363 85 363 85 371 26 371 text 0
99 363 144 363 144 371 99 371 text 0
222 363 293 363 293 371 222 371 text 0
491 374 514 374 514 382 491 382 text 0
420 374 478 374 478 382 420 382 text 0
75 374 194 374 194 382 75 382 text 0
39 375 70 375 70 382 39 382 text 0
308 385 381 385 381 393 308 393 text 0
250 385 282 385 282 393 250 393 text 0
161 386 233 386 233 394 161 394 text 0
27 385 86 385 86 394 27 394 text 0
98 386 145 386 145 393 98 393 text 0
421 396 478 396 478 404 421 404 text 0
492 396 514 396 514 404 492 404 text 0
235 397 255 397 255 404 235 404 text 0
39 397 196 397 196 405 39 405 text 0
137 408 172 408 172 416 137 416 text 0
185 408 220 408 220 416 185 416 text 0
248 408 306 408 306 416 248 416 text 0
27 408 71 408 71 417 27 417 text 0
88 409 122 409 122 416 88 416 text 0
493 419 516 419 516 427 493 427 text 0
431 419 479 419 479 427 431 427 text 0
39 420 194 420 194 428 39 428 text 0
236 420 255 420 255 427 236 427 text 0
199 443 259 443 259 451 199 451 text 0
26 442 124 442 124 451 26 451 text 0
166 443 185 443 185 452 166 452 text 0
259 465 295 465 295 473 259 473 text 0
419 465 516 465 516 473 419 473 text 0
102 465 160 465 160 473 102 473 text 0
177 465 243 465 243 474 177 474 text 0
308 465 354 465 354 474 308 474 text 0
29 466 84 466 84 474 29 474 text 0
444 477 515 477 515 485 444 485 text 0
138 476 257 476 257 486 138 486 text 0
27 477 124 477 124 486 27 486 text 0
420 488 518 488 518 496 420 496 text 0
79 488 133 488 133 496 79 496 text 0
30 489 60 489 60 496 30 496 text 0
408 499 454 499 454 507 408 507 text 0
468 499 516 499 516 507 468 507 text 0
125 499 200 499 200 508 125 508 text 0
29 500 110 500 110 509 29 509 text 0
348 522 381 522 381 530 348 530 text 0
483 522 515 522 515 530 483 530 text 0
272 522 332 522 332 530 272 530 text 0
434 522 466 522 466 530 434 530 text 0
42 523 78 523 78 531 42 531 text 0
90 523 175 523 175 531 90 531 text 0
338 534 380 534 380 542 338 542 text 0
459 534 503 534 503 542 459 542 text 0
470 545 519 545 519 553 470 553 text 0
310 545 383 545 383 553 310 553 text 0
41 546 64 546 64 554 41 554 text 0
80 545 122 545 122 554 80 554 text 0
471 556 519 556 519 564 471 564 text 0
338 557 382 557 382 565 338 565 text 0
80 557 125 557 125 565 80 565 text 0
41 557 64 557 64 565 41 565 text 0
114 579 187 579 187 588 114 588 text 0
202 579 250 579 250 588 202 588 text 0
262 580 344 580 344 588 262 588 text 0
57 580 100 580 100 588 57 588 text 0
30 581 47 581 47 588 30 588 text 0
115 592 199 592 199 600 115 600 text 0
263 592 355 592 355 600 263 600 text 0
213 592 247 592 247 599 213 599 text 0
30 592 101 592 101 600 30 600 text 0
104 603 136 603 136 611 104 611 text 0
163 603 199 603 199 611 163 611 text 0
213 603 247 603 247 611 213 611 text 0
262 603 387 603 387 612 262 612 text 0
29 603 89 603 89 611 29 611 text 0
36 626 90 626 90 634 36 634 text 0
105 626 138 626 138 634 105 634 text 0