40 36 175 36 175 46 40 46 text 0
384 36 431 36 431 46 384 46 text 0
186 36 316 36 316 46 186 46 text 0
442 36 494 36 494 46 442 46 text 0
500 37 580 37 580 47 500 47 text 0
589 37 611 37 611 47 589 47 text 0
324 38 374 38 374 48 324 48 text 0
186 49 219 49 219 58 186 58 text 0
324 49 405 49 405 58 324 58 text 0
257 49 312 49 312 60 257 60 text 0
414 50 461 50 461 60 414 60 text 0
229 50 245 50 245 60 229 60 text 0
169 63 231 63 231 70 169 70 text 0
237 62 292 62 292 72 237 72 text 0
302 63 364 63 364 73 302 73 text 0
374 63 468 63 468 74 374 74 text 0
219 74 316 74 316 84 219 84 text 0
337 74 405 74 405 84 337 84 text 0
423 74 519 74 519 84 423 84 text 0
130 74 201 74 201 84 130 84 text 0
204 88 253 88 253 96 204 96 text 0
261 88 294 88 294 96 261 96 text 0
304 88 363 88 363 96 304 96 text 0
368 88 448 88 448 96 368 96 text 0
295 109 307 109 307 126 295 126 text 0
318 109 439 109 439 126 318 126 text 0
455 109 499 109 499 126 455 126 text 0
146 110 182 110 182 126 146 126 text 0
198 111 282 111 282 127 198 127 text 0
262 141 311 141 311 158 262 158 text 0
370 141 402 141 402 158 370 158 text 0
322 141 355 141 355 158 322 158 text 0
430 141 527 141 527 158 430 158 text 0
34 162 116 162 116 173 34 173 text 0
338 165 368 165 368 172 338 172 text 0
412 165 531 165 531 172 412 172 text 0
303 180 335 180 335 196 303 196 text 0
215 180 287 180 287 196 215 196 text 0
351 180 384 180 384 196 351 196 text 0
31 180 128 180 128 196 31 196 text 0
144 180 203 180 203 196 144 196 text 0
275 202 287 202 287 210 275 210 text 0
204 203 235 203 235 211 204 211 text 0
251 203 260 203 260 211 251 211 text 0
30 203 102 203 102 211 30 211 text 0
300 203 320 203 320 213 300 213 text 0
118 203 185 203 185 213 118 213 text 0
32 215 90 215 90 223 32 223 text 0
105 216 127 216 127 223 105 223 text 0
145 215 209 215 209 225 145 225 text 0
265 227 358 227 358 235 265 235 text 0
106 227 177 227 177 235 106 235 text 0
31 227 92 227 92 235 31 235 text 0
195 228 247 228 247 238 195 238 text 0
31 238 95 238 95 247 31 247 text 0
107 238 195 238 195 247 107 247 text 0
206 239 281 239 281 249 206 249 text 0
266 250 308 250 308 260 266 260 text 0
458 252 510 252 510 261 458 261 text 0
320 252 427 252 427 261 320 261 text 0
370 266 417 266 417 276 370 276 text 0
237 268 270 268 270 276 237 276 text 0
286 268 319 268 319 276 286 276 text 0
346 268 354 268 354 276 346 276 text 0
186 268 222 268 222 276 186 276 text 0
27 267 162 267 162 279 27 279 text 0
443 268 529 268 529 278 443 278 text 0
89 287 147 287 147 296 89 296 text 0
25 287 70 287 70 296 25 296 text 0
345 288 355 288 355 295 345 295 text 0
309 288 320 288 320 295 309 295 text 0
174 288 221 288 221 296 174 296 text 0
259 288 270 288 270 296 259 296 text 0
478 288 526 288 526 296 478 296 text 0
407 288 418 288 418 296 407 296 text 0
174 301 221 301 221 309 174 309 text 0
27 300 135 300 135 309 27 309 text 0
260 301 268 301 268 309 260 309 text 0
479 301 489 301 489 309 479 309 text 0
312 301 321 301 321 309 312 309 text 0
505 302 528 302 528 308 505 308 text 0
344 301 357 301 357 309 344 309 text 0
26 313 59 313 59 322 26 322 text 0
76 314 134 314 134 322 76 322 text 0
174 314 222 314 222 322 174 322 text 0
259 315 270 315 270 321 259 321 text 0
472 313 528 313 528 322 472 322 text 0
309 314 324 314 324 322 309 322 text 0
199 330 257 330 257 347 199 347 text 0
271 331 298 331 298 348 271 348 text 0
465 332 529 332 529 347 465 347 text 0
309 330 414 330 414 350 309 350 text 0
26 357 136 357 136 365 26 365 text 0
310 358 318 358 318 366 310 366 text 0
173 358 220 358 220 366 173 366 text 0
479 359 526 359 526 366 479 366 text 0
248 359 270 359 270 366 248 366 text 0
396 359 414 359 414 366 396 366 text 0
50 373 107 373 107 390 50 390 text 0
124 375 149 375 149 391 124 391 text 0
479 375 526 375 526 391 479 391 text 0
160 375 257 375 257 395 160 395 text 0
271 375 338 375 338 395 271 395 text 0
358 375 413 375 413 395 358 395 text 0
368 400 412 400 412 417 368 417 text 0
477 400 527 400 527 417 477 417 text 0
63 427 121 427 121 445 63 445 text 0
138 427 161 427 161 445 138 445 text 0
478 428 526 428 526 444 478 444 text 0
174 427 267 427 267 448 174 448 text 0
286 426 340 426 340 449 286 449 text 0
357 427 412 427 412 448 357 448 text 0
199 453 257 453 257 470 199 470 text 0
270 453 295 453 295 470 270 470 text 0
468 453 526 453 526 470 468 470 text 0
309 452 414 452 414 475 309 475 text 0
248 480 306 480 306 497 248 497 text 0
464 482 528 482 528 499 464 499 text 0
319 480 412 480 412 501 319 501 text 0
31 514 122 514 122 522 31 522 text 0
29 527 126 527 126 535 29 535 text 0
143 527 201 527 201 536 143 536 text 0
387 528 444 528 444 536 387 536 text 0
215 528 273 528 273 538 215 538 text 0
459 530 575 530 575 538 459 538 text 0
324 529 371 529 371 538 324 538 text 0
289 531 311 531 311 536 289 536 text 0
31 540 64 540 64 548 31 548 text 0
202 541 224 541 224 549 202 549 text 0
238 541 356 541 356 549 238 549 text 0
80 542 185 542 185 550 80 550 text 0
374 542 469 542 469 552 374 552 text 0
486 543 506 543 506 550 486 550 text 0
140 554 162 554 162 562 140 562 text 0
176 554 223 554 223 562 176 562 text 0
29 554 126 554 126 564 29 564 text 0
363 554 494 554 494 564 363 564 text 0
509 555 531 555 531 563 509 563 text 0
547 557 579 557 579 564 547 564 text 0
239 557 347 557 347 565 239 565 text 0
409 567 434 567 434 575 409 575 text 0
290 567 322 567 322 575 290 575 text 0
107 567 138 567 138 574 107 574 text 0
337 567 395 567 395 575 337 575 text 0
447 568 480 568 480 576 447 576 text 0
153 567 233 567 233 577 153 577 text 0
251 570 274 570 274 574 251 574 text 0
34 568 90 568 90 576 34 576 text 0
37 579 161 579 161 587 37 587 text 0
177 579 235 579 235 587 177 587 text 0
288 579 332 579 332 587 288 587 text 0
349 581 382 581 382 588 349 588 text 0
497 581 506 581 506 588 497 588 text 0
400 581 480 581 480 589 400 589 text 0
252 582 274 582 274 588 252 588 text 0
164 592 212 592 212 600 164 600 text 0
33 592 150 592 150 603 33 603 text 0
199 606 368 606 368 615 199 615 text 0
375 606 442 606 442 615 375 615 text 0