215 92 317 92 317 102 215 102 text 0
103 94 181 94 181 103 103 103 text 0
350 93 372 93 372 103 350 103 text 0
405 94 536 94 536 104 405 104 text 0
109 105 233 105 233 115 109 115 text 0
249 105 304 105 304 115 249 115 text 0
317 105 357 105 357 115 317 115 text 0
372 106 452 106 452 116 372 116 text 0
467 106 532 106 532 116 467 116 text 0
185 116 225 116 225 126 185 126 text 0
239 117 280 117 280 126 239 126 text 0
295 117 321 117 321 126 295 126 text 0
336 118 348 118 348 127 336 127 text 0
364 118 454 118 454 130 364 130 text 0
187 129 252 129 252 138 187 138 text 0
270 129 321 129 321 138 270 138 text 0
405 129 455 129 455 139 405 139 text 0
336 129 389 129 389 139 336 139 text 0
186 141 224 141 224 150 186 150 text 0
242 140 277 140 277 150 242 150 text 0
295 141 457 141 457 151 295 151 text 0
97 151 148 151 148 161 97 161 text 0
167 152 314 152 314 162 167 162 text 0
330 152 379 152 379 162 330 162 text 0
454 152 545 152 545 162 454 162 text 0
399 152 437 152 437 162 399 162 text 0
49 186 104 186 104 196 49 196 text 0
50 208 144 208 144 218 50 218 text 0
160 208 183 208 183 217 160 217 text 0
201 208 336 208 336 218 201 218 text 0
431 208 569 208 569 218 431 218 text 0
349 208 414 208 414 218 349 218 text 0
52 220 199 220 199 229 52 229 text 0
435 220 540 220 540 230 435 230 text 0
350 220 413 220 413 230 350 230 text 0
50 231 144 231 144 241 50 241 text 0
187 231 252 231 252 241 187 241 text 0
50 255 107 255 107 265 50 265 text 0
404 255 444 255 444 265 404 265 text 0
297 256 337 256 337 265 297 265 text 0
487 256 567 256 567 266 487 266 text 0
49 279 226 279 226 288 49 288 text 0
297 279 308 279 308 288 297 288 text 0
583 279 594 279 594 288 583 288 text 0
379 279 444 279 444 288 379 288 text 0
500 279 566 279 566 288 500 288 text 0
323 290 403 290 403 300 323 300 text 0
147 290 212 290 212 300 147 300 text 0
230 290 308 290 308 300 230 300 text 0
419 291 471 291 471 300 419 300 text 0
54 291 129 291 129 302 54 302 text 0
50 313 115 313 115 323 50 323 text 0
133 313 240 313 240 323 133 323 text 0
394 314 405 314 405 323 394 323 text 0
528 348 594 348 594 357 528 357 text 0
336 349 457 349 457 358 336 358 text 0
336 360 389 360 389 369 336 369 text 0
541 360 594 360 594 369 541 369 text 0
541 372 594 372 594 381 541 381 text 0
337 371 377 371 377 381 337 381 text 0
337 384 445 384 445 393 337 393 text 0
541 384 594 384 594 393 541 393 text 0
78 394 210 394 210 403 78 403 text 0
460 394 593 394 593 405 460 405 text 0
79 406 184 406 184 415 79 415 text 0
460 406 590 406 590 416 460 416 text 0
80 417 237 417 237 427 80 427 text 0
488 417 591 417 591 427 488 427 text 0
120 440 185 440 185 450 120 450 text 0
202 440 255 440 255 450 202 450 text 0
270 440 308 440 308 450 270 450 text 0
325 440 363 440 363 450 325 450 text 0
379 440 524 440 524 453 379 453 text 0
256 452 323 452 323 462 256 462 text 0
338 452 387 452 387 462 338 462 text 0
249 475 289 475 289 484 249 484 text 0
304 476 396 476 396 486 304 486 text 0
55 498 111 498 111 507 55 507 text 0
492 498 589 498 589 508 492 508 text 0
277 498 357 498 357 508 277 508 text 0
425 499 440 499 440 508 425 508 text 0
58 521 86 521 86 530 58 530 text 0
289 522 356 522 356 531 289 531 text 0
426 522 439 522 439 531 426 531 text 0
532 522 589 522 589 532 532 532 text 0
317 556 357 556 357 566 317 566 text 0
533 556 588 556 588 566 533 566 text 0
372 557 451 557 451 566 372 566 text 0