163 28 403 28 403 45 163 45 text 0
119 50 153 50 153 58 119 58 text 0
167 51 227 51 227 59 167 59 text 0
238 52 274 52 274 59 238 59 text 0
286 52 321 52 321 59 286 59 text 0
336 52 452 52 452 60 336 60 text 0
177 61 236 61 236 69 177 69 text 0
250 62 297 62 297 69 250 69 text 0
309 62 343 62 343 69 309 69 text 0
357 62 404 62 404 69 357 69 text 0
68 70 116 70 116 78 68 78 text 0
141 71 200 71 200 78 141 78 text 0
214 72 248 72 248 79 214 79 text 0
333 72 392 72 392 79 333 79 text 0
405 72 437 72 437 78 405 78 text 0
454 72 499 72 499 79 454 79 text 0
261 72 319 72 319 80 261 80 text 0
69 81 96 81 96 88 69 88 text 0
284 81 332 81 332 89 284 89 text 0
345 81 393 81 393 89 345 89 text 0
213 82 272 82 272 89 213 89 text 0
165 81 197 81 197 89 165 89 text 0
404 81 499 81 499 90 404 90 text 0
92 83 150 83 150 89 92 89 text 0
68 90 101 90 101 97 68 97 text 0
140 91 272 91 272 99 140 99 text 0
297 92 331 92 331 98 297 98 text 0
368 92 499 92 499 98 368 98 text 0
163 101 200 101 200 107 163 107 text 0
213 101 245 101 245 108 213 108 text 0
260 101 404 101 404 108 260 108 text 0
246 120 329 120 329 128 246 128 text 0
29 140 132 140 132 147 29 147 text 0
152 140 183 140 183 147 152 147 text 0
222 140 339 140 339 147 222 147 text 0
31 150 86 150 86 156 31 156 text 0
149 150 219 150 219 157 149 157 text 0
101 151 111 151 111 157 101 157 text 0
27 160 74 160 74 166 27 166 text 0
268 160 387 160 387 167 268 167 text 0
149 160 255 160 255 168 149 168 text 0
27 169 110 169 110 176 27 176 text 0
146 169 239 169 239 176 146 176 text 0
146 180 182 180 182 187 146 187 text 0
218 180 288 180 288 186 218 186 text 0
25 198 95 198 95 205 25 205 text 0
110 199 180 199 180 205 110 205 text 0
194 199 240 199 240 206 194 206 text 0
256 199 287 199 287 206 256 206 text 0
303 199 348 199 348 206 303 206 text 0
364 199 397 199 397 206 364 206 text 0
422 199 445 199 445 206 422 206 text 0
509 199 529 199 529 206 509 206 text 0
49 208 179 208 179 216 49 216 text 0
313 210 325 210 325 214 313 214 text 0
373 209 419 209 419 215 373 215 text 0
481 209 527 209 527 215 481 215 text 0
268 209 275 209 275 216 268 216 text 0
25 218 95 218 95 225 25 225 text 0
107 218 179 218 179 225 107 225 text 0
191 218 239 218 239 225 191 225 text 0
314 218 347 218 347 225 314 225 text 0
254 218 299 218 299 225 254 225 text 0
420 219 443 219 443 225 420 225 text 0
508 219 527 219 527 226 508 226 text 0
22 228 178 228 178 235 22 235 text 0
263 228 275 228 275 235 263 235 text 0
311 229 323 229 323 234 311 234 text 0
362 229 419 229 419 235 362 235 text 0
468 229 526 229 526 236 468 236 text 0
22 238 93 238 93 245 22 245 text 0
190 238 237 238 237 244 190 244 text 0
107 237 177 237 177 245 107 245 text 0
254 238 297 238 297 244 254 244 text 0
312 238 345 238 345 245 312 245 text 0
421 238 442 238 442 245 421 245 text 0
508 239 526 239 526 245 508 245 text 0
22 248 178 248 178 255 22 255 text 0
311 249 321 249 321 254 311 254 text 0
373 248 418 248 418 254 373 254 text 0
266 248 285 248 285 254 266 254 text 0
470 248 525 248 525 255 470 255 text 0
20 257 104 257 104 264 20 264 text 0
117 257 187 257 187 264 117 264 text 0
200 258 333 258 333 264 200 264 text 0
346 258 404 258 404 265 346 265 text 0
419 258 440 258 440 264 419 264 text 0
506 258 525 258 525 265 506 265 text 0
44 267 175 267 175 274 44 274 text 0
262 267 272 267 272 274 262 274 text 0
308 268 320 268 320 273 308 273 text 0
370 268 417 268 417 274 370 274 text 0
479 268 524 268 524 274 479 274 text 0
21 277 102 277 102 283 21 283 text 0
117 277 187 277 187 284 117 284 text 0
203 277 246 277 246 283 203 283 text 0
273 276 393 276 393 284 273 284 text 0
416 277 439 277 439 284 416 284 text 0
506 277 524 277 524 284 506 284 text 0
20 286 175 286 175 293 20 293 text 0
309 287 319 287 319 292 309 292 text 0
260 286 270 286 270 293 260 293 text 0
360 287 415 287 415 294 360 294 text 0
466 287 523 287 523 294 466 294 text 0
20 305 65 305 65 313 20 313 text 0
77 306 134 306 134 312 77 312 text 0
503 307 522 307 522 313 503 313 text 0
18 314 74 314 74 322 18 322 text 0
463 316 521 316 521 323 463 323 text 0
16 325 112 325 112 333 16 333 text 0
123 325 241 325 241 333 123 333 text 0
473 326 520 326 520 333 473 333 text 0
19 335 73 335 73 341 19 341 text 0
88 335 148 335 148 342 88 342 text 0
160 335 257 335 257 343 160 343 text 0
460 335 521 335 521 343 460 343 text 0
14 354 61 354 61 361 14 361 text 0
451 355 519 355 519 363 451 363 text 0
14 373 83 373 83 381 14 381 text 0
459 375 517 375 517 382 459 382 text 0
12 393 46 393 46 400 12 400 text 0
59 394 106 394 106 401 59 401 text 0
218 393 261 393 261 401 218 401 text 0
168 394 201 394 201 400 168 400 text 0
276 394 358 394 358 402 276 402 text 0
422 395 503 395 503 403 422 403 text 0
11 403 23 403 23 410 11 410 text 0
60 403 81 403 81 410 60 410 text 0
301 404 359 404 359 411 301 411 text 0
458 404 504 404 504 411 458 411 text 0
59 413 81 413 81 420 59 420 text 0
11 413 20 413 20 420 11 420 text 0
311 414 359 414 359 421 311 421 text 0
455 415 503 415 503 422 455 422 text 0
104 453 115 453 115 458 104 458 text 0
128 453 176 453 176 459 128 459 text 0
189 453 245 453 245 459 189 459 text 0
358 453 405 453 405 460 358 460 text 0
417 454 429 454 429 459 417 459 text 0
261 453 344 453 344 461 261 461 text 0
7 472 77 472 77 479 7 479 text 0
90 472 170 472 170 479 90 479 text 0
212 472 236 472 236 479 212 479 text 0
20 481 65 481 65 488 20 488 text 0
126 482 197 482 197 489 126 489 text 0
212 482 294 482 294 490 212 490 text 0
79 483 113 483 113 489 79 489 text 0
307 482 413 482 413 490 307 490 text 0
428 482 495 482 495 491 428 491 text 0
55 505 466 505 466 514 55 514 text 0
3 523 62 523 62 530 3 530 text 0
74 523 131 523 131 530 74 530 text 0
149 523 255 523 255 531 149 531 text 0
268 524 388 524 388 531 268 531 text 0
14 533 70 533 70 540 14 540 text 0
85 533 121 533 121 540 85 540 text 0
233 533 266 533 266 540 233 540 text 0
137 533 218 533 218 541 137 541 text 0
279 534 399 534 399 542 279 542 text 0
413 534 433 534 433 541 413 541 text 0
449 534 492 534 492 542 449 542 text 0
65 543 146 543 146 550 65 550 text 0
13 543 49 543 49 550 13 550 text 0
159 543 204 543 204 550 159 550 text 0
219 543 242 543 242 550 219 550 text 0
254 543 302 543 302 551 254 551 text 0
315 543 388 543 388 551 315 551 text 0
399 544 411 544 411 551 399 551 text 0
423 544 495 544 495 552 423 552 text 0
3 552 48 552 48 559 3 559 text 0
109 552 156 552 156 559 109 559 text 0
64 552 96 552 96 560 64 560 text 0
170 552 192 552 192 560 170 560 text 0
327 553 348 553 348 561 327 561 text 0
206 553 310 553 310 561 206 561 text 0
365 554 399 554 399 561 365 561 text 0
413 555 494 555 494 562 413 562 text 0
50 562 71 562 71 569 50 569 text 0
83 562 119 562 119 569 83 569 text 0
133 563 180 563 180 570 133 570 text 0
279 563 313 563 313 570 279 570 text 0
194 563 264 563 264 570 194 570 text 0
326 564 447 564 447 572 326 572 text 0
2 572 46 572 46 579 2 579 text 0
132 572 191 572 191 580 132 580 text 0
60 572 128 572 128 581 60 581 text 0
254 573 312 573 312 580 254 580 text 0
364 574 396 574 396 581 364 581 text 0
204 574 240 574 240 581 204 581 text 0
326 575 348 575 348 580 326 580 text 0
410 574 506 574 506 582 410 582 text 0
71 582 192 582 192 589 71 589 text 0
206 583 274 583 274 591 206 591 text 0
290 583 324 583 324 590 290 590 text 0
339 584 429 584 429 592 339 592 text 0
143 592 179 592 179 599 143 599 text 0
71 592 130 592 130 599 71 599 text 0
191 592 226 592 226 599 191 599 text 0
240 592 311 592 311 600 240 600 text 0
324 593 372 593 372 601 324 601 text 0
384 594 444 594 444 602 384 602 text 0