90 56 265 56 265 67 90 67 text 0
278 56 426 56 426 67 278 67 text 0
440 56 561 56 561 67 440 67 text 0
246 74 316 74 316 85 246 85 text 0
332 74 402 74 402 85 332 85 text 0
218 91 253 91 253 101 218 101 text 0
266 91 299 91 299 100 266 100 text 0
324 92 442 92 442 102 324 102 text 0
85 105 118 105 118 113 85 113 text 0
127 105 301 105 301 113 127 113 text 0
315 105 385 105 385 113 315 113 text 0
394 105 457 105 457 113 394 113 text 0
465 105 542 105 542 113 465 113 text 0
547 105 563 105 563 113 547 113 text 0
338 116 400 116 400 124 338 124 text 0
261 116 331 116 331 124 261 124 text 0
410 116 478 116 478 125 410 125 text 0
172 116 252 116 252 124 172 124 text 0
253 133 396 133 396 141 253 141 text 0
276 149 321 149 321 157 276 157 text 0
330 149 359 149 359 157 330 157 text 0
195 173 319 173 319 182 195 182 text 0
336 173 457 173 457 182 336 182 text 0
185 189 270 189 270 204 185 204 text 0
287 189 467 189 467 204 287 204 text 0
64 210 140 210 140 221 64 221 text 0
154 210 336 210 336 221 154 221 text 0
210 231 223 231 223 241 210 241 text 0
65 232 199 232 199 241 65 241 text 0
575 232 583 232 583 241 575 241 text 0
432 232 562 232 562 241 432 241 text 0
64 256 111 256 111 265 64 265 text 0
122 256 177 256 177 265 122 265 text 0
245 257 348 257 348 265 245 265 text 0
365 257 403 257 403 265 365 265 text 0
422 256 466 256 466 265 422 265 text 0
483 257 518 257 518 265 483 265 text 0
539 257 589 257 589 265 539 265 text 0
243 269 299 269 299 277 243 277 text 0
375 269 410 269 410 277 375 277 text 0
530 269 589 269 589 278 530 278 text 0
486 269 521 269 521 278 486 278 text 0
65 288 160 288 160 297 65 297 text 0
170 289 275 289 275 297 170 297 text 0
459 289 524 289 524 297 459 297 text 0
286 289 448 289 448 297 286 297 text 0
122 302 190 302 190 311 122 311 text 0
252 302 299 302 299 311 252 311 text 0
365 303 411 303 411 311 365 311 text 0
75 303 83 303 83 312 75 312 text 0
475 303 521 303 521 311 475 311 text 0
543 303 588 303 588 311 543 311 text 0
65 322 160 322 160 330 65 330 text 0
172 322 275 322 275 330 172 330 text 0
287 322 448 322 448 331 287 331 text 0
460 322 525 322 525 331 460 331 text 0
120 336 189 336 189 345 120 345 text 0
273 337 299 337 299 345 273 345 text 0
365 336 411 336 411 345 365 345 text 0
74 336 82 336 82 345 74 345 text 0
544 337 588 337 588 345 544 345 text 0
475 337 521 337 521 345 475 345 text 0
253 336 261 336 261 345 253 345 text 0
65 355 182 355 182 363 65 363 text 0
193 355 306 355 306 364 193 364 text 0
316 355 380 355 380 364 316 364 text 0
122 370 190 370 190 378 122 378 text 0
252 370 300 370 300 378 252 378 text 0
75 370 83 370 83 379 75 379 text 0
364 371 411 371 411 379 364 379 text 0
474 371 521 371 521 379 474 379 text 0
543 370 589 370 589 379 543 379 text 0
144 388 157 388 157 397 144 397 text 0
64 388 132 388 132 397 64 397 text 0
226 389 270 389 270 399 226 399 text 0
169 389 216 389 216 399 169 399 text 0
122 403 190 403 190 411 122 411 text 0
252 403 300 403 300 411 252 411 text 0
75 403 83 403 83 412 75 412 text 0
474 404 521 404 521 412 474 412 text 0
364 403 411 403 411 412 364 412 text 0
545 404 589 404 589 412 545 412 text 0
64 429 128 429 128 438 64 438 text 0
200 429 253 429 253 438 200 438 text 0
535 429 547 429 547 438 535 438 text 0
560 429 589 429 589 438 560 438 text 0
139 428 187 428 187 440 139 440 text 0
65 449 128 449 128 458 65 458 text 0
139 448 253 448 253 458 139 458 text 0
264 449 320 449 320 458 264 458 text 0
536 449 590 449 590 458 536 458 text 0
331 449 370 449 370 458 331 458 text 0
63 467 203 467 203 477 63 477 text 0
213 467 321 467 321 479 213 479 text 0
65 486 127 486 127 495 65 495 text 0
519 486 589 486 589 495 519 495 text 0
65 501 162 501 162 513 65 513 text 0
521 503 589 503 589 512 521 512 text 0
65 527 114 527 114 536 65 536 text 0
483 528 521 528 521 537 483 537 text 0
123 527 235 527 235 538 123 538 text 0
294 528 446 528 446 539 294 539 text 0
531 529 584 529 584 539 531 539 text 0
65 546 171 546 171 554 65 554 text 0
402 546 446 546 446 554 402 554 text 0
540 546 584 546 584 554 540 554 text 0
136 569 228 569 228 578 136 578 text 0
237 569 289 569 289 578 237 578 text 0
348 569 387 569 387 578 348 578 text 0
395 569 523 569 523 578 395 578 text 0
297 571 338 571 338 578 297 578 text 0
84 583 160 583 160 592 84 592 text 0
223 583 256 583 256 592 223 592 text 0
387 584 412 584 412 593 387 593 text 0
429 583 574 583 574 593 429 593 text 0
264 583 378 583 378 595 264 595 text 0
168 586 214 586 214 595 168 595 text 0
143 597 268 597 268 606 143 606 text 0
278 597 377 597 377 607 278 607 text 0
388 597 444 597 444 607 388 607 text 0
455 597 512 597 512 607 455 607 text 0