61 74 163 74 163 87 61 87 text 0
173 74 315 74 315 87 173 87 text 0
326 76 448 76 448 88 326 88 text 0
458 76 515 76 515 88 458 88 text 0
528 76 586 76 586 88 528 88 text 0
288 93 354 93 354 104 288 104 text 0
206 93 277 93 277 107 206 107 text 0
367 93 436 93 436 107 367 107 text 0
248 111 347 111 347 123 248 123 text 0
361 111 392 111 392 126 361 126 text 0
191 131 259 131 259 143 191 143 text 0
272 131 382 131 382 143 272 143 text 0
392 131 450 131 450 146 392 146 text 0
256 150 383 150 383 162 256 162 text 0
211 169 301 169 301 181 211 181 text 0
314 169 430 169 430 182 314 182 text 0
154 188 198 188 198 200 154 200 text 0
261 188 296 188 296 200 261 200 text 0
306 188 472 188 472 200 306 200 text 0
209 188 248 188 248 203 209 203 text 0
58 227 83 227 83 239 58 239 text 0
93 228 118 228 118 239 93 239 text 0
248 228 389 228 389 240 248 240 text 0
58 248 103 248 103 259 58 259 text 0
377 248 455 248 455 258 377 258 text 0
467 247 494 247 494 259 467 259 text 0
248 248 369 248 369 261 248 261 text 0
250 267 314 267 314 277 250 277 text 0
56 264 126 264 126 282 56 282 text 0
58 285 110 285 110 295 58 295 text 0
119 285 144 285 144 296 119 296 text 0
247 285 285 285 285 296 247 296 text 0
472 314 571 314 571 326 472 326 text 0
56 314 96 314 96 330 56 330 text 0
105 314 245 314 245 330 105 330 text 0
106 333 135 333 135 344 106 344 text 0
82 334 89 334 89 344 82 344 text 0
146 334 204 334 204 345 146 345 text 0
215 333 318 333 318 345 215 345 text 0
493 333 556 333 556 345 493 345 text 0
569 333 597 333 597 345 569 345 text 0
104 351 169 351 169 363 104 363 text 0
218 352 282 352 282 364 218 364 text 0
182 351 201 351 201 365 182 365 text 0
104 371 178 371 178 383 104 383 text 0
193 371 232 371 232 383 193 383 text 0
285 371 330 371 330 383 285 383 text 0
82 372 89 372 89 383 82 383 text 0
512 371 557 371 557 383 512 383 text 0
569 371 597 371 597 383 569 383 text 0
244 371 263 371 263 385 244 385 text 0
104 392 180 392 180 403 104 403 text 0
292 392 350 392 350 403 292 403 text 0
569 392 597 392 597 404 569 404 text 0
82 392 89 392 89 403 82 403 text 0
495 393 556 393 556 404 495 404 text 0
251 392 271 392 271 405 251 405 text 0
190 392 239 392 239 406 190 406 text 0
105 413 186 413 186 425 105 425 text 0
507 413 555 413 555 425 507 425 text 0
569 413 597 413 597 425 569 425 text 0
83 414 90 414 90 425 83 425 text 0
197 414 290 414 290 425 197 425 text 0
302 413 322 413 322 427 302 427 text 0
394 412 416 412 416 428 394 428 text 0
393 430 415 430 415 446 393 446 text 0
78 450 92 450 92 461 78 461 text 0
324 450 380 450 380 462 324 462 text 0
493 451 558 451 558 463 493 463 text 0
286 470 379 470 379 481 286 481 text 0
503 470 557 470 557 485 503 485 text 0
163 489 233 489 233 500 163 500 text 0
296 489 380 489 380 500 296 500 text 0
508 489 557 489 557 500 508 500 text 0
243 489 283 489 283 502 243 502 text 0
336 507 381 507 381 518 336 518 text 0
508 508 556 508 556 519 508 519 text 0
249 526 312 526 312 538 249 538 text 0
322 526 379 526 379 538 322 538 text 0
495 526 556 526 556 538 495 538 text 0
281 548 315 548 315 560 281 560 text 0
323 548 381 548 381 560 323 560 text 0
495 549 556 549 556 559 495 559 text 0
74 584 116 584 116 594 74 594 text 0
251 585 268 585 268 595 251 595 text 0
327 584 445 584 445 596 327 596 text 0
471 584 561 584 561 597 471 597 text 0
128 585 219 585 219 598 128 598 text 0
71 602 100 602 100 613 71 613 text 0
232 603 276 603 276 614 232 614 text 0
389 603 444 603 444 614 389 614 text 0
514 604 557 604 557 615 514 615 text 0