103 39 262 39 262 49 103 49 text 0
322 39 376 39 376 49 322 49 text 0
275 40 309 40 309 49 275 49 text 0
393 39 498 39 498 50 393 50 text 0
100 58 498 58 498 85 100 85 text 0
78 94 198 94 198 101 78 101 text 0
208 94 309 94 309 101 208 101 text 0
364 94 403 94 403 101 364 101 text 0
318 95 357 95 357 102 318 102 text 0
411 95 522 95 522 103 411 103 text 0
77 105 106 105 106 111 77 111 text 0
113 105 155 105 155 112 113 112 text 0
164 105 291 105 291 112 164 112 text 0
299 105 364 105 364 112 299 112 text 0
373 105 425 105 425 113 373 113 text 0
432 106 526 106 526 114 432 114 text 0
136 115 198 115 198 122 136 122 text 0
204 115 254 115 254 122 204 122 text 0
261 116 318 116 318 123 261 123 text 0
430 116 461 116 461 122 430 122 text 0
328 115 423 115 423 124 328 124 text 0
182 126 221 126 221 132 182 132 text 0
229 126 249 126 249 132 229 132 text 0
266 126 419 126 419 132 266 132 text 0
142 140 221 140 221 149 142 149 text 0
243 140 324 140 324 149 243 149 text 0
346 141 460 141 460 150 346 150 text 0
230 158 273 158 273 168 230 168 text 0
296 158 338 158 338 168 296 168 text 0
208 176 256 176 256 185 208 185 text 0
280 176 393 176 393 185 280 185 text 0
42 202 204 202 204 213 42 213 text 0
229 202 307 202 307 212 229 212 text 0
410 203 578 203 578 213 410 213 text 0
38 220 98 220 98 229 38 229 text 0
124 220 155 220 155 229 124 229 text 0
173 220 234 220 234 230 173 230 text 0
260 220 390 220 390 230 260 230 text 0
40 237 136 237 136 247 40 247 text 0
158 237 239 237 239 247 158 247 text 0
41 260 106 260 106 270 41 270 text 0
446 262 490 262 490 271 446 271 text 0
516 262 574 262 574 272 516 272 text 0
39 295 409 295 409 307 39 307 text 0
467 297 581 297 581 307 467 307 text 0
36 312 171 312 171 322 36 322 text 0
191 313 256 313 256 322 191 322 text 0
360 314 425 314 425 323 360 323 text 0
276 314 339 314 339 324 276 324 text 0
481 315 578 315 578 324 481 324 text 0
38 347 85 347 85 357 38 357 text 0
107 347 185 347 185 357 107 357 text 0
211 348 272 348 272 359 211 359 text 0
292 348 352 348 352 359 292 359 text 0
465 349 542 349 542 358 465 358 text 0
40 367 120 367 120 387 40 387 text 0
465 369 542 369 542 387 465 387 text 0
36 398 101 398 101 408 36 408 text 0
461 399 542 399 542 408 461 408 text 0
38 415 136 415 136 425 38 425 text 0
461 417 542 417 542 427 461 427 text 0
74 434 152 434 152 443 74 443 text 0
174 434 239 434 239 443 174 443 text 0
276 434 289 434 289 443 276 443 text 0
42 456 85 456 85 465 42 465 text 0
105 456 169 456 169 466 105 466 text 0
273 457 386 457 386 467 273 467 text 0
428 457 539 457 539 468 428 468 text 0
106 473 151 473 151 483 106 483 text 0
312 474 390 474 390 482 312 482 text 0
481 474 542 474 542 482 481 482 text 0
107 495 133 495 133 504 107 504 text 0
156 495 202 495 202 504 156 504 text 0
223 496 236 496 236 504 223 504 text 0
258 495 356 495 356 505 258 505 text 0
376 495 441 495 441 505 376 505 text 0
461 496 542 496 542 505 461 505 text 0
140 529 202 529 202 538 140 538 text 0
273 529 321 529 321 538 273 538 text 0
344 529 441 529 441 538 344 538 text 0
225 529 253 529 253 538 225 538 text 0
461 529 555 529 555 538 461 538 text 0
127 546 236 546 236 555 127 555 text 0
293 546 491 546 491 557 293 557 text 0
192 560 356 560 356 572 192 572 text 0
143 564 181 564 181 571 143 571 text 0
367 564 475 564 475 572 367 572 text 0