214 12 467 12 467 27 214 27 text 0
162 48 486 48 486 67 162 67 text 0
77 76 172 76 172 84 77 84 text 0
187 76 281 76 281 85 187 85 text 0
297 77 347 77 347 85 297 85 text 0
358 77 431 77 431 85 358 85 text 0
444 76 479 76 479 85 444 85 text 0
493 76 529 76 529 85 493 85 text 0
310 87 345 87 345 96 310 96 text 0
161 86 247 86 247 96 161 96 text 0
363 86 455 86 455 95 363 95 text 0
259 86 297 86 297 96 259 96 text 0
261 96 292 96 292 105 261 105 text 0
162 96 199 96 199 104 162 104 text 0
310 97 454 97 454 106 310 106 text 0
211 95 249 95 249 106 211 106 text 0
163 106 197 106 197 115 163 115 text 0
410 106 454 106 454 116 410 116 text 0
212 106 292 106 292 116 212 116 text 0
322 106 395 106 395 116 322 116 text 0
151 126 173 126 173 135 151 135 text 0
64 126 121 126 121 135 64 135 text 0
187 126 223 126 223 135 187 135 text 0
235 126 332 126 332 135 235 135 text 0
445 127 504 127 504 135 445 135 text 0
530 127 540 127 540 135 530 135 text 0
63 137 124 137 124 145 63 145 text 0
153 137 185 137 185 145 153 145 text 0
199 136 259 136 259 145 199 145 text 0
273 136 356 136 356 145 273 145 text 0
445 137 504 137 504 145 445 145 text 0
530 137 540 137 540 145 530 145 text 0
150 146 174 146 174 155 150 155 text 0
63 146 123 146 123 155 63 155 text 0
529 146 540 146 540 154 529 154 text 0
248 146 309 146 309 155 248 155 text 0
322 146 371 146 371 155 322 155 text 0
457 147 505 147 505 155 457 155 text 0
186 146 234 146 234 155 186 155 text 0
151 155 200 155 200 164 151 164 text 0
259 155 297 155 297 164 259 164 text 0
313 156 333 156 333 165 313 165 text 0
100 156 137 156 137 165 100 165 text 0
211 156 249 156 249 165 211 165 text 0
443 156 503 156 503 165 443 165 text 0
63 165 123 165 123 174 63 174 text 0
151 165 233 165 233 174 151 174 text 0
248 165 322 165 322 174 248 174 text 0
530 166 540 166 540 174 530 174 text 0
457 166 505 166 505 174 457 174 text 0
419 185 504 185 504 194 419 194 text 0
225 184 273 184 273 194 225 194 text 0
310 185 330 185 330 194 310 194 text 0
114 185 212 185 212 204 114 204 text 0
431 195 504 195 504 204 431 204 text 0
113 195 184 195 184 204 113 204 text 0
311 214 331 214 331 224 311 224 text 0
419 214 507 214 507 224 419 224 text 0
225 214 273 214 273 224 225 224 text 0
114 214 214 214 214 224 114 224 text 0
113 225 164 225 164 234 113 234 text 0
419 224 504 224 504 234 419 234 text 0
200 234 248 234 248 244 200 244 text 0
419 234 504 234 504 244 419 244 text 0
113 235 189 235 189 244 113 244 text 0
286 265 370 265 370 273 286 273 text 0
236 265 273 265 273 273 236 273 text 0
323 274 405 274 405 284 323 284 text 0
201 274 282 274 282 284 201 284 text 0
447 274 554 274 554 283 447 283 text 0
64 275 112 275 112 283 64 283 text 0
320 283 370 283 370 293 320 293 text 0
444 284 506 284 506 293 444 293 text 0
100 284 161 284 161 293 100 293 text 0
200 284 260 284 260 293 200 293 text 0
63 284 76 284 76 293 63 293 text 0
261 334 371 334 371 342 261 342 text 0
177 353 299 353 299 362 177 362 text 0
383 353 494 353 494 362 383 362 text 0
79 353 162 353 162 364 79 364 text 0
458 363 530 363 530 372 458 372 text 0
384 362 443 362 443 372 384 372 text 0
77 364 211 364 211 373 77 373 text 0
458 373 506 373 506 382 458 382 text 0
175 373 259 373 259 382 175 382 text 0
78 373 161 373 161 384 78 384 text 0
483 383 508 383 508 392 483 392 text 0
163 383 236 383 236 392 163 392 text 0
79 384 151 384 151 393 79 393 text 0
458 393 505 393 505 402 458 402 text 0
175 393 259 393 259 402 175 402 text 0
78 392 161 392 161 402 78 402 text 0
65 442 199 442 199 451 65 451 text 0
434 442 480 442 480 451 434 451 text 0
214 442 308 442 308 451 214 451 text 0
326 442 418 442 418 451 326 451 text 0
496 442 530 442 530 451 496 451 text 0