147 65 182 65 182 77 147 77 text 0
204 66 282 66 282 78 204 78 text 0
361 67 399 67 399 79 361 79 text 0
418 67 457 67 457 79 418 79 text 0
306 66 341 66 341 79 306 79 text 0
177 82 271 82 271 95 177 95 text 0
294 83 427 83 427 97 294 97 text 0
61 99 95 99 95 111 61 111 text 0
120 100 199 100 199 112 120 112 text 0
218 101 228 101 228 112 218 112 text 0
361 101 428 101 428 113 361 113 text 0
251 100 340 100 340 114 251 114 text 0
505 101 517 101 517 113 505 113 text 0
447 101 485 101 485 113 447 113 text 0
74 117 171 117 171 129 74 129 text 0
189 117 372 117 372 130 189 130 text 0
390 118 503 118 503 130 390 130 text 0
89 135 156 135 156 147 89 147 text 0
176 134 226 134 226 147 176 147 text 0
404 135 515 135 515 148 404 148 text 0
247 135 383 135 383 149 247 149 text 0
192 152 214 152 214 164 192 164 text 0
119 152 167 152 167 165 119 165 text 0
233 153 256 153 256 164 233 164 text 0
280 152 470 152 470 166 280 166 text 0
206 170 256 170 256 182 206 182 text 0
275 170 384 170 384 183 275 183 text 0
204 186 258 186 258 199 204 199 text 0
277 187 385 187 385 199 277 199 text 0
103 220 214 220 214 233 103 233 text 0
17 221 86 221 86 233 17 233 text 0
232 221 270 221 270 233 232 233 text 0
292 221 472 221 472 234 292 234 text 0
561 222 586 222 586 234 561 234 text 0
192 238 214 238 214 250 192 250 text 0
16 238 142 238 142 252 16 252 text 0
16 255 113 255 113 267 16 267 text 0
360 256 372 256 372 268 360 268 text 0
390 256 457 256 457 268 390 268 text 0
334 255 342 255 342 268 334 268 text 0
490 256 557 256 557 268 490 268 text 0
203 273 284 273 284 285 203 285 text 0
303 273 370 273 370 285 303 285 text 0
390 274 442 274 442 286 390 286 text 0
519 274 585 274 585 286 519 286 text 0
303 290 370 290 370 302 303 302 text 0
391 291 441 291 441 303 391 303 text 0
16 307 127 307 127 319 16 319 text 0
145 307 198 307 198 319 145 319 text 0
217 307 370 307 370 320 217 320 text 0
560 308 585 308 585 320 560 320 text 0
17 324 69 324 69 336 17 336 text 0
117 324 141 324 141 336 117 336 text 0
16 341 113 341 113 353 16 353 text 0
335 343 342 343 342 354 335 354 text 0
392 342 456 342 456 354 392 354 text 0
491 342 556 342 556 354 491 354 text 0
360 342 371 342 371 355 360 355 text 0
160 376 171 376 171 389 160 389 text 0
18 375 110 375 110 390 18 390 text 0
575 376 584 376 584 389 575 389 text 0
447 376 525 376 525 390 447 390 text 0
105 410 167 410 167 422 105 422 text 0
17 410 80 410 80 422 17 422 text 0
188 410 270 410 270 423 188 423 text 0
475 410 499 410 499 423 475 423 text 0
517 410 584 410 584 423 517 423 text 0
15 427 69 427 69 440 15 440 text 0
460 428 485 428 485 440 460 440 text 0
506 428 584 428 584 440 506 440 text 0
15 445 97 445 97 458 15 458 text 0
474 445 500 445 500 457 474 457 text 0
518 445 585 445 585 457 518 457 text 0
15 479 56 479 56 491 15 491 text 0
133 479 244 479 244 492 133 492 text 0
74 480 113 480 113 491 74 491 text 0
303 479 368 479 368 492 303 492 text 0
446 480 471 480 471 492 446 492 text 0
264 480 285 480 285 492 264 492 text 0
490 480 542 480 542 492 490 492 text 0
15 513 128 513 128 526 15 526 text 0
146 514 214 514 214 526 146 526 text 0
231 514 281 514 281 527 231 527 text 0
303 514 356 514 356 526 303 526 text 0
403 514 427 514 427 527 403 527 text 0
446 514 585 514 585 527 446 527 text 0
15 530 127 530 127 543 15 543 text 0
145 530 241 530 241 543 145 543 text 0
259 531 357 531 357 544 259 544 text 0
103 564 212 564 212 577 103 577 text 0
231 565 270 565 270 577 231 577 text 0
289 565 385 565 385 578 289 578 text 0
404 566 485 566 485 579 404 579 text 0
160 582 169 582 169 595 160 595 text 0
188 582 227 582 227 594 188 594 text 0
246 582 298 582 298 595 246 595 text 0
318 582 424 582 424 595 318 595 text 0
130 599 242 599 242 611 130 611 text 0
261 600 285 600 285 612 261 612 text 0
303 600 357 600 357 612 303 612 text 0
375 599 458 599 458 612 375 612 text 0