318 80 352 80 352 90 318 90 text 0
368 80 403 80 403 90 368 90 text 0
128 80 148 80 148 90 128 90 text 0
161 80 208 80 208 90 161 90 text 0
223 80 304 80 304 90 223 90 text 0
201 93 328 93 328 105 201 105 text 0
174 106 233 106 233 117 174 117 text 0
102 107 124 107 124 117 102 117 text 0
138 108 157 108 157 118 138 118 text 0
380 107 435 107 435 119 380 119 text 0
246 107 367 107 367 119 246 119 text 0
222 120 305 120 305 130 222 130 text 0
137 120 208 120 208 131 137 131 text 0
320 121 400 121 400 132 320 132 text 0
174 134 233 134 233 144 174 144 text 0
245 133 341 133 341 145 245 145 text 0
283 147 437 147 437 158 283 158 text 0
223 148 245 148 245 157 223 157 text 0
102 147 146 147 146 158 102 158 text 0
162 148 206 148 206 158 162 158 text 0
125 174 193 174 193 183 125 183 text 0
224 175 389 175 389 184 224 184 text 0
28 201 146 201 146 220 28 220 text 0
29 237 86 237 86 247 29 247 text 0
137 238 208 238 208 247 137 247 text 0
439 238 450 238 450 247 439 247 text 0
343 237 422 237 422 248 343 248 text 0
101 239 120 239 120 248 101 248 text 0
138 250 255 250 255 260 138 260 text 0
29 251 75 251 75 261 29 261 text 0
273 251 365 251 365 260 273 260 text 0
136 263 219 263 219 274 136 274 text 0
28 263 122 263 122 274 28 274 text 0
234 264 318 264 318 276 234 276 text 0
478 291 512 291 512 300 478 300 text 0
29 291 161 291 161 301 29 301 text 0
209 291 243 291 243 301 209 301 text 0
296 291 379 291 379 301 296 301 text 0
406 290 462 290 462 302 406 302 text 0
271 316 317 316 317 327 271 327 text 0
331 316 414 316 414 327 331 327 text 0
28 317 63 317 63 327 28 327 text 0
198 317 257 317 257 328 198 328 text 0
76 317 182 317 182 327 76 327 text 0
428 317 497 317 497 327 428 327 text 0
200 330 208 330 208 340 200 340 text 0
406 330 463 330 463 340 406 340 text 0
297 331 356 331 356 341 297 341 text 0
488 330 511 330 511 341 488 341 text 0
222 332 235 332 235 340 222 340 text 0
29 356 86 356 86 367 29 367 text 0
102 356 220 356 220 368 102 368 text 0
453 358 510 358 510 367 453 367 text 0
235 357 290 357 290 369 235 369 text 0
30 369 85 369 85 379 30 379 text 0
99 370 134 370 134 380 99 380 text 0
152 369 205 369 205 380 152 380 text 0
464 371 511 371 511 380 464 380 text 0
30 382 85 382 85 393 30 393 text 0
102 382 219 382 219 394 102 394 text 0
235 384 256 384 256 393 235 393 text 0
271 383 327 383 327 394 271 394 text 0
456 384 512 384 512 393 456 393 text 0
27 410 165 410 165 430 27 430 text 0
396 411 510 411 510 430 396 430 text 0
30 446 109 446 109 456 30 456 text 0
262 446 378 446 378 456 262 456 text 0
126 447 172 447 172 456 126 456 text 0
418 447 510 447 510 457 418 457 text 0
125 458 209 458 209 469 125 469 text 0
30 459 109 459 109 468 30 468 text 0
223 460 306 460 306 470 223 470 text 0
29 486 75 486 75 495 29 495 text 0
456 487 512 487 512 496 456 496 text 0
27 525 62 525 62 535 27 535 text 0
270 525 388 525 388 536 270 536 text 0
429 525 510 525 510 536 429 536 text 0
76 525 159 525 159 535 76 535 text 0
30 538 52 538 52 548 30 548 text 0
152 537 173 537 173 549 152 549 text 0
464 538 511 538 511 548 464 548 text 0
186 539 219 539 219 550 186 550 text 0
334 539 391 539 391 549 334 549 text 0
210 605 268 605 268 615 210 615 text 0
284 605 318 605 318 615 284 615 text 0
175 618 246 618 246 628 175 628 text 0
261 618 307 618 307 627 261 627 text 0
321 619 379 619 379 629 321 629 text 0