112 74 203 74 203 84 112 84 text 0
216 74 317 74 317 84 216 84 text 0
329 74 399 74 399 84 329 84 text 0
410 75 517 75 517 85 410 85 text 0
232 86 400 86 400 96 232 96 text 0
178 101 219 101 219 108 178 108 text 0
229 101 265 101 265 108 229 108 text 0
274 101 344 101 344 109 274 109 text 0
351 102 452 102 452 110 351 110 text 0
158 114 222 114 222 122 158 122 text 0
232 115 330 115 330 124 232 124 text 0
343 115 475 115 475 123 343 123 text 0
101 136 140 136 140 143 101 143 text 0
160 136 298 136 298 144 160 144 text 0
331 137 373 137 373 144 331 144 text 0
392 138 530 138 530 145 392 145 text 0
189 151 235 151 235 159 189 159 text 0
244 151 264 151 264 158 244 158 text 0
285 151 440 151 440 160 285 160 text 0
234 168 281 168 281 177 234 177 text 0
293 168 394 168 394 176 293 176 text 0
31 179 57 179 57 187 31 187 text 0
65 180 90 180 90 188 65 188 text 0
29 195 82 195 82 203 29 203 text 0
91 195 156 195 156 203 91 203 text 0
163 195 226 195 226 203 163 203 text 0
234 195 379 195 379 204 234 204 text 0
30 208 63 208 63 215 30 215 text 0
74 208 82 208 82 216 74 216 text 0
169 208 233 208 233 216 169 216 text 0
91 208 161 208 161 216 91 216 text 0
242 208 253 208 253 216 242 216 text 0
31 220 108 220 108 228 31 228 text 0
118 221 179 221 179 228 118 228 text 0
187 220 250 220 250 228 187 228 text 0
30 234 129 234 129 242 30 242 text 0
139 234 265 234 265 242 139 242 text 0
30 248 168 248 168 256 30 256 text 0
30 261 72 261 72 269 30 269 text 0
78 261 106 261 106 269 78 269 text 0
196 262 332 262 332 270 196 270 text 0
412 262 466 262 466 270 412 270 text 0
484 262 598 262 598 271 484 271 text 0
30 275 111 275 111 283 30 283 text 0
198 276 259 276 259 284 198 284 text 0
411 276 464 276 464 284 411 284 text 0
484 277 571 277 571 285 484 285 text 0
30 289 157 289 157 299 30 299 text 0
419 291 465 291 465 299 419 299 text 0
361 311 415 311 415 320 361 320 text 0
480 311 534 311 534 320 480 320 text 0
29 320 69 320 69 327 29 327 text 0
357 321 422 321 422 328 357 328 text 0
265 321 330 321 330 328 265 328 text 0
195 321 229 321 229 329 195 329 text 0
462 321 534 321 534 328 462 328 text 0
569 322 602 322 602 329 569 329 text 0
31 332 94 332 94 339 31 339 text 0
203 333 223 333 223 339 203 339 text 0
276 333 322 333 322 340 276 340 text 0
366 334 413 334 413 340 366 340 text 0
579 334 602 334 602 341 579 341 text 0
478 334 537 334 537 341 478 341 text 0
30 346 91 346 91 353 30 353 text 0
31 361 94 361 94 368 31 368 text 0
208 361 217 361 217 368 208 368 text 0
280 362 318 362 318 369 280 369 text 0
371 362 408 362 408 369 371 369 text 0
491 363 537 363 537 370 491 370 text 0
578 363 602 363 602 370 578 370 text 0
30 374 93 374 93 381 30 381 text 0
101 375 132 375 132 382 101 382 text 0
140 375 178 375 178 383 140 383 text 0
58 388 107 388 107 396 58 396 text 0
201 389 224 389 224 397 201 397 text 0
113 389 153 389 153 399 113 399 text 0
471 390 540 390 540 398 471 398 text 0
113 412 162 412 162 419 113 419 text 0
168 412 224 412 224 420 168 420 text 0
472 413 539 413 539 420 472 420 text 0
343 413 397 413 397 423 343 423 text 0
232 412 335 412 335 423 232 423 text 0
310 429 397 429 397 437 310 437 text 0
494 431 538 431 538 438 494 438 text 0
351 446 397 446 397 454 351 454 text 0
295 446 344 446 344 454 295 454 text 0
485 447 539 447 539 454 485 454 text 0
494 463 538 463 538 471 494 471 text 0
304 462 396 462 396 472 304 472 text 0
69 479 124 479 124 487 69 487 text 0
132 479 191 479 191 487 132 487 text 0
316 480 336 480 336 488 316 488 text 0
470 480 538 480 538 488 470 488 text 0
200 479 308 479 308 488 200 488 text 0
344 480 398 480 398 489 344 489 text 0
331 497 396 497 396 504 331 504 text 0
470 497 538 497 538 505 470 505 text 0
494 510 538 510 538 517 494 517 text 0
312 508 398 508 398 518 312 518 text 0
69 537 113 537 113 546 69 546 text 0
125 537 243 537 243 546 125 546 text 0
73 554 113 554 113 562 73 562 text 0
120 554 177 554 177 562 120 562 text 0
244 555 262 555 262 564 244 564 text 0
323 555 424 555 424 564 323 564 text 0
479 555 518 555 518 563 479 563 text 0
525 556 576 556 576 564 525 564 text 0
73 567 103 567 103 574 73 574 text 0
247 567 258 567 258 575 247 575 text 0
357 568 425 568 425 576 357 576 text 0
522 569 576 569 576 576 522 576 text 0
204 582 260 582 260 590 204 590 text 0
355 582 424 582 424 590 355 590 text 0
522 582 576 582 576 591 522 591 text 0
65 606 139 606 139 613 65 613 text 0
146 606 198 606 198 613 146 613 text 0
207 607 246 607 246 614 207 614 text 0
254 607 294 607 294 613 254 613 text 0
302 607 435 607 435 614 302 614 text 0
444 608 507 608 507 615 444 615 text 0
515 608 560 608 560 614 515 614 text 0