136 71 519 71 519 96 136 96 text 0
305 122 359 122 359 130 305 130 text 0
229 122 291 122 291 130 229 130 text 0
370 122 416 122 416 133 370 133 text 0
291 137 337 137 337 145 291 145 text 0
350 137 396 137 396 145 350 145 text 0
104 137 189 137 189 145 104 145 text 0
411 136 545 136 545 147 411 147 text 0
200 136 279 136 279 147 200 147 text 0
488 150 530 150 530 159 488 159 text 0
397 150 472 150 472 159 397 159 text 0
139 150 211 150 211 159 139 159 text 0
39 151 115 151 115 159 39 159 text 0
539 150 616 150 616 161 539 161 text 0
220 150 245 150 245 160 220 160 text 0
260 150 385 150 385 161 260 161 text 0
446 164 511 164 511 173 446 173 text 0
522 164 590 164 590 173 522 173 text 0
369 164 432 164 432 173 369 173 text 0
200 165 281 165 281 174 200 174 text 0
133 166 175 166 175 174 133 174 text 0
296 165 356 165 356 176 296 176 text 0
66 166 118 166 118 176 66 176 text 0
278 180 372 180 372 190 278 190 text 0
269 194 379 194 379 204 269 204 text 0
288 208 470 208 470 217 288 217 text 0
245 208 274 208 274 217 245 217 text 0
179 209 236 209 236 217 179 217 text 0
440 223 495 223 495 232 440 232 text 0
370 223 429 223 429 232 370 232 text 0
243 223 284 223 284 232 243 232 text 0
158 223 231 223 231 232 158 232 text 0
297 223 358 223 358 234 297 234 text 0
245 246 295 246 295 255 245 255 text 0
308 246 403 246 403 255 308 255 text 0
358 260 556 260 556 268 358 268 text 0
260 260 343 260 343 269 260 269 text 0
133 262 165 262 165 270 133 270 text 0
39 262 120 262 120 270 39 270 text 0
259 275 342 275 342 284 259 284 text 0
39 276 95 276 95 284 39 284 text 0
109 276 140 276 140 284 109 284 text 0
260 290 377 290 377 298 260 298 text 0
40 291 132 291 132 298 40 298 text 0
409 304 514 304 514 312 409 312 text 0
262 304 395 304 395 312 262 312 text 0
40 304 94 304 94 313 40 313 text 0
107 305 121 305 121 313 107 313 text 0
134 305 187 305 187 313 134 313 text 0
352 333 447 333 447 342 352 342 text 0
490 333 617 333 617 344 490 344 text 0
262 333 306 333 306 344 262 344 text 0
38 334 189 334 189 345 38 345 text 0
581 347 616 347 616 355 581 355 text 0
508 348 573 348 573 356 508 356 text 0
297 349 304 349 304 356 297 356 text 0
381 348 449 348 449 356 381 356 text 0
38 349 121 349 121 357 38 357 text 0
187 348 236 348 236 358 187 358 text 0
135 348 173 348 173 359 135 359 text 0
524 361 617 361 617 370 524 370 text 0
398 361 449 361 449 370 398 370 text 0
129 362 182 362 182 370 129 370 text 0
297 362 305 362 305 370 297 370 text 0
38 362 114 362 114 371 38 371 text 0
551 390 617 390 617 399 551 399 text 0
39 391 89 391 89 400 39 400 text 0
99 391 167 391 167 400 99 400 text 0
605 406 617 406 617 414 605 414 text 0
40 405 152 405 152 417 40 417 text 0
164 405 207 405 207 417 164 417 text 0
551 420 618 420 618 428 551 428 text 0
37 420 104 420 104 429 37 429 text 0
118 420 250 420 250 431 118 431 text 0
550 434 618 434 618 443 550 443 text 0
38 435 101 435 101 443 38 443 text 0
111 435 190 435 190 446 111 446 text 0
565 448 617 448 617 457 565 457 text 0
38 449 101 449 101 457 38 457 text 0
112 449 206 449 206 460 112 460 text 0
83 491 138 491 138 501 83 501 text 0
497 498 545 498 545 507 497 507 text 0
342 498 400 498 400 507 342 507 text 0
268 499 327 499 327 508 268 508 text 0
206 499 256 499 256 507 206 507 text 0
558 498 617 498 617 509 558 509 text 0
414 498 473 498 473 509 414 509 text 0
45 506 176 506 176 517 45 517 text 0
565 520 615 520 615 528 565 528 text 0
404 520 472 520 472 528 404 528 text 0
267 521 327 521 327 528 267 528 text 0
93 521 128 521 128 529 93 529 text 0
278 548 361 548 361 557 278 557 text 0
131 549 205 549 205 558 131 558 text 0
451 549 524 549 524 560 451 560 text 0
374 551 440 551 440 557 374 557 text 0
214 549 265 549 265 560 214 560 text 0
219 564 455 564 455 573 219 573 text 0
149 566 209 566 209 572 149 572 text 0
467 565 504 565 504 573 467 573 text 0
67 621 127 621 127 634 67 634 text 0