50 56 176 56 176 69 50 69 text 0
185 56 416 56 416 69 185 69 text 0
437 56 528 56 528 69 437 69 text 0
51 75 86 75 86 82 51 82 text 0
208 76 270 76 270 83 208 83 text 0
279 76 341 76 341 83 279 83 text 0
349 76 417 76 417 83 349 83 text 0
426 76 440 76 440 83 426 83 text 0
97 76 199 76 199 85 97 85 text 0
449 76 518 76 518 85 449 85 text 0
50 86 115 86 115 92 50 92 text 0
123 86 185 86 185 92 123 92 text 0
192 85 248 85 248 93 192 93 text 0
49 97 115 97 115 105 49 105 text 0
267 98 382 98 382 105 267 105 text 0
392 98 444 98 444 105 392 105 text 0
121 97 257 97 257 107 121 107 text 0
51 110 87 110 87 118 51 118 text 0
97 111 212 111 212 118 97 118 text 0
220 111 271 111 271 118 220 118 text 0
51 122 92 122 92 129 51 129 text 0
100 122 122 122 122 129 100 129 text 0
132 122 164 122 164 129 132 129 text 0
177 122 330 122 330 129 177 129 text 0
427 127 483 127 483 136 427 136 text 0
492 127 607 127 607 136 492 136 text 0
41 134 103 134 103 141 41 141 text 0
109 134 142 134 142 143 109 143 text 0
39 145 104 145 104 152 39 152 text 0
111 144 184 144 184 152 111 152 text 0
191 145 229 145 229 152 191 152 text 0
237 145 275 145 275 152 237 152 text 0
284 144 386 144 386 153 284 153 text 0
197 168 307 168 307 175 197 175 text 0
115 168 189 168 189 175 115 175 text 0
44 168 106 168 106 175 44 175 text 0
59 194 75 194 75 201 59 201 text 0
285 194 355 194 355 201 285 201 text 0
86 194 194 194 194 201 86 201 text 0
364 194 419 194 419 201 364 201 text 0
429 194 488 194 488 201 429 201 text 0
497 194 551 194 551 201 497 201 text 0
106 207 119 207 119 214 106 214 text 0
89 207 97 207 97 214 89 214 text 0
129 207 211 207 211 214 129 214 text 0
486 207 541 207 541 214 486 214 text 0
574 207 598 207 598 214 574 214 text 0
402 220 458 220 458 227 402 227 text 0
282 220 392 220 392 227 282 227 text 0
86 220 194 220 194 227 86 227 text 0
58 220 75 220 75 227 58 227 text 0
541 220 595 220 595 227 541 227 text 0
465 220 529 220 529 229 465 229 text 0
283 230 398 230 398 241 283 241 text 0
107 245 118 245 118 252 107 252 text 0
127 245 197 245 197 252 127 252 text 0
88 245 97 245 97 252 88 252 text 0
497 245 543 245 543 253 497 253 text 0
572 245 600 245 600 253 572 253 text 0
249 260 289 260 289 267 249 267 text 0
91 260 144 260 144 267 91 267 text 0
153 260 240 260 240 267 153 267 text 0
32 260 84 260 84 267 32 267 text 0
297 260 351 260 351 269 297 269 text 0
488 262 543 262 543 269 488 269 text 0
252 273 340 273 340 281 252 281 text 0
498 275 544 275 544 283 498 283 text 0
249 291 301 291 301 298 249 298 text 0
489 292 544 292 544 299 489 299 text 0
252 304 314 304 314 311 252 311 text 0
324 303 356 303 356 313 324 313 text 0
500 305 543 305 543 312 500 312 text 0
253 321 298 321 298 328 253 328 text 0
305 321 356 321 356 328 305 328 text 0
489 322 543 322 543 329 489 329 text 0
251 345 306 345 306 352 251 352 text 0
486 347 544 347 544 354 486 354 text 0
251 358 337 358 337 366 251 366 text 0
500 360 545 360 545 367 500 367 text 0
36 377 75 377 75 384 36 384 text 0
266 377 396 377 396 387 266 387 text 0
82 377 177 377 177 386 82 386 text 0
494 377 583 377 583 387 494 387 text 0
36 390 61 390 61 397 36 397 text 0
97 390 130 390 130 397 97 397 text 0
341 390 397 390 397 397 341 397 text 0
540 391 583 391 583 398 540 398 text 0
70 390 88 390 88 398 70 398 text 0
36 423 72 423 72 430 36 430 text 0
81 424 117 424 117 431 81 431 text 0
138 424 297 424 297 431 138 431 text 0
334 424 392 424 392 431 334 431 text 0
415 424 533 424 533 432 415 432 text 0
74 483 146 483 146 490 74 490 text 0
153 483 198 483 198 490 153 490 text 0
429 484 447 484 447 491 429 491 text 0
295 484 422 484 422 491 295 491 text 0
249 484 287 484 287 491 249 491 text 0
454 483 586 483 586 491 454 491 text 0
205 486 241 486 241 491 205 491 text 0
122 506 203 506 203 513 122 513 text 0
209 506 259 506 259 513 209 513 text 0
268 506 313 506 313 513 268 513 text 0
322 506 386 506 386 513 322 513 text 0
395 506 538 506 538 513 395 513 text 0
208 519 289 519 289 526 208 526 text 0
297 519 366 519 366 526 297 526 text 0
374 519 455 519 455 526 374 526 text 0
125 541 217 541 217 548 125 548 text 0
226 541 292 541 292 548 226 548 text 0
373 541 471 541 471 548 373 548 text 0
316 541 364 541 364 548 316 548 text 0
482 542 533 542 533 549 482 549 text 0
197 563 254 563 254 570 197 570 text 0
318 564 411 564 411 571 318 571 text 0
107 564 188 564 188 571 107 571 text 0
262 564 309 564 309 571 262 571 text 0
420 564 463 564 463 571 420 571 text 0
473 564 550 564 550 571 473 571 text 0
557 564 587 564 587 571 557 571 text 0
314 576 340 576 340 583 314 583 text 0
189 576 249 576 249 583 189 583 text 0
59 576 181 576 181 583 59 583 text 0
257 577 302 577 302 584 257 584 text 0
349 577 462 577 462 584 349 584 text 0
469 577 603 577 603 584 469 584 text 0
257 590 364 590 364 597 257 597 text 0
97 611 172 611 172 618 97 618 text 0
240 612 359 612 359 619 240 619 text 0
210 611 230 611 230 619 210 619 text 0
182 613 204 613 204 619 182 619 text 0
367 612 565 612 565 621 367 621 text 0