156 120 240 120 240 131 156 131 text 0
256 120 296 120 296 131 256 131 text 0
312 120 395 120 395 131 312 131 text 0
412 120 453 120 453 131 412 131 text 0
28 120 141 120 141 131 28 131 text 0
468 120 509 120 509 132 468 132 text 0
27 135 68 135 68 146 27 146 text 0
86 135 221 135 221 146 86 146 text 0
243 135 352 135 352 146 243 146 text 0
368 135 436 135 436 146 368 146 text 0
453 135 465 135 465 146 453 146 text 0
214 150 268 150 268 161 214 161 text 0
85 150 197 150 197 161 85 161 text 0
30 150 71 150 71 161 30 161 text 0
27 165 98 165 98 176 27 176 text 0
113 166 222 166 222 176 113 176 text 0
383 165 463 165 463 177 383 177 text 0
242 166 367 166 367 177 242 177 text 0
29 180 81 180 81 191 29 191 text 0
100 180 198 180 198 191 100 191 text 0
214 180 269 180 269 191 214 191 text 0
142 195 183 195 183 207 142 207 text 0
28 195 126 195 126 207 28 207 text 0
198 195 337 195 337 207 198 207 text 0
142 211 325 211 325 223 142 223 text 0
30 211 71 211 71 222 30 222 text 0
86 211 128 211 128 222 86 222 text 0
453 243 481 243 481 255 453 255 text 0
426 257 438 257 438 261 426 261 text 0
29 256 155 256 155 268 29 268 text 0
172 256 311 256 311 268 172 268 text 0
327 256 396 256 396 268 327 268 text 0
484 257 553 257 553 268 484 268 text 0
580 257 592 257 592 268 580 268 text 0
87 272 199 272 199 284 87 284 text 0
483 272 552 272 552 284 483 284 text 0
30 303 99 303 99 314 30 314 text 0
117 303 169 303 169 314 117 314 text 0
187 303 252 303 252 314 187 314 text 0
484 303 552 303 552 315 484 315 text 0
28 318 86 318 86 329 28 329 text 0
482 318 552 318 552 329 482 329 text 0
30 333 142 333 142 345 30 345 text 0
156 333 312 333 312 345 156 345 text 0
497 333 552 333 552 345 497 345 text 0
28 348 112 348 112 360 28 360 text 0
129 348 170 348 170 359 129 359 text 0
497 348 552 348 552 360 497 360 text 0
28 378 85 378 85 389 28 389 text 0
100 378 197 378 197 390 100 390 text 0
213 378 254 378 254 390 213 390 text 0
270 378 339 378 339 390 270 390 text 0
497 379 552 379 552 391 497 391 text 0
28 408 68 408 68 420 28 420 text 0
113 408 169 408 169 420 113 420 text 0
256 409 296 409 296 420 256 420 text 0
312 409 367 409 367 420 312 420 text 0
425 409 465 409 465 420 425 420 text 0
482 409 522 409 522 421 482 421 text 0
29 423 42 423 42 435 29 435 text 0
128 424 154 424 154 435 128 435 text 0
285 424 353 424 353 435 285 435 text 0
426 424 481 424 481 435 426 435 text 0
29 439 41 439 41 443 29 443 text 0
58 438 127 438 127 450 58 450 text 0
142 438 211 438 211 450 142 450 text 0
227 439 296 439 296 451 227 451 text 0
155 469 226 469 226 481 155 481 text 0
242 470 282 470 282 481 242 481 text 0
297 470 337 470 337 481 297 481 text 0
355 470 467 470 467 481 355 481 text 0
269 484 381 484 381 496 269 496 text 0
227 485 255 485 255 496 227 496 text 0
155 500 196 500 196 511 155 511 text 0
212 500 309 500 309 511 212 511 text 0
325 500 366 500 366 511 325 511 text 0
424 500 451 500 451 511 424 511 text 0
382 501 409 501 409 512 382 512 text 0
100 515 167 515 167 526 100 526 text 0
185 515 240 515 240 526 185 526 text 0
312 515 519 515 519 526 312 526 text 0
254 517 297 517 297 526 254 526 text 0
56 529 97 529 97 541 56 541 text 0
112 530 239 530 239 541 112 541 text 0
310 530 409 530 409 541 310 541 text 0
424 530 550 530 550 541 424 541 text 0
255 531 295 531 295 542 255 542 text 0
58 545 170 545 170 556 58 556 text 0
185 545 254 545 254 556 185 556 text 0
269 545 381 545 381 556 269 556 text 0
396 546 452 546 452 556 396 556 text 0
466 546 493 546 493 556 466 556 text 0
511 546 565 546 565 556 511 556 text 0
27 559 111 559 111 571 27 571 text 0
128 559 196 559 196 571 128 571 text 0
213 560 267 560 267 571 213 571 text 0
283 560 393 560 393 571 283 571 text 0
410 560 523 560 523 571 410 571 text 0
538 560 579 560 579 572 538 572 text 0
99 575 197 575 197 586 99 586 text 0
213 575 240 575 240 586 213 586 text 0
254 575 366 575 366 586 254 586 text 0
382 576 518 576 518 586 382 586 text 0
69 590 167 590 167 601 69 601 text 0
185 590 239 590 239 601 185 601 text 0
257 590 352 590 352 601 257 601 text 0
369 590 538 590 538 602 369 602 text 0
184 605 254 605 254 616 184 616 text 0
325 605 437 605 437 617 325 617 text 0