211 33 348 33 348 51 211 51 text 0
242 67 347 67 347 84 242 84 text 0
168 99 218 99 218 108 168 108 text 0
55 99 152 99 152 110 55 110 text 0
458 100 497 100 497 109 458 109 text 0
403 100 442 100 442 109 403 109 text 0
237 100 387 100 387 109 237 109 text 0
227 112 345 112 345 123 227 123 text 0
127 126 235 126 235 135 127 135 text 0
251 126 276 126 276 135 251 135 text 0
292 126 429 126 429 135 292 135 text 0
15 138 79 138 79 146 15 146 text 0
140 138 250 138 250 148 140 148 text 0
98 138 120 138 120 148 98 148 text 0
320 139 442 139 442 148 320 148 text 0
266 138 302 138 302 148 266 148 text 0
457 138 554 138 554 148 457 148 text 0
98 151 164 151 164 160 98 160 text 0
15 151 79 151 79 161 15 161 text 0
374 151 484 151 484 161 374 161 text 0
182 151 358 151 358 161 182 161 text 0
500 151 552 151 552 161 500 161 text 0
224 164 332 164 332 174 224 174 text 0
185 177 208 177 208 186 185 186 text 0
114 176 164 176 164 187 114 187 text 0
225 177 261 177 261 186 225 186 text 0
277 176 454 176 454 187 277 187 text 0
43 189 178 189 178 199 43 199 text 0
195 190 235 190 235 198 195 198 text 0
252 191 320 191 320 200 252 200 text 0
335 190 525 190 525 201 335 201 text 0
142 202 178 202 178 212 142 212 text 0
198 202 223 202 223 212 198 212 text 0
266 203 430 203 430 212 266 212 text 0
209 216 249 216 249 225 209 225 text 0
265 216 361 216 361 225 265 225 text 0
222 242 263 242 263 250 222 250 text 0
351 242 360 242 360 250 351 250 text 0
278 241 333 241 333 251 278 251 text 0
17 268 70 268 70 277 17 277 text 0
85 268 291 268 291 277 85 277 text 0
15 280 56 280 56 290 15 290 text 0
71 281 111 281 111 290 71 290 text 0
126 281 181 281 181 290 126 290 text 0
197 281 249 281 249 290 197 290 text 0
421 281 526 281 526 290 421 290 text 0
266 281 403 281 403 292 266 292 text 0
13 293 52 293 52 302 13 302 text 0
73 294 126 294 126 302 73 302 text 0
488 294 554 294 554 302 488 302 text 0
138 307 180 307 180 315 138 315 text 0
71 307 123 307 123 316 71 316 text 0
279 307 359 307 359 316 279 316 text 0
43 307 54 307 54 316 43 316 text 0
374 307 414 307 414 316 374 316 text 0
487 307 554 307 554 316 487 316 text 0
195 307 261 307 261 317 195 317 text 0
74 320 82 320 82 329 74 329 text 0
100 320 149 320 149 329 100 329 text 0
168 319 208 319 208 328 168 328 text 0
308 320 388 320 388 328 308 328 text 0
223 320 289 320 289 330 223 330 text 0
126 333 178 333 178 342 126 342 text 0
196 333 274 333 274 342 196 342 text 0
504 333 554 333 554 342 504 342 text 0
73 345 81 345 81 354 73 354 text 0
126 346 277 346 277 355 126 355 text 0
97 345 111 345 111 355 97 355 text 0
167 357 235 357 235 368 167 368 text 0
100 359 149 359 149 367 100 367 text 0
45 358 80 358 80 369 45 369 text 0
488 359 555 359 555 368 488 368 text 0
251 358 332 358 332 369 251 369 text 0
73 371 81 371 81 380 73 380 text 0
97 371 111 371 111 380 97 380 text 0
128 372 194 372 194 380 128 380 text 0
73 385 81 385 81 392 73 392 text 0
97 384 111 384 111 393 97 393 text 0
130 385 222 385 222 394 130 394 text 0
138 397 180 397 180 406 138 406 text 0
70 397 122 397 122 406 70 406 text 0
42 397 55 397 55 406 42 406 text 0
277 397 317 397 317 407 277 407 text 0
484 398 554 398 554 408 484 408 text 0
195 398 261 398 261 408 195 408 text 0
96 410 109 410 109 419 96 419 text 0
69 411 82 411 82 420 69 420 text 0
127 411 275 411 275 420 127 420 text 0
48 423 54 423 54 432 48 432 text 0
498 424 553 424 553 432 498 432 text 0
71 423 288 423 288 434 71 434 text 0
46 436 54 436 54 445 46 445 text 0
498 437 554 437 554 446 498 446 text 0
417 437 442 437 442 446 417 446 text 0
70 436 180 436 180 447 70 447 text 0
98 449 178 449 178 458 98 458 text 0
73 449 81 449 81 458 73 458 text 0
196 449 278 449 278 458 196 458 text 0
292 450 360 450 360 459 292 459 text 0
126 476 189 476 189 485 126 485 text 0
15 476 108 476 108 485 15 485 text 0
211 475 275 475 275 486 211 486 text 0
292 475 342 475 342 486 292 486 text 0
487 477 555 477 555 486 487 486 text 0
12 488 52 488 52 498 12 498 text 0
108 488 193 488 193 498 108 498 text 0
486 490 553 490 553 499 486 499 text 0
498 502 554 502 554 511 498 511 text 0
15 502 98 502 98 513 15 513 text 0
223 527 250 527 250 536 223 536 text 0
15 528 81 528 81 536 15 536 text 0
263 528 303 528 303 536 263 536 text 0
499 528 553 528 553 537 499 537 text 0
99 528 207 528 207 537 99 537 text 0
193 566 235 566 235 576 193 576 text 0
138 567 177 567 177 576 138 576 text 0
251 566 331 566 331 576 251 576 text 0
58 566 124 566 124 576 58 576 text 0
348 567 401 567 401 576 348 576 text 0
417 567 494 567 494 577 417 577 text 0
111 580 234 580 234 589 111 589 text 0
251 580 331 580 331 589 251 589 text 0
27 580 97 580 97 590 27 590 text 0
376 580 539 580 539 589 376 589 text 0