454 10 516 10 516 20 454 20 text 0
378 11 440 11 440 21 378 21 text 0
246 12 368 12 368 22 246 22 text 0
147 14 236 14 236 25 147 25 text 0
268 27 389 27 389 38 268 38 text 0
542 39 593 39 593 50 542 50 text 0
415 40 530 40 530 49 415 49 text 0
317 41 404 41 404 50 317 50 text 0
231 41 308 41 308 50 231 50 text 0
148 42 178 42 178 51 148 51 text 0
189 42 220 42 220 51 189 51 text 0
65 43 98 43 98 51 65 51 text 0
108 43 136 43 136 52 108 52 text 0
377 56 515 56 515 65 377 65 text 0
217 56 284 56 284 65 217 65 text 0
140 57 207 57 207 65 140 65 text 0
293 57 365 57 365 66 293 66 text 0
283 73 432 73 432 82 283 82 text 0
219 73 260 73 260 82 219 82 text 0
293 88 450 88 450 97 293 97 text 0
200 89 244 89 244 97 200 97 text 0
253 88 273 88 273 97 253 97 text 0
301 105 403 105 403 115 301 115 text 0
245 106 291 106 291 115 245 115 text 0
124 125 139 125 139 133 124 133 text 0
180 125 315 125 315 133 180 133 text 0
383 125 439 125 439 135 383 135 text 0
485 125 510 125 510 135 485 135 text 0
41 125 116 125 116 136 41 136 text 0
181 141 263 141 263 149 181 149 text 0
40 141 86 141 86 150 40 150 text 0
383 141 435 141 435 149 383 149 text 0
484 142 600 142 600 151 484 151 text 0
39 155 123 155 123 164 39 164 text 0
181 155 242 155 242 164 181 164 text 0
382 155 436 155 436 165 382 165 text 0
488 155 575 155 575 165 488 165 text 0
38 176 166 176 166 187 38 187 text 0
419 177 475 177 475 186 419 186 text 0
505 177 547 177 547 187 505 187 text 0
568 178 608 178 608 187 568 187 text 0
354 177 392 177 392 188 354 188 text 0
38 189 115 189 115 198 38 198 text 0
122 189 209 189 209 198 122 198 text 0
425 191 474 191 474 198 425 198 text 0
500 191 548 191 548 199 500 199 text 0
368 191 374 191 374 199 368 199 text 0
580 191 605 191 605 199 580 199 text 0
40 204 112 204 112 212 40 212 text 0
123 204 198 204 198 212 123 212 text 0
425 206 474 206 474 213 425 213 text 0
580 206 605 206 605 214 580 214 text 0
368 206 374 206 374 214 368 214 text 0
500 206 548 206 548 214 500 214 text 0
39 218 134 218 134 226 39 226 text 0
144 219 191 219 191 226 144 226 text 0
202 219 229 219 229 228 202 228 text 0
415 220 474 220 474 228 415 228 text 0
487 220 546 220 546 229 487 229 text 0
366 220 374 220 374 229 366 229 text 0
578 221 604 221 604 229 578 229 text 0
40 233 117 233 117 241 40 241 text 0
125 234 266 234 266 243 125 243 text 0
276 233 300 233 300 242 276 242 text 0
307 234 313 234 313 242 307 242 text 0
426 235 472 235 472 243 426 243 text 0
368 235 377 235 377 243 368 243 text 0
500 235 544 235 544 243 500 243 text 0
578 235 603 235 603 243 578 243 text 0
40 247 112 247 112 256 40 256 text 0
121 248 203 248 203 256 121 256 text 0
425 250 473 250 473 258 425 258 text 0
368 249 374 249 374 258 368 258 text 0
500 250 548 250 548 257 500 257 text 0
578 250 603 250 603 258 578 258 text 0
58 262 114 262 114 270 58 270 text 0
40 262 50 262 50 270 40 270 text 0
123 263 212 263 212 270 123 270 text 0
366 264 375 264 375 272 366 272 text 0
426 264 472 264 472 272 426 272 text 0
497 264 546 264 546 272 497 272 text 0
577 265 603 265 603 273 577 273 text 0
42 276 126 276 126 285 42 285 text 0
132 277 260 277 260 287 132 287 text 0
405 279 546 279 546 287 405 287 text 0
369 278 375 278 375 287 369 287 text 0
579 279 602 279 602 287 579 287 text 0
41 291 117 291 117 299 41 299 text 0
143 291 153 291 153 299 143 299 text 0
125 292 135 292 135 299 125 299 text 0
160 293 170 293 170 300 160 300 text 0
423 293 471 293 471 300 423 300 text 0
496 293 545 293 545 301 496 301 text 0
370 294 374 294 374 301 370 301 text 0
577 294 603 294 603 302 577 302 text 0
203 306 251 306 251 315 203 315 text 0
360 307 385 307 385 316 360 316 text 0
486 308 557 308 557 317 486 317 text 0
156 329 202 329 202 338 156 338 text 0
210 330 264 330 264 339 210 339 text 0
491 332 557 332 557 341 491 341 text 0
272 330 375 330 375 342 272 342 text 0
383 331 436 331 436 342 383 342 text 0
349 347 437 347 437 356 349 356 text 0
512 348 556 348 556 356 512 356 text 0
279 364 354 364 354 372 279 372 text 0
512 365 556 365 556 374 512 374 text 0
363 364 435 364 435 375 363 375 text 0
334 380 384 380 384 390 334 390 text 0
391 381 435 381 435 390 391 390 text 0
502 382 556 382 556 390 502 390 text 0
512 398 556 398 556 407 512 407 text 0
342 397 435 397 435 409 342 409 text 0
111 414 164 414 164 423 111 423 text 0
174 414 233 414 233 423 174 423 text 0
354 414 376 414 376 423 354 423 text 0
239 414 347 414 347 425 239 425 text 0
487 416 554 416 554 425 487 425 text 0
382 415 436 415 436 426 382 426 text 0
384 432 434 432 434 441 384 441 text 0
258 430 376 430 376 442 258 442 text 0
485 432 553 432 553 441 485 441 text 0
337 446 434 446 434 455 337 455 text 0
511 448 554 448 554 456 511 456 text 0
182 479 307 479 307 488 182 488 text 0
122 480 173 480 173 488 122 488 text 0
303 502 345 502 345 512 303 512 text 0
174 503 231 503 231 512 174 512 text 0
127 503 167 503 167 512 127 512 text 0
265 503 281 503 281 513 265 513 text 0
426 503 464 503 464 512 426 512 text 0
352 503 403 503 403 513 352 513 text 0
472 504 523 504 523 513 472 513 text 0
267 515 279 515 279 524 267 524 text 0
164 516 193 516 193 525 164 525 text 0
336 515 402 515 402 524 336 524 text 0
467 516 520 516 520 525 467 525 text 0
217 534 284 534 284 544 217 544 text 0
335 535 402 535 402 544 335 544 text 0
465 536 519 536 519 544 465 544 text 0
224 552 254 552 254 560 224 560 text 0
260 552 286 552 286 560 260 560 text 0
293 552 335 552 335 560 293 560 text 0
139 552 218 552 218 560 139 560 text 0
406 554 421 554 421 561 406 561 text 0
429 554 491 554 491 562 429 562 text 0
340 552 399 552 399 563 340 563 text 0
124 563 196 563 196 572 124 572 text 0
95 590 164 590 164 599 95 599 text 0
230 592 269 592 269 600 230 600 text 0
276 592 315 592 315 600 276 600 text 0
171 592 222 592 222 600 171 600 text 0
322 593 453 593 453 602 322 602 text 0
461 593 505 593 505 602 461 602 text 0
513 594 553 594 553 601 513 601 text 0
107 601 179 601 179 610 107 610 text 0
307 603 315 603 315 611 307 611 text 0
186 603 242 603 242 611 186 611 text 0
249 603 298 603 298 611 249 611 text 0
324 603 391 603 391 611 324 611 text 0
398 603 444 603 444 612 398 612 text 0
451 605 474 605 474 613 451 613 text 0
482 604 582 604 582 613 482 613 text 0