324 47 356 47 356 55 324 55 text 0
89 47 149 47 149 55 89 55 text 0
249 47 308 47 308 55 249 55 text 0
374 47 404 47 404 55 374 55 text 0
163 48 211 48 211 56 163 56 text 0
17 47 85 47 85 56 17 56 text 0
224 48 234 48 234 56 224 56 text 0
19 59 135 59 135 69 19 69 text 0
17 71 113 71 113 80 17 80 text 0
125 72 197 72 197 81 125 81 text 0
212 73 270 73 270 81 212 81 text 0
286 72 345 72 345 81 286 81 text 0
89 83 149 83 149 93 89 93 text 0
17 85 47 85 47 93 17 93 text 0
67 84 74 84 74 93 67 93 text 0
163 85 211 85 211 93 163 93 text 0
226 86 234 86 234 94 226 94 text 0
66 96 125 96 125 105 66 105 text 0
16 97 48 97 48 105 16 105 text 0
138 97 184 97 184 106 138 106 text 0
199 97 245 97 245 107 199 107 text 0
101 109 161 109 161 118 101 118 text 0
273 110 296 110 296 118 273 118 text 0
17 110 84 110 84 119 17 119 text 0
309 110 355 110 355 119 309 119 text 0
433 110 490 110 490 119 433 119 text 0
176 110 259 110 259 120 176 120 text 0
373 110 425 110 425 120 373 120 text 0
16 122 138 122 138 132 16 132 text 0
153 122 223 122 223 132 153 132 text 0
235 125 308 125 308 133 235 133 text 0
21 135 50 135 50 143 21 143 text 0
91 135 221 135 221 144 91 144 text 0
18 148 53 148 53 156 18 156 text 0
91 148 224 148 224 156 91 156 text 0
18 174 51 174 51 182 18 182 text 0
69 173 89 173 89 182 69 182 text 0
128 174 270 174 270 183 128 183 text 0
202 199 234 199 234 208 202 208 text 0
250 199 331 199 331 208 250 208 text 0
69 225 149 225 149 233 69 233 text 0
21 225 51 225 51 233 21 233 text 0
165 225 187 225 187 233 165 233 text 0
227 224 296 224 296 233 227 233 text 0
359 225 442 225 442 234 359 234 text 0
459 225 502 225 502 234 459 234 text 0
142 236 259 236 259 246 142 246 text 0
18 237 114 237 114 245 18 245 text 0
274 237 298 237 298 245 274 245 text 0
310 238 359 238 359 246 310 246 text 0
374 237 502 237 502 246 374 246 text 0
19 249 138 249 138 257 19 257 text 0
374 250 466 250 466 258 374 258 text 0
479 250 503 250 503 259 479 259 text 0
435 262 478 262 478 271 435 271 text 0
19 287 39 287 39 295 19 295 text 0
298 287 358 287 358 296 298 296 text 0
140 287 213 287 213 296 140 296 text 0
226 287 274 287 274 296 226 296 text 0
53 287 125 287 125 296 53 296 text 0
24 299 174 299 174 308 24 308 text 0
469 300 490 300 490 309 469 309 text 0
214 300 237 300 237 308 214 308 text 0
396 300 456 300 456 309 396 309 text 0
24 312 90 312 90 320 24 320 text 0
104 312 173 312 173 320 104 320 text 0
200 312 259 312 259 320 200 320 text 0
407 325 453 325 453 333 407 333 text 0
469 325 489 325 489 333 469 333 text 0
19 325 77 325 77 333 19 333 text 0
215 326 235 326 235 334 215 334 text 0
238 338 296 338 296 346 238 346 text 0
152 338 209 338 209 346 152 346 text 0
92 338 139 338 139 346 92 346 text 0
19 337 77 337 77 346 19 346 text 0
469 350 489 350 489 358 469 358 text 0
407 350 453 350 453 358 407 358 text 0
19 350 77 350 77 358 19 358 text 0
213 350 233 350 233 358 213 358 text 0
262 362 319 362 319 370 262 370 text 0
179 362 236 362 236 370 179 370 text 0
102 362 161 362 161 370 102 370 text 0
19 362 89 362 89 370 19 370 text 0
19 374 75 374 75 383 19 383 text 0
469 374 489 374 489 383 469 383 text 0
407 374 453 374 453 383 407 383 text 0
217 376 233 376 233 384 217 384 text 0
152 399 164 399 164 408 152 408 text 0
177 400 236 400 236 408 177 408 text 0
19 400 113 400 113 408 19 408 text 0
19 424 76 424 76 433 19 433 text 0
90 424 151 424 151 433 90 433 text 0
250 425 284 425 284 434 250 434 text 0
299 424 343 424 343 434 299 434 text 0
419 425 501 425 501 434 419 434 text 0
168 425 221 425 221 435 168 435 text 0
433 437 503 437 503 445 433 445 text 0
129 437 245 437 245 447 129 447 text 0
19 437 114 437 114 447 19 447 text 0
68 449 123 449 123 457 68 457 text 0
19 450 51 450 51 458 19 458 text 0
419 450 502 450 502 458 419 458 text 0
114 462 185 462 185 470 114 470 text 0
456 462 504 462 504 471 456 471 text 0
19 462 99 462 99 471 19 471 text 0
18 475 115 475 115 484 18 484 text 0
127 475 174 475 174 483 127 483 text 0
419 475 502 475 502 483 419 483 text 0
433 487 504 487 504 496 433 496 text 0
16 486 88 486 88 497 16 497 text 0
470 513 502 513 502 521 470 521 text 0
423 513 454 513 454 521 423 521 text 0
334 513 366 513 366 521 334 521 text 0
263 512 320 512 320 521 263 521 text 0
31 512 64 512 64 521 31 521 text 0
78 513 161 513 161 522 78 522 text 0
325 525 368 525 368 534 325 534 text 0
448 525 489 525 489 534 448 534 text 0
28 538 51 538 51 546 28 546 text 0
459 538 503 538 503 546 459 546 text 0
311 538 369 538 369 546 311 546 text 0
69 538 110 538 110 547 69 547 text 0
29 550 51 550 51 558 29 558 text 0
323 550 370 550 370 558 323 558 text 0
457 550 504 550 504 558 457 558 text 0
69 550 110 550 110 559 69 559 text 0
188 576 234 576 234 584 188 584 text 0
104 576 173 576 173 584 104 584 text 0
250 575 347 575 347 585 250 585 text 0
69 575 87 575 87 584 69 584 text 0
251 588 343 588 343 597 251 597 text 0
203 588 234 588 234 596 203 596 text 0
105 588 187 588 187 596 105 596 text 0
55 588 90 588 90 596 55 596 text 0
154 600 185 600 185 608 154 608 text 0
251 601 380 601 380 609 251 609 text 0
204 601 234 601 234 609 204 609 text 0
92 601 139 601 139 609 92 609 text 0
18 601 78 601 78 609 18 609 text 0
93 625 125 625 125 633 93 633 text 0
19 625 77 625 77 633 19 633 text 0