37 94 114 94 114 106 37 106 text 0
133 94 310 94 310 107 133 107 text 0
379 96 489 96 489 107 379 107 text 0
325 96 364 96 364 107 325 107 text 0
506 96 566 96 566 110 506 110 text 0
31 110 71 110 71 121 31 121 text 0
88 109 124 109 124 121 88 121 text 0
210 110 276 110 276 122 210 122 text 0
294 112 373 112 373 123 294 123 text 0
390 112 443 112 443 123 390 123 text 0
143 110 194 110 194 125 143 125 text 0
36 128 76 128 76 139 36 139 text 0
189 129 229 129 229 140 189 140 text 0
244 130 390 130 390 141 244 141 text 0
406 130 474 130 474 141 406 141 text 0
92 129 169 129 169 144 92 144 text 0
31 147 98 147 98 159 31 159 text 0
113 147 195 147 195 159 113 159 text 0
208 148 288 148 288 159 208 159 text 0
388 148 497 148 497 159 388 159 text 0
307 148 371 148 371 162 307 162 text 0
36 166 74 166 74 177 36 177 text 0
216 167 268 167 268 178 216 178 text 0
89 167 126 167 126 178 89 178 text 0
145 167 172 167 172 178 145 178 text 0
284 167 335 167 335 177 284 177 text 0
100 185 125 185 125 196 100 196 text 0
33 184 82 184 82 198 33 198 text 0
168 184 341 184 341 198 168 198 text 0
133 203 226 203 226 215 133 215 text 0
272 203 491 203 491 214 272 214 text 0
510 220 575 220 575 231 510 231 text 0
315 221 492 221 492 232 315 232 text 0
82 222 110 222 110 232 82 232 text 0
31 221 70 221 70 232 31 232 text 0
127 221 287 221 287 232 127 232 text 0
379 239 413 239 413 250 379 250 text 0
322 239 360 239 360 250 322 250 text 0
32 239 240 239 240 250 32 250 text 0
430 274 457 274 457 286 430 286 text 0
499 275 539 275 539 286 499 286 text 0
375 275 400 275 400 287 375 287 text 0
46 276 99 276 99 287 46 287 text 0
171 275 226 275 226 287 171 287 text 0
294 275 334 275 334 290 294 290 text 0
565 309 578 309 578 321 565 321 text 0
500 310 552 310 552 322 500 322 text 0
429 310 442 310 442 322 429 322 text 0
349 311 401 311 401 322 349 322 text 0
295 311 305 311 305 323 295 323 text 0
46 312 124 312 124 324 46 324 text 0
142 312 265 312 265 326 142 326 text 0
498 346 550 346 550 357 498 357 text 0
294 347 302 347 302 358 294 358 text 0
170 348 210 348 210 362 170 362 text 0
492 363 545 363 545 374 492 374 text 0
396 364 433 364 433 378 396 378 text 0
271 365 380 365 380 379 271 379 text 0
492 399 545 399 545 409 492 409 text 0
272 401 312 401 312 412 272 412 text 0
486 416 552 416 552 428 486 428 text 0
279 419 317 419 317 433 279 433 text 0
485 453 550 453 550 464 485 464 text 0
278 455 357 455 357 469 278 469 text 0
387 491 411 491 411 502 387 502 text 0
470 490 535 490 535 504 470 504 text 0
305 491 342 491 342 502 305 502 text 0
358 492 370 492 370 502 358 502 text 0
431 494 437 494 437 501 431 501 text 0
184 492 290 492 290 504 184 504 text 0
89 493 166 493 166 508 89 508 text 0
233 507 555 507 555 522 233 522 text 0
177 511 217 511 217 522 177 522 text 0
108 511 162 511 162 522 108 522 text 0
26 512 93 512 93 523 26 523 text 0
331 527 421 527 421 538 331 538 text 0
266 528 317 528 317 539 266 539 text 0
169 529 251 529 251 540 169 540 text 0
112 530 152 530 152 541 112 541 text 0
31 530 97 530 97 542 31 542 text 0
315 545 432 545 432 557 315 557 text 0
205 547 298 547 298 558 205 558 text 0
108 547 190 547 190 559 108 559 text 0
27 548 93 548 93 560 27 560 text 0
280 564 304 564 304 575 280 575 text 0
374 563 564 563 564 577 374 577 text 0
182 565 263 565 263 576 182 576 text 0
321 566 367 566 367 575 321 575 text 0
32 566 125 566 125 578 32 578 text 0
139 568 165 568 165 577 139 577 text 0