42 76 202 76 202 90 42 90 text 0
234 77 394 77 394 91 234 91 text 0
463 77 531 77 531 91 463 91 text 0
438 78 447 78 447 91 438 91 text 0
406 77 421 77 421 91 406 91 text 0
67 95 147 95 147 109 67 109 text 0
342 96 380 96 380 110 342 110 text 0
163 96 269 96 269 109 163 109 text 0
287 96 326 96 326 109 287 109 text 0
399 96 523 96 523 111 399 111 text 0
206 116 245 116 245 129 206 129 text 0
121 115 156 115 156 129 121 129 text 0
180 115 197 115 197 129 180 129 text 0
259 115 360 115 360 129 259 129 text 0
374 116 435 116 435 130 374 130 text 0
449 116 473 116 473 130 449 130 text 0
40 135 119 135 119 148 40 148 text 0
137 135 244 135 244 149 137 149 text 0
264 136 312 136 312 150 264 150 text 0
331 136 353 136 353 150 331 150 text 0
368 136 537 136 537 151 368 151 text 0
422 174 447 174 447 188 422 188 text 0
464 176 500 176 500 188 464 188 text 0
41 193 80 193 80 206 41 206 text 0
109 193 203 193 203 206 109 206 text 0
234 194 367 194 367 207 234 207 text 0
384 194 448 194 448 207 384 207 text 0
40 213 154 213 154 225 40 225 text 0
170 213 183 213 183 226 170 226 text 0
382 214 564 214 564 228 382 228 text 0
192 251 285 251 285 265 192 265 text 0
122 251 175 251 175 264 122 264 text 0
450 252 529 252 529 266 450 266 text 0
545 253 557 253 557 266 545 266 text 0
123 271 189 271 189 283 123 283 text 0
206 270 272 270 272 284 206 284 text 0
450 271 529 271 529 285 450 285 text 0
546 273 556 273 556 286 546 286 text 0
122 290 203 290 203 303 122 303 text 0
219 290 285 290 285 303 219 303 text 0
437 291 529 291 529 305 437 305 text 0
546 292 556 292 556 304 546 304 text 0
122 309 203 309 203 322 122 322 text 0
219 310 285 310 285 323 219 323 text 0
437 310 531 310 531 323 437 323 text 0
545 311 557 311 557 324 545 324 text 0
122 329 203 329 203 342 122 342 text 0
217 329 284 329 284 342 217 342 text 0
438 330 532 330 532 342 438 342 text 0
546 331 556 331 556 343 546 343 text 0
179 348 244 348 244 361 179 361 text 0
121 348 161 348 161 361 121 361 text 0
450 349 529 349 529 362 450 362 text 0
545 349 557 349 557 362 545 362 text 0
121 368 202 368 202 381 121 381 text 0
450 368 529 368 529 381 450 381 text 0
545 368 557 368 557 381 545 381 text 0
123 386 175 386 175 398 123 398 text 0
190 386 291 386 291 398 190 398 text 0
291 387 326 387 326 399 291 399 text 0
450 387 529 387 529 400 450 400 text 0
348 387 403 387 403 401 348 401 text 0
545 388 557 388 557 400 545 400 text 0
356 407 367 407 367 419 356 419 text 0
383 406 408 406 408 419 383 419 text 0
123 424 232 424 232 438 123 438 text 0
342 426 460 426 460 439 342 439 text 0
481 426 530 426 530 439 481 439 text 0
122 443 175 443 175 456 122 456 text 0
425 444 532 444 532 457 425 457 text 0
125 462 230 462 230 476 125 476 text 0
438 464 532 464 532 477 438 477 text 0
122 501 216 501 216 514 122 514 text 0
232 501 313 501 313 515 232 515 text 0
438 502 533 502 533 516 438 516 text 0
122 520 148 520 148 532 122 532 text 0
164 521 203 521 203 534 164 534 text 0
450 521 531 521 531 536 450 536 text 0
111 577 177 577 177 591 111 591 text 0
192 579 232 579 232 592 192 592 text 0
250 579 268 579 268 591 250 591 text 0
384 579 436 579 436 593 384 593 text 0
287 579 367 579 367 593 287 593 text 0
450 579 518 579 518 593 450 593 text 0