164 93 259 93 259 104 164 104 text 0
273 94 307 94 307 104 273 104 text 0
321 94 380 94 380 105 321 105 text 0
201 110 332 110 332 121 201 121 text 0
175 124 234 124 234 135 175 135 text 0
104 124 159 124 159 136 104 136 text 0
249 125 367 125 367 137 249 137 text 0
384 125 436 125 436 137 384 137 text 0
175 139 194 139 194 150 175 150 text 0
80 139 161 139 161 150 80 150 text 0
296 140 378 140 378 151 296 151 text 0
211 140 282 140 282 151 211 151 text 0
393 139 473 139 473 152 393 152 text 0
140 154 198 154 198 164 140 164 text 0
212 154 292 154 292 166 212 166 text 0
308 154 403 154 403 167 308 167 text 0
127 169 160 169 160 180 127 180 text 0
175 170 209 170 209 180 175 180 text 0
225 170 255 170 255 180 225 180 text 0
274 170 415 170 415 181 274 181 text 0
136 199 194 199 194 210 136 210 text 0
229 200 389 200 389 211 229 211 text 0
32 229 64 229 64 240 32 240 text 0
80 230 122 230 122 240 80 240 text 0
143 230 215 230 215 240 143 240 text 0
248 229 341 229 341 241 248 241 text 0
359 230 439 230 439 240 359 240 text 0
31 244 77 244 77 255 31 255 text 0
139 244 259 244 259 255 139 255 text 0
274 245 367 245 367 256 274 256 text 0
31 274 160 274 160 286 31 286 text 0
408 274 460 274 460 286 408 286 text 0
211 274 246 274 246 286 211 286 text 0
477 275 511 275 511 286 477 286 text 0
295 275 379 275 379 286 295 286 text 0
36 304 64 304 64 314 36 314 text 0
80 303 111 303 111 315 80 315 text 0
307 319 354 319 354 330 307 330 text 0
204 320 209 320 209 330 204 330 text 0
416 320 463 320 463 330 416 330 text 0
477 320 510 320 510 330 477 330 text 0
223 322 234 322 234 329 223 329 text 0
30 334 77 334 77 344 30 344 text 0
92 335 123 335 123 345 92 345 text 0
203 349 210 349 210 360 203 360 text 0
307 349 354 349 354 360 307 360 text 0
416 349 463 349 463 360 416 360 text 0
223 352 234 352 234 359 223 359 text 0
477 350 510 350 510 361 477 361 text 0
102 364 160 364 160 374 102 374 text 0
30 364 88 364 88 375 30 375 text 0
310 379 354 379 354 389 310 389 text 0
202 379 208 379 208 389 202 389 text 0
419 379 463 379 463 390 419 390 text 0
477 379 510 379 510 390 477 390 text 0
223 381 233 381 233 389 223 389 text 0
32 393 76 393 76 403 32 403 text 0
89 394 135 394 135 405 89 405 text 0
197 408 208 408 208 419 197 419 text 0
307 408 354 408 354 419 307 419 text 0
416 409 463 409 463 419 416 419 text 0
477 409 510 409 510 420 477 420 text 0
224 411 232 411 232 418 224 418 text 0
31 437 83 437 83 448 31 448 text 0
161 437 172 437 172 448 161 448 text 0
102 438 143 438 143 448 102 448 text 0
33 452 84 452 84 463 33 463 text 0
103 452 220 452 220 464 103 464 text 0
463 453 510 453 510 464 463 464 text 0
234 454 280 454 280 464 234 464 text 0
30 467 84 467 84 478 30 478 text 0
103 467 218 467 218 479 103 479 text 0
234 467 256 467 256 478 234 478 text 0
463 468 510 468 510 478 463 478 text 0
271 468 316 468 316 479 271 479 text 0
32 482 145 482 145 493 32 493 text 0
415 483 508 483 508 494 415 494 text 0
28 512 75 512 75 523 28 523 text 0
463 513 510 513 510 524 463 524 text 0
28 555 62 555 62 566 28 566 text 0
77 555 158 555 158 568 77 568 text 0
270 557 386 557 386 569 270 569 text 0
427 557 508 557 508 569 427 569 text 0
28 571 62 571 62 582 28 582 text 0
151 571 171 571 171 583 151 583 text 0
185 571 218 571 218 583 185 583 text 0
342 572 389 572 389 583 342 583 text 0
464 572 509 572 509 583 464 583 text 0