287 64 370 64 370 71 287 71 text 0
384 64 455 64 455 71 384 71 text 0
108 64 164 64 164 71 108 71 text 0
179 64 248 64 248 71 179 71 text 0
288 74 332 74 332 81 288 81 text 0
227 74 270 74 270 81 227 81 text 0
350 73 477 73 477 82 350 82 text 0
84 74 130 74 130 81 84 81 text 0
143 74 212 74 212 81 143 81 text 0
251 85 322 85 322 92 251 92 text 0
182 85 238 85 238 92 182 92 text 0
132 85 162 85 162 92 132 92 text 0
337 85 404 85 404 93 337 93 text 0
338 94 391 94 391 103 338 103 text 0
155 95 189 95 189 102 155 102 text 0
204 95 322 95 322 102 204 102 text 0
301 105 404 105 404 112 301 112 text 0
143 105 201 105 201 112 143 112 text 0
215 105 286 105 286 112 215 112 text 0
229 115 250 115 250 122 229 122 text 0
108 115 153 115 153 123 108 123 text 0
287 115 442 115 442 123 287 123 text 0
166 115 210 115 210 123 166 123 text 0
131 135 198 135 198 142 131 142 text 0
230 136 393 136 393 143 230 143 text 0
36 155 152 155 152 170 36 170 text 0
180 156 200 156 200 170 180 170 text 0
35 172 115 172 115 180 35 180 text 0
135 172 202 172 202 180 135 180 text 0
34 182 103 182 103 190 34 190 text 0
192 182 261 182 261 190 192 190 text 0
458 183 467 183 467 190 458 190 text 0
119 182 177 182 177 190 119 190 text 0
361 182 441 182 441 190 361 190 text 0
143 192 262 192 262 200 143 200 text 0
34 193 81 193 81 200 34 200 text 0
277 192 368 192 368 200 277 200 text 0
34 202 127 202 127 210 34 210 text 0
143 202 201 202 201 210 143 210 text 0
409 222 466 222 466 230 409 230 text 0
482 223 517 223 517 230 482 230 text 0
34 223 167 223 167 231 34 231 text 0
216 223 251 223 251 231 216 231 text 0
300 223 384 223 384 231 300 231 text 0
34 244 53 244 53 250 34 250 text 0
70 243 129 243 129 250 70 250 text 0
144 243 177 243 177 250 144 250 text 0
203 253 213 253 213 261 203 261 text 0
315 253 359 253 359 261 315 261 text 0
422 254 467 254 467 261 422 261 text 0
494 254 516 254 516 261 494 261 text 0
228 255 238 255 238 261 228 261 text 0
70 263 129 263 129 271 70 271 text 0
35 263 57 263 57 271 35 271 text 0
142 264 202 264 202 271 142 271 text 0
302 274 359 274 359 281 302 281 text 0
411 274 467 274 467 281 411 281 text 0
494 274 516 274 516 281 494 281 text 0
206 274 213 274 213 282 206 282 text 0
228 276 239 276 239 282 228 282 text 0
34 284 56 284 56 291 34 291 text 0
143 284 178 284 178 291 143 291 text 0
71 284 127 284 127 292 71 292 text 0
494 294 516 294 516 301 494 301 text 0
411 294 467 294 467 301 411 301 text 0
303 294 359 294 359 301 303 301 text 0
206 294 213 294 213 301 206 301 text 0
228 296 239 296 239 302 228 302 text 0
35 304 57 304 57 311 35 311 text 0
71 304 114 304 114 311 71 311 text 0
130 304 213 304 213 313 130 313 text 0
312 314 359 314 359 322 312 322 text 0
207 314 214 314 214 322 207 322 text 0
420 315 469 315 469 322 420 322 text 0
493 314 516 314 516 322 493 322 text 0
227 316 240 316 240 322 227 322 text 0
94 324 151 324 151 332 94 332 text 0
168 324 237 324 237 332 168 332 text 0
34 325 78 325 78 332 34 332 text 0
204 335 213 335 213 342 204 342 text 0
421 334 469 334 469 342 421 342 text 0
314 334 361 334 361 342 314 342 text 0
493 335 517 335 517 342 493 342 text 0
227 337 237 337 237 342 227 342 text 0
95 344 150 344 150 352 95 352 text 0
168 344 201 344 201 352 168 352 text 0
34 345 80 345 80 352 34 352 text 0
203 355 214 355 214 362 203 362 text 0
312 355 359 355 359 362 312 362 text 0
421 355 469 355 469 363 421 363 text 0
494 355 516 355 516 363 494 363 text 0
228 357 239 357 239 362 228 362 text 0
34 374 90 374 90 382 34 382 text 0
108 374 225 374 225 383 108 383 text 0
239 374 295 374 295 383 239 383 text 0
458 375 516 375 516 382 458 382 text 0
34 385 88 385 88 392 34 392 text 0
194 384 259 384 259 393 194 393 text 0
107 384 178 384 178 393 107 393 text 0
469 386 516 386 516 393 469 393 text 0
35 395 69 395 69 402 35 402 text 0
83 395 174 395 174 404 83 404 text 0
469 396 513 396 513 403 469 403 text 0
34 405 90 405 90 413 34 413 text 0
240 405 260 405 260 413 240 413 text 0
108 405 225 405 225 413 108 413 text 0
275 405 331 405 331 414 275 414 text 0
458 406 516 406 516 413 458 413 text 0
143 415 186 415 186 424 143 424 text 0
33 415 129 415 129 424 33 424 text 0
469 416 516 416 516 423 469 423 text 0
33 436 171 436 171 451 33 451 text 0
395 437 514 437 514 451 395 451 text 0
34 462 114 462 114 470 34 470 text 0
263 463 382 463 382 470 263 470 text 0
135 463 249 463 249 471 135 471 text 0
422 463 514 463 514 470 422 470 text 0
34 473 114 473 114 480 34 480 text 0
130 473 189 473 189 480 130 480 text 0
34 502 81 502 81 510 34 510 text 0
458 503 516 503 516 510 458 510 text 0
35 543 69 543 69 550 35 550 text 0
276 543 392 543 392 551 276 551 text 0
81 543 164 543 164 551 81 551 text 0
432 543 512 543 512 551 432 551 text 0
34 553 56 553 56 560 34 560 text 0
157 552 177 552 177 561 157 561 text 0
335 553 394 553 394 560 335 560 text 0
190 552 223 552 223 561 190 561 text 0
469 553 512 553 512 560 469 560 text 0
203 603 261 603 261 611 203 611 text 0
275 604 342 604 342 612 275 612 text 0
155 613 226 613 226 621 155 621 text 0
240 614 285 614 285 621 240 621 text 0
299 614 390 614 390 622 299 622 text 0
106 623 189 623 189 631 106 631 text 0
240 624 442 624 442 631 240 631 text 0
203 624 225 624 225 632 203 632 text 0