68 75 118 75 118 82 68 82 text 0
148 74 280 74 280 82 148 82 text 0
313 74 580 74 580 82 313 82 text 0
249 83 396 83 396 91 249 91 text 0
162 91 199 91 199 99 162 99 text 0
351 91 391 91 391 99 351 99 text 0
216 92 242 92 242 99 216 99 text 0
407 92 470 92 470 99 407 99 text 0
270 92 338 92 338 99 270 99 text 0
364 101 433 101 433 108 364 108 text 0
175 101 351 101 351 108 175 108 text 0
94 101 160 101 160 108 94 108 text 0
446 101 540 101 540 108 446 108 text 0
332 109 455 109 455 117 332 117 text 0
265 109 317 109 317 117 265 117 text 0
184 109 249 109 249 117 184 117 text 0
269 119 376 119 376 127 269 127 text 0
101 128 152 128 152 136 101 136 text 0
331 128 382 128 382 136 331 136 text 0
168 128 316 128 316 136 168 136 text 0
398 128 547 128 547 136 398 136 text 0
242 137 279 137 279 145 242 145 text 0
187 137 227 137 227 145 187 145 text 0
296 137 457 137 457 145 296 145 text 0
49 164 91 164 91 172 49 172 text 0
104 164 196 164 196 172 104 172 text 0
201 182 333 182 333 190 201 190 text 0
431 182 565 182 565 190 431 190 text 0
349 182 411 182 411 190 349 190 text 0
158 183 181 183 181 190 158 190 text 0
50 183 145 183 145 190 50 190 text 0
349 190 411 190 411 198 349 198 text 0
50 191 197 191 197 198 50 198 text 0
430 191 538 191 538 198 430 198 text 0
186 199 237 199 237 207 186 207 text 0
51 200 144 200 144 207 51 207 text 0
484 218 565 218 565 225 484 225 text 0
294 218 334 218 334 225 294 225 text 0
50 218 104 218 104 225 50 225 text 0
404 218 442 218 442 225 404 225 text 0
526 226 563 226 563 236 526 236 text 0
391 226 440 226 440 236 391 236 text 0
377 245 442 245 442 253 377 253 text 0
50 245 115 245 115 253 50 253 text 0
295 245 305 245 305 253 295 253 text 0
497 245 566 245 566 253 497 253 text 0
160 253 186 253 186 261 160 261 text 0
51 254 145 254 145 262 51 262 text 0
200 254 443 254 443 263 200 263 text 0
294 263 306 263 306 271 294 271 text 0
51 263 118 263 118 271 51 271 text 0
496 263 566 263 566 271 496 271 text 0
375 263 443 263 443 271 375 271 text 0
159 272 199 272 199 280 159 280 text 0
51 272 145 272 145 280 51 280 text 0
214 272 457 272 457 282 214 282 text 0
294 282 306 282 306 289 294 289 text 0
389 282 442 282 442 289 389 289 text 0
50 281 117 281 117 289 50 289 text 0
510 282 565 282 565 289 510 289 text 0
50 291 196 291 196 298 50 298 text 0
269 291 295 291 295 298 269 298 text 0
307 291 348 291 348 298 307 298 text 0
215 291 252 291 252 298 215 298 text 0
365 290 592 290 592 299 365 299 text 0
391 307 402 307 402 315 391 315 text 0
132 308 238 308 238 315 132 315 text 0
49 308 116 308 116 315 49 315 text 0
339 334 460 334 460 342 339 342 text 0
529 335 596 335 596 342 529 342 text 0
340 343 393 343 393 351 340 351 text 0
543 343 596 343 596 351 543 351 text 0
339 352 378 352 378 359 339 359 text 0
543 352 597 352 597 359 543 359 text 0
341 361 448 361 448 368 341 368 text 0
544 361 596 361 596 369 544 369 text 0
86 370 216 370 216 378 86 378 text 0
465 370 598 370 598 378 465 378 text 0
84 380 189 380 189 387 84 387 text 0
465 380 599 380 599 387 465 387 text 0
85 389 242 389 242 396 85 396 text 0
492 389 598 389 598 396 492 396 text 0
502 407 598 407 598 414 502 414 text 0
448 407 485 407 485 414 448 414 text 0
285 424 365 424 365 432 285 432 text 0
68 424 122 424 122 432 68 432 text 0
435 424 447 424 447 432 435 432 text 0
502 424 598 424 598 432 502 432 text 0
301 442 366 442 366 449 301 449 text 0
544 443 596 443 596 450 544 450 text 0
70 443 95 443 95 450 70 450 text 0
436 443 448 443 448 449 436 449 text 0
544 469 596 469 596 477 544 477 text 0
328 469 368 469 368 477 328 477 text 0
382 470 459 470 459 478 382 478 text 0
204 522 257 522 257 529 204 529 text 0
123 523 189 523 189 530 123 530 text 0
326 523 364 523 364 530 326 530 text 0
272 523 312 523 312 530 272 530 text 0
382 523 527 523 527 532 382 532 text 0
261 531 327 531 327 538 261 538 text 0
343 531 391 531 391 538 343 538 text 0