109 190 132 190 132 201 109 201 text 0
223 191 274 191 274 202 223 202 text 0
342 191 465 191 465 202 342 202 text 0
147 190 210 190 210 203 147 203 text 0
289 191 327 191 327 203 289 203 text 0
317 210 378 210 378 221 317 221 text 0
392 210 464 210 464 222 392 222 text 0
123 210 160 210 160 222 123 222 text 0
173 210 220 210 220 222 173 222 text 0
240 211 298 211 298 223 240 223 text 0
198 229 261 229 261 241 198 241 text 0
277 230 377 230 377 242 277 242 text 0
238 249 301 249 301 261 238 261 text 0
329 249 430 249 430 261 329 261 text 0
161 250 225 250 225 262 161 262 text 0
175 269 313 269 313 281 175 281 text 0
328 269 417 269 417 281 328 281 text 0
302 288 455 288 455 300 302 300 text 0
188 289 219 289 219 300 188 300 text 0
136 289 173 289 173 301 136 301 text 0
238 289 263 289 263 301 238 301 text 0
122 328 207 328 207 340 122 340 text 0
290 328 479 328 479 340 290 340 text 0
223 328 250 328 250 340 223 340 text 0
458 367 559 367 559 380 458 380 text 0
263 368 338 368 338 380 263 380 text 0
44 368 135 368 135 380 44 380 text 0
445 406 532 406 532 417 445 417 text 0
97 407 211 407 211 419 97 419 text 0
227 408 261 408 261 420 227 420 text 0
45 408 80 408 80 419 45 419 text 0
547 409 559 409 559 418 547 418 text 0
174 426 235 426 235 438 174 438 text 0
70 426 92 426 92 439 70 439 text 0
133 426 157 426 157 439 133 439 text 0
108 428 120 428 120 438 108 438 text 0
471 465 534 465 534 477 471 477 text 0
407 466 432 466 432 477 407 477 text 0
341 466 389 466 389 478 341 478 text 0
201 465 325 465 325 478 201 478 text 0
123 466 184 466 184 478 123 478 text 0
45 467 106 467 106 479 45 479 text 0
471 485 533 485 533 497 471 497 text 0
405 486 430 486 430 497 405 497 text 0
341 486 392 486 392 498 341 498 text 0
509 505 533 505 533 517 509 517 text 0
407 506 432 506 432 517 407 517 text 0
316 505 392 505 392 518 316 518 text 0
458 544 543 544 543 556 458 556 text 0
252 545 377 545 377 557 252 557 text 0
44 546 81 546 81 558 44 558 text 0
97 546 185 546 185 561 97 561 text 0
497 564 546 564 546 576 497 576 text 0
317 565 378 565 378 577 317 577 text 0
95 566 121 566 121 578 95 578 text 0
44 569 54 569 54 578 44 578 text 0
252 624 327 624 327 636 252 636 text 0
187 624 224 624 224 637 187 637 text 0
112 626 174 626 174 638 112 638 text 0
342 627 392 627 392 636 342 636 text 0
410 625 471 625 471 638 410 638 text 0