246 111 361 111 361 124 246 124 text 0
133 111 199 111 199 124 133 124 text 0
211 111 232 111 232 124 211 124 text 0
370 110 530 110 530 127 370 127 text 0
409 129 490 129 490 141 409 141 text 0
149 131 196 131 196 141 149 141 text 0
214 130 390 130 390 144 214 144 text 0
174 148 253 148 253 160 174 160 text 0
273 148 350 148 350 160 273 160 text 0
369 149 463 149 463 160 369 160 text 0
282 166 358 166 358 177 282 177 text 0
377 166 472 166 472 177 377 177 text 0
183 166 262 166 262 177 183 177 text 0
190 186 235 186 235 197 190 197 text 0
289 186 465 186 465 197 289 197 text 0
304 210 413 210 413 222 304 222 text 0
243 210 293 210 293 221 243 221 text 0
240 229 283 229 283 240 240 240 text 0
195 228 222 228 222 240 195 240 text 0
338 229 544 229 544 243 338 243 text 0
114 229 172 229 172 243 114 243 text 0
532 250 592 250 592 261 532 261 text 0
388 251 511 251 511 261 388 261 text 0
58 251 219 251 219 263 58 263 text 0
386 270 596 270 596 281 386 281 text 0
61 271 186 271 186 282 61 282 text 0
212 271 322 271 322 283 212 283 text 0
385 298 464 298 464 310 385 310 text 0
531 299 577 299 577 309 531 309 text 0
61 298 214 298 214 311 61 311 text 0
287 298 333 298 333 312 287 312 text 0
566 320 596 320 596 330 566 330 text 0
355 319 385 319 385 331 355 331 text 0
62 320 125 320 125 332 62 332 text 0
143 320 336 320 336 334 143 334 text 0
388 341 464 341 464 353 388 353 text 0
516 341 597 341 597 353 516 353 text 0
322 342 335 342 335 352 322 352 text 0
59 341 172 341 172 353 59 353 text 0
323 363 337 363 337 374 323 374 text 0
144 363 220 363 220 374 144 374 text 0
241 363 288 363 288 376 241 376 text 0
518 391 596 391 596 403 518 403 text 0
173 394 325 394 325 405 173 405 text 0
59 394 164 394 164 405 59 405 text 0
537 412 597 412 597 423 537 423 text 0
307 416 345 416 345 426 307 426 text 0
253 415 299 415 299 427 253 427 text 0
151 415 207 415 207 427 151 427 text 0
60 416 125 416 125 428 60 428 text 0
218 415 245 415 245 430 218 430 text 0
517 442 595 442 595 452 517 452 text 0
519 462 598 462 598 473 519 473 text 0
59 463 142 463 142 475 59 475 text 0
517 488 596 488 596 499 517 499 text 0
59 490 198 490 198 503 59 503 text 0
394 520 423 520 423 532 394 532 text 0
58 520 105 520 105 532 58 532 text 0
564 520 594 520 594 532 564 532 text 0
501 521 545 521 545 531 501 531 text 0
281 521 375 521 375 531 281 531 text 0
125 524 235 524 235 534 125 534 text 0
172 544 203 544 203 554 172 554 text 0
57 543 89 543 89 555 57 555 text 0
533 544 594 544 594 554 533 554 text 0
345 544 421 544 421 554 345 554 text 0
362 564 424 564 424 575 362 575 text 0
531 564 596 564 596 574 531 574 text 0
376 581 536 581 536 593 376 593 text 0
312 582 358 582 358 593 312 593 text 0
166 582 229 582 229 593 166 593 text 0
68 582 148 582 148 593 68 593 text 0
247 582 293 582 293 593 247 593 text 0
387 604 448 604 448 615 387 615 text 0
468 604 547 604 547 615 468 615 text 0
273 603 367 603 367 615 273 615 text 0
175 603 221 603 221 615 175 615 text 0
78 603 157 603 157 615 78 615 text 0