66 74 219 74 219 86 66 86 text 0
231 74 432 74 432 86 231 86 text 0
444 74 495 74 495 86 444 86 text 0
509 74 570 74 570 86 509 86 text 0
267 94 370 94 370 104 267 104 text 0
339 109 376 109 376 118 339 118 text 0
386 109 465 109 465 118 386 118 text 0
169 110 202 110 202 119 169 119 text 0
262 110 331 110 331 119 262 119 text 0
210 109 251 109 251 119 210 119 text 0
263 125 372 125 372 135 263 135 text 0
264 141 338 141 338 151 264 151 text 0
347 141 448 141 448 151 347 151 text 0
187 142 255 142 255 152 187 152 text 0
219 157 258 157 258 166 219 166 text 0
280 157 417 157 417 166 280 166 text 0
192 178 237 178 237 187 192 187 text 0
248 178 267 178 267 187 248 187 text 0
288 178 443 178 443 187 288 187 text 0
312 195 359 195 359 204 312 204 text 0
369 195 471 195 471 204 369 204 text 0
164 195 303 195 303 205 164 205 text 0
33 221 97 221 97 230 33 230 text 0
459 238 574 238 574 247 459 247 text 0
387 238 439 238 439 247 387 247 text 0
205 238 340 238 340 247 205 247 text 0
34 238 74 238 74 248 34 248 text 0
83 239 111 239 111 248 83 248 text 0
386 254 438 254 438 263 386 263 text 0
460 254 547 254 547 263 460 263 text 0
206 256 267 256 267 265 206 265 text 0
33 254 114 254 114 269 33 269 text 0
384 271 421 271 421 281 384 281 text 0
35 273 161 273 161 284 35 284 text 0
324 303 401 303 401 312 324 312 text 0
551 303 589 303 589 312 551 312 text 0
436 303 522 303 522 312 436 312 text 0
32 304 79 304 79 313 32 313 text 0
238 303 274 303 274 315 238 315 text 0
340 318 383 318 383 327 340 327 text 0
464 318 521 318 521 327 464 327 text 0
557 318 585 318 585 327 557 327 text 0
243 320 267 320 267 328 243 328 text 0
36 320 84 320 84 328 36 328 text 0
103 335 145 335 145 344 103 344 text 0
34 336 90 336 90 345 34 345 text 0
95 351 145 351 145 361 95 361 text 0
242 352 266 352 266 361 242 361 text 0
465 351 522 351 522 361 465 361 text 0
152 352 191 352 191 364 152 364 text 0
463 376 520 376 520 385 463 385 text 0
160 377 208 377 208 386 160 386 text 0
97 377 145 377 145 386 97 386 text 0
325 376 379 376 379 387 325 387 text 0
217 377 317 377 317 388 217 388 text 0
476 394 520 394 520 403 476 403 text 0
292 395 380 395 380 404 292 404 text 0
480 412 520 412 520 422 480 422 text 0
335 413 380 413 380 422 335 422 text 0
278 414 328 414 328 423 278 423 text 0
476 432 520 432 520 441 476 441 text 0
286 432 379 432 379 444 286 444 text 0
464 453 520 453 520 462 464 462 text 0
298 453 319 453 319 462 298 462 text 0
52 453 104 453 104 462 52 462 text 0
116 454 173 454 173 463 116 463 text 0
326 453 381 453 381 464 326 464 text 0
183 454 290 454 290 464 183 464 text 0
465 472 520 472 520 481 465 481 text 0
316 474 380 474 380 482 316 482 text 0
478 489 520 489 520 498 478 498 text 0
295 489 380 489 380 500 295 500 text 0
134 522 262 522 262 532 134 532 text 0
75 523 125 523 125 533 75 533 text 0
465 544 502 544 502 553 465 553 text 0
129 544 185 544 185 553 129 553 text 0
319 544 362 544 362 554 319 554 text 0
82 545 121 545 121 554 82 554 text 0
511 544 561 544 561 554 511 554 text 0
369 544 420 544 420 555 369 555 text 0
244 544 260 544 260 556 244 556 text 0
515 558 561 558 561 568 515 568 text 0
248 559 259 559 259 568 248 568 text 0
358 559 419 559 419 568 358 568 text 0
82 559 114 559 114 568 82 568 text 0
513 579 560 579 560 589 513 589 text 0
357 579 419 579 419 589 357 589 text 0
208 579 263 579 263 590 208 590 text 0
448 613 510 613 510 621 448 621 text 0
521 613 561 613 561 621 521 621 text 0
213 613 250 613 250 621 213 621 text 0
308 613 434 613 434 621 308 621 text 0
152 613 204 613 204 621 152 621 text 0
258 613 299 613 299 621 258 621 text 0
70 613 143 613 143 621 70 621 text 0