386 75 525 75 525 88 386 88 text 0
104 93 120 93 120 104 104 104 text 0
130 93 159 93 159 105 130 105 text 0
168 93 250 93 250 105 168 105 text 0
262 93 424 93 424 105 262 105 text 0
434 94 492 94 492 106 434 106 text 0
503 94 562 94 562 106 503 106 text 0
197 109 258 109 258 118 197 118 text 0
279 108 341 108 341 119 279 119 text 0
352 108 388 108 388 119 352 119 text 0
401 109 457 109 457 121 401 121 text 0
99 124 201 124 201 134 99 134 text 0
210 125 379 125 379 135 210 135 text 0
391 125 455 125 455 135 391 135 text 0
461 125 567 125 567 138 461 138 text 0
118 140 147 140 147 150 118 150 text 0
173 140 306 140 306 150 173 150 text 0
353 141 385 141 385 151 353 151 text 0
409 141 543 141 543 151 409 151 text 0
179 156 220 156 220 166 179 166 text 0
276 157 305 157 305 166 276 166 text 0
331 156 484 156 484 167 331 167 text 0
230 156 265 156 265 169 230 169 text 0
242 182 287 182 287 192 242 192 text 0
295 182 385 182 385 193 295 193 text 0
48 206 120 206 120 215 48 215 text 0
130 206 161 206 161 215 130 215 text 0
216 206 243 206 243 215 216 215 text 0
253 205 362 205 362 218 253 218 text 0
49 221 96 221 96 231 49 231 text 0
347 222 436 222 436 233 347 233 text 0
447 223 474 223 474 232 447 232 text 0
216 222 336 222 336 235 216 235 text 0
49 239 121 239 121 249 49 249 text 0
131 239 161 239 161 249 131 249 text 0
216 239 247 239 247 249 216 249 text 0
49 254 127 254 127 264 49 264 text 0
137 255 166 255 166 265 137 265 text 0
217 255 238 255 238 266 217 266 text 0
49 272 119 272 119 283 49 283 text 0
129 273 175 273 175 282 129 282 text 0
347 273 437 273 437 283 347 283 text 0
216 273 336 273 336 286 216 286 text 0
447 274 474 274 474 284 447 284 text 0
48 291 96 291 96 302 48 302 text 0
104 291 162 291 162 302 104 302 text 0
291 292 331 292 331 302 291 302 text 0
339 292 387 292 387 303 339 303 text 0
218 292 251 292 251 304 218 304 text 0
451 292 531 292 531 304 451 304 text 0
118 309 129 309 129 320 118 320 text 0
48 309 106 309 106 320 48 320 text 0
197 309 274 309 274 320 197 320 text 0
284 311 317 311 317 320 284 320 text 0
138 311 187 311 187 320 138 320 text 0
326 310 422 310 422 320 326 320 text 0
459 311 496 311 496 321 459 321 text 0
432 311 449 311 449 323 432 323 text 0
240 331 247 331 247 341 240 341 text 0
328 331 384 331 384 341 328 341 text 0
471 332 529 332 529 342 471 342 text 0
540 334 564 334 564 343 540 343 text 0
48 356 58 356 58 366 48 366 text 0
243 355 296 355 296 367 243 367 text 0
75 355 150 355 150 367 75 367 text 0
302 356 363 356 363 369 302 369 text 0
471 357 529 357 529 367 471 367 text 0
254 377 294 377 294 386 254 386 text 0
330 377 363 377 363 386 330 386 text 0
302 377 320 377 320 388 302 388 text 0
483 378 529 378 529 387 483 387 text 0
203 401 236 401 236 410 203 410 text 0
243 401 295 401 295 412 243 412 text 0
302 401 363 401 363 414 302 414 text 0
471 403 529 403 529 412 471 412 text 0
484 423 528 423 528 433 484 433 text 0
324 421 361 421 361 434 324 434 text 0
223 421 316 421 316 434 223 434 text 0
145 447 195 447 195 455 145 455 text 0
106 447 139 447 139 455 106 455 text 0
204 447 292 447 292 456 204 456 text 0
470 448 529 448 529 457 470 457 text 0
301 447 363 447 363 459 301 459 text 0
47 464 94 464 94 474 47 474 text 0
469 466 527 466 527 476 469 476 text 0
47 487 122 487 122 500 47 500 text 0
484 490 529 490 529 500 484 500 text 0
46 527 81 527 81 536 46 536 text 0
281 529 322 529 322 538 281 538 text 0
87 528 170 528 170 539 87 539 text 0
337 529 406 529 406 538 337 538 text 0
486 530 519 530 519 539 486 539 text 0
414 529 467 529 467 540 414 540 text 0
525 529 579 529 579 540 525 540 text 0
44 549 67 549 67 558 44 558 text 0
99 549 129 549 129 558 99 558 text 0
75 549 92 549 92 558 75 558 text 0
313 550 322 550 322 559 313 559 text 0
418 551 467 551 467 559 418 559 text 0
541 551 579 551 579 559 541 559 text 0
134 605 197 605 197 615 134 615 text 0
203 604 248 604 248 615 203 615 text 0
258 604 321 604 321 616 258 616 text 0
328 605 384 605 384 615 328 615 text 0
458 606 462 606 462 617 458 617 text 0
391 606 449 606 449 618 391 618 text 0