126 32 330 32 330 47 126 47 text 0
374 32 483 32 483 47 374 47 text 0
223 51 296 51 296 70 223 70 text 0
96 54 165 54 165 69 96 69 text 0
336 54 420 54 420 69 336 69 text 0
459 54 544 54 544 69 459 69 text 0
171 74 219 74 219 83 171 83 text 0
247 74 280 74 280 82 247 82 text 0
312 74 437 74 437 82 312 82 text 0
111 87 167 87 167 96 111 96 text 0
245 88 280 88 280 96 245 96 text 0
308 87 499 87 499 96 308 96 text 0
185 88 225 88 225 97 185 97 text 0
45 101 71 101 71 109 45 109 text 0
137 101 208 101 208 109 137 109 text 0
426 101 468 101 468 109 426 109 text 0
490 101 559 101 559 109 490 109 text 0
353 101 408 101 408 109 353 109 text 0
90 101 111 101 111 109 90 109 text 0
231 101 326 101 326 110 231 110 text 0
90 114 163 114 163 122 90 122 text 0
182 114 254 114 254 122 182 122 text 0
397 114 514 114 514 123 397 123 text 0
275 115 369 115 369 123 275 123 text 0
198 129 255 129 255 137 198 137 text 0
275 129 331 129 331 137 275 137 text 0
352 129 409 129 409 137 352 137 text 0
275 142 435 142 435 150 275 150 text 0
182 142 220 142 220 150 182 150 text 0
27 169 148 169 148 179 27 179 text 0
366 169 402 169 402 178 366 178 text 0
443 170 594 170 594 179 443 179 text 0
288 170 345 170 345 179 288 179 text 0
170 170 239 170 239 178 170 178 text 0
28 182 102 182 102 192 28 192 text 0
335 183 421 183 421 192 335 192 text 0
445 183 532 183 532 192 445 192 text 0
458 211 539 211 539 219 458 219 text 0
31 211 193 211 193 220 31 220 text 0
275 238 330 238 330 247 275 247 text 0
580 238 592 238 592 246 580 246 text 0
493 238 562 238 562 246 493 246 text 0
32 238 58 238 58 246 32 246 text 0
76 237 150 237 150 247 76 247 text 0
171 239 208 239 208 247 171 247 text 0
228 239 254 239 254 247 228 247 text 0
31 252 57 252 57 260 31 260 text 0
580 252 592 252 592 260 580 260 text 0
504 252 562 252 562 260 504 260 text 0
78 252 179 252 179 261 78 261 text 0
200 252 241 252 241 261 200 261 text 0
260 252 345 252 345 261 260 261 text 0
321 266 347 266 347 274 321 274 text 0
33 267 104 267 104 275 33 275 text 0
121 266 209 266 209 275 121 275 text 0
233 267 295 267 295 275 233 275 text 0
121 293 210 293 210 302 121 302 text 0
31 294 58 294 58 302 31 302 text 0
76 294 104 294 104 302 76 302 text 0
228 294 255 294 255 302 228 302 text 0
275 294 334 294 334 303 275 303 text 0
491 308 560 308 560 316 491 316 text 0
580 308 593 308 593 316 580 316 text 0
168 308 228 308 228 317 168 317 text 0
76 308 118 308 118 317 76 317 text 0
183 321 243 321 243 331 183 331 text 0
46 321 165 321 165 331 46 331 text 0
260 321 287 321 287 330 260 330 text 0
490 321 564 321 564 330 490 330 text 0
490 349 564 349 564 357 490 357 text 0
306 349 350 349 350 358 306 358 text 0
259 350 288 350 288 358 259 358 text 0
30 350 102 350 102 358 30 358 text 0
122 350 150 350 150 358 122 358 text 0
172 350 235 350 235 358 172 358 text 0
474 363 563 363 563 371 474 371 text 0
33 363 88 363 88 372 33 372 text 0
491 376 562 376 562 386 491 386 text 0
33 377 121 377 121 386 33 386 text 0
550 404 560 404 560 412 550 412 text 0
107 405 178 405 178 413 107 413 text 0
34 404 89 404 89 413 34 413 text 0
442 418 484 418 484 426 442 426 text 0
506 417 558 417 558 427 506 427 text 0
339 417 391 417 391 427 339 427 text 0
29 418 74 418 74 427 29 427 text 0
229 419 311 419 311 427 229 427 text 0
91 419 193 419 193 428 91 428 text 0
320 432 356 432 356 440 320 440 text 0
368 432 393 432 393 440 368 440 text 0
509 432 560 432 560 440 509 440 text 0
29 432 42 432 42 440 29 440 text 0
90 432 118 432 118 441 90 441 text 0
60 433 73 433 73 439 60 439 text 0
505 445 559 445 559 454 505 454 text 0
337 446 392 446 392 454 337 454 text 0
60 447 73 447 73 453 60 453 text 0
29 446 41 446 41 454 29 454 text 0
91 445 117 445 117 455 91 455 text 0
489 472 560 472 560 482 489 482 text 0
29 474 98 474 98 483 29 483 text 0
122 474 224 474 224 483 122 483 text 0
320 500 379 500 379 510 320 510 text 0
396 501 485 501 485 509 396 509 text 0
198 501 302 501 302 510 198 510 text 0
122 501 151 501 151 510 122 510 text 0
166 501 179 501 179 510 166 510 text 0
383 514 516 514 516 523 383 523 text 0
169 514 240 514 240 523 169 523 text 0
259 514 364 514 364 523 259 523 text 0
106 515 150 515 150 524 106 524 text 0
367 528 425 528 425 536 367 536 text 0
442 528 523 528 523 536 442 536 text 0
260 528 349 528 349 537 260 537 text 0
183 529 234 529 234 537 183 537 text 0
90 528 163 528 163 537 90 537 text 0
229 541 439 541 439 551 229 551 text 0
169 545 219 545 219 551 169 551 text 0
306 555 378 555 378 563 306 563 text 0
185 555 287 555 287 563 185 563 text 0
396 555 485 555 485 563 396 563 text 0
123 555 164 555 164 564 123 564 text 0
184 568 487 568 487 578 184 578 text 0
124 571 176 571 176 577 124 577 text 0