429 37 471 37 471 46 429 46 text 0
29 37 165 37 165 47 29 47 text 0
175 37 305 37 305 47 175 47 text 0
371 37 421 37 421 47 371 47 text 0
488 37 568 37 568 47 488 47 text 0
577 37 602 37 602 47 577 47 text 0
315 37 365 37 365 48 315 48 text 0
174 50 210 50 210 59 174 59 text 0
314 50 394 50 394 58 314 58 text 0
219 50 237 50 237 60 219 60 text 0
404 50 452 50 452 60 404 60 text 0
249 50 305 50 305 59 249 59 text 0
160 62 220 62 220 71 160 71 text 0
228 62 281 62 281 71 228 71 text 0
366 61 459 61 459 72 366 72 text 0
290 62 353 62 353 72 290 72 text 0
414 73 511 73 511 82 414 82 text 0
325 73 405 73 405 82 325 82 text 0
209 73 305 73 305 83 209 83 text 0
169 74 199 74 199 83 169 83 text 0
118 73 160 73 160 83 118 83 text 0
291 85 437 85 437 94 291 94 text 0
192 85 242 85 242 95 192 95 text 0
251 85 284 85 284 94 251 94 text 0
287 107 296 107 296 122 287 122 text 0
311 107 432 107 432 123 311 123 text 0
445 108 492 108 492 122 445 122 text 0
139 108 172 108 172 123 139 123 text 0
188 108 270 108 270 123 188 123 text 0
315 138 348 138 348 153 315 153 text 0
251 138 299 138 299 154 251 154 text 0
423 138 519 138 519 153 423 153 text 0
362 138 405 138 405 154 362 154 text 0
22 158 105 158 105 168 22 168 text 0
402 160 523 160 523 167 402 167 text 0
329 160 384 160 384 168 329 168 text 0
207 175 279 175 279 190 207 190 text 0
342 175 375 175 375 190 342 190 text 0
292 175 326 175 326 190 292 190 text 0
134 175 192 175 192 190 134 190 text 0
21 175 117 175 117 190 21 190 text 0
267 195 278 195 278 203 267 203 text 0
194 195 225 195 225 203 194 203 text 0
241 195 254 195 254 203 241 203 text 0
21 195 93 195 93 204 21 204 text 0
109 196 176 196 176 205 109 205 text 0
293 196 312 196 312 205 293 205 text 0
23 208 81 208 81 216 23 216 text 0
98 208 119 208 119 216 98 216 text 0
134 209 201 209 201 218 134 218 text 0
98 220 168 220 168 228 98 228 text 0
257 220 351 220 351 228 257 228 text 0
21 221 82 221 82 229 21 229 text 0
184 221 239 221 239 230 184 230 text 0
22 231 88 231 88 240 22 240 text 0
98 231 225 231 225 242 98 242 text 0
448 243 501 243 501 252 448 252 text 0
310 242 420 242 420 252 310 252 text 0
259 244 299 244 299 252 259 252 text 0
278 259 311 259 311 267 278 267 text 0
337 259 348 259 348 267 337 267 text 0
363 258 410 258 410 267 363 267 text 0
229 258 262 258 262 267 229 267 text 0
176 258 214 258 214 267 176 267 text 0
435 259 519 259 519 269 435 269 text 0
17 259 152 259 152 269 17 269 text 0
400 277 409 277 409 286 400 286 text 0
461 277 518 277 518 286 461 286 text 0
337 278 347 278 347 285 337 285 text 0
18 278 60 278 60 286 18 286 text 0
79 278 137 278 137 286 79 286 text 0
165 278 212 278 212 286 165 286 text 0
252 278 262 278 262 286 252 286 text 0
299 278 312 278 312 286 299 286 text 0
472 291 519 291 519 298 472 298 text 0
165 290 212 290 212 298 165 298 text 0
399 291 407 291 407 298 399 298 text 0
252 290 261 290 261 298 252 298 text 0
337 291 347 291 347 298 337 298 text 0
298 290 312 290 312 298 298 298 text 0
13 289 126 289 126 302 13 302 text 0
470 302 519 302 519 310 470 310 text 0
166 302 213 302 213 310 166 310 text 0
397 303 408 303 408 310 397 310 text 0
69 302 127 302 127 310 69 310 text 0
252 302 261 302 261 310 252 310 text 0
300 302 312 302 312 310 300 310 text 0
337 302 349 302 349 311 337 311 text 0
17 303 51 303 51 310 17 310 text 0
188 317 246 317 246 335 188 335 text 0
263 319 288 319 288 335 263 335 text 0
463 320 521 320 521 334 463 334 text 0
300 318 405 318 405 338 300 338 text 0
241 346 262 346 262 353 241 353 text 0
464 346 520 346 520 353 464 353 text 0
337 346 345 346 345 353 337 353 text 0
391 346 407 346 407 353 391 353 text 0
18 346 81 346 81 354 18 354 text 0
299 346 312 346 312 354 299 354 text 0
164 346 211 346 211 354 164 354 text 0
117 346 139 346 139 354 117 354 text 0
464 357 520 357 520 365 464 365 text 0
17 357 102 357 102 366 17 366 text 0
164 357 211 357 211 366 164 366 text 0
244 357 262 357 262 366 244 366 text 0
299 357 313 357 313 366 299 366 text 0
336 357 349 357 349 366 336 366 text 0
389 357 411 357 411 367 389 367 text 0
464 370 520 370 520 378 464 378 text 0
165 370 213 370 213 378 165 378 text 0
399 370 407 370 407 378 399 378 text 0
250 370 264 370 264 379 250 379 text 0
19 370 139 370 139 378 19 378 text 0
299 370 313 370 313 379 299 379 text 0
337 370 349 370 349 379 337 379 text 0
43 386 101 386 101 402 43 402 text 0
118 387 141 387 141 402 118 402 text 0
459 387 520 387 520 402 459 402 text 0
263 385 331 385 331 406 263 406 text 0
153 386 248 386 248 406 153 406 text 0
350 386 404 386 404 406 350 406 text 0
472 411 519 411 519 426 472 426 text 0
363 412 404 412 404 426 363 426 text 0
54 436 111 436 111 453 54 453 text 0
461 437 519 437 519 452 461 452 text 0
129 437 153 437 153 453 129 453 text 0
350 436 404 436 404 456 350 456 text 0
278 436 332 436 332 456 278 456 text 0
204 442 262 442 262 453 204 453 text 0
461 462 522 462 522 477 461 477 text 0
195 462 248 462 248 477 195 477 text 0
263 462 288 462 288 477 263 477 text 0
300 460 405 460 405 482 300 482 text 0
239 488 297 488 297 503 239 503 text 0
459 488 520 488 520 503 459 503 text 0
313 487 405 487 405 508 313 508 text 0
25 521 114 521 114 529 25 529 text 0
380 534 438 534 438 542 380 542 text 0
453 534 568 534 568 542 453 542 text 0
23 534 118 534 118 542 23 542 text 0
134 533 192 533 192 542 134 542 text 0
318 534 365 534 365 544 318 544 text 0
207 534 266 534 266 544 207 544 text 0
286 537 303 537 303 541 286 541 text 0
21 546 57 546 57 554 21 554 text 0
232 546 351 546 351 554 232 554 text 0
194 546 214 546 214 554 194 554 text 0
367 546 460 546 460 556 367 556 text 0
479 547 498 547 498 554 479 554 text 0
73 547 179 547 179 556 73 556 text 0
168 558 216 558 216 566 168 566 text 0
501 558 524 558 524 566 501 566 text 0
540 558 573 558 573 566 540 566 text 0
133 559 155 559 155 566 133 566 text 0
353 557 485 557 485 568 353 568 text 0
23 558 118 558 118 568 23 568 text 0
232 560 340 560 340 568 232 568 text 0
402 569 426 569 426 578 402 578 text 0
283 570 316 570 316 578 283 578 text 0
330 570 388 570 388 578 330 578 text 0
441 570 474 570 474 578 441 578 text 0
97 571 130 571 130 578 97 578 text 0
147 570 227 570 227 580 147 580 text 0
244 573 266 573 266 578 244 578 text 0
25 571 81 571 81 580 25 580 text 0
489 582 498 582 498 589 489 589 text 0
392 582 475 582 475 590 392 590 text 0
342 582 376 582 376 590 342 590 text 0
282 582 326 582 326 590 282 590 text 0
169 582 231 582 231 590 169 590 text 0
245 585 266 585 266 590 245 590 text 0
22 582 155 582 155 592 22 592 text 0
157 595 205 595 205 603 157 603 text 0
21 594 142 594 142 604 21 604 text 0
195 608 361 608 361 618 195 618 text 0
370 608 438 608 438 618 370 618 text 0