179 61 346 61 346 73 179 73 text 0
369 60 462 60 462 74 369 74 text 0
214 80 309 80 309 93 214 93 text 0
332 80 415 80 415 93 332 93 text 0
229 98 416 98 416 112 229 112 text 0
223 116 262 116 262 126 223 126 text 0
167 115 198 115 198 126 167 126 text 0
280 116 347 116 347 127 280 127 text 0
364 116 431 116 431 127 364 127 text 0
447 117 460 117 460 127 447 127 text 0
138 130 205 130 205 140 138 140 text 0
224 131 291 131 291 141 224 141 text 0
307 131 371 131 371 141 307 141 text 0
392 131 417 131 417 142 392 142 text 0
434 131 484 131 484 142 434 142 text 0
250 145 319 145 319 157 250 157 text 0
335 147 361 147 361 157 335 157 text 0
271 171 382 171 382 184 271 184 text 0
142 213 205 213 205 224 142 224 text 0
30 213 121 213 121 224 30 224 text 0
308 214 490 214 490 226 308 226 text 0
26 229 66 229 66 240 26 240 text 0
82 230 131 230 131 240 82 240 text 0
25 243 78 243 78 255 25 255 text 0
124 243 235 243 235 255 124 255 text 0
251 244 362 244 362 255 251 255 text 0
26 261 162 261 162 282 26 282 text 0
284 262 332 262 332 282 284 282 text 0
57 303 101 303 101 313 57 313 text 0
196 304 232 304 232 314 196 314 text 0
391 304 477 304 477 314 391 314 text 0
274 304 360 304 360 315 274 315 text 0
556 305 592 305 592 315 556 315 text 0
510 305 546 305 546 315 510 315 text 0
53 333 72 333 72 343 53 343 text 0
81 333 135 333 135 343 81 343 text 0
335 332 390 332 390 344 335 344 text 0
483 332 511 332 511 345 483 345 text 0
406 333 458 333 458 344 406 344 text 0
151 333 320 333 320 345 151 345 text 0
392 347 461 347 461 359 392 359 text 0
324 349 332 349 332 359 324 359 text 0
534 348 588 348 588 359 534 359 text 0
342 361 369 361 369 374 342 374 text 0
221 363 318 363 318 373 221 373 text 0
152 363 206 363 206 374 152 374 text 0
55 363 136 363 136 374 55 374 text 0
324 378 331 378 331 388 324 388 text 0
394 378 461 378 461 388 394 388 text 0
534 378 588 378 588 389 534 389 text 0
215 391 244 391 244 404 215 404 text 0
53 391 149 391 149 403 53 403 text 0
168 392 207 392 207 405 168 405 text 0
366 408 433 408 433 418 366 418 text 0
295 408 303 408 303 418 295 418 text 0
505 408 559 408 559 419 505 419 text 0
167 423 205 423 205 433 167 433 text 0
53 423 149 423 149 433 53 433 text 0
222 437 235 437 235 448 222 448 text 0
306 436 362 436 362 448 306 448 text 0
433 437 489 437 489 448 433 448 text 0
549 438 602 438 602 449 549 449 text 0
95 453 150 453 150 463 95 463 text 0
54 467 108 467 108 477 54 477 text 0
129 466 159 466 159 479 129 479 text 0
266 482 277 482 277 492 266 492 text 0
351 483 404 483 404 493 351 493 text 0
591 483 600 483 600 493 591 493 text 0
478 483 532 483 532 494 478 494 text 0
81 512 121 512 121 522 81 522 text 0
138 512 202 512 202 522 138 522 text 0
223 512 305 512 305 522 223 522 text 0
477 512 503 512 503 522 477 522 text 0
321 512 430 512 430 522 321 522 text 0
518 513 588 513 588 523 518 523 text 0
81 527 178 527 178 537 81 537 text 0
489 527 516 527 516 537 489 537 text 0
532 527 587 527 587 538 532 538 text 0
194 527 276 527 276 538 194 538 text 0
167 542 234 542 234 553 167 553 text 0
84 542 147 542 147 553 84 553 text 0
518 542 588 542 588 553 518 553 text 0
477 542 503 542 503 552 477 552 text 0
489 557 516 557 516 567 489 567 text 0
534 557 588 557 588 568 534 568 text 0
81 557 193 557 193 569 81 569 text 0
208 557 346 557 346 569 208 569 text 0
80 582 205 582 205 601 80 601 text 0
394 583 441 583 441 602 394 602 text 0
471 582 596 582 596 602 471 602 text 0