178 66 498 66 498 102 178 102 text 0
513 163 562 163 562 170 513 170 text 0
448 163 503 163 503 170 448 170 text 0
85 163 147 163 147 170 85 170 text 0
158 163 329 163 329 170 158 170 text 0
337 163 435 163 435 170 337 170 text 0
258 176 390 176 390 187 258 187 text 0
218 189 252 189 252 196 218 196 text 0
296 189 352 189 352 196 296 196 text 0
264 190 284 190 284 200 264 200 text 0
363 190 426 190 426 200 363 200 text 0
281 203 412 203 412 210 281 210 text 0
137 203 192 203 192 210 137 210 text 0
425 202 509 202 509 211 425 211 text 0
206 203 269 203 269 212 206 212 text 0
288 214 348 214 348 222 288 222 text 0
197 215 275 215 275 224 197 224 text 0
363 215 453 215 453 225 363 225 text 0
142 228 239 228 239 236 142 236 text 0
254 228 309 228 309 236 254 236 text 0
111 228 129 228 129 236 111 236 text 0
370 228 467 228 467 236 370 236 text 0
481 228 536 228 536 236 481 236 text 0
340 228 358 228 358 237 340 237 text 0
213 240 257 240 257 248 213 248 text 0
269 240 302 240 302 248 269 248 text 0
313 241 502 241 502 251 313 251 text 0
142 241 199 241 199 251 142 251 text 0
508 263 602 263 602 271 508 271 text 0
47 264 80 264 80 271 47 271 text 0
90 263 164 263 164 271 90 271 text 0
197 264 419 264 419 271 197 271 text 0
509 280 600 280 600 287 509 287 text 0
47 279 123 279 123 286 47 286 text 0
156 280 231 280 231 288 156 288 text 0
112 303 185 303 185 310 112 310 text 0
260 303 342 303 342 310 260 310 text 0
47 304 98 304 98 311 47 311 text 0
192 304 253 304 253 311 192 311 text 0
384 315 465 315 465 321 384 321 text 0
586 315 597 315 597 321 586 321 text 0
58 315 225 315 225 321 58 321 text 0
502 315 570 315 570 321 502 321 text 0
318 336 380 336 380 344 318 344 text 0
223 336 308 336 308 344 223 344 text 0
47 337 98 337 98 344 47 344 text 0
109 337 143 337 143 344 109 344 text 0
394 337 442 337 442 346 394 346 text 0
152 338 213 338 213 346 152 346 text 0
59 347 184 347 184 354 59 354 text 0
515 348 570 348 570 355 515 355 text 0
395 348 465 348 465 355 395 355 text 0
586 348 597 348 597 355 586 355 text 0
295 375 334 375 334 382 295 382 text 0
231 375 281 375 281 382 231 382 text 0
341 375 383 375 383 382 341 382 text 0
419 375 452 375 452 382 419 382 text 0
395 376 411 376 411 384 395 384 text 0
531 377 599 377 599 384 531 384 text 0
46 377 90 377 90 384 46 384 text 0
108 378 118 378 118 385 108 385 text 0
110 392 119 392 119 399 110 399 text 0
359 391 451 391 451 399 359 399 text 0
554 393 598 393 598 400 554 400 text 0
45 393 79 393 79 401 45 401 text 0
531 407 599 407 599 414 531 414 text 0
44 407 91 407 91 415 44 415 text 0
404 407 453 407 453 414 404 414 text 0
207 408 251 408 251 414 207 414 text 0
104 408 170 408 170 417 104 417 text 0
384 422 454 422 454 430 384 430 text 0
406 438 451 438 451 445 406 445 text 0
534 438 600 438 600 445 534 445 text 0
557 457 601 457 601 464 557 464 text 0
379 457 453 457 453 465 379 465 text 0
47 473 89 473 89 480 47 480 text 0
235 474 296 474 296 481 235 481 text 0
333 474 366 474 366 481 333 481 text 0
374 474 452 474 452 481 374 481 text 0
98 474 180 474 180 482 98 482 text 0
229 488 297 488 297 496 229 496 text 0
115 488 148 488 148 496 115 496 text 0
72 489 83 489 83 496 72 496 text 0
410 490 454 490 454 496 410 496 text 0
240 505 297 505 297 513 240 513 text 0
410 505 454 505 454 513 410 513 text 0
114 506 146 506 146 512 114 512 text 0
69 507 83 507 83 514 69 514 text 0
266 530 393 530 393 538 266 538 text 0
165 541 492 541 492 550 165 550 text 0
406 563 428 563 428 570 406 570 text 0
357 564 396 564 396 570 357 570 text 0
438 563 537 563 537 570 438 570 text 0
240 563 252 563 252 570 240 570 text 0
118 563 230 563 230 570 118 570 text 0
265 563 347 563 347 570 265 570 text 0
480 574 565 574 565 581 480 581 text 0
433 575 471 575 471 583 433 583 text 0
320 576 421 576 421 582 320 582 text 0
179 576 187 576 187 582 179 582 text 0
197 576 248 576 248 582 197 582 text 0
90 576 166 576 166 582 90 582 text 0
260 576 312 576 312 582 260 582 text 0
229 585 274 585 274 593 229 593 text 0
286 586 361 586 361 593 286 593 text 0
373 587 431 587 431 593 373 593 text 0
441 587 507 587 507 594 441 594 text 0
150 587 220 587 220 593 150 593 text 0
250 626 420 626 420 632 250 632 text 0