216 79 263 79 263 86 216 86 text 0
277 79 286 79 286 86 277 86 text 0
300 79 394 79 394 86 300 86 text 0
206 90 238 90 238 97 206 97 text 0
252 90 310 90 310 97 252 97 text 0
325 90 334 90 334 97 325 97 text 0
349 89 416 89 416 98 349 98 text 0
359 101 390 101 390 108 359 108 text 0
252 101 346 101 346 108 252 108 text 0
144 101 238 101 238 108 144 108 text 0
408 102 475 102 475 110 408 110 text 0
168 112 213 112 213 119 168 119 text 0
311 112 357 112 357 119 311 119 text 0
372 112 450 112 450 120 372 120 text 0
227 111 294 111 294 120 227 120 text 0
359 123 403 123 403 130 359 130 text 0
310 123 345 123 345 130 310 130 text 0
167 123 201 123 201 130 167 130 text 0
241 123 273 123 273 130 241 130 text 0
217 122 226 122 226 131 217 131 text 0
419 123 465 123 465 130 419 130 text 0
191 134 225 134 225 141 191 141 text 0
241 134 268 134 268 141 241 141 text 0
287 134 430 134 430 141 287 141 text 0
168 156 234 156 234 163 168 163 text 0
266 156 428 156 428 163 266 163 text 0
71 177 188 177 188 192 71 192 text 0
72 206 105 206 105 213 72 213 text 0
120 206 163 206 163 213 120 213 text 0
180 206 250 206 250 214 180 214 text 0
480 207 490 207 490 214 480 214 text 0
384 207 463 207 463 214 384 214 text 0
71 217 120 217 120 224 71 224 text 0
180 217 298 217 298 224 180 224 text 0
312 217 404 217 404 224 312 224 text 0
179 228 237 228 237 235 179 235 text 0
71 228 164 228 164 236 71 236 text 0
444 251 498 251 498 258 444 258 text 0
518 251 550 251 550 258 518 258 text 0
71 251 202 251 202 259 71 259 text 0
251 251 286 251 286 259 251 259 text 0
335 251 418 251 418 259 335 259 text 0
72 272 105 272 105 279 72 279 text 0
120 272 153 272 153 279 120 279 text 0
169 272 250 272 250 279 169 279 text 0
348 283 394 283 394 290 348 290 text 0
456 283 502 283 502 290 456 290 text 0
529 283 550 283 550 290 529 290 text 0
242 283 250 283 250 291 242 291 text 0
264 285 276 285 276 291 264 291 text 0
72 293 105 293 105 300 72 300 text 0
121 293 130 293 130 300 121 300 text 0
143 294 178 294 178 301 143 301 text 0
350 305 394 305 394 312 350 312 text 0
240 305 249 305 249 312 240 312 text 0
459 305 503 305 503 312 459 312 text 0
529 305 550 305 550 312 529 312 text 0
265 307 275 307 275 313 265 313 text 0
72 315 105 315 105 322 72 322 text 0
119 315 177 315 177 322 119 322 text 0
350 327 394 327 394 334 350 334 text 0
240 327 249 327 249 334 240 334 text 0
459 327 503 327 503 334 459 334 text 0
529 327 550 327 550 334 529 334 text 0
265 329 275 329 275 335 265 335 text 0
72 337 105 337 105 344 72 344 text 0
121 337 130 337 130 344 121 344 text 0
143 337 178 337 178 344 143 344 text 0
240 349 249 349 249 357 240 357 text 0
350 349 394 349 394 356 350 356 text 0
459 349 503 349 503 356 459 356 text 0
529 349 550 349 550 356 529 356 text 0
264 351 276 351 276 357 264 357 text 0
71 359 129 359 129 367 71 367 text 0
143 359 178 359 178 367 143 367 text 0
193 360 273 360 273 367 193 367 text 0
242 371 250 371 250 378 242 378 text 0
529 371 550 371 550 378 529 378 text 0
456 371 502 371 502 378 456 378 text 0
348 371 394 371 394 378 348 378 text 0
265 373 275 373 275 379 265 379 text 0
71 381 129 381 129 388 71 388 text 0
144 381 213 381 213 388 144 388 text 0
242 392 250 392 250 399 242 399 text 0
349 393 395 393 395 400 349 400 text 0
458 393 504 393 504 400 458 400 text 0
528 393 551 393 551 400 528 400 text 0
264 394 276 394 276 400 264 400 text 0
72 414 126 414 126 421 72 421 text 0
143 414 187 414 187 421 143 421 text 0
203 414 213 414 213 421 203 421 text 0
72 424 126 424 126 431 72 431 text 0
147 425 262 425 262 433 147 433 text 0
277 425 331 425 331 433 277 433 text 0
491 425 549 425 549 432 491 432 text 0
276 435 298 435 298 442 276 442 text 0
72 435 126 435 126 442 72 442 text 0
147 436 262 436 262 444 147 444 text 0
491 436 549 436 549 443 491 443 text 0
313 435 369 435 369 444 313 444 text 0
72 458 209 458 209 473 72 473 text 0
432 458 549 458 549 473 432 473 text 0
71 497 118 497 118 504 71 504 text 0
491 498 549 498 549 505 491 505 text 0
71 508 142 508 142 515 71 515 text 0
503 508 550 508 550 515 503 515 text 0
72 539 105 539 105 546 72 546 text 0
312 540 382 540 382 547 312 547 text 0
386 540 429 540 429 548 386 548 text 0
121 540 202 540 202 548 121 548 text 0
471 539 549 539 549 548 471 548 text 0
70 550 93 550 93 557 70 557 text 0
373 550 431 550 431 557 373 557 text 0
195 550 214 550 214 558 195 558 text 0
229 550 260 550 260 558 229 558 text 0
503 551 550 551 550 558 503 558 text 0
324 605 382 605 382 612 324 612 text 0
242 605 311 605 311 612 242 612 text 0
288 615 357 615 357 622 288 622 text 0
229 615 274 615 274 622 229 622 text 0
375 616 418 616 418 623 375 623 text 0