116 22 324 22 324 35 116 35 text 0
362 22 478 22 478 35 362 35 text 0
213 38 286 38 286 53 213 53 text 0
85 40 154 40 154 53 85 53 text 0
328 40 414 40 414 52 328 52 text 0
453 40 478 40 478 52 453 52 text 0
483 40 539 40 539 52 483 52 text 0
236 57 272 57 272 63 236 63 text 0
163 57 211 57 211 64 163 64 text 0
302 56 430 56 430 64 302 64 text 0
101 67 157 67 157 74 101 74 text 0
235 68 270 68 270 74 235 74 text 0
175 68 217 68 217 75 175 75 text 0
298 68 492 68 492 75 298 75 text 0
37 78 61 78 61 85 37 85 text 0
127 78 199 78 199 85 127 85 text 0
221 78 317 78 317 85 221 85 text 0
344 78 399 78 399 85 344 85 text 0
419 78 461 78 461 85 419 85 text 0
80 78 101 78 101 85 80 85 text 0
483 79 554 79 554 86 483 86 text 0
81 89 154 89 154 95 81 95 text 0
174 89 244 89 244 96 174 96 text 0
267 90 363 90 363 97 267 97 text 0
390 90 508 90 508 97 390 97 text 0
112 100 202 100 202 107 112 107 text 0
219 100 339 100 339 107 219 107 text 0
359 100 463 100 463 107 359 107 text 0
265 122 432 122 432 129 265 129 text 0
171 123 213 123 213 130 171 130 text 0
20 144 138 144 138 152 20 152 text 0
160 145 231 145 231 152 160 152 text 0
437 145 585 145 585 152 437 152 text 0
280 144 339 144 339 152 280 152 text 0
358 144 395 144 395 152 358 152 text 0
20 155 94 155 94 163 20 163 text 0
434 156 524 156 524 163 434 163 text 0
327 156 413 156 413 163 327 163 text 0
301 178 492 178 492 184 301 184 text 0
235 178 273 178 273 184 235 184 text 0
52 178 138 178 138 184 52 184 text 0
158 178 216 178 216 184 158 184 text 0
298 189 415 189 415 196 298 196 text 0
98 189 155 189 155 196 98 196 text 0
174 189 273 189 273 196 174 196 text 0
21 211 185 211 185 218 21 218 text 0
449 211 535 211 535 218 449 218 text 0
23 233 49 233 49 239 23 239 text 0
69 233 169 233 169 239 69 239 text 0
572 233 586 233 586 240 572 240 text 0
495 233 555 233 555 240 495 240 text 0
191 233 231 233 231 240 191 240 text 0
252 233 336 233 336 240 252 240 text 0
133 244 202 244 202 251 133 251 text 0
282 244 338 244 338 250 282 250 text 0
221 244 263 244 263 251 221 251 text 0
22 243 111 243 111 251 22 251 text 0
24 266 51 266 51 272 24 272 text 0
115 266 203 266 203 272 115 272 text 0
221 266 245 266 245 272 221 272 text 0
267 266 324 266 324 272 267 272 text 0
68 266 96 266 96 272 68 272 text 0
130 278 144 278 144 282 130 282 text 0
162 277 219 277 219 284 162 284 text 0
481 276 554 276 554 284 481 284 text 0
69 277 111 277 111 284 69 284 text 0
571 277 585 277 585 284 571 284 text 0
481 288 553 288 553 295 481 295 text 0
40 287 158 287 158 295 40 295 text 0
176 288 234 288 234 295 176 295 text 0
255 288 279 288 279 294 255 294 text 0
569 309 586 309 586 316 569 316 text 0
26 309 53 309 53 316 26 316 text 0
194 309 325 309 325 316 194 316 text 0
73 309 98 309 98 316 73 316 text 0
116 309 175 309 175 316 116 316 text 0
497 309 555 309 555 316 497 316 text 0
39 320 126 320 126 327 39 327 text 0
146 320 264 320 264 327 146 327 text 0
481 320 554 320 554 327 481 327 text 0
237 331 295 331 295 338 237 338 text 0
570 330 587 330 587 338 570 338 text 0
145 331 218 331 218 338 145 338 text 0
24 331 127 331 127 338 24 338 text 0
496 331 554 331 554 338 496 338 text 0
38 342 125 342 125 349 38 349 text 0
480 341 553 341 553 349 480 349 text 0
145 342 262 342 262 349 145 349 text 0
266 353 323 353 323 360 266 360 text 0
219 353 246 353 246 360 219 360 text 0
482 352 554 352 554 360 482 360 text 0
161 353 201 353 201 360 161 360 text 0
68 352 142 352 142 360 68 360 text 0
569 352 586 352 586 360 569 360 text 0
23 353 51 353 51 360 23 360 text 0
481 363 555 363 555 371 481 371 text 0
143 364 261 364 261 370 143 370 text 0
37 364 124 364 124 370 37 370 text 0
296 385 339 385 339 393 296 393 text 0
478 385 555 385 555 393 478 393 text 0
249 386 276 386 276 393 249 393 text 0
161 386 224 386 224 393 161 393 text 0
113 386 141 386 141 393 113 393 text 0
21 386 91 386 91 393 21 393 text 0
159 397 199 397 199 404 159 404 text 0
21 397 139 397 139 404 21 404 text 0
495 397 554 397 554 404 495 404 text 0
479 407 554 407 554 415 479 415 text 0
20 408 92 408 92 415 20 415 text 0
112 408 140 408 140 415 112 415 text 0
464 418 554 418 554 426 464 426 text 0
21 418 78 418 78 426 21 426 text 0
478 429 555 429 555 437 478 437 text 0
21 430 110 430 110 437 21 437 text 0
542 452 554 452 554 459 542 459 text 0
24 452 77 452 77 459 24 459 text 0
96 452 167 452 167 459 96 459 text 0
19 463 62 463 62 470 19 470 text 0
329 463 381 463 381 470 329 470 text 0
431 463 475 463 475 470 431 470 text 0
498 463 552 463 552 470 498 470 text 0
80 464 183 464 183 471 80 471 text 0
218 463 304 463 304 470 218 470 text 0
50 475 63 475 63 480 50 480 text 0
359 474 383 474 383 481 359 481 text 0
80 474 108 474 108 481 80 481 text 0
19 474 32 474 32 481 19 481 text 0
499 474 552 474 552 481 499 481 text 0
309 474 346 474 346 481 309 481 text 0
20 485 31 485 31 492 20 492 text 0
49 486 63 486 63 491 49 491 text 0
81 485 108 485 108 493 81 493 text 0
326 485 384 485 384 493 326 493 text 0
496 485 554 485 554 493 496 493 text 0
18 507 90 507 90 515 18 515 text 0
481 508 554 508 554 515 481 515 text 0
109 508 214 508 214 516 109 516 text 0
311 530 369 530 369 537 311 537 text 0
189 530 292 530 292 537 189 537 text 0
156 530 169 530 169 537 156 537 text 0
111 530 139 530 139 537 111 537 text 0
386 530 477 530 477 537 386 537 text 0
372 541 508 541 508 548 372 548 text 0
248 541 354 541 354 548 248 548 text 0
156 541 231 541 231 548 156 548 text 0
96 541 139 541 139 548 96 548 text 0
172 552 224 552 224 559 172 559 text 0
249 552 339 552 339 559 249 559 text 0
79 552 153 552 153 559 79 559 text 0
433 552 506 552 506 559 433 559 text 0
357 552 415 552 415 559 357 559 text 0
217 563 428 563 428 570 217 570 text 0
156 565 207 565 207 570 156 570 text 0
387 574 476 574 476 581 387 581 text 0
295 574 368 574 368 580 295 580 text 0
171 574 275 574 275 581 171 581 text 0
110 574 152 574 152 581 110 581 text 0
172 584 478 584 478 592 172 592 text 0
111 587 163 587 163 592 111 592 text 0