123 128 159 128 159 140 123 140 text 0
391 129 428 129 428 141 391 141 text 0
445 129 484 129 484 141 445 141 text 0
180 129 370 129 370 142 180 142 text 0
168 146 204 146 204 156 168 156 text 0
222 146 260 146 260 159 222 159 text 0
307 146 427 146 427 159 307 159 text 0
68 161 104 161 104 173 68 173 text 0
128 162 204 162 204 173 128 173 text 0
222 163 231 163 231 173 222 173 text 0
447 163 484 163 484 174 447 174 text 0
363 163 428 163 428 174 363 174 text 0
253 162 342 162 342 175 253 175 text 0
502 163 524 163 524 176 502 176 text 0
82 178 176 178 176 190 82 190 text 0
194 178 372 178 372 190 194 190 text 0
392 178 510 178 510 192 392 192 text 0
97 195 161 195 161 206 97 206 text 0
180 194 231 194 231 206 180 206 text 0
404 195 512 195 512 207 404 207 text 0
250 195 384 195 384 208 250 208 text 0
195 210 218 210 218 222 195 222 text 0
237 212 260 212 260 223 237 223 text 0
125 211 176 211 176 224 125 224 text 0
282 212 468 212 468 225 282 225 text 0
112 227 190 227 190 239 112 239 text 0
208 227 330 227 330 239 208 239 text 0
348 227 482 227 482 240 348 240 text 0
223 243 260 243 260 255 223 255 text 0
280 243 372 243 372 255 280 255 text 0
25 276 121 276 121 288 25 288 text 0
250 276 316 276 316 288 250 288 text 0
138 276 234 276 234 288 138 288 text 0
560 278 584 278 584 289 560 289 text 0
27 293 78 293 78 304 27 304 text 0
125 293 176 293 176 306 125 306 text 0
26 308 120 308 120 320 26 320 text 0
393 310 457 310 457 321 393 321 text 0
492 310 556 310 556 321 492 321 text 0
362 309 375 309 375 321 362 321 text 0
337 309 344 309 344 321 337 321 text 0
169 341 177 341 177 353 169 353 text 0
26 341 120 341 120 354 26 354 text 0
576 342 583 342 583 354 576 354 text 0
446 342 526 342 526 355 446 355 text 0
194 374 229 374 229 385 194 385 text 0
26 374 88 374 88 384 26 384 text 0
113 374 161 374 161 385 113 385 text 0
250 374 290 374 290 385 250 385 text 0
475 374 501 374 501 385 475 385 text 0
520 374 584 374 584 386 520 386 text 0
25 389 78 389 78 400 25 400 text 0
474 391 500 391 500 402 474 402 text 0
518 391 584 391 584 402 518 402 text 0
25 406 104 406 104 417 25 417 text 0
474 406 500 406 500 417 474 417 text 0
520 406 584 406 584 418 520 418 text 0
27 438 63 438 63 449 27 449 text 0
82 438 176 438 176 451 82 451 text 0
279 438 371 438 371 451 279 451 text 0
419 438 511 438 511 451 419 451 text 0
26 453 64 453 64 465 26 465 text 0
82 455 134 455 134 466 82 466 text 0
337 454 401 454 401 466 337 466 text 0
488 455 541 455 541 466 488 466 text 0
29 502 134 502 134 513 29 513 text 0
154 502 220 502 220 514 154 514 text 0
237 503 288 503 288 515 237 515 text 0
306 503 359 503 359 515 306 515 text 0
405 502 429 502 429 515 405 515 text 0
447 503 585 503 585 515 447 515 text 0
25 519 134 519 134 530 25 530 text 0
152 518 203 518 203 531 152 531 text 0
250 519 302 519 302 530 250 530 text 0
321 519 359 519 359 530 321 530 text 0
377 518 471 518 471 531 377 531 text 0
111 551 218 551 218 562 111 562 text 0
236 551 274 551 274 562 236 562 text 0
292 551 387 551 387 562 292 562 text 0
404 552 485 552 485 564 404 564 text 0
168 567 177 567 177 578 168 578 text 0
194 567 247 567 247 578 194 578 text 0
264 566 317 566 317 579 264 579 text 0
334 567 429 567 429 580 334 580 text 0
138 583 247 583 247 594 138 594 text 0
265 582 289 582 289 595 265 595 text 0
307 582 360 582 360 595 307 595 text 0
376 583 457 583 457 596 376 596 text 0