84 55 142 55 142 65 84 65 text 0
168 56 371 56 371 65 168 65 text 0
395 56 453 56 453 65 395 65 text 0
477 55 535 55 535 66 477 66 text 0
258 67 364 67 364 79 258 79 text 0
193 80 230 80 230 90 193 90 text 0
244 80 294 80 294 90 244 90 text 0
307 81 387 81 387 91 307 91 text 0
400 81 427 81 427 91 400 91 text 0
157 92 227 92 227 102 157 102 text 0
239 92 256 92 256 103 239 103 text 0
271 92 332 92 332 103 271 103 text 0
415 92 465 92 465 103 415 103 text 0
345 92 401 92 401 103 345 103 text 0
201 104 263 104 263 116 201 116 text 0
275 105 322 105 322 116 275 116 text 0
337 106 418 106 418 115 337 115 text 0
255 118 368 118 368 128 255 128 text 0
17 138 47 138 47 148 17 148 text 0
109 138 233 138 233 148 109 148 text 0
18 150 47 150 47 160 18 160 text 0
59 150 129 150 129 160 59 160 text 0
194 150 337 150 337 161 194 161 text 0
141 150 160 150 160 161 141 161 text 0
586 175 597 175 597 186 586 186 text 0
17 175 221 175 221 186 17 186 text 0
18 187 48 187 48 197 18 197 text 0
401 188 503 188 503 198 401 198 text 0
516 188 598 188 598 199 516 199 text 0
18 211 56 211 56 223 18 223 text 0
154 212 192 212 192 222 154 222 text 0
69 212 139 212 139 222 69 222 text 0
27 225 98 225 98 235 27 235 text 0
379 225 440 225 440 235 379 235 text 0
111 225 120 225 120 235 111 235 text 0
525 226 575 226 575 236 525 236 text 0
587 226 595 226 595 235 587 235 text 0
27 237 98 237 98 247 27 247 text 0
109 237 119 237 119 247 109 247 text 0
586 238 594 238 594 247 586 247 text 0
534 238 574 238 574 247 534 247 text 0
383 237 441 237 441 248 383 248 text 0
70 248 108 248 108 260 70 260 text 0
17 248 35 248 35 260 17 260 text 0
524 250 575 250 575 260 524 260 text 0
17 262 108 262 108 272 17 272 text 0
142 262 264 262 264 272 142 272 text 0
70 276 119 276 119 286 70 286 text 0
18 276 56 276 56 286 18 286 text 0
133 277 198 277 198 287 133 287 text 0
110 288 140 288 140 299 110 299 text 0
586 289 594 289 594 298 586 298 text 0
383 288 441 288 441 299 383 299 text 0
535 288 574 288 574 299 535 299 text 0
27 288 98 288 98 302 27 302 text 0
18 302 56 302 56 313 18 313 text 0
164 303 231 303 231 313 164 313 text 0
131 303 151 303 151 313 131 313 text 0
70 303 119 303 119 313 70 313 text 0
28 315 97 315 97 326 28 326 text 0
110 315 139 315 139 326 110 326 text 0
535 316 574 316 574 326 535 326 text 0
586 316 594 316 594 326 586 326 text 0
382 316 440 316 440 326 382 326 text 0
19 341 56 341 56 353 19 353 text 0
319 343 354 343 354 353 319 353 text 0
68 343 77 343 77 353 68 353 text 0
224 343 304 343 304 353 224 353 text 0
545 343 595 343 595 353 545 353 text 0
368 343 397 343 397 353 368 353 text 0
58 354 67 354 67 364 58 364 text 0
16 354 46 354 46 365 16 365 text 0
554 354 594 354 594 365 554 365 text 0
360 354 398 354 398 365 360 365 text 0
309 354 354 354 354 365 309 365 text 0
18 367 77 367 77 378 18 378 text 0
89 368 129 368 129 377 89 377 text 0
554 367 594 367 594 378 554 378 text 0
317 368 398 368 398 378 317 378 text 0
348 379 397 379 397 390 348 390 text 0
546 380 596 380 596 390 546 390 text 0
359 392 400 392 400 404 359 404 text 0
544 392 596 392 596 403 544 403 text 0
337 405 400 405 400 415 337 415 text 0
546 405 596 405 596 415 546 415 text 0
17 429 47 429 47 440 17 440 text 0
182 430 283 430 283 440 182 440 text 0
524 430 591 430 591 440 524 440 text 0
58 429 130 429 130 441 58 441 text 0
17 441 66 441 66 452 17 452 text 0
235 442 285 442 285 452 235 452 text 0
557 443 595 443 595 453 557 453 text 0
214 466 315 466 315 478 214 478 text 0
328 467 408 467 408 477 328 477 text 0
95 529 145 529 145 539 95 539 text 0
488 530 528 530 528 540 488 540 text 0
156 530 195 530 195 540 156 540 text 0
208 530 248 530 248 540 208 540 text 0
466 530 475 530 475 540 466 540 text 0
260 531 381 531 381 541 260 541 text 0
394 531 454 531 454 541 394 541 text 0
161 542 211 542 211 553 161 553 text 0
317 542 346 542 346 553 317 553 text 0
358 542 460 542 460 553 358 553 text 0
223 542 263 542 263 553 223 553 text 0
275 542 304 542 304 553 275 553 text 0
151 555 201 555 201 565 151 565 text 0
399 555 469 555 469 565 399 565 text 0
213 555 243 555 243 565 213 565 text 0
348 555 387 555 387 566 348 566 text 0
296 555 335 555 335 566 296 566 text 0
255 555 285 555 285 566 255 566 text 0
296 568 335 568 335 578 296 578 text 0
348 568 398 568 398 578 348 578 text 0
223 568 284 568 284 578 223 578 text 0