425 86 474 86 474 100 425 100 text 0
373 88 417 88 417 101 373 101 text 0
202 88 365 88 365 104 202 104 text 0
72 91 195 91 195 105 72 105 text 0
231 110 315 110 315 122 231 122 text 0
328 123 393 123 393 134 328 134 text 0
290 125 320 125 320 135 290 135 text 0
230 126 284 126 284 136 230 136 text 0
188 127 222 127 222 137 188 137 text 0
155 127 182 127 182 136 155 136 text 0
231 141 317 141 317 152 231 152 text 0
296 157 380 157 380 169 296 169 text 0
232 159 292 159 292 169 232 169 text 0
172 159 226 159 226 170 172 170 text 0
244 173 355 173 355 185 244 185 text 0
197 176 229 176 229 185 197 185 text 0
252 194 377 194 377 206 252 206 text 0
220 197 237 197 237 207 220 207 text 0
176 197 213 197 213 207 176 207 text 0
320 211 402 211 402 223 320 223 text 0
273 213 311 213 311 223 273 223 text 0
154 213 266 213 266 225 154 225 text 0
51 241 103 241 103 252 51 252 text 0
391 254 485 254 485 265 391 265 text 0
335 257 379 257 379 267 335 267 text 0
188 257 298 257 298 269 188 269 text 0
92 261 114 261 114 270 92 270 text 0
53 261 83 261 83 271 53 271 text 0
420 271 466 271 466 281 420 281 text 0
396 272 414 272 414 282 396 282 text 0
334 274 378 274 378 283 334 283 text 0
189 277 239 277 239 287 189 287 text 0
53 279 118 279 118 289 53 289 text 0
334 291 368 291 368 301 334 301 text 0
53 296 155 296 155 308 53 308 text 0
473 316 508 316 508 323 473 323 text 0
381 318 452 318 452 327 381 327 text 0
291 320 354 320 354 329 291 329 text 0
220 322 250 322 250 332 220 332 text 0
484 327 510 327 510 334 484 334 text 0
54 326 91 326 91 335 54 335 text 0
418 330 456 330 456 337 418 337 text 0
305 333 343 333 343 341 305 341 text 0
234 336 243 336 243 343 234 343 text 0
57 340 98 340 98 349 57 349 text 0
126 351 178 351 178 362 126 362 text 0
58 354 118 354 118 365 58 365 text 0
443 357 463 357 463 366 443 366 text 0
426 357 435 357 435 367 426 367 text 0
235 365 244 365 244 375 235 375 text 0
155 367 185 367 185 380 155 380 text 0
108 369 150 369 150 380 108 380 text 0
428 383 465 383 465 393 428 393 text 0
302 387 347 387 347 398 302 398 text 0
210 390 295 390 295 403 210 403 text 0
159 393 205 393 205 403 159 403 text 0
111 395 152 395 152 404 111 404 text 0
429 402 466 402 466 413 429 413 text 0
274 406 347 406 347 417 274 417 text 0
429 422 467 422 467 432 429 432 text 0
265 426 349 426 349 439 265 439 text 0
431 442 469 442 469 452 431 452 text 0
273 446 351 446 351 458 273 458 text 0
433 464 471 464 471 476 433 476 text 0
307 468 354 468 354 480 307 480 text 0
285 470 302 470 302 480 285 480 text 0
189 471 279 471 279 485 189 485 text 0
135 476 184 476 184 486 135 486 text 0
83 476 128 476 128 487 83 487 text 0
435 485 472 485 472 495 435 495 text 0
302 490 354 490 354 500 302 500 text 0
437 503 474 503 474 513 437 513 text 0
285 509 357 509 357 519 285 519 text 0
157 545 263 545 263 558 157 558 text 0
110 548 149 548 149 562 110 562 text 0
430 560 513 560 513 571 430 571 text 0
310 564 395 564 395 575 310 575 text 0
249 569 264 569 264 580 249 580 text 0
154 571 201 571 201 581 154 581 text 0
116 573 148 573 148 582 116 582 text 0
471 573 512 573 512 584 471 584 text 0
354 578 395 578 395 589 354 589 text 0
251 581 264 581 264 592 251 592 text 0
116 587 146 587 146 597 116 597 text 0
473 594 513 594 513 606 473 606 text 0
358 600 396 600 396 611 358 611 text 0
222 604 268 604 268 615 222 615 text 0
479 628 514 628 514 638 479 638 text 0
421 630 474 630 474 640 421 640 text 0
344 632 415 632 415 640 344 640 text 0
241 635 340 635 340 639 241 639 text 0