235 75 435 75 435 87 235 87 text 0
67 75 222 75 222 87 67 87 text 0
447 75 498 75 498 87 447 87 text 0
511 75 573 75 573 87 511 87 text 0
269 95 372 95 372 105 269 105 text 0
172 110 205 110 205 119 172 119 text 0
264 110 334 110 334 119 264 119 text 0
343 110 378 110 378 119 343 119 text 0
214 110 255 110 255 120 214 120 text 0
388 110 464 110 464 120 388 120 text 0
267 126 374 126 374 136 267 136 text 0
189 143 257 143 257 153 189 153 text 0
269 143 342 143 342 152 269 152 text 0
350 143 451 143 451 153 350 153 text 0
223 158 262 158 262 167 223 167 text 0
281 158 419 158 419 167 281 167 text 0
195 180 240 180 240 188 195 188 text 0
250 180 270 180 270 188 250 188 text 0
290 180 446 180 446 188 290 188 text 0
166 196 306 196 306 206 166 206 text 0
314 196 362 196 362 206 314 206 text 0
374 196 475 196 475 206 374 206 text 0
36 220 99 220 99 230 36 230 text 0
37 239 77 239 77 249 37 249 text 0
207 240 343 240 343 249 207 249 text 0
463 240 575 240 575 249 463 249 text 0
85 240 113 240 113 249 85 249 text 0
388 240 442 240 442 249 388 249 text 0
462 255 549 255 549 265 462 265 text 0
388 256 442 256 442 265 388 265 text 0
208 258 269 258 269 266 208 266 text 0
36 257 116 257 116 266 36 266 text 0
388 273 427 273 427 282 388 282 text 0
36 274 162 274 162 285 36 285 text 0
35 304 80 304 80 313 35 313 text 0
326 304 403 304 403 314 326 314 text 0
552 304 591 304 591 314 552 314 text 0
437 304 524 304 524 314 437 314 text 0
240 304 275 304 275 315 240 315 text 0
38 320 86 320 86 329 38 329 text 0
252 321 263 321 263 329 252 329 text 0
469 320 523 320 523 329 469 329 text 0
557 320 586 320 586 329 557 329 text 0
342 320 386 320 386 330 342 330 text 0
36 336 113 336 113 345 36 345 text 0
125 336 173 336 173 345 125 345 text 0
180 336 232 336 232 346 180 346 text 0
244 336 301 336 301 347 244 347 text 0
96 352 146 352 146 361 96 361 text 0
250 352 262 352 262 361 250 361 text 0
469 353 525 353 525 362 469 362 text 0
154 352 187 352 187 364 154 364 text 0
98 377 146 377 146 386 98 386 text 0
160 377 208 377 208 386 160 386 text 0
468 377 522 377 522 386 468 386 text 0
327 378 380 378 380 388 327 388 text 0
218 377 319 377 319 388 218 388 text 0
477 395 522 395 522 404 477 404 text 0
292 395 380 395 380 404 292 404 text 0
279 414 380 414 380 422 279 422 text 0
477 413 522 413 522 423 477 423 text 0
477 432 521 432 521 441 477 441 text 0
287 432 380 432 380 444 287 444 text 0
51 454 106 454 106 462 51 462 text 0
117 454 171 454 171 462 117 462 text 0
298 453 320 453 320 463 298 463 text 0
466 453 521 453 521 463 466 463 text 0
184 453 291 453 291 465 184 465 text 0
326 454 382 454 382 465 326 465 text 0
466 473 521 473 521 482 466 482 text 0
316 474 379 474 379 482 316 482 text 0
477 490 521 490 521 499 477 499 text 0
295 490 381 490 381 502 295 502 text 0
134 522 261 522 261 532 134 532 text 0
75 522 123 522 123 532 75 532 text 0
126 545 183 545 183 554 126 554 text 0
79 545 119 545 119 554 79 554 text 0
464 545 503 545 503 554 464 554 text 0
243 545 260 545 260 555 243 555 text 0
511 544 562 544 562 556 511 556 text 0
318 544 420 544 420 556 318 556 text 0
82 559 113 559 113 569 82 569 text 0
360 559 419 559 419 569 360 569 text 0
514 559 561 559 561 569 514 569 text 0
246 559 259 559 259 569 246 569 text 0
207 580 263 580 263 590 207 590 text 0
360 580 419 580 419 590 360 590 text 0
514 580 561 580 561 590 514 590 text 0
306 612 440 612 440 623 306 623 text 0
69 614 144 614 144 621 69 621 text 0
152 614 204 614 204 622 152 622 text 0
211 614 250 614 250 622 211 622 text 0
259 614 298 614 298 622 259 622 text 0
449 614 512 614 512 622 449 622 text 0
521 614 561 614 561 622 521 622 text 0