111 75 203 75 203 85 111 85 text 0
215 75 316 75 316 85 215 85 text 0
329 75 398 75 398 85 329 85 text 0
409 76 516 76 516 86 409 86 text 0
230 87 399 87 399 96 230 96 text 0
178 101 219 101 219 109 178 109 text 0
228 102 264 102 264 110 228 110 text 0
272 102 341 102 341 109 272 109 text 0
351 102 452 102 452 110 351 110 text 0
156 115 220 115 220 123 156 123 text 0
229 115 329 115 329 123 229 123 text 0
344 116 470 116 470 124 344 124 text 0
148 139 150 139 150 140 148 140 text 0
98 137 139 137 139 144 98 144 text 0
330 137 372 137 372 145 330 145 text 0
159 137 297 137 297 145 159 145 text 0
392 137 530 137 530 145 392 145 text 0
188 152 234 152 234 159 188 159 text 0
243 152 264 152 264 160 243 160 text 0
285 152 440 152 440 160 285 160 text 0
290 168 393 168 393 177 290 177 text 0
234 169 280 169 280 177 234 177 text 0
31 180 57 180 57 188 31 188 text 0
65 181 90 181 90 189 65 189 text 0
31 195 83 195 83 203 31 203 text 0
90 196 155 196 155 203 90 203 text 0
163 196 225 196 225 203 163 203 text 0
234 196 379 196 379 204 234 204 text 0
30 208 63 208 63 216 30 216 text 0
90 208 159 208 159 216 90 216 text 0
74 209 80 209 80 216 74 216 text 0
242 209 253 209 253 216 242 216 text 0
169 209 233 209 233 217 169 217 text 0
30 221 108 221 108 229 30 229 text 0
118 221 177 221 177 229 118 229 text 0
186 221 249 221 249 229 186 229 text 0
30 235 129 235 129 243 30 243 text 0
139 235 265 235 265 243 139 243 text 0
29 248 166 248 166 256 29 256 text 0
30 261 71 261 71 269 30 269 text 0
79 261 107 261 107 269 79 269 text 0
196 262 332 262 332 270 196 270 text 0
413 263 466 263 466 271 413 271 text 0
483 263 598 263 598 270 483 270 text 0
30 276 111 276 111 283 30 283 text 0
198 276 259 276 259 284 198 284 text 0
410 277 464 277 464 285 410 285 text 0
483 277 571 277 571 284 483 284 text 0
33 290 158 290 158 299 33 299 text 0
418 291 464 291 464 299 418 299 text 0
362 311 416 311 416 320 362 320 text 0
481 312 535 312 535 320 481 320 text 0
30 320 69 320 69 328 30 328 text 0
357 320 422 320 422 328 357 328 text 0
265 321 330 321 330 328 265 328 text 0
463 321 534 321 534 328 463 328 text 0
195 321 229 321 229 330 195 330 text 0
569 322 602 322 602 330 569 330 text 0
31 332 94 332 94 339 31 339 text 0
273 333 322 333 322 340 273 340 text 0
209 334 215 334 215 340 209 340 text 0
364 334 413 334 413 341 364 341 text 0
488 334 537 334 537 341 488 341 text 0
576 334 602 334 602 340 576 340 text 0
32 346 87 346 87 353 32 353 text 0
95 346 157 346 157 353 95 353 text 0
164 346 191 346 191 354 164 354 text 0
32 361 94 361 94 368 32 368 text 0
207 362 216 362 216 369 207 369 text 0
280 362 317 362 317 369 280 369 text 0
370 362 408 362 408 369 370 369 text 0
488 362 537 362 537 370 488 370 text 0
578 363 602 363 602 369 578 369 text 0
30 375 93 375 93 381 30 381 text 0
102 375 132 375 132 381 102 381 text 0
141 376 177 376 177 383 141 383 text 0
57 388 105 388 105 396 57 396 text 0
205 389 217 389 217 397 205 397 text 0
112 389 152 389 152 399 112 399 text 0
481 390 540 390 540 398 481 398 text 0
112 411 160 411 160 419 112 419 text 0
168 412 224 412 224 420 168 420 text 0
482 413 539 413 539 421 482 421 text 0
233 412 334 412 334 422 233 422 text 0
344 413 397 413 397 422 344 422 text 0
309 429 397 429 397 436 309 436 text 0
494 429 539 429 539 437 494 437 text 0
295 446 343 446 343 453 295 453 text 0
352 447 396 447 396 454 352 454 text 0
494 447 538 447 538 454 494 454 text 0
494 463 538 463 538 470 494 470 text 0
304 462 396 462 396 472 304 472 text 0
68 478 123 478 123 486 68 486 text 0
131 479 190 479 190 486 131 486 text 0
315 480 336 480 336 487 315 487 text 0
198 480 307 480 307 489 198 489 text 0
482 480 539 480 539 488 482 488 text 0
344 480 398 480 398 490 344 490 text 0
332 496 395 496 395 504 332 504 text 0
482 497 539 497 539 505 482 505 text 0
494 509 538 509 538 517 494 517 text 0
311 509 397 509 397 519 311 519 text 0
68 538 114 538 114 546 68 546 text 0
124 538 243 538 243 546 124 546 text 0
73 554 111 554 111 562 73 562 text 0
119 555 176 555 176 563 119 563 text 0
323 555 367 555 367 563 323 563 text 0
243 554 261 554 261 564 243 564 text 0
477 556 517 556 517 564 477 564 text 0
375 555 424 555 424 564 375 564 text 0
525 556 575 556 575 564 525 564 text 0
74 567 104 567 104 574 74 574 text 0
246 567 256 567 256 574 246 574 text 0
368 568 424 568 424 575 368 575 text 0
531 568 574 568 574 576 531 576 text 0
204 581 260 581 260 589 204 589 text 0
366 582 422 582 422 590 366 590 text 0
531 582 575 582 575 590 531 590 text 0
65 606 138 606 138 612 65 612 text 0
146 606 198 606 198 612 146 612 text 0
206 606 245 606 245 613 206 613 text 0
253 606 293 606 293 613 253 613 text 0
300 606 433 606 433 614 300 614 text 0
442 607 506 607 506 613 442 613 text 0
513 607 559 607 559 614 513 614 text 0