86 72 160 72 160 79 86 79 text 0
191 72 295 72 295 79 191 79 text 0
325 71 536 71 536 80 325 80 text 0
84 80 345 80 345 88 84 88 text 0
385 81 537 81 537 89 385 89 text 0
300 90 375 90 375 98 300 98 text 0
407 90 483 90 483 98 407 98 text 0
139 89 264 89 264 99 139 99 text 0
257 99 360 99 360 107 257 107 text 0
186 108 237 108 237 116 186 116 text 0
129 108 156 108 156 115 129 115 text 0
265 108 330 108 330 116 265 116 text 0
344 108 411 108 411 116 344 116 text 0
425 109 490 109 490 116 425 116 text 0
218 117 284 117 284 125 218 125 text 0
311 117 376 117 376 125 311 125 text 0
391 118 446 118 446 125 391 125 text 0
166 117 199 117 199 126 166 126 text 0
224 127 266 127 266 134 224 134 text 0
118 126 211 126 211 134 118 134 text 0
294 127 359 127 359 134 294 134 text 0
372 127 425 127 425 134 372 134 text 0
439 127 493 127 493 134 439 134 text 0
128 135 167 135 167 142 128 142 text 0
62 135 114 135 114 143 62 143 text 0
315 136 367 136 367 143 315 143 text 0
211 135 301 135 301 143 211 143 text 0
383 135 408 135 408 143 383 143 text 0
449 136 556 136 556 144 449 144 text 0
178 145 216 145 216 152 178 152 text 0
231 145 268 145 268 151 231 151 text 0
285 145 444 145 444 152 285 152 text 0
161 162 296 162 296 176 161 176 text 0
311 162 348 162 348 177 311 177 text 0
364 162 456 162 456 177 364 177 text 0
39 198 93 198 93 205 39 205 text 0
39 216 130 216 130 224 39 224 text 0
147 216 170 216 170 224 147 224 text 0
186 216 320 216 320 224 186 224 text 0
335 217 398 217 398 224 335 224 text 0
414 217 547 217 547 225 414 225 text 0
39 225 185 225 185 233 39 233 text 0
226 226 291 226 291 233 226 233 text 0
332 226 397 226 397 233 332 233 text 0
414 226 521 226 521 234 414 234 text 0
38 244 90 244 90 250 38 250 text 0
281 244 317 244 317 252 281 252 text 0
385 244 424 244 424 252 385 252 text 0
467 245 547 245 547 252 467 252 text 0
374 253 423 253 423 262 374 262 text 0
496 253 544 253 544 262 496 262 text 0
37 261 213 261 213 268 37 268 text 0
281 261 289 261 289 268 281 268 text 0
361 262 426 262 426 269 361 269 text 0
483 262 547 262 547 270 483 270 text 0
562 262 575 262 575 270 562 270 text 0
116 270 143 270 143 277 116 277 text 0
38 269 103 269 103 277 38 277 text 0
158 270 184 270 184 277 158 277 text 0
199 270 319 270 319 277 199 277 text 0
332 270 452 270 452 277 332 277 text 0
39 287 102 287 102 294 39 294 text 0
117 287 225 287 225 294 117 294 text 0
374 289 384 289 384 296 374 296 text 0
242 315 363 315 363 323 242 323 text 0
513 316 578 316 578 323 513 323 text 0
377 316 439 316 439 325 377 325 text 0
322 325 377 325 377 332 322 332 text 0
525 325 579 325 579 333 525 333 text 0
323 333 429 333 429 341 323 341 text 0
525 334 575 334 575 341 525 341 text 0
70 342 199 342 199 350 70 350 text 0
449 344 576 344 576 352 449 352 text 0
70 352 176 352 176 359 70 359 text 0
451 352 577 352 577 361 451 361 text 0
70 361 228 361 228 369 70 369 text 0
474 361 574 361 574 369 474 369 text 0
195 379 206 379 206 385 195 385 text 0
127 378 181 378 181 386 127 386 text 0
222 379 249 379 249 386 222 386 text 0
261 379 366 379 366 386 261 386 text 0
381 379 407 379 407 386 381 386 text 0
422 379 487 379 487 386 422 386 text 0
236 396 273 396 273 404 236 404 text 0
287 396 379 396 379 404 287 404 text 0
45 414 99 414 99 422 45 422 text 0
261 414 340 414 340 422 261 422 text 0
475 415 568 415 568 423 475 423 text 0
406 415 420 415 420 422 406 422 text 0
45 432 73 432 73 439 45 439 text 0
276 433 338 433 338 440 276 440 text 0
408 433 419 433 419 440 408 440 text 0
515 433 567 433 567 440 515 440 text 0
301 460 339 460 339 467 301 467 text 0
354 461 430 461 430 468 354 468 text 0
513 461 566 461 566 468 513 468 text 0
109 497 177 497 177 504 109 504 text 0
189 497 243 497 243 504 189 504 text 0
257 497 296 497 296 504 257 504 text 0
309 497 351 497 351 504 309 504 text 0
361 498 496 498 496 505 361 505 text 0
135 506 201 506 201 512 135 512 text 0
269 506 311 506 311 512 269 512 text 0
216 506 257 506 257 512 216 512 text 0
323 506 432 506 432 513 323 513 text 0
444 507 471 507 471 513 444 513 text 0
70 515 113 515 113 521 70 521 text 0
125 515 217 515 217 521 125 521 text 0
231 515 336 515 336 521 231 521 text 0
351 515 401 515 401 521 351 521 text 0
419 515 459 515 459 521 419 521 text 0
473 516 541 516 541 522 473 522 text 0
45 523 151 523 151 530 45 530 text 0
165 523 249 523 249 529 165 529 text 0
288 524 339 524 339 530 288 530 text 0
261 524 270 524 270 530 261 530 text 0
352 524 407 524 407 530 352 530 text 0
419 524 567 524 567 531 419 531 text 0
139 532 194 532 194 538 139 538 text 0
59 532 127 532 127 539 59 539 text 0
205 533 232 533 232 539 205 539 text 0
249 532 273 532 273 539 249 539 text 0
286 532 389 532 389 539 286 539 text 0
408 533 473 533 473 539 408 539 text 0
487 533 514 533 514 539 487 539 text 0
527 533 552 533 552 540 527 540 text 0
161 541 270 541 270 547 161 547 text 0
283 541 322 541 322 547 283 547 text 0
336 541 442 541 442 547 336 547 text 0