304 37 405 37 405 47 304 47 text 0
207 37 298 37 298 50 207 50 text 0
373 74 416 74 416 83 373 83 text 0
17 74 89 74 89 84 17 84 text 0
105 76 175 76 175 83 105 83 text 0
188 75 251 75 251 84 188 84 text 0
262 75 358 75 358 84 262 84 text 0
17 87 125 87 125 96 17 96 text 0
362 87 477 87 477 96 362 96 text 0
311 87 345 87 345 96 311 96 text 0
262 88 297 88 297 96 262 96 text 0
140 88 247 88 247 97 140 97 text 0
17 99 52 99 52 107 17 107 text 0
383 99 439 99 439 108 383 108 text 0
227 100 370 100 370 109 227 109 text 0
68 100 210 100 210 109 68 109 text 0
17 111 49 111 49 120 17 120 text 0
69 112 77 112 77 120 69 120 text 0
91 113 150 113 150 121 91 121 text 0
164 114 186 114 186 121 164 121 text 0
200 113 268 113 268 122 200 122 text 0
17 124 89 124 89 133 17 133 text 0
102 126 158 126 158 135 102 135 text 0
18 137 74 137 74 145 18 145 text 0
91 137 187 137 187 147 91 147 text 0
202 138 248 138 248 147 202 147 text 0
19 149 62 149 62 157 19 157 text 0
395 150 489 150 489 158 395 158 text 0
82 150 224 150 224 158 82 158 text 0
287 151 382 151 382 158 287 158 text 0
240 150 272 150 272 159 240 159 text 0
17 162 52 162 52 170 17 170 text 0
68 162 111 162 111 170 68 170 text 0
128 162 150 162 150 170 128 170 text 0
189 162 332 162 332 170 189 170 text 0
202 174 294 174 294 184 202 184 text 0
17 186 52 186 52 194 17 194 text 0
421 186 479 186 479 194 421 194 text 0
371 187 403 187 403 194 371 194 text 0
127 187 199 187 199 194 127 194 text 0
251 187 356 187 356 195 251 195 text 0
67 188 114 188 114 194 67 194 text 0
213 187 235 187 235 196 213 196 text 0
30 211 114 211 114 219 30 219 text 0
30 224 89 224 89 231 30 231 text 0
102 224 150 224 150 231 102 231 text 0
166 224 248 224 248 232 166 232 text 0
407 236 466 236 466 243 407 243 text 0
480 236 502 236 502 243 480 243 text 0
67 236 77 236 77 243 67 243 text 0
227 236 285 236 285 244 227 244 text 0
31 260 87 260 87 268 31 268 text 0
408 261 467 261 467 268 408 268 text 0
105 260 147 260 147 269 105 269 text 0
156 261 187 261 187 269 156 269 text 0
201 261 235 261 235 269 201 269 text 0
407 285 466 285 466 292 407 292 text 0
30 285 64 285 64 293 30 293 text 0
78 285 171 285 171 293 78 293 text 0
249 285 272 285 272 293 249 293 text 0
384 297 431 297 431 305 384 305 text 0
55 298 101 298 101 305 55 305 text 0
114 298 138 298 138 305 114 305 text 0
237 309 308 309 308 317 237 317 text 0
56 310 102 310 102 317 56 317 text 0
114 310 162 310 162 317 114 317 text 0
421 334 503 334 503 342 421 342 text 0
82 334 196 334 196 342 82 342 text 0
262 334 378 334 378 343 262 343 text 0
30 335 64 335 64 342 30 342 text 0
457 346 503 346 503 353 457 353 text 0
323 346 382 346 382 354 323 354 text 0
102 346 150 346 150 354 102 354 text 0
164 346 175 346 175 354 164 354 text 0
189 346 211 346 211 354 189 354 text 0
29 348 52 348 52 355 29 355 text 0
408 370 492 370 492 377 408 377 text 0
322 370 356 370 356 378 322 378 text 0
225 370 297 370 297 378 225 378 text 0
140 371 186 371 186 378 140 378 text 0
29 371 76 371 76 379 29 379 text 0
419 383 480 383 480 390 419 390 text 0
346 383 356 383 356 390 346 390 text 0
249 383 296 383 296 390 249 390 text 0
142 383 199 383 199 390 142 390 text 0
31 383 125 383 125 391 31 391 text 0
346 394 479 394 479 402 346 402 text 0
188 395 296 395 296 403 188 403 text 0
29 396 149 396 149 404 29 404 text 0
347 407 468 407 468 414 347 414 text 0
225 407 297 407 297 414 225 414 text 0
65 408 137 408 137 415 65 415 text 0
372 432 393 432 393 439 372 439 text 0
250 432 357 432 357 440 250 440 text 0
164 432 210 432 210 440 164 440 text 0
408 432 468 432 468 441 408 441 text 0
103 432 149 432 149 440 103 440 text 0
53 433 87 433 87 440 53 440 text 0
237 444 308 444 308 452 237 452 text 0
322 445 356 445 356 452 322 452 text 0
127 445 222 445 222 453 127 453 text 0
54 445 75 445 75 452 54 452 text 0
89 445 112 445 112 452 89 452 text 0
396 468 478 468 478 476 396 476 text 0
273 469 296 469 296 476 273 476 text 0
77 469 124 469 124 477 77 477 text 0
140 469 260 469 260 477 140 477 text 0
311 469 383 469 383 478 311 478 text 0
16 469 63 469 63 478 16 478 text 0
324 480 428 480 428 488 324 488 text 0
285 480 309 480 309 488 285 488 text 0
212 481 271 481 271 490 212 490 text 0
78 481 162 481 162 490 78 490 text 0
16 482 63 482 63 490 16 490 text 0
175 483 197 483 197 489 175 489 text 0
386 493 418 493 418 501 386 501 text 0
18 493 76 493 76 501 18 501 text 0
90 493 369 493 369 502 90 502 text 0
261 505 343 505 343 513 261 513 text 0
213 505 247 505 247 513 213 513 text 0
76 506 197 506 197 515 76 515 text 0
16 508 63 508 63 513 16 513 text 0
48 546 560 546 560 555 48 555 text 0