177 134 212 134 212 145 177 145 text 0
233 133 311 133 311 146 233 146 text 0
333 135 371 135 371 147 333 147 text 0
388 135 427 135 427 147 388 147 text 0
279 150 398 150 398 163 279 163 text 0
165 149 257 149 257 164 165 164 text 0
420 151 426 151 426 164 420 164 text 0
63 167 101 167 101 179 63 179 text 0
120 168 199 168 199 179 120 179 text 0
360 168 428 168 428 180 360 180 text 0
217 168 228 168 228 180 217 180 text 0
249 167 339 167 339 181 249 181 text 0
446 168 484 168 484 180 446 180 text 0
502 168 523 168 523 182 502 182 text 0
76 183 171 183 171 196 76 196 text 0
190 184 371 184 371 197 190 197 text 0
389 184 510 184 510 198 389 198 text 0
176 200 228 200 228 213 176 213 text 0
90 201 157 201 157 212 90 212 text 0
403 201 512 201 512 214 403 214 text 0
246 201 382 201 382 215 246 215 text 0
192 218 215 218 215 229 192 229 text 0
234 218 258 218 258 229 234 229 text 0
121 216 172 216 172 231 121 231 text 0
279 218 466 218 466 232 279 232 text 0
263 234 356 234 356 247 263 247 text 0
149 234 243 234 243 248 149 248 text 0
375 234 440 234 440 248 375 248 text 0
204 250 257 250 257 263 204 263 text 0
277 250 385 250 385 263 277 263 text 0
20 283 86 283 86 296 20 296 text 0
104 284 143 284 143 297 104 297 text 0
161 284 228 284 228 297 161 297 text 0
560 285 583 285 583 298 560 298 text 0
21 301 74 301 74 312 21 312 text 0
120 301 173 301 173 315 120 315 text 0
21 317 201 317 201 330 21 330 text 0
358 317 370 317 370 330 358 330 text 0
403 318 455 318 455 329 403 329 text 0
502 318 555 318 555 329 502 329 text 0
333 318 341 318 341 329 333 329 text 0
22 350 115 350 115 364 22 364 text 0
164 351 172 351 172 362 164 362 text 0
574 351 581 351 581 364 574 364 text 0
446 351 524 351 524 365 446 365 text 0
21 383 85 383 85 396 21 396 text 0
107 383 157 383 157 396 107 396 text 0
190 384 271 384 271 395 190 395 text 0
488 384 513 384 513 395 488 395 text 0
530 383 584 383 584 396 530 396 text 0
21 399 74 399 74 411 21 411 text 0
530 401 583 401 583 412 530 412 text 0
488 401 513 401 513 412 488 412 text 0
21 432 58 432 58 445 21 445 text 0
76 432 171 432 171 447 76 447 text 0
275 432 369 432 369 447 275 447 text 0
417 432 511 432 511 447 417 447 text 0
20 449 58 449 58 461 20 461 text 0
77 449 130 449 130 461 77 461 text 0
317 449 370 449 370 461 317 461 text 0
459 450 513 450 513 462 459 462 text 0
21 499 128 499 128 511 21 511 text 0
150 499 215 499 215 511 150 511 text 0
232 499 282 499 282 511 232 511 text 0
304 499 357 499 357 511 304 511 text 0
403 499 428 499 428 511 403 511 text 0
445 500 583 500 583 512 445 512 text 0
20 515 130 515 130 527 20 527 text 0
148 515 201 515 201 527 148 527 text 0
249 516 286 516 286 528 249 528 text 0
303 516 399 516 399 528 303 528 text 0
233 549 271 549 271 561 233 561 text 0
105 549 214 549 214 561 105 561 text 0
289 549 385 549 385 561 289 561 text 0
403 549 484 549 484 562 403 562 text 0
163 565 172 565 172 577 163 577 text 0
189 565 242 565 242 577 189 577 text 0
261 565 314 565 314 577 261 577 text 0
332 566 438 566 438 578 332 578 text 0
134 582 243 582 243 594 134 594 text 0
262 582 286 582 286 594 262 594 text 0
304 582 357 582 357 594 304 594 text 0
374 582 467 582 467 595 374 595 text 0