225 81 327 81 327 96 225 96 text 0
344 82 381 82 381 96 344 96 text 0
397 82 433 82 433 96 397 96 text 0
135 82 210 82 210 96 135 96 text 0
96 102 131 102 131 117 96 117 text 0
149 102 380 102 380 119 149 119 text 0
397 103 470 103 470 119 397 119 text 0
56 124 131 124 131 138 56 138 text 0
397 124 433 124 433 138 397 138 text 0
148 123 381 123 381 140 148 140 text 0
452 123 522 123 522 140 452 140 text 0
450 145 508 145 508 159 450 159 text 0
68 145 144 145 144 159 68 159 text 0
330 145 432 145 432 159 330 159 text 0
161 144 315 144 315 161 161 161 text 0
215 165 352 165 352 182 215 182 text 0
161 187 196 187 196 201 161 201 text 0
214 187 407 187 407 201 214 201 text 0
213 229 248 229 248 243 213 243 text 0
266 229 354 229 354 243 266 243 text 0
448 311 498 311 498 325 448 325 text 0
148 311 275 311 275 325 148 325 text 0
30 311 128 311 128 325 30 325 text 0
514 312 549 312 549 325 514 325 text 0
254 332 354 332 354 346 254 346 text 0
29 332 88 332 88 346 29 346 text 0
107 331 236 331 236 347 107 347 text 0
146 372 209 372 209 387 146 387 text 0
463 373 551 373 551 387 463 387 text 0
411 373 420 373 420 387 411 387 text 0
29 372 128 372 128 389 29 389 text 0
29 392 156 392 156 408 29 408 text 0
173 392 235 392 235 408 173 408 text 0
412 393 419 393 419 408 412 408 text 0
463 393 551 393 551 408 463 408 text 0
423 435 549 435 549 465 423 465 text 0
318 449 377 449 377 464 318 464 text 0
240 450 302 450 302 464 240 464 text 0
395 449 420 449 420 464 395 464 text 0
109 488 223 488 223 503 109 503 text 0
238 488 261 488 261 503 238 503 text 0
317 489 354 489 354 503 317 503 text 0
278 489 302 489 302 503 278 503 text 0
32 488 89 488 89 505 32 505 text 0
397 490 484 490 484 505 397 505 text 0
330 530 380 530 380 545 330 545 text 0
463 530 551 530 551 545 463 545 text 0
463 551 551 551 551 566 463 566 text 0
305 550 380 550 380 568 305 568 text 0
30 592 155 592 155 604 30 604 text 0
166 592 236 592 236 603 166 603 text 0
294 592 344 592 344 604 294 604 text 0
467 592 490 592 490 604 467 604 text 0
255 593 281 593 281 604 255 604 text 0
365 593 453 593 453 604 365 604 text 0