510 74 572 74 572 86 510 86 text 0
447 74 499 74 499 86 447 86 text 0
234 74 435 74 435 86 234 86 text 0
69 75 222 75 222 87 69 87 text 0
269 94 373 94 373 105 269 105 text 0
341 109 378 109 378 118 341 118 text 0
264 110 333 110 333 119 264 119 text 0
388 109 467 109 467 119 388 119 text 0
213 109 250 109 250 119 213 119 text 0
172 110 204 110 204 119 172 119 text 0
266 125 376 125 376 135 266 135 text 0
349 142 450 142 450 152 349 152 text 0
268 142 341 142 341 152 268 152 text 0
189 142 253 142 253 152 189 152 text 0
282 157 419 157 419 167 282 167 text 0
221 157 262 157 262 167 221 167 text 0
290 179 445 179 445 187 290 187 text 0
196 179 239 179 239 188 196 188 text 0
249 179 269 179 269 188 249 188 text 0
315 196 363 196 363 205 315 205 text 0
374 196 474 196 474 205 374 205 text 0
167 196 306 196 306 205 167 205 text 0
37 221 100 221 100 230 37 230 text 0
389 239 441 239 441 248 389 248 text 0
463 239 576 239 576 248 463 248 text 0
208 239 342 239 342 248 208 248 text 0
37 239 76 239 76 249 37 249 text 0
86 240 114 240 114 249 86 249 text 0
388 256 436 256 436 264 388 264 text 0
463 256 549 256 549 264 463 264 text 0
36 257 114 257 114 266 36 266 text 0
208 257 269 257 269 266 208 266 text 0
387 273 426 273 426 282 387 282 text 0
37 274 163 274 163 285 37 285 text 0
553 303 591 303 591 313 553 313 text 0
327 304 402 304 402 312 327 312 text 0
438 304 524 304 524 313 438 313 text 0
36 304 80 304 80 314 36 314 text 0
241 304 277 304 277 315 241 315 text 0
479 320 522 320 522 329 479 329 text 0
558 320 586 320 586 329 558 329 text 0
38 321 86 321 86 329 38 329 text 0
254 321 265 321 265 330 254 330 text 0
341 321 385 321 385 330 341 330 text 0
126 337 173 337 173 345 126 345 text 0
36 337 113 337 113 346 36 346 text 0
181 337 302 337 302 346 181 346 text 0
481 352 524 352 524 361 481 361 text 0
253 353 261 353 261 361 253 361 text 0
97 353 147 353 147 362 97 362 text 0
154 352 187 352 187 363 154 363 text 0
156 377 210 377 210 385 156 385 text 0
478 377 522 377 522 385 478 385 text 0
102 377 147 377 147 385 102 385 text 0
329 377 382 377 382 387 329 387 text 0
219 377 320 377 320 388 219 388 text 0
293 395 380 395 380 404 293 404 text 0
478 395 522 395 522 404 478 404 text 0
281 414 380 414 380 422 281 422 text 0
478 414 522 414 522 423 478 423 text 0
478 432 522 432 522 441 478 441 text 0
287 432 380 432 380 444 287 444 text 0
478 453 522 453 522 463 478 463 text 0
300 454 319 454 319 462 300 462 text 0
118 454 175 454 175 463 118 463 text 0
53 454 106 454 106 463 53 463 text 0
328 454 383 454 383 464 328 464 text 0
184 454 291 454 291 465 184 465 text 0
478 473 522 473 522 482 478 482 text 0
316 474 380 474 380 482 316 482 text 0
477 491 520 491 520 499 477 499 text 0
297 491 382 491 382 501 297 501 text 0
137 523 262 523 262 532 137 532 text 0
77 523 125 523 125 533 77 533 text 0
465 545 503 545 503 555 465 555 text 0
319 545 363 545 363 555 319 555 text 0
371 545 422 545 422 556 371 556 text 0
86 545 121 545 121 556 86 556 text 0
133 545 185 545 185 556 133 556 text 0
246 545 261 545 261 556 246 556 text 0
511 545 563 545 563 556 511 556 text 0
84 559 116 559 116 569 84 569 text 0
514 559 562 559 562 569 514 569 text 0
373 560 420 560 420 569 373 569 text 0
248 560 260 560 260 569 248 569 text 0
373 581 420 581 420 590 373 590 text 0
514 581 562 581 562 590 514 590 text 0
209 580 267 580 267 591 209 591 text 0
450 614 511 614 511 622 450 622 text 0
72 614 145 614 145 622 72 622 text 0
213 614 252 614 252 621 213 621 text 0
309 614 435 614 435 622 309 622 text 0
522 614 562 614 562 621 522 621 text 0
260 614 300 614 300 622 260 622 text 0
154 614 206 614 206 622 154 622 text 0