190 98 265 98 265 107 190 107 text 0
406 98 442 98 442 107 406 107 text 0
461 98 497 98 497 107 461 107 text 0
136 97 171 97 171 107 136 107 text 0
287 98 388 98 388 107 287 107 text 0
96 113 132 113 132 122 96 122 text 0
151 113 227 113 227 122 151 122 text 0
244 113 254 113 254 121 244 121 text 0
379 113 442 113 442 121 379 121 text 0
459 112 497 112 497 122 459 122 text 0
271 113 359 113 359 122 271 122 text 0
513 113 536 113 536 124 513 124 text 0
216 128 389 128 389 137 216 137 text 0
109 128 200 128 200 137 109 137 text 0
406 128 522 128 522 139 406 139 text 0
122 143 186 143 186 152 122 152 text 0
202 143 253 143 253 152 202 152 text 0
418 143 525 143 525 152 418 152 text 0
270 143 399 143 399 153 270 153 text 0
257 158 281 158 281 167 257 167 text 0
218 158 241 158 241 167 218 167 text 0
151 158 201 158 201 168 151 168 text 0
302 158 482 158 482 169 302 169 text 0
259 173 295 173 295 183 259 183 text 0
311 173 374 173 374 183 311 183 text 0
567 203 593 203 593 211 567 211 text 0
258 203 308 203 308 211 258 211 text 0
191 203 241 203 241 211 191 211 text 0
54 203 173 203 173 211 54 211 text 0
152 218 213 218 213 226 152 226 text 0
57 218 107 218 107 226 57 226 text 0
418 232 470 232 470 241 418 241 text 0
512 232 564 232 564 241 512 241 text 0
55 232 228 232 228 241 55 241 text 0
354 232 361 232 361 241 354 241 text 0
378 232 390 232 390 241 378 241 text 0
568 247 592 247 592 255 568 255 text 0
56 246 187 246 187 255 56 255 text 0
258 247 310 247 310 255 258 255 text 0
325 247 430 247 430 255 325 255 text 0
204 247 242 247 242 255 204 255 text 0
53 261 107 261 107 270 53 270 text 0
151 261 214 261 214 270 151 270 text 0
512 276 565 276 565 285 512 285 text 0
378 276 390 276 390 285 378 285 text 0
418 276 470 276 470 285 418 285 text 0
54 276 146 276 146 285 54 285 text 0
354 276 361 276 361 285 354 285 text 0
568 291 592 291 592 300 568 300 text 0
164 291 268 291 268 300 164 300 text 0
55 292 148 292 148 300 55 300 text 0
151 306 188 306 188 315 151 315 text 0
54 306 107 306 107 315 54 315 text 0
419 321 470 321 470 330 419 330 text 0
512 321 565 321 565 330 512 330 text 0
353 321 363 321 363 330 353 330 text 0
379 321 390 321 390 330 379 330 text 0
54 321 147 321 147 331 54 331 text 0
568 336 592 336 592 344 568 344 text 0
55 336 94 336 94 345 55 345 text 0
110 336 162 336 162 345 110 345 text 0
176 336 269 336 269 345 176 345 text 0
149 351 174 351 174 359 149 359 text 0
53 351 107 351 107 359 53 359 text 0
378 366 389 366 389 375 378 375 text 0
419 366 470 366 470 374 419 374 text 0
55 366 147 366 147 374 55 374 text 0
514 366 565 366 565 374 514 374 text 0
353 366 361 366 361 375 353 375 text 0
558 395 592 395 592 404 558 404 text 0
190 395 201 395 201 404 190 404 text 0
56 395 146 395 146 406 56 406 text 0
459 395 534 395 534 406 459 406 text 0
486 425 511 425 511 433 486 433 text 0
528 425 592 425 592 434 528 434 text 0
139 425 199 425 199 433 139 433 text 0
56 425 121 425 121 434 56 434 text 0
218 425 295 425 295 434 218 434 text 0
485 439 510 439 510 448 485 448 text 0
528 439 592 439 592 448 528 448 text 0
53 439 107 439 107 448 53 448 text 0
541 454 592 454 592 462 541 462 text 0
501 454 525 454 525 462 501 462 text 0
55 454 134 454 134 462 55 462 text 0
459 483 484 483 484 492 459 492 text 0
54 483 92 483 92 492 54 492 text 0
110 483 147 483 147 492 110 492 text 0
285 483 308 483 308 492 285 492 text 0
500 483 552 483 552 492 500 492 text 0
163 483 267 483 267 492 163 492 text 0
325 484 390 484 390 492 325 492 text 0
257 513 307 513 307 522 257 522 text 0
56 514 159 514 159 522 56 522 text 0
418 514 442 514 442 522 418 522 text 0
178 514 240 514 240 522 178 522 text 0
459 513 592 513 592 522 459 522 text 0
324 513 375 513 375 522 324 522 text 0
54 528 161 528 161 536 54 536 text 0
176 528 214 528 214 536 176 536 text 0
259 528 322 528 322 536 259 536 text 0
136 557 240 557 240 566 136 566 text 0
256 557 295 557 295 566 256 566 text 0
310 558 401 558 401 567 310 567 text 0
418 558 498 558 498 566 418 566 text 0
338 572 440 572 440 581 338 581 text 0
190 572 201 572 201 581 190 581 text 0
218 572 256 572 256 581 218 581 text 0
270 572 323 572 323 581 270 581 text 0
324 587 375 587 375 595 324 595 text 0
391 587 481 587 481 596 391 596 text 0
162 588 268 588 268 596 162 596 text 0
285 588 308 588 308 596 285 596 text 0