53 59 179 59 179 72 53 72 text 0
186 59 425 59 425 73 186 73 text 0
430 60 528 60 528 73 430 73 text 0
55 79 88 79 88 86 55 86 text 0
210 79 272 79 272 86 210 86 text 0
283 79 344 79 344 86 283 86 text 0
351 79 419 79 419 87 351 87 text 0
430 80 442 80 442 87 430 87 text 0
96 79 200 79 200 88 96 88 text 0
447 80 517 80 517 89 447 89 text 0
49 90 115 90 115 98 49 98 text 0
124 90 185 90 185 98 124 98 text 0
194 90 250 90 250 97 194 97 text 0
51 101 115 101 115 110 51 110 text 0
269 102 384 102 384 110 269 110 text 0
391 102 443 102 443 110 391 110 text 0
123 101 245 101 245 112 123 112 text 0
52 115 88 115 88 123 52 123 text 0
98 115 213 115 213 123 98 123 text 0
220 115 270 115 270 123 220 123 text 0
52 127 91 127 91 134 52 134 text 0
101 127 124 127 124 134 101 134 text 0
179 127 330 127 330 135 179 135 text 0
133 127 165 127 165 135 133 135 text 0
426 131 484 131 484 141 426 141 text 0
495 132 610 132 610 141 495 141 text 0
42 140 104 140 104 147 42 147 text 0
110 140 133 140 133 149 110 149 text 0
111 151 184 151 184 157 111 157 text 0
43 151 106 151 106 157 43 157 text 0
193 151 231 151 231 157 193 157 text 0
238 151 277 151 277 157 238 157 text 0
285 151 387 151 387 160 285 160 text 0
119 174 191 174 191 181 119 181 text 0
47 174 109 174 109 181 47 181 text 0
197 174 307 174 307 181 197 181 text 0
59 200 68 200 68 207 59 207 text 0
88 201 200 201 200 208 88 208 text 0
283 201 348 201 348 207 283 207 text 0
362 201 427 201 427 207 362 207 text 0
435 201 461 201 461 208 435 208 text 0
485 202 567 202 567 208 485 208 text 0
287 213 338 213 338 219 287 219 text 0
344 213 372 213 372 219 344 219 text 0
381 213 424 213 424 219 381 219 text 0
88 226 199 226 199 233 88 233 text 0
498 227 544 227 544 234 498 234 text 0
575 227 601 227 601 234 575 234 text 0
34 241 86 241 86 248 34 248 text 0
92 242 145 242 145 250 92 250 text 0
153 242 243 242 243 250 153 250 text 0
250 242 292 242 292 250 250 250 text 0
296 242 351 242 351 250 296 250 text 0
498 244 544 244 544 252 498 252 text 0
254 255 340 255 340 263 254 263 text 0
497 257 542 257 542 265 497 265 text 0
249 273 301 273 301 281 249 281 text 0
500 275 545 275 545 282 500 282 text 0
252 286 314 286 314 293 252 293 text 0
326 286 359 286 359 296 326 296 text 0
499 289 544 289 544 296 499 296 text 0
255 305 300 305 300 312 255 312 text 0
305 305 358 305 358 313 305 313 text 0
498 307 543 307 543 315 498 315 text 0
253 330 307 330 307 336 253 336 text 0
500 331 545 331 545 339 500 339 text 0
251 343 337 343 337 350 251 350 text 0
498 344 543 344 543 352 498 352 text 0
36 361 77 361 77 368 36 368 text 0
84 361 181 361 181 371 84 371 text 0
266 361 396 361 396 371 266 371 text 0
494 361 583 361 583 371 494 371 text 0
97 374 130 374 130 381 97 381 text 0
36 374 61 374 61 381 36 381 text 0
68 374 88 374 88 383 68 383 text 0
354 375 398 375 398 383 354 383 text 0
539 375 584 375 584 382 539 382 text 0
36 409 72 409 72 417 36 417 text 0
79 410 116 410 116 418 79 418 text 0
331 410 378 410 378 418 331 418 text 0
138 409 297 409 297 418 138 418 text 0
412 410 532 410 532 419 412 419 text 0
151 472 196 472 196 478 151 478 text 0
72 472 145 472 145 478 72 478 text 0
250 472 286 472 286 479 250 479 text 0
295 472 422 472 422 479 295 479 text 0
428 472 445 472 445 479 428 479 text 0
454 472 585 472 585 480 454 480 text 0
205 474 241 474 241 479 205 479 text 0
121 494 202 494 202 500 121 500 text 0
268 494 313 494 313 500 268 500 text 0
208 494 258 494 258 500 208 500 text 0
319 494 387 494 387 501 319 501 text 0
394 495 538 495 538 501 394 501 text 0
208 508 289 508 289 514 208 514 text 0
297 508 366 508 366 514 297 514 text 0
374 508 455 508 455 514 374 514 text 0
124 531 216 531 216 537 124 537 text 0
226 531 292 531 292 537 226 537 text 0
318 531 363 531 363 537 318 537 text 0
372 532 470 532 470 538 372 538 text 0
482 532 533 532 533 538 482 538 text 0
106 552 187 552 187 560 106 560 text 0
199 553 251 553 251 560 199 560 text 0
262 553 309 553 309 560 262 560 text 0
318 553 411 553 411 560 318 560 text 0
420 553 463 553 463 560 420 560 text 0
473 553 550 553 550 561 473 561 text 0
557 554 587 554 587 561 557 561 text 0
316 566 341 566 341 574 316 574 text 0
256 566 301 566 301 574 256 574 text 0
188 566 248 566 248 574 188 574 text 0
59 566 181 566 181 574 59 574 text 0
349 567 462 567 462 574 349 574 text 0
467 567 601 567 601 575 467 575 text 0
256 581 363 581 363 587 256 587 text 0
98 603 173 603 173 610 98 610 text 0
240 603 359 603 359 610 240 610 text 0
180 603 227 603 227 610 180 610 text 0
367 603 565 603 565 612 367 612 text 0