286 79 319 79 319 96 286 96 text 0
233 79 269 79 269 96 233 96 text 0
332 79 369 79 369 96 332 96 text 0
259 101 306 101 306 110 259 110 text 0
160 101 244 101 244 110 160 110 text 0
344 101 406 101 406 110 344 110 text 0
419 101 511 101 511 110 419 110 text 0
103 101 134 101 134 110 103 110 text 0
272 114 331 114 331 122 272 122 text 0
345 113 392 113 392 122 345 122 text 0
407 114 524 114 524 122 407 122 text 0
174 114 254 114 254 123 174 123 text 0
258 126 355 126 355 134 258 134 text 0
260 138 404 138 404 147 260 147 text 0
411 139 442 139 442 147 411 147 text 0
173 139 207 139 207 148 173 148 text 0
225 139 246 139 246 148 225 148 text 0
225 177 269 177 269 185 225 185 text 0
78 177 159 177 159 186 78 186 text 0
31 177 64 177 64 186 31 186 text 0
174 177 208 177 208 186 174 186 text 0
314 189 370 189 370 198 314 198 text 0
177 189 295 189 295 199 177 199 text 0
27 190 74 190 74 198 27 198 text 0
175 202 221 202 221 210 175 210 text 0
27 202 111 202 111 210 27 210 text 0
113 214 134 214 134 223 113 223 text 0
27 214 95 214 95 223 27 223 text 0
248 226 366 226 366 235 248 235 text 0
470 264 505 264 505 273 470 273 text 0
530 264 590 264 590 273 530 273 text 0
28 264 161 264 161 274 28 274 text 0
569 289 590 289 590 298 569 298 text 0
469 290 553 290 553 298 469 298 text 0
448 289 455 289 455 298 448 298 text 0
213 290 236 290 236 298 213 298 text 0
29 290 62 290 62 298 29 298 text 0
101 289 200 289 200 299 101 299 text 0
569 302 590 302 590 310 569 310 text 0
471 302 553 302 553 310 471 310 text 0
101 302 197 302 197 311 101 311 text 0
212 302 235 302 235 311 212 311 text 0
448 303 456 303 456 310 448 310 text 0
29 303 62 303 62 312 29 312 text 0
569 315 590 315 590 323 569 323 text 0
470 315 554 315 554 323 470 323 text 0
177 315 235 315 235 322 177 322 text 0
103 315 161 315 161 323 103 323 text 0
451 316 455 316 455 324 451 324 text 0
29 316 63 316 63 324 29 324 text 0
569 327 590 327 590 335 569 335 text 0
482 327 554 327 554 335 482 335 text 0
177 327 235 327 235 335 177 335 text 0
102 327 162 327 162 335 102 335 text 0
451 328 455 328 455 335 451 335 text 0
29 328 63 328 63 335 29 335 text 0
250 339 333 339 333 347 250 347 text 0
349 339 443 339 443 347 349 347 text 0
30 340 51 340 51 348 30 348 text 0
495 363 517 363 517 372 495 372 text 0
534 363 591 363 591 372 534 372 text 0
30 364 123 364 123 372 30 372 text 0
31 377 101 377 101 385 31 385 text 0
533 389 592 389 592 397 533 397 text 0
30 389 102 389 102 398 30 398 text 0
521 401 592 401 592 410 521 410 text 0
30 402 61 402 61 410 30 410 text 0
78 402 101 402 101 410 78 410 text 0
509 414 592 414 592 422 509 422 text 0
42 414 99 414 99 423 42 423 text 0
508 440 592 440 592 449 508 449 text 0
30 440 79 440 79 449 30 449 text 0
525 464 594 464 594 472 525 472 text 0
29 465 79 465 79 474 29 474 text 0
533 476 594 476 594 485 533 485 text 0
31 477 103 477 103 486 31 486 text 0
473 514 592 514 592 522 473 522 text 0
31 514 65 514 65 523 31 523 text 0
81 514 163 514 163 523 81 523 text 0
337 513 418 513 418 523 337 523 text 0
534 526 593 526 593 534 534 534 text 0
410 526 458 526 458 535 410 535 text 0
32 526 90 526 90 535 32 535 text 0
277 564 348 564 348 572 277 572 text 0
364 564 410 564 410 572 364 572 text 0
425 564 483 564 483 572 425 572 text 0
143 565 200 565 200 573 143 573 text 0
216 565 259 565 259 573 216 573 text 0
325 588 434 588 434 597 325 597 text 0
179 588 275 588 275 597 179 597 text 0
289 588 311 588 311 598 289 598 text 0
243 601 333 601 333 609 243 609 text 0
191 603 235 603 235 609 191 609 text 0
341 603 421 603 421 610 341 610 text 0