49 72 61 72 61 80 49 80 text 0
355 82 377 82 377 88 355 88 text 0
307 81 351 81 351 110 307 110 text 0
208 114 318 114 318 127 208 127 text 0
333 114 449 114 449 127 333 127 text 0
247 133 388 133 388 146 247 146 text 0
85 152 144 152 144 161 85 161 text 0
511 152 557 152 557 161 511 161 text 0
158 152 217 152 217 161 158 161 text 0
230 152 301 152 301 161 230 161 text 0
415 152 497 152 497 161 415 161 text 0
318 152 347 152 347 161 318 161 text 0
368 152 398 152 398 161 368 161 text 0
183 165 238 165 238 174 183 174 text 0
340 165 376 165 376 174 340 174 text 0
389 165 474 165 474 174 389 174 text 0
97 165 163 165 163 176 97 176 text 0
256 165 324 165 324 176 256 176 text 0
487 166 543 166 543 177 487 177 text 0
96 178 131 178 131 188 96 188 text 0
146 178 217 178 217 190 146 190 text 0
486 180 555 180 555 189 486 189 text 0
231 179 286 179 286 190 231 190 text 0
427 179 474 179 474 190 427 190 text 0
305 179 412 179 412 190 305 190 text 0
206 193 265 193 265 202 206 202 text 0
280 193 338 193 338 202 280 202 text 0
353 194 433 194 433 204 353 204 text 0
255 221 287 221 287 230 255 230 text 0
206 221 240 221 240 230 206 230 text 0
304 221 447 221 447 230 304 230 text 0
254 249 289 249 289 259 254 259 text 0
304 249 387 249 387 259 304 259 text 0
50 262 306 262 306 272 50 272 text 0
343 262 551 262 551 272 343 272 text 0
48 276 103 276 103 286 48 286 text 0
122 276 241 276 241 287 122 287 text 0
254 277 301 277 301 287 254 287 text 0
318 277 339 277 339 287 318 287 text 0
48 290 180 290 180 300 48 300 text 0
241 290 325 290 325 300 241 300 text 0
192 291 225 291 225 302 192 302 text 0
48 303 238 303 238 327 48 327 text 0
49 330 70 330 70 338 49 338 text 0
451 330 484 330 484 338 451 338 text 0
562 330 608 330 608 338 562 338 text 0
84 329 216 329 216 339 84 339 text 0
503 329 545 329 545 340 503 340 text 0
134 356 242 356 242 366 134 366 text 0
492 357 547 357 547 366 492 366 text 0
84 357 119 357 119 366 84 366 text 0
586 357 609 357 609 367 586 367 text 0
50 357 58 357 58 367 50 367 text 0
492 371 548 371 548 380 492 380 text 0
50 371 58 371 58 380 50 380 text 0
586 371 609 371 609 381 586 381 text 0
85 371 193 371 193 382 85 382 text 0
86 384 165 384 165 393 86 393 text 0
182 383 253 383 253 394 182 394 text 0
492 385 548 385 548 394 492 394 text 0
51 385 58 385 58 394 51 394 text 0
586 385 610 385 610 394 586 394 text 0
268 385 328 385 328 396 268 396 text 0
49 412 104 412 104 421 49 421 text 0
122 412 180 412 180 421 122 421 text 0
550 413 609 413 609 422 550 422 text 0
319 413 340 413 340 422 319 422 text 0
196 412 303 412 303 422 196 422 text 0
354 413 388 413 388 422 354 422 text 0
406 413 436 413 436 424 406 424 text 0
489 441 608 441 608 460 489 460 text 0
123 440 237 440 237 461 123 461 text 0
552 465 609 465 609 475 552 475 text 0
123 465 171 465 171 475 123 475 text 0
493 480 608 480 608 497 493 497 text 0
124 478 264 478 264 499 124 499 text 0
503 516 537 516 537 525 503 525 text 0
49 516 82 516 82 525 49 525 text 0
222 516 289 516 289 525 222 525 text 0
97 515 180 515 180 526 97 526 text 0
84 529 95 529 95 538 84 538 text 0
49 529 70 529 70 538 49 538 text 0
503 529 549 529 549 538 503 538 text 0
221 529 280 529 280 538 221 538 text 0
159 529 181 529 181 538 159 538 text 0
110 529 145 529 145 538 110 538 text 0
283 556 353 556 353 566 283 566 text 0
232 556 268 556 268 566 232 566 text 0
158 556 219 556 219 566 158 566 text 0
368 557 415 557 415 567 368 567 text 0
428 556 496 556 496 567 428 567 text 0
196 571 280 571 280 579 196 579 text 0
331 571 403 571 403 579 331 579 text 0
416 571 452 571 452 579 416 579 text 0
295 570 317 570 317 581 295 581 text 0
208 586 244 586 244 593 208 593 text 0
250 584 453 584 453 595 250 595 text 0