396 86 465 86 465 97 396 97 text 0
314 87 383 87 383 98 314 98 text 0
128 88 236 88 236 98 128 98 text 0
246 88 303 88 303 102 246 102 text 0
295 105 377 105 377 115 295 115 text 0
387 105 448 105 448 115 387 115 text 0
231 107 286 107 286 115 231 115 text 0
154 106 223 106 223 117 154 117 text 0
298 123 394 123 394 133 298 133 text 0
208 124 290 124 290 135 208 135 text 0
437 140 479 140 479 149 437 149 text 0
122 141 188 141 188 150 122 150 text 0
259 141 320 141 320 151 259 151 text 0
199 142 252 142 252 151 199 151 text 0
329 141 427 141 427 153 329 153 text 0
323 158 373 158 373 166 323 166 text 0
240 157 313 157 313 166 240 166 text 0
280 173 439 173 439 183 280 183 text 0
160 175 208 175 208 183 160 183 text 0
217 174 257 174 257 185 217 185 text 0
282 196 410 196 410 207 282 207 text 0
191 196 270 196 270 207 191 207 text 0
467 215 559 215 559 224 467 224 text 0
327 217 457 217 457 226 327 226 text 0
125 216 288 216 288 227 125 227 text 0
47 217 110 217 110 227 47 227 text 0
169 235 194 235 194 245 169 245 text 0
46 235 141 235 141 246 46 246 text 0
205 234 222 234 222 248 205 248 text 0
464 251 526 251 526 262 464 262 text 0
372 252 433 252 433 263 372 263 text 0
118 253 259 253 259 263 118 263 text 0
48 253 88 253 88 264 48 264 text 0
451 270 519 270 519 281 451 281 text 0
354 271 443 271 443 281 354 281 text 0
286 271 345 271 345 281 286 281 text 0
222 271 276 271 276 282 222 282 text 0
145 271 210 271 210 282 145 282 text 0
47 272 135 272 135 282 47 282 text 0
538 290 567 290 567 298 538 298 text 0
482 291 525 291 525 301 482 301 text 0
352 291 433 291 433 302 352 302 text 0
100 292 187 292 187 302 100 302 text 0
67 292 78 292 78 302 67 302 text 0
396 313 515 313 515 323 396 323 text 0
309 313 383 313 383 323 309 323 text 0
227 313 292 313 292 324 227 324 text 0
98 314 136 314 136 324 98 324 text 0
48 314 84 314 84 324 48 324 text 0
143 314 217 314 217 324 143 324 text 0
539 333 566 333 566 340 539 340 text 0
497 334 525 334 525 344 497 344 text 0
365 334 432 334 432 344 365 344 text 0
98 334 186 334 186 344 98 344 text 0
68 335 76 335 76 345 68 345 text 0
221 356 236 356 236 366 221 366 text 0
66 356 80 356 80 366 66 366 text 0
118 356 183 356 183 370 118 370 text 0
480 375 561 375 561 387 480 387 text 0
48 377 160 377 160 388 48 388 text 0
510 395 560 395 560 405 510 405 text 0
51 396 162 396 162 410 51 410 text 0
170 397 210 397 210 411 170 411 text 0
141 415 278 415 278 428 141 428 text 0
453 415 563 415 563 428 453 428 text 0
49 415 125 415 125 429 49 429 text 0
290 415 374 415 374 430 290 430 text 0
479 435 561 435 561 445 479 445 text 0
50 436 159 436 159 446 50 446 text 0
527 463 569 463 569 474 527 474 text 0
348 464 441 464 441 475 348 475 text 0
49 466 104 466 104 476 49 476 text 0
112 467 232 467 232 480 112 480 text 0
494 478 570 478 570 491 494 491 text 0
365 479 438 479 438 492 365 492 text 0
509 502 574 502 574 513 509 513 text 0
360 503 437 503 437 513 360 513 text 0
50 503 86 503 86 513 50 513 text 0
91 547 111 547 111 558 91 558 text 0
120 547 194 547 194 557 120 557 text 0
202 547 275 547 275 557 202 557 text 0
51 569 123 569 123 580 51 580 text 0
50 584 116 584 116 594 50 594 text 0
232 592 327 592 327 604 232 604 text 0
336 594 393 594 393 606 336 606 text 0
174 609 270 609 270 621 174 621 text 0
373 609 458 609 458 623 373 623 text 0
281 612 361 612 361 620 281 620 text 0