300 64 416 64 416 73 300 73 text 0
430 64 525 64 525 73 430 73 text 0
173 65 210 65 210 74 173 74 text 0
222 65 291 65 291 74 222 74 text 0
95 65 164 65 164 74 95 74 text 0
350 84 419 84 419 91 350 91 text 0
198 84 250 84 250 91 198 91 text 0
257 84 341 84 341 91 257 91 text 0
234 97 385 97 385 106 234 106 text 0
470 109 483 109 483 116 470 116 text 0
201 109 250 109 250 116 201 116 text 0
258 109 314 109 314 116 258 116 text 0
323 109 402 109 402 116 323 116 text 0
411 110 463 110 463 115 411 115 text 0
130 111 189 111 189 118 130 118 text 0
176 119 276 119 276 126 176 126 text 0
460 119 517 119 517 127 460 127 text 0
374 120 447 120 447 128 374 128 text 0
100 121 168 121 168 127 100 127 text 0
288 120 366 120 366 129 288 129 text 0
205 131 264 131 264 138 205 138 text 0
272 131 325 131 325 138 272 138 text 0
336 131 415 131 415 138 336 138 text 0
216 140 251 140 251 147 216 147 text 0
351 140 400 140 400 147 351 147 text 0
261 141 341 141 341 148 261 148 text 0
277 150 434 150 434 159 277 159 text 0
238 151 265 151 265 158 238 158 text 0
179 151 228 151 228 160 179 160 text 0
398 216 515 216 515 223 398 223 text 0
53 217 106 217 106 224 53 224 text 0
156 216 329 216 329 225 156 225 text 0
156 230 230 230 230 237 156 237 text 0
105 230 142 230 142 237 105 237 text 0
56 231 96 231 96 238 56 238 text 0
53 242 113 242 113 250 53 250 text 0
159 244 324 244 324 257 159 257 text 0
343 245 386 245 386 256 343 256 text 0
157 269 182 269 182 276 157 276 text 0
55 269 138 269 138 276 55 276 text 0
293 281 339 281 339 288 293 288 text 0
221 282 282 282 282 289 221 289 text 0
206 281 212 281 212 289 206 289 text 0
156 282 194 282 194 288 156 288 text 0
54 282 105 282 105 289 54 289 text 0
55 300 165 300 165 311 55 311 text 0
549 306 586 306 586 313 549 313 text 0
467 314 544 314 544 321 467 321 text 0
225 314 310 314 310 321 225 321 text 0
102 314 150 314 150 321 102 321 text 0
176 315 214 315 214 322 176 322 text 0
56 315 96 315 96 322 56 322 text 0
549 317 600 317 600 325 549 325 text 0
213 332 260 332 260 342 213 342 text 0
271 332 346 332 346 342 271 342 text 0
357 333 401 333 401 343 357 343 text 0
57 333 202 333 202 344 57 344 text 0
472 346 574 346 574 353 472 353 text 0
225 346 269 346 269 353 225 353 text 0
55 346 84 346 84 353 55 353 text 0
183 346 193 346 193 353 183 353 text 0
96 346 138 346 138 353 96 353 text 0
222 360 292 360 292 369 222 369 text 0
468 358 536 358 536 370 468 370 text 0
58 361 211 361 211 370 58 370 text 0
303 359 457 359 457 371 303 371 text 0
470 372 575 372 575 380 470 380 text 0
55 374 81 374 81 381 55 381 text 0
227 374 269 374 269 381 227 381 text 0
183 374 193 374 193 381 183 381 text 0
95 374 138 374 138 381 95 381 text 0
201 388 283 388 283 397 201 397 text 0
296 387 359 387 359 398 296 398 text 0
58 388 193 388 193 398 58 398 text 0
471 401 576 401 576 408 471 408 text 0
227 402 267 402 267 409 227 409 text 0
54 402 83 402 83 409 54 409 text 0
183 402 193 402 193 409 183 409 text 0
96 402 138 402 138 409 96 409 text 0
202 416 283 416 283 425 202 425 text 0
294 416 370 416 370 427 294 427 text 0
57 416 192 416 192 426 57 426 text 0
470 429 575 429 575 436 470 436 text 0
55 430 84 430 84 437 55 437 text 0
228 430 268 430 268 437 228 437 text 0
185 430 194 430 194 437 185 437 text 0
94 430 138 430 138 437 94 437 text 0
386 443 406 443 406 452 386 452 text 0
334 444 377 444 377 452 334 452 text 0
56 444 204 444 204 454 56 454 text 0
413 444 479 444 479 454 413 454 text 0
215 444 323 444 323 454 215 454 text 0
111 457 160 457 160 466 111 466 text 0
58 457 100 457 100 466 58 466 text 0
173 457 235 457 235 468 173 468 text 0
247 457 281 457 281 468 247 468 text 0
471 468 576 468 576 475 471 475 text 0
227 469 269 469 269 476 227 476 text 0
185 470 194 470 194 477 185 477 text 0
55 470 84 470 84 477 55 477 text 0
96 470 138 470 138 477 96 477 text 0
384 483 405 483 405 491 384 491 text 0
333 483 377 483 377 492 333 492 text 0
413 482 477 482 477 493 413 493 text 0
57 483 203 483 203 492 57 492 text 0
212 482 323 482 323 493 212 493 text 0
59 496 100 496 100 505 59 505 text 0
111 496 158 496 158 505 111 505 text 0
246 495 278 495 278 506 246 506 text 0
172 496 234 496 234 507 172 507 text 0
471 508 576 508 576 514 471 514 text 0
225 509 269 509 269 516 225 516 text 0
184 509 193 509 193 516 184 516 text 0
96 509 138 509 138 516 96 516 text 0
55 509 84 509 84 516 55 516 text 0
454 521 539 521 539 528 454 528 text 0
150 521 160 521 160 528 150 528 text 0
234 521 288 521 288 528 234 528 text 0
294 521 376 521 376 528 294 528 text 0
55 523 95 523 95 531 55 531 text 0
466 534 540 534 540 541 466 541 text 0
287 534 379 534 379 541 287 541 text 0
454 547 539 547 539 554 454 554 text 0
239 547 288 547 288 554 239 554 text 0
293 548 385 548 385 553 293 553 text 0
466 557 539 557 539 564 466 564 text 0
207 558 261 558 261 565 207 565 text 0
270 557 379 557 379 566 270 566 text 0
423 571 551 571 551 581 423 581 text 0
131 572 202 572 202 581 131 581 text 0
210 572 290 572 290 581 210 581 text 0
460 611 546 611 546 619 460 619 text 0
266 611 391 611 391 620 266 620 text 0
219 611 258 611 258 619 219 619 text 0
58 612 100 612 100 619 58 619 text 0
106 612 198 612 198 620 106 620 text 0
500 623 540 623 540 630 500 630 text 0
339 623 392 623 392 630 339 630 text 0
115 623 149 623 149 630 115 630 text 0
59 625 83 625 83 631 59 631 text 0