111 46 164 46 164 54 111 54 text 0
174 46 261 46 261 54 174 54 text 0
270 46 313 46 313 54 270 54 text 0
321 46 365 46 365 54 321 54 text 0
374 46 509 46 509 56 374 56 text 0
113 58 137 58 137 66 113 66 text 0
175 58 221 58 221 66 175 66 text 0
319 58 349 58 349 66 319 66 text 0
149 58 163 58 163 66 149 66 text 0
232 58 308 58 308 67 232 67 text 0
457 58 533 58 533 68 457 68 text 0
358 58 449 58 449 68 358 68 text 0
115 70 177 70 177 78 115 78 text 0
187 70 241 70 241 78 187 78 text 0
250 71 326 71 326 81 250 81 text 0
223 83 257 83 257 91 223 91 text 0
172 83 213 83 213 92 172 92 text 0
113 83 162 83 162 93 113 93 text 0
271 84 434 84 434 94 271 94 text 0
111 95 148 95 148 104 111 104 text 0
157 96 238 96 238 104 157 104 text 0
41 120 75 120 75 128 41 128 text 0
83 120 156 120 156 128 83 128 text 0
192 120 414 120 414 129 192 129 text 0
500 121 594 121 594 130 500 130 text 0
201 136 238 136 238 145 201 145 text 0
40 137 117 137 117 145 40 145 text 0
502 138 593 138 593 146 502 146 text 0
150 137 193 137 193 147 150 147 text 0
181 163 251 163 251 171 181 171 text 0
41 163 125 163 125 171 41 171 text 0
260 162 287 162 287 171 260 171 text 0
131 162 171 162 171 172 131 172 text 0
296 163 350 163 350 173 296 173 text 0
53 179 179 179 179 188 53 188 text 0
391 180 461 180 461 188 391 188 text 0
509 180 564 180 564 188 509 188 text 0
579 181 591 181 591 188 579 188 text 0
117 205 171 205 171 212 117 212 text 0
41 205 108 205 108 213 41 213 text 0
505 206 533 206 533 213 505 213 text 0
271 205 387 205 387 214 271 214 text 0
182 204 261 204 261 214 182 214 text 0
394 205 495 205 495 215 394 215 text 0
342 220 460 220 460 229 342 229 text 0
53 220 288 220 288 229 53 229 text 0
579 221 591 221 591 229 579 229 text 0
521 221 564 221 564 230 521 230 text 0
40 247 116 247 116 254 40 254 text 0
127 247 197 247 197 254 127 254 text 0
205 246 279 246 279 256 205 256 text 0
290 246 336 246 336 256 290 256 text 0
53 263 286 263 286 271 53 271 text 0
519 264 563 264 563 271 519 271 text 0
580 264 592 264 592 271 580 271 text 0
342 264 460 264 460 271 342 271 text 0
42 287 149 287 149 296 42 296 text 0
158 287 224 287 224 296 158 296 text 0
234 287 259 287 259 296 234 296 text 0
54 305 179 305 179 313 54 313 text 0
390 305 459 305 459 313 390 313 text 0
579 305 591 305 591 312 579 312 text 0
509 306 564 306 564 314 509 314 text 0
115 328 179 328 179 337 115 337 text 0
40 328 107 328 107 336 40 336 text 0
187 328 299 328 299 338 187 338 text 0
441 329 470 329 470 337 441 337 text 0
307 329 431 329 431 339 307 339 text 0
579 346 592 346 592 353 579 353 text 0
54 346 287 346 287 354 54 354 text 0
345 346 460 346 460 354 345 354 text 0
521 346 564 346 564 354 521 354 text 0
41 371 68 371 68 378 41 378 text 0
77 371 147 371 147 378 77 378 text 0
293 371 329 371 329 379 293 379 text 0
154 370 216 370 216 379 154 379 text 0
224 370 280 370 280 380 224 380 text 0
53 388 180 388 180 395 53 395 text 0
520 388 563 388 563 395 520 395 text 0
579 388 592 388 592 395 579 395 text 0
389 388 458 388 458 395 389 395 text 0
40 411 142 411 142 419 40 419 text 0
151 411 177 411 177 419 151 419 text 0
252 412 277 412 277 419 252 419 text 0
188 412 242 412 242 421 188 421 text 0
579 427 592 427 592 434 579 434 text 0
55 427 181 427 181 435 55 435 text 0
389 427 459 427 459 435 389 435 text 0
508 429 564 429 564 436 508 436 text 0
337 457 378 457 378 464 337 464 text 0
228 456 278 456 278 464 228 464 text 0
286 457 327 457 327 465 286 465 text 0
413 458 446 458 446 465 413 465 text 0
388 457 404 457 404 465 388 465 text 0
104 458 114 458 114 465 104 465 text 0
41 458 88 458 88 466 41 466 text 0
534 459 592 459 592 466 534 466 text 0
105 474 129 474 129 482 105 482 text 0
538 474 590 474 590 482 538 482 text 0
40 473 74 473 74 483 40 483 text 0
354 474 446 474 446 482 354 482 text 0
40 491 89 491 89 499 40 499 text 0
397 491 446 491 446 499 397 499 text 0
533 491 593 491 593 499 533 499 text 0
100 490 166 490 166 500 100 500 text 0
200 491 246 491 246 499 200 499 text 0
377 507 447 507 447 515 377 515 text 0
399 526 446 526 446 533 399 533 text 0
535 525 594 525 594 533 535 533 text 0
549 544 594 544 594 552 549 552 text 0
372 544 447 544 447 553 372 553 text 0
324 563 359 563 359 570 324 570 text 0
44 563 84 563 84 571 44 571 text 0
230 563 292 563 292 571 230 571 text 0
368 562 448 562 448 571 368 571 text 0
91 563 174 563 174 572 91 572 text 0
247 579 291 579 291 586 247 586 text 0
67 580 79 580 79 588 67 588 text 0
401 580 447 580 447 588 401 588 text 0
109 580 143 580 143 587 109 587 text 0
234 598 291 598 291 605 234 605 text 0
65 598 79 598 79 606 65 606 text 0
109 598 143 598 143 606 109 606 text 0
401 598 447 598 447 606 401 606 text 0
140 624 183 624 183 632 140 632 text 0
193 624 219 624 219 632 193 632 text 0
44 624 131 624 131 632 44 632 text 0