361 139 482 139 482 152 361 152 text 0
308 140 343 140 343 153 308 153 text 0
167 140 229 140 229 153 167 153 text 0
129 140 152 140 152 153 129 153 text 0
244 139 292 139 292 157 244 157 text 0
337 159 397 159 397 172 337 172 text 0
195 159 240 159 240 172 195 172 text 0
145 160 182 160 182 173 145 173 text 0
413 158 483 158 483 174 413 174 text 0
259 159 318 159 318 175 259 175 text 0
297 179 395 179 395 191 297 191 text 0
220 180 281 180 281 192 220 192 text 0
350 200 449 200 449 212 350 212 text 0
185 199 245 199 245 212 185 212 text 0
261 200 331 200 331 215 261 215 text 0
374 219 448 219 448 232 374 232 text 0
283 220 358 220 358 233 283 233 text 0
170 221 269 221 269 234 170 234 text 0
262 240 285 240 285 253 262 253 text 0
324 240 475 240 475 253 324 253 text 0
159 240 195 240 195 253 159 253 text 0
214 240 242 240 242 253 214 253 text 0
146 281 231 281 231 294 146 294 text 0
246 282 269 282 269 294 246 294 text 0
311 282 498 282 498 294 311 294 text 0
479 322 578 322 578 334 479 334 text 0
71 322 157 322 157 334 71 334 text 0
288 322 362 322 362 334 288 334 text 0
479 362 555 362 555 375 479 375 text 0
134 362 196 362 196 375 134 375 text 0
71 362 119 362 119 375 71 375 text 0
208 362 261 362 261 375 208 375 text 0
276 362 338 362 338 375 276 375 text 0
351 361 414 361 414 375 351 375 text 0
568 365 579 365 579 374 568 374 text 0
73 401 130 401 130 414 73 414 text 0
147 402 208 402 208 414 147 414 text 0
227 402 350 402 350 414 227 414 text 0
428 402 452 402 452 415 428 415 text 0
365 402 410 402 410 415 365 415 text 0
504 403 554 403 554 415 504 415 text 0
362 422 411 422 411 435 362 435 text 0
426 422 449 422 449 435 426 435 text 0
489 423 551 423 551 435 489 435 text 0
339 442 413 442 413 455 339 455 text 0
428 443 451 443 451 455 428 455 text 0
519 444 553 444 553 457 519 457 text 0
72 482 108 482 108 495 72 495 text 0
479 484 562 484 562 496 479 496 text 0
274 483 398 483 398 496 274 496 text 0
122 482 209 482 209 498 122 498 text 0
119 502 142 502 142 514 119 514 text 0
348 503 397 503 397 515 348 515 text 0
527 504 563 504 563 516 527 516 text 0
68 506 79 506 79 516 68 516 text 0
135 563 196 563 196 576 135 576 text 0
275 564 350 564 350 576 275 576 text 0
211 563 256 563 256 576 211 576 text 0
428 565 488 565 488 580 428 580 text 0
365 568 412 568 412 576 365 576 text 0
133 584 167 584 167 596 133 596 text 0
184 584 270 584 270 596 184 596 text 0
287 585 319 585 319 596 287 596 text 0
67 584 116 584 116 599 67 599 text 0
477 586 562 586 562 596 477 596 text 0
336 584 460 584 460 599 336 599 text 0