89 85 165 85 165 93 89 93 text 0
197 84 300 84 300 93 197 93 text 0
332 85 542 85 542 93 332 93 text 0
257 95 375 95 375 103 257 103 text 0
191 105 227 105 227 113 191 113 text 0
244 105 282 105 282 113 244 113 text 0
311 105 363 105 363 113 311 113 text 0
379 105 431 105 431 114 379 114 text 0
243 115 308 115 308 123 243 123 text 0
326 115 378 115 378 124 326 124 text 0
270 125 336 125 336 133 270 133 text 0
189 125 256 125 256 133 189 133 text 0
351 125 441 125 441 133 351 133 text 0
93 135 143 135 143 143 93 143 text 0
162 135 307 135 307 143 162 143 text 0
324 136 371 136 371 144 324 144 text 0
391 136 536 136 536 144 391 144 text 0
181 145 220 145 220 153 181 153 text 0
234 145 271 145 271 153 234 153 text 0
289 145 450 145 450 153 289 153 text 0
43 175 83 175 83 184 43 184 text 0
99 175 191 175 191 183 99 183 text 0
43 195 98 195 98 204 43 204 text 0
152 216 174 216 174 224 152 224 text 0
44 216 136 216 136 224 44 224 text 0
192 216 325 216 325 224 192 224 text 0
340 216 402 216 402 224 340 224 text 0
420 215 554 215 554 224 420 224 text 0
42 225 136 225 136 234 42 234 text 0
179 225 231 225 231 234 179 234 text 0
43 246 97 246 97 254 43 254 text 0
286 246 325 246 325 254 286 254 text 0
393 246 432 246 432 255 393 255 text 0
474 246 554 246 554 255 474 255 text 0
43 266 94 266 94 274 43 274 text 0
285 266 298 266 298 274 285 274 text 0
354 267 432 267 432 275 354 275 text 0
475 267 553 267 553 275 475 275 text 0
569 267 580 267 580 275 569 275 text 0
218 276 298 276 298 285 218 285 text 0
42 276 204 276 204 285 42 285 text 0
315 277 348 277 348 285 315 285 text 0
365 277 377 277 377 285 365 285 text 0
394 277 430 277 430 285 394 285 text 0
123 296 231 296 231 304 123 304 text 0
380 296 393 296 393 304 380 304 text 0
42 296 108 296 108 304 42 304 text 0
330 336 381 336 381 344 330 344 text 0
532 337 584 337 584 345 532 345 text 0
518 347 585 347 585 355 518 355 text 0
410 347 448 347 448 355 410 355 text 0
330 356 436 356 436 364 330 364 text 0
534 356 585 356 585 364 534 364 text 0
78 367 207 367 207 375 78 375 text 0
428 366 585 366 585 375 428 375 text 0
77 376 181 376 181 385 77 385 text 0
427 376 587 376 587 385 427 385 text 0
77 387 234 387 234 395 77 395 text 0
482 387 585 387 585 395 482 395 text 0
491 417 584 417 584 425 491 425 text 0
439 417 477 417 477 425 439 425 text 0
276 437 355 437 355 445 276 445 text 0
60 437 112 437 112 445 60 445 text 0
425 437 437 437 437 445 425 445 text 0
492 437 585 437 585 445 492 445 text 0
521 457 585 457 585 465 521 465 text 0
276 457 355 457 355 465 276 465 text 0
62 457 86 457 86 465 62 465 text 0
426 458 437 458 437 465 426 465 text 0
319 487 355 487 355 494 319 494 text 0
521 487 585 487 585 495 521 495 text 0
372 487 447 487 447 494 372 494 text 0
502 507 579 507 579 519 502 519 text 0
196 546 247 546 247 554 196 554 text 0
317 546 355 546 355 554 317 554 text 0
262 546 301 546 301 554 262 554 text 0
114 546 179 546 179 554 114 554 text 0
371 547 516 547 516 557 371 557 text 0
251 556 316 556 316 564 251 564 text 0
330 557 380 557 380 565 330 565 text 0