269 96 303 96 303 107 269 107 text 0
159 96 255 96 255 108 159 108 text 0
317 97 375 97 375 108 317 108 text 0
195 112 327 112 327 124 195 124 text 0
173 127 232 127 232 139 173 139 text 0
100 128 155 128 155 140 100 140 text 0
246 128 364 128 364 140 246 140 text 0
380 128 425 128 425 140 380 140 text 0
208 143 276 143 276 154 208 154 text 0
293 143 375 143 375 154 293 154 text 0
390 143 470 143 470 155 390 155 text 0
172 143 191 143 191 155 172 155 text 0
77 143 159 143 159 158 77 158 text 0
136 159 194 159 194 171 136 171 text 0
305 158 399 158 399 171 305 171 text 0
208 159 288 159 288 171 208 171 text 0
124 174 158 174 158 185 124 185 text 0
173 174 207 174 207 185 173 185 text 0
269 174 412 174 412 185 269 185 text 0
222 174 252 174 252 185 222 185 text 0
124 204 192 204 192 216 124 216 text 0
223 204 386 204 386 216 223 216 text 0
31 236 62 236 62 247 31 247 text 0
138 235 218 235 218 247 138 247 text 0
355 235 436 235 436 247 355 247 text 0
77 236 99 236 99 246 77 246 text 0
244 235 336 235 336 247 244 247 text 0
272 250 364 250 364 262 272 262 text 0
137 250 257 250 257 262 137 262 text 0
27 250 74 250 74 262 27 262 text 0
29 281 161 281 161 293 29 293 text 0
477 281 510 281 510 293 477 293 text 0
403 281 460 281 460 293 403 293 text 0
210 281 244 281 244 294 210 294 text 0
294 281 377 281 377 294 294 294 text 0
29 311 63 311 63 323 29 323 text 0
79 311 109 311 109 323 79 323 text 0
305 327 352 327 352 338 305 338 text 0
197 327 208 327 208 338 197 338 text 0
487 327 509 327 509 338 487 338 text 0
415 327 461 327 461 338 415 338 text 0
221 329 232 329 232 338 221 338 text 0
30 341 97 341 97 353 30 353 text 0
114 341 147 341 147 353 114 353 text 0
307 358 352 358 352 369 307 369 text 0
417 358 460 358 460 369 417 369 text 0
487 358 509 358 509 369 487 369 text 0
199 358 206 358 206 368 199 368 text 0
223 360 232 360 232 368 223 368 text 0
31 372 76 372 76 384 31 384 text 0
88 372 135 372 135 385 88 385 text 0
197 387 208 387 208 398 197 398 text 0
487 388 509 388 509 399 487 399 text 0
305 388 352 388 352 399 305 399 text 0
414 388 461 388 461 399 414 399 text 0
220 390 231 390 231 399 220 399 text 0
29 417 84 417 84 429 29 429 text 0
100 418 143 418 143 429 100 429 text 0
160 418 170 418 170 429 160 429 text 0
28 433 84 433 84 445 28 445 text 0
462 434 509 434 509 445 462 445 text 0
233 434 289 434 289 446 233 446 text 0
102 433 220 433 220 447 102 447 text 0
29 449 64 449 64 460 29 460 text 0
175 448 229 448 229 461 175 461 text 0
463 449 508 449 508 460 463 460 text 0
76 448 159 448 159 462 76 462 text 0
233 463 255 463 255 475 233 475 text 0
462 464 509 464 509 475 462 475 text 0
30 463 85 463 85 476 30 476 text 0
102 463 219 463 219 476 102 476 text 0
268 463 324 463 324 476 268 476 text 0
413 479 508 479 508 491 413 491 text 0
31 479 144 479 144 491 31 491 text 0
27 508 74 508 74 520 27 520 text 0
462 509 509 509 509 521 462 521 text 0
27 553 62 553 62 564 27 564 text 0
77 553 159 553 159 568 77 568 text 0
269 555 387 555 387 568 269 568 text 0
426 555 507 555 507 567 426 567 text 0
27 569 50 569 50 581 27 581 text 0
186 569 218 569 218 582 186 582 text 0
342 570 389 570 389 581 342 581 text 0
151 569 173 569 173 582 151 582 text 0
462 571 509 571 509 582 462 582 text 0