71 110 106 110 106 119 71 119 text 0
121 110 154 110 154 119 121 119 text 0
172 110 227 110 227 119 172 119 text 0
242 111 324 111 324 119 242 119 text 0
339 111 459 111 459 119 339 119 text 0
474 111 507 111 507 120 474 120 text 0
520 111 555 111 555 120 520 120 text 0
244 122 372 122 372 133 244 133 text 0
147 135 203 135 203 144 147 144 text 0
216 135 249 135 249 144 216 144 text 0
448 136 483 136 483 144 448 144 text 0
376 136 435 136 435 144 376 144 text 0
497 136 555 136 555 144 497 144 text 0
72 135 127 135 127 145 72 145 text 0
266 135 358 135 358 145 266 145 text 0
169 147 227 147 227 156 169 156 text 0
351 148 456 148 456 156 351 156 text 0
241 148 334 148 334 157 241 157 text 0
267 160 289 160 289 169 267 169 text 0
146 160 191 160 191 170 146 170 text 0
205 160 249 160 249 170 205 170 text 0
326 160 480 160 480 170 326 170 text 0
170 173 236 173 236 182 170 182 text 0
267 173 431 173 431 182 267 182 text 0
72 184 189 184 189 194 72 194 text 0
217 185 261 185 261 193 217 193 text 0
96 197 155 197 155 206 96 206 text 0
168 198 297 198 297 206 168 206 text 0
363 198 443 198 443 207 363 207 text 0
463 198 532 198 532 207 463 207 text 0
181 210 301 210 301 218 181 218 text 0
71 210 118 210 118 219 71 219 text 0
316 210 410 210 410 219 316 219 text 0
183 222 215 222 215 231 183 231 text 0
71 222 166 222 166 232 71 232 text 0
229 222 313 222 313 232 229 232 text 0
544 223 554 223 554 232 544 232 text 0
424 223 505 223 505 233 424 233 text 0
449 248 504 248 504 257 449 257 text 0
73 248 106 248 106 258 73 258 text 0
521 248 558 248 558 258 521 258 text 0
143 248 277 248 277 259 143 259 text 0
424 273 482 273 482 282 424 282 text 0
111 273 119 273 119 282 111 282 text 0
387 273 397 273 397 282 387 282 text 0
497 274 519 274 519 283 497 283 text 0
122 286 168 286 168 294 122 294 text 0
74 286 106 286 106 294 74 294 text 0
111 299 118 299 118 306 111 306 text 0
387 298 397 298 397 307 387 307 text 0
424 298 482 298 482 307 424 307 text 0
497 298 519 298 519 307 497 307 text 0
159 311 203 311 203 320 159 320 text 0
219 311 265 311 265 319 219 319 text 0
280 310 322 310 322 320 280 320 text 0
73 311 142 311 142 320 73 320 text 0
111 324 119 324 119 332 111 332 text 0
387 323 397 323 397 332 387 332 text 0
424 323 482 323 482 332 424 332 text 0
497 323 519 323 519 332 497 332 text 0
73 335 119 335 119 344 73 344 text 0
133 335 179 335 179 344 133 344 text 0
111 348 118 348 118 356 111 356 text 0
387 348 397 348 397 356 387 356 text 0
426 348 482 348 482 357 426 357 text 0
497 348 519 348 519 357 497 357 text 0
71 360 167 360 167 369 71 369 text 0
182 360 228 360 228 369 182 369 text 0
111 374 118 374 118 383 111 383 text 0
387 373 397 373 397 382 387 382 text 0
497 373 519 373 519 382 497 382 text 0
437 374 483 374 483 383 437 383 text 0
71 385 130 385 130 395 71 395 text 0
145 386 192 386 192 395 145 395 text 0
111 399 118 399 118 408 111 408 text 0
426 399 482 399 482 408 426 408 text 0
387 399 397 399 397 407 387 407 text 0
497 399 519 399 519 408 497 408 text 0
133 412 179 412 179 421 133 421 text 0
195 411 225 411 225 421 195 421 text 0
71 412 118 412 118 422 71 422 text 0
111 425 118 425 118 433 111 433 text 0
387 425 397 425 397 433 387 433 text 0
437 425 483 425 483 433 437 433 text 0
497 425 519 425 519 433 497 433 text 0
71 436 168 436 168 446 71 446 text 0
72 460 129 460 129 469 72 469 text 0
146 460 261 460 261 471 146 471 text 0
278 461 334 461 334 470 278 470 text 0
487 461 556 461 556 469 487 469 text 0
72 472 128 472 128 481 72 481 text 0
279 473 300 473 300 481 279 481 text 0
314 473 370 473 370 482 314 482 text 0
147 473 265 473 265 482 147 482 text 0
487 473 556 473 556 482 487 482 text 0
72 485 190 485 190 494 72 494 text 0
419 485 554 485 554 495 419 495 text 0
71 509 153 509 153 519 71 519 text 0
172 510 180 510 180 518 172 518 text 0
303 510 423 510 423 518 303 518 text 0
460 510 555 510 555 519 460 519 text 0
72 522 152 522 152 530 72 530 text 0
218 522 301 522 301 530 218 530 text 0
171 522 204 522 204 531 171 531 text 0
72 534 121 534 121 543 72 543 text 0
486 534 555 534 555 543 486 543 text 0
71 559 107 559 107 567 71 567 text 0
315 558 433 558 433 568 315 568 text 0
120 558 204 558 204 568 120 568 text 0
472 559 553 559 553 569 472 569 text 0
71 570 94 570 94 579 71 579 text 0
195 571 216 571 216 580 195 580 text 0
365 571 434 571 434 580 365 580 text 0
229 571 262 571 262 580 229 580 text 0
508 571 555 571 555 580 508 580 text 0
254 608 312 608 312 616 254 616 text 0
328 608 361 608 361 616 328 616 text 0
218 619 288 619 288 628 218 628 text 0
303 620 350 620 350 628 303 628 text 0
362 620 421 620 421 629 362 629 text 0