170 104 264 104 264 115 170 115 text 0
278 104 314 104 314 115 278 115 text 0
327 104 386 104 386 116 327 116 text 0
207 120 338 120 338 133 207 133 text 0
182 136 241 136 241 149 182 149 text 0
255 137 374 137 374 152 255 152 text 0
110 138 164 138 164 151 110 151 text 0
392 138 444 138 444 151 392 151 text 0
303 154 386 154 386 165 303 165 text 0
218 154 288 154 288 166 218 166 text 0
84 154 168 154 168 167 84 167 text 0
181 154 201 154 201 167 181 167 text 0
400 154 480 154 480 167 400 167 text 0
145 170 203 170 203 181 145 181 text 0
217 170 298 170 298 183 217 183 text 0
316 170 410 170 410 183 316 183 text 0
232 186 262 186 262 197 232 197 text 0
132 186 166 186 166 197 132 197 text 0
280 186 422 186 422 197 280 197 text 0
182 186 215 186 215 197 182 197 text 0
233 218 397 218 397 230 233 230 text 0
134 218 201 218 201 230 134 230 text 0
255 250 346 250 346 262 255 262 text 0
364 250 448 250 448 262 364 262 text 0
37 250 70 250 70 262 37 262 text 0
148 250 226 250 226 262 148 262 text 0
85 251 129 251 129 262 85 262 text 0
147 266 266 266 266 278 147 278 text 0
37 266 84 266 84 278 37 278 text 0
283 266 377 266 377 278 283 278 text 0
415 298 470 298 470 310 415 310 text 0
486 298 521 298 521 310 486 310 text 0
37 298 169 298 169 311 37 311 text 0
218 298 254 298 254 311 218 311 text 0
303 298 389 298 389 312 303 312 text 0
39 330 70 330 70 342 39 342 text 0
86 331 118 331 118 343 86 343 text 0
315 346 362 346 362 357 315 357 text 0
426 346 472 346 472 358 426 358 text 0
497 346 519 346 519 358 497 358 text 0
210 347 216 347 216 358 210 358 text 0
230 349 240 349 240 358 230 358 text 0
35 361 82 361 82 373 35 373 text 0
99 361 129 361 129 373 99 373 text 0
316 377 364 377 364 388 316 388 text 0
425 377 473 377 473 389 425 389 text 0
497 378 519 378 519 389 497 389 text 0
210 378 216 378 216 390 210 390 text 0
231 380 241 380 241 389 231 389 text 0
37 407 92 407 92 420 37 420 text 0
108 409 153 409 153 421 108 421 text 0
170 409 181 409 181 420 170 420 text 0
38 423 92 423 92 435 38 435 text 0
243 424 300 424 300 436 243 436 text 0
475 424 519 424 519 436 475 436 text 0
112 424 228 424 228 437 112 437 text 0
37 439 70 439 70 451 37 451 text 0
184 439 237 439 237 452 184 452 text 0
474 440 521 440 521 451 474 451 text 0
84 439 168 439 168 452 84 452 text 0
38 455 92 455 92 467 38 467 text 0
243 455 264 455 264 467 243 467 text 0
112 454 228 454 228 467 112 467 text 0
475 455 519 455 519 467 475 467 text 0
279 455 335 455 335 468 279 468 text 0
38 471 156 471 156 483 38 483 text 0
426 472 518 472 518 483 426 483 text 0
37 502 86 502 86 514 37 514 text 0
474 502 520 502 520 514 474 514 text 0
37 550 72 550 72 561 37 561 text 0
279 550 398 550 398 563 279 563 text 0
437 550 520 550 520 564 437 564 text 0
86 551 168 551 168 564 86 564 text 0
474 565 521 565 521 577 474 577 text 0
37 566 61 566 61 578 37 578 text 0
353 566 400 566 400 578 353 578 text 0
160 566 181 566 181 579 160 579 text 0
195 566 228 566 228 579 195 579 text 0