238 75 287 75 287 88 238 88 text 0
294 75 391 75 391 88 294 88 text 0
211 96 254 96 254 107 211 107 text 0
278 96 419 96 419 107 278 107 text 0
195 96 201 96 201 109 195 109 text 0
429 96 435 96 435 110 429 110 text 0
191 115 232 115 232 126 191 126 text 0
240 115 273 115 273 126 240 126 text 0
282 116 440 116 440 127 282 127 text 0
173 114 181 114 181 130 173 130 text 0
449 115 456 115 456 131 449 131 text 0
38 138 92 138 92 151 38 151 text 0
101 139 204 139 204 152 101 152 text 0
214 139 299 139 299 152 214 152 text 0
317 139 345 139 345 152 317 152 text 0
358 139 408 139 408 152 358 152 text 0
499 139 596 139 596 152 499 152 text 0
421 139 488 139 488 152 421 152 text 0
99 157 149 157 149 171 99 171 text 0
160 158 174 158 174 171 160 171 text 0
182 158 252 158 252 171 182 171 text 0
262 157 396 157 396 172 262 172 text 0
407 159 532 159 532 172 407 172 text 0
175 202 244 202 244 217 175 217 text 0
267 202 414 202 414 218 267 218 text 0
199 230 349 230 349 244 199 244 text 0
51 233 136 233 136 245 51 245 text 0
352 254 449 254 449 267 352 267 text 0
199 254 327 254 327 267 199 267 text 0
51 254 104 254 104 268 51 268 text 0
51 272 136 272 136 285 51 285 text 0
198 274 272 274 272 287 198 287 text 0
285 275 290 275 290 286 285 286 text 0
300 274 351 274 351 288 300 288 text 0
53 301 103 301 103 315 53 315 text 0
343 302 400 302 400 315 343 315 text 0
425 303 514 303 514 315 425 315 text 0
262 302 303 302 303 318 262 318 text 0
50 326 105 326 105 338 50 338 text 0
115 327 170 327 170 338 115 338 text 0
181 326 247 326 247 338 181 338 text 0
259 326 363 326 363 339 259 339 text 0
50 344 235 344 235 357 50 357 text 0
296 344 308 344 308 357 296 357 text 0
344 345 404 345 404 357 344 357 text 0
448 345 552 345 552 358 448 358 text 0
116 365 125 365 125 379 116 379 text 0
51 366 92 366 92 383 51 383 text 0
218 369 335 369 335 382 218 382 text 0
447 370 510 370 510 383 447 383 text 0
217 390 291 390 291 403 217 403 text 0
449 392 509 392 509 405 449 405 text 0
462 419 510 419 510 432 462 432 text 0
221 416 306 416 306 434 221 434 text 0
47 458 92 458 92 473 47 473 text 0
450 459 488 459 488 474 450 474 text 0
319 459 402 459 402 474 319 474 text 0
101 458 203 458 203 476 101 476 text 0
118 486 157 486 157 499 118 499 text 0
48 485 79 485 79 499 48 499 text 0
88 485 110 485 110 500 88 500 text 0
357 487 418 487 418 500 357 500 text 0
458 486 510 486 510 501 458 501 text 0
46 509 95 509 95 524 46 524 text 0
455 510 507 510 507 525 455 525 text 0
354 510 417 510 417 525 354 525 text 0
218 540 311 540 311 553 218 553 text 0
320 540 379 540 379 553 320 553 text 0
154 555 256 555 256 569 154 569 text 0
265 556 345 556 345 570 265 570 text 0
355 557 439 557 439 570 355 570 text 0