22 76 50 76 50 87 22 87 text 0
55 77 91 77 91 86 55 86 text 0
100 77 195 77 195 87 100 87 text 0
204 77 254 77 254 87 204 87 text 0
263 76 392 76 392 89 263 89 text 0
23 96 84 96 84 106 23 106 text 0
92 96 204 96 204 106 92 106 text 0
216 96 280 96 280 106 216 106 text 0
289 96 412 96 412 107 289 107 text 0
23 114 69 114 69 125 23 125 text 0
124 114 182 114 182 125 124 125 text 0
189 114 272 114 272 127 189 127 text 0
280 116 392 116 392 126 280 126 text 0
402 116 467 116 467 126 402 126 text 0
77 115 115 115 115 128 77 128 text 0
474 115 604 115 604 128 474 128 text 0
89 136 146 136 146 147 89 147 text 0
25 136 60 136 60 147 25 147 text 0
66 135 82 135 82 147 66 147 text 0
156 135 375 135 375 148 156 148 text 0
383 135 536 135 536 148 383 148 text 0
207 155 249 155 249 165 207 165 text 0
257 155 278 155 278 165 257 165 text 0
288 155 330 155 330 165 288 165 text 0
24 155 185 155 185 168 24 168 text 0
24 173 367 173 367 187 24 187 text 0
24 194 110 194 110 204 24 204 text 0
120 194 182 194 182 204 120 204 text 0
426 194 497 194 497 204 426 204 text 0
322 194 355 194 355 204 322 204 text 0
505 194 526 194 526 204 505 204 text 0
363 194 417 194 417 204 363 204 text 0
189 193 312 193 312 206 189 206 text 0
23 213 59 213 59 224 23 224 text 0
67 213 102 213 102 224 67 224 text 0
111 213 129 213 129 224 111 224 text 0
136 213 172 213 172 224 136 224 text 0
181 213 317 213 317 224 181 224 text 0
113 251 149 251 149 263 113 263 text 0
216 252 265 252 265 262 216 262 text 0
330 252 371 252 371 262 330 262 text 0
440 253 484 253 484 263 440 263 text 0
24 271 48 271 48 282 24 282 text 0
55 271 164 271 164 282 55 282 text 0
172 271 230 271 230 282 172 282 text 0
240 271 300 271 300 282 240 282 text 0
309 272 357 272 357 282 309 282 text 0
364 272 405 272 405 282 364 282 text 0
411 272 445 272 445 282 411 282 text 0
141 292 149 292 149 302 141 302 text 0
226 292 266 292 266 302 226 302 text 0
331 291 370 291 370 302 331 302 text 0
445 291 484 291 484 302 445 302 text 0
512 291 534 291 534 302 512 302 text 0
23 329 59 329 59 338 23 338 text 0
67 328 128 328 128 339 67 339 text 0
497 329 535 329 535 340 497 340 text 0
21 348 90 348 90 358 21 358 text 0
98 348 159 348 159 358 98 358 text 0
498 349 535 349 535 359 498 359 text 0
23 386 71 386 71 396 23 396 text 0
81 386 131 386 131 397 81 397 text 0
139 386 179 386 179 397 139 397 text 0
486 387 535 387 535 397 486 397 text 0
22 425 102 425 102 435 22 435 text 0
111 425 148 425 148 435 111 435 text 0
485 426 535 426 535 436 485 436 text 0
21 464 80 464 80 474 21 474 text 0
91 464 129 464 129 474 91 474 text 0
302 465 310 465 310 475 302 475 text 0
186 501 254 501 254 512 186 512 text 0
23 501 44 501 44 512 23 512 text 0
88 502 120 502 120 511 88 511 text 0
497 502 535 502 535 513 497 513 text 0
308 502 347 502 347 513 308 513 text 0
408 502 455 502 455 513 408 513 text 0
140 541 208 541 208 552 140 552 text 0
215 541 243 541 243 552 215 552 text 0
22 540 133 540 133 553 22 553 text 0
22 559 56 559 56 570 22 570 text 0
67 559 109 559 109 570 67 570 text 0
129 560 163 560 163 569 129 569 text 0
183 560 227 560 227 569 183 569 text 0
248 560 362 560 362 571 248 571 text 0
104 599 140 599 140 609 104 609 text 0
23 599 73 599 73 609 23 609 text 0
84 599 96 599 96 609 84 609 text 0
150 599 245 599 245 608 150 608 text 0