22 28 128 28 128 35 22 35 text 0
139 28 285 28 285 35 139 35 text 0
296 28 345 28 345 35 296 35 text 0
357 28 406 28 406 35 357 35 text 0
416 28 571 28 571 37 416 37 text 0
25 42 47 42 47 49 25 49 text 0
56 42 125 42 125 49 56 49 text 0
137 43 209 43 209 50 137 50 text 0
218 43 230 43 230 49 218 49 text 0
240 43 320 43 320 49 240 49 text 0
331 43 405 43 405 49 331 49 text 0
417 43 484 43 484 49 417 49 text 0
496 43 521 43 521 49 496 49 text 0
22 54 69 54 69 61 22 61 text 0
80 54 229 54 229 61 80 61 text 0
263 54 310 54 310 61 263 61 text 0
322 55 469 55 469 61 322 61 text 0
21 71 224 71 224 78 21 78 text 0
21 83 66 83 66 89 21 89 text 0
77 83 128 83 128 90 77 90 text 0
139 84 307 84 307 90 139 90 text 0
21 102 74 102 74 109 21 109 text 0
83 102 203 102 203 109 83 109 text 0
26 194 62 194 62 200 26 200 text 0
72 194 86 194 86 200 72 200 text 0
166 194 294 194 294 200 166 200 text 0
296 206 388 206 388 211 296 211 text 0
180 205 287 205 287 212 180 212 text 0
400 206 423 206 423 211 400 211 text 0
25 204 67 204 67 213 25 213 text 0
26 216 117 216 117 223 26 223 text 0
25 226 112 226 112 233 25 233 text 0
167 227 203 227 203 232 167 232 text 0
287 227 362 227 362 233 287 233 text 0
428 227 450 227 450 233 428 233 text 0
25 250 170 250 170 257 25 257 text 0
268 250 330 250 330 257 268 257 text 0
351 251 392 251 392 257 351 257 text 0
442 251 578 251 578 257 442 257 text 0
539 260 597 260 597 266 539 266 text 0
298 262 326 262 326 268 298 268 text 0
495 262 524 262 524 268 495 268 text 0
56 262 97 262 97 269 56 269 text 0
25 278 53 278 53 284 25 284 text 0
80 278 151 278 151 284 80 284 text 0
161 278 255 278 255 284 161 284 text 0
66 289 107 289 107 295 66 295 text 0
118 289 156 289 156 295 118 295 text 0
250 290 330 290 330 295 250 295 text 0
472 290 526 290 526 295 472 295 text 0
555 290 581 290 581 296 555 296 text 0
25 304 53 304 53 309 25 309 text 0
80 304 151 304 151 309 80 309 text 0
161 304 255 304 255 310 161 310 text 0
66 315 107 315 107 321 66 321 text 0
118 315 156 315 156 321 118 321 text 0
250 315 330 315 330 321 250 321 text 0
471 315 527 315 527 321 471 321 text 0
553 316 580 316 580 321 553 321 text 0
25 330 53 330 53 335 25 335 text 0
83 330 111 330 111 335 83 335 text 0
211 330 253 330 253 336 211 336 text 0
62 331 75 331 75 335 62 335 text 0
121 330 201 330 201 337 121 337 text 0
66 341 107 341 107 346 66 346 text 0
116 341 155 341 155 346 116 346 text 0
260 341 331 341 331 347 260 347 text 0
481 342 525 342 525 347 481 347 text 0
553 342 580 342 580 347 553 347 text 0
25 355 53 355 53 361 25 361 text 0
83 355 111 355 111 361 83 361 text 0
210 355 254 355 254 361 210 361 text 0
60 356 73 356 73 361 60 361 text 0
120 355 201 355 201 363 120 363 text 0
65 367 108 367 108 372 65 372 text 0
116 367 155 367 155 372 116 372 text 0
261 367 330 367 330 372 261 372 text 0
481 367 525 367 525 373 481 373 text 0
554 368 579 368 579 373 554 373 text 0
25 382 36 382 36 388 25 388 text 0
45 382 92 382 92 388 45 388 text 0
102 381 169 381 169 389 102 389 text 0
65 392 107 392 107 398 65 398 text 0
117 393 154 393 154 398 117 398 text 0
259 393 329 393 329 398 259 398 text 0
480 393 524 393 524 399 480 399 text 0
554 393 579 393 579 399 554 399 text 0
21 415 74 415 74 422 21 422 text 0
85 415 160 415 160 421 85 421 text 0
183 415 194 415 194 421 183 421 text 0
323 415 376 415 376 421 323 421 text 0
464 415 513 415 513 422 464 422 text 0
387 415 434 415 434 423 387 423 text 0
48 456 87 456 87 462 48 462 text 0
92 456 145 456 145 462 92 462 text 0
473 456 533 456 533 462 473 462 text 0
152 456 253 456 253 463 152 463 text 0
260 456 309 456 309 463 260 463 text 0
227 469 268 469 268 475 227 475 text 0
276 469 309 469 309 475 276 475 text 0
485 469 529 469 529 475 485 475 text 0
485 484 528 484 528 489 485 489 text 0
166 483 261 483 261 490 166 490 text 0
269 483 307 483 307 490 269 490 text 0
40 497 159 497 159 504 40 504 text 0
169 497 237 497 237 504 169 504 text 0
456 498 531 498 531 505 456 505 text 0
249 497 323 497 323 506 249 506 text 0
50 516 97 516 97 522 50 522 text 0
476 517 532 517 532 523 476 523 text 0
50 528 97 528 97 534 50 534 text 0
488 529 532 529 532 534 488 534 text 0
106 528 183 528 183 536 106 536 text 0
19 548 59 548 59 553 19 553 text 0
66 549 161 549 161 556 66 556 text 0
237 548 365 548 365 556 237 556 text 0
436 549 522 549 522 556 436 556 text 0
19 563 45 563 45 568 19 568 text 0
102 563 122 563 122 568 102 568 text 0
81 563 95 563 95 568 81 568 text 0
296 563 354 563 354 569 296 569 text 0
54 563 74 563 74 570 54 570 text 0
481 563 525 563 525 569 481 569 text 0
48 584 109 584 109 589 48 589 text 0
118 584 134 584 134 590 118 590 text 0
139 584 240 584 240 589 139 589 text 0
50 592 108 592 108 598 50 598 text 0
117 592 154 592 154 598 117 598 text 0
242 592 346 592 346 598 242 598 text 0
204 593 234 593 234 598 204 598 text 0
406 593 450 593 450 599 406 599 text 0
166 594 196 594 196 598 166 598 text 0
356 594 395 594 395 598 356 598 text 0
50 601 79 601 79 606 50 606 text 0
191 601 210 601 210 606 191 606 text 0
285 601 321 601 321 606 285 606 text 0
330 601 360 601 360 607 330 607 text 0
90 601 181 601 181 608 90 608 text 0
217 601 273 601 273 608 217 608 text 0
371 601 456 601 456 608 371 608 text 0
467 602 524 602 524 608 467 608 text 0
73 609 111 609 111 615 73 615 text 0
51 609 66 609 66 615 51 615 text 0
331 609 353 609 353 615 331 615 text 0
274 610 321 610 321 615 274 615 text 0
201 610 266 610 266 616 201 616 text 0
121 610 190 610 190 616 121 616 text 0
362 610 458 610 458 616 362 616 text 0
49 618 66 618 66 623 49 623 text 0
395 618 439 618 439 624 395 624 text 0
255 618 311 618 311 624 255 624 text 0
202 618 247 618 247 624 202 624 text 0
177 618 191 618 191 624 177 624 text 0
326 618 335 618 335 624 326 624 text 0
500 619 520 619 520 624 500 624 text 0
449 619 491 619 491 624 449 624 text 0
75 618 167 618 167 625 75 625 text 0
343 619 387 619 387 626 343 626 text 0
527 619 592 619 592 625 527 625 text 0
77 627 93 627 93 632 77 632 text 0
49 627 66 627 66 632 49 632 text 0
159 627 246 627 246 632 159 632 text 0
259 627 292 627 292 632 259 632 text 0
302 627 317 627 317 632 302 632 text 0
326 627 352 627 352 633 326 633 text 0
103 627 150 627 150 634 103 634 text 0
361 627 430 627 430 634 361 634 text 0
441 627 514 627 514 634 441 634 text 0