47 44 182 44 182 52 47 52 text 0
191 43 320 43 320 53 191 53 text 0
385 43 433 43 433 53 385 53 text 0
442 43 494 43 494 53 442 53 text 0
329 43 379 43 379 53 329 53 text 0
503 43 582 43 582 54 503 54 text 0
590 43 615 43 615 53 590 53 text 0
326 55 407 55 407 64 326 64 text 0
192 55 226 55 226 64 192 64 text 0
263 55 319 55 319 64 263 64 text 0
234 56 252 56 252 66 234 66 text 0
417 56 465 56 465 66 417 66 text 0
245 67 296 67 296 76 245 76 text 0
177 67 237 67 237 75 177 75 text 0
305 67 368 67 368 77 305 77 text 0
380 67 472 67 472 79 380 79 text 0
135 79 176 79 176 87 135 87 text 0
183 79 214 79 214 87 183 87 text 0
342 79 419 79 419 88 342 88 text 0
225 79 321 79 321 88 225 88 text 0
430 79 526 79 526 88 430 88 text 0
209 91 257 91 257 100 209 100 text 0
264 91 299 91 299 100 264 100 text 0
307 92 453 92 453 101 307 101 text 0
152 113 188 113 188 129 152 129 text 0
299 113 311 113 311 129 299 129 text 0
203 114 285 114 285 130 203 130 text 0
323 114 446 114 446 130 323 130 text 0
459 114 505 114 505 130 459 130 text 0
267 144 313 144 313 160 267 160 text 0
376 144 401 144 401 160 376 160 text 0
437 144 532 144 532 160 437 160 text 0
329 144 362 144 362 160 329 160 text 0
39 165 123 165 123 174 39 174 text 0
344 167 398 167 398 174 344 174 text 0
418 166 537 166 537 175 418 175 text 0
149 181 208 181 208 197 149 197 text 0
220 181 293 181 293 197 220 197 text 0
307 181 342 181 342 197 307 197 text 0
354 181 390 181 390 197 354 197 text 0
38 182 133 182 133 196 38 196 text 0
282 203 291 203 291 210 282 210 text 0
305 202 317 202 317 211 305 211 text 0
209 203 240 203 240 210 209 210 text 0
256 203 266 203 266 210 256 210 text 0
38 203 109 203 109 210 38 210 text 0
125 204 192 204 192 212 125 212 text 0
40 216 98 216 98 223 40 223 text 0
113 216 134 216 134 223 113 223 text 0
151 215 217 215 217 224 151 224 text 0
37 227 97 227 97 235 37 235 text 0
113 227 182 227 182 235 113 235 text 0
272 227 366 227 366 235 272 235 text 0
198 227 254 227 254 237 198 237 text 0
39 238 104 238 104 247 39 247 text 0
114 239 279 239 279 249 114 249 text 0
274 251 313 251 313 260 274 260 text 0
456 250 514 250 514 260 456 260 text 0
322 250 432 250 432 260 322 260 text 0
378 265 422 265 422 274 378 274 text 0
194 265 228 265 228 274 194 274 text 0
243 266 275 266 275 273 243 273 text 0
351 266 362 266 362 273 351 273 text 0
290 267 326 267 326 275 290 275 text 0
448 266 533 266 533 276 448 276 text 0
33 266 167 266 167 276 33 276 text 0
266 285 275 285 275 294 266 294 text 0
350 285 362 285 362 294 350 294 text 0
181 285 226 285 226 294 181 294 text 0
60 285 70 285 70 294 60 294 text 0
316 285 325 285 325 294 316 294 text 0
486 285 531 285 531 294 486 294 text 0
35 285 47 285 47 294 35 294 text 0
412 286 422 286 422 293 412 293 text 0
95 286 154 286 154 295 95 295 text 0
32 298 140 298 140 306 32 306 text 0
266 298 275 298 275 306 266 306 text 0
317 298 325 298 325 306 317 306 text 0
349 298 360 298 360 306 349 306 text 0
411 298 423 298 423 306 411 306 text 0
182 298 227 298 227 306 182 306 text 0
474 298 532 298 532 306 474 306 text 0
84 311 142 311 142 319 84 319 text 0
182 311 229 311 229 319 182 319 text 0
33 311 45 311 45 319 33 319 text 0
59 310 70 310 70 319 59 319 text 0
315 312 325 312 325 319 315 319 text 0
350 312 362 312 362 319 350 319 text 0
264 312 277 312 277 318 264 318 text 0
411 312 423 312 423 319 411 319 text 0
475 312 530 312 530 319 475 319 text 0
204 327 263 327 263 343 204 343 text 0
278 327 303 327 303 343 278 343 text 0
474 328 532 328 532 344 474 344 text 0
314 327 419 327 419 348 314 348 text 0
34 353 144 353 144 362 34 362 text 0
315 354 325 354 325 362 315 362 text 0
179 354 227 354 227 362 179 362 text 0
264 354 277 354 277 362 264 362 text 0
349 354 360 354 360 362 349 362 text 0
401 354 423 354 423 362 401 362 text 0
476 354 531 354 531 362 476 362 text 0
34 365 141 365 141 374 34 374 text 0
183 365 226 365 226 374 183 374 text 0
350 367 362 367 362 375 350 375 text 0
253 367 277 367 277 375 253 375 text 0
401 366 424 366 424 375 401 375 text 0
315 366 325 366 325 375 315 375 text 0
473 366 533 366 533 375 473 375 text 0
59 382 117 382 117 400 59 400 text 0
130 383 155 383 155 399 130 399 text 0
474 384 532 384 532 400 474 400 text 0
168 382 263 382 263 403 168 403 text 0
278 382 346 382 346 403 278 403 text 0
363 383 420 383 420 404 363 404 text 0
375 409 420 409 420 425 375 425 text 0
486 409 533 409 533 424 486 424 text 0
69 434 127 434 127 450 69 450 text 0
144 434 167 434 167 450 144 450 text 0
472 435 531 435 531 450 472 450 text 0
181 434 276 434 276 454 181 454 text 0
290 434 345 434 345 454 290 454 text 0
364 435 419 435 419 455 364 455 text 0
205 459 262 459 262 475 205 475 text 0
277 459 302 459 302 474 277 474 text 0
472 460 531 460 531 476 472 476 text 0
315 458 418 458 418 478 315 478 text 0
252 485 310 485 310 502 252 502 text 0
471 486 532 486 532 502 471 502 text 0
326 485 418 485 418 506 326 506 text 0
38 519 122 519 122 527 38 527 text 0
38 531 133 531 133 540 38 540 text 0
148 532 206 532 206 539 148 539 text 0
390 532 450 532 450 541 390 541 text 0
464 532 575 532 575 541 464 541 text 0
331 532 377 532 377 542 331 542 text 0
220 532 278 532 278 542 220 542 text 0
295 534 317 534 317 540 295 540 text 0
37 544 72 544 72 552 37 552 text 0
210 544 231 544 231 552 210 552 text 0
245 544 363 544 363 552 245 552 text 0
489 544 511 544 511 552 489 552 text 0
378 544 472 544 472 554 378 554 text 0
87 545 194 545 194 554 87 554 text 0
183 555 230 555 230 564 183 564 text 0
147 557 170 557 170 564 147 564 text 0
38 556 135 556 135 566 38 566 text 0
550 558 582 558 582 565 550 565 text 0
369 556 498 556 498 566 369 566 text 0
515 558 536 558 536 564 515 564 text 0
246 558 353 558 353 566 246 566 text 0
161 568 231 568 231 576 161 576 text 0
295 568 328 568 328 576 295 576 text 0
414 568 438 568 438 576 414 576 text 0
343 568 400 568 400 576 343 576 text 0
453 569 486 569 486 577 453 577 text 0
112 569 145 569 145 576 112 576 text 0
257 571 280 571 280 577 257 577 text 0
39 569 97 569 97 578 39 578 text 0
184 582 243 582 243 589 184 589 text 0
500 581 510 581 510 590 500 590 text 0
295 581 340 581 340 590 295 590 text 0
407 581 486 581 486 590 407 590 text 0
355 581 389 581 389 590 355 590 text 0
39 580 168 580 168 591 39 591 text 0
259 584 280 584 280 590 259 590 text 0
171 594 219 594 219 602 171 602 text 0
37 593 159 593 159 603 37 603 text 0
210 606 375 606 375 616 210 616 text 0
382 606 451 606 451 616 382 616 text 0