271 105 361 105 361 110 271 110 text 0
365 106 390 106 390 111 365 111 text 0
256 111 404 111 404 125 256 125 text 0
54 129 98 129 98 136 54 136 text 0
105 129 197 129 197 139 105 139 text 0
51 149 118 149 118 157 51 157 text 0
131 150 179 150 179 157 131 157 text 0
188 149 236 149 236 158 188 158 text 0
245 150 290 150 290 159 245 159 text 0
50 161 95 161 95 168 50 168 text 0
109 162 178 162 178 170 109 170 text 0
189 162 228 162 228 170 189 170 text 0
242 163 302 163 302 170 242 170 text 0
50 174 95 174 95 181 50 181 text 0
104 174 173 174 173 181 104 181 text 0
314 174 422 174 422 181 314 181 text 0
429 174 523 174 523 181 429 181 text 0
187 174 305 174 305 182 187 182 text 0
173 185 228 185 228 192 173 192 text 0
54 185 164 185 164 193 54 193 text 0
237 185 361 185 361 193 237 193 text 0
374 185 435 185 435 193 374 193 text 0
52 198 98 198 98 205 52 205 text 0
163 198 189 198 189 205 163 205 text 0
212 197 373 197 373 205 212 205 text 0
108 197 147 197 147 206 108 206 text 0
133 224 199 224 199 236 133 236 text 0
54 224 121 224 121 236 54 236 text 0
214 226 322 226 322 238 214 238 text 0
50 247 95 247 95 255 50 255 text 0
121 247 371 247 371 256 121 256 text 0
116 262 136 262 136 269 116 269 text 0
162 262 232 262 232 269 162 269 text 0
51 261 105 261 105 270 51 270 text 0
54 276 119 276 119 283 54 283 text 0
128 276 148 276 148 283 128 283 text 0
171 276 236 276 236 283 171 283 text 0
50 290 163 290 163 298 50 298 text 0
188 290 210 290 210 298 188 298 text 0
127 303 244 303 244 312 127 312 text 0
54 303 100 303 100 312 54 312 text 0
252 304 346 304 346 311 252 311 text 0
301 325 393 325 393 335 301 335 text 0
53 325 181 325 181 335 53 335 text 0
538 326 577 326 577 334 538 334 text 0
410 327 498 327 498 335 410 335 text 0
430 338 479 338 479 347 430 347 text 0
532 339 586 339 586 346 532 346 text 0
128 360 152 360 152 368 128 368 text 0
198 360 332 360 332 368 198 368 text 0
55 361 118 361 118 369 55 369 text 0
291 374 331 374 331 382 291 382 text 0
247 374 281 374 281 382 247 382 text 0
51 375 133 375 133 382 51 382 text 0
143 375 205 375 205 382 143 382 text 0
287 388 341 388 341 395 287 395 text 0
55 388 134 388 134 396 55 396 text 0
247 388 281 388 281 396 247 396 text 0
143 388 187 388 187 396 143 396 text 0
423 408 454 408 454 415 423 415 text 0
465 407 522 407 522 415 465 415 text 0
546 407 574 407 574 415 546 415 text 0
352 408 359 408 359 415 352 415 text 0
231 408 252 408 252 415 231 415 text 0
188 409 219 409 219 416 188 416 text 0
53 409 99 409 99 416 53 416 text 0
110 409 179 409 179 416 110 416 text 0
546 421 574 421 574 429 546 429 text 0
438 422 523 422 523 430 438 430 text 0
132 422 166 422 166 430 132 430 text 0
352 423 359 423 359 431 352 431 text 0
54 423 123 423 123 432 54 432 text 0
420 442 502 442 502 454 420 454 text 0
360 442 409 442 409 454 360 454 text 0
56 444 134 444 134 458 56 458 text 0
465 464 508 464 508 471 465 471 text 0
427 464 456 464 456 472 427 472 text 0
54 466 150 466 150 475 54 475 text 0
465 477 508 477 508 485 465 485 text 0
426 479 457 479 457 486 426 486 text 0
153 479 197 479 197 486 153 486 text 0
53 479 144 479 144 488 53 488 text 0
542 496 587 496 587 503 542 503 text 0
372 496 460 496 460 503 372 503 text 0
56 498 102 498 102 506 56 506 text 0
114 498 219 498 219 508 114 508 text 0
501 514 587 514 587 521 501 521 text 0
374 514 459 514 459 521 374 521 text 0
157 515 223 515 223 522 157 522 text 0
58 515 149 515 149 523 58 523 text 0
502 527 588 527 588 534 502 534 text 0
359 527 392 527 392 535 359 535 text 0
403 527 461 527 461 535 403 535 text 0
58 529 147 529 147 536 58 536 text 0
154 529 228 529 228 536 154 536 text 0
501 551 589 551 589 559 501 559 text 0
163 551 226 551 226 559 163 559 text 0
59 551 154 551 154 561 59 561 text 0
531 567 589 567 589 575 531 575 text 0
489 567 522 567 522 575 489 575 text 0
55 569 110 569 110 577 55 577 text 0
405 595 503 595 503 602 405 602 text 0
370 596 395 596 395 603 370 603 text 0
145 596 214 596 214 603 145 603 text 0
289 596 357 596 357 604 289 604 text 0
224 596 282 596 282 603 224 603 text 0
324 618 412 618 412 625 324 625 text 0
196 618 313 618 313 625 196 625 text 0
58 620 105 620 105 627 58 627 text 0
113 619 182 619 182 628 113 628 text 0