49 55 176 55 176 68 49 68 text 0
183 55 421 55 421 68 183 68 text 0
428 55 527 55 527 68 428 68 text 0
52 76 86 76 86 83 52 83 text 0
207 76 269 76 269 83 207 83 text 0
278 75 340 75 340 83 278 83 text 0
347 75 416 75 416 83 347 83 text 0
424 76 439 76 439 83 424 83 text 0
95 76 200 76 200 84 95 84 text 0
448 75 517 75 517 85 448 85 text 0
48 85 113 85 113 92 48 92 text 0
123 85 185 85 185 92 123 92 text 0
190 85 246 85 246 92 190 92 text 0
51 96 114 96 114 103 51 103 text 0
266 96 381 96 381 103 266 103 text 0
390 96 442 96 442 103 390 103 text 0
123 96 244 96 244 105 123 105 text 0
48 108 86 108 86 115 48 115 text 0
95 108 210 108 210 115 95 115 text 0
219 108 270 108 270 115 219 115 text 0
51 118 90 118 90 125 51 125 text 0
98 118 121 118 121 125 98 125 text 0
177 118 329 118 329 125 177 125 text 0
132 119 162 119 162 125 132 125 text 0
424 123 480 123 480 132 424 132 text 0
492 123 606 123 606 132 492 132 text 0
39 131 101 131 101 138 39 138 text 0
108 130 131 130 131 139 108 139 text 0
237 140 275 140 275 147 237 147 text 0
38 140 104 140 104 147 38 147 text 0
110 140 183 140 183 146 110 146 text 0
191 140 229 140 229 146 191 146 text 0
281 140 386 140 386 148 281 148 text 0
44 162 106 162 106 169 44 169 text 0
198 162 307 162 307 169 198 169 text 0
115 162 189 162 189 169 115 169 text 0
59 187 76 187 76 195 59 195 text 0
282 187 397 187 397 195 282 195 text 0
84 187 197 187 197 195 84 195 text 0
409 188 444 188 444 194 409 194 text 0
472 188 531 188 531 194 472 194 text 0
542 188 551 188 551 194 542 194 text 0
453 189 461 189 461 194 453 194 text 0
282 199 350 199 350 206 282 206 text 0
356 199 399 199 399 206 356 206 text 0
410 199 493 199 493 206 410 206 text 0
283 209 423 209 423 219 283 219 text 0
432 209 606 209 606 219 432 219 text 0
104 222 117 222 117 228 104 228 text 0
85 222 96 222 96 228 85 228 text 0
127 222 197 222 197 229 127 229 text 0
486 222 541 222 541 229 486 229 text 0
573 222 597 222 597 229 573 229 text 0
284 234 301 234 301 241 284 241 text 0
314 234 353 234 353 241 314 241 text 0
362 234 442 234 442 241 362 241 text 0
59 234 74 234 74 241 59 241 text 0
84 234 194 234 194 241 84 241 text 0
451 235 519 235 519 241 451 241 text 0
529 235 562 235 562 244 529 244 text 0
285 245 341 245 341 254 285 254 text 0
85 258 96 258 96 265 85 265 text 0
106 258 119 258 119 265 106 265 text 0
127 258 197 258 197 265 127 265 text 0
484 258 541 258 541 265 484 265 text 0
573 258 597 258 597 265 573 265 text 0
91 272 144 272 144 279 91 279 text 0
151 272 239 272 239 279 151 279 text 0
32 272 84 272 84 279 32 279 text 0
249 273 289 273 289 280 249 280 text 0
297 272 350 272 350 280 297 280 text 0
484 273 541 273 541 280 484 280 text 0
252 285 340 285 340 292 252 292 text 0
498 286 542 286 542 293 498 293 text 0
249 301 301 301 301 309 249 309 text 0
487 303 544 303 544 310 487 310 text 0
253 315 315 315 315 322 253 322 text 0
323 314 356 314 356 323 323 323 text 0
499 316 544 316 544 323 499 323 text 0
253 331 297 331 297 338 253 338 text 0
305 331 356 331 356 338 305 338 text 0
485 332 545 332 545 339 485 339 text 0
253 354 307 354 307 360 253 360 text 0
487 355 546 355 546 362 487 362 text 0
253 367 337 367 337 374 253 374 text 0
488 367 546 367 546 375 488 375 text 0
36 384 75 384 75 390 36 390 text 0
267 384 395 384 395 393 267 393 text 0
82 384 179 384 179 392 82 392 text 0
494 384 583 384 583 393 494 393 text 0
339 396 398 396 398 403 339 403 text 0
98 396 131 396 131 403 98 403 text 0
36 396 61 396 61 403 36 403 text 0
541 396 583 396 583 403 541 403 text 0
69 396 88 396 88 404 69 404 text 0
138 428 299 428 299 435 138 435 text 0
34 428 71 428 71 435 34 435 text 0
81 428 119 428 119 435 81 435 text 0
332 427 379 427 379 436 332 436 text 0
413 428 534 428 534 436 413 436 text 0
74 485 147 485 147 492 74 492 text 0
153 485 199 485 199 492 153 492 text 0
455 486 589 486 589 493 455 493 text 0
296 486 423 486 423 493 296 493 text 0
251 486 289 486 289 492 251 492 text 0
431 486 448 486 448 492 431 492 text 0
206 488 243 488 243 492 206 492 text 0
322 507 386 507 386 513 322 513 text 0
211 507 262 507 262 513 211 513 text 0
123 507 204 507 204 513 123 513 text 0
269 507 313 507 313 513 269 513 text 0
395 506 539 506 539 513 395 513 text 0
297 518 367 518 367 525 297 525 text 0
373 518 455 518 455 525 373 525 text 0
208 518 289 518 289 525 208 525 text 0
126 539 219 539 219 546 126 546 text 0
227 539 293 539 293 546 227 546 text 0
319 539 365 539 365 546 319 546 text 0
376 539 475 539 475 546 376 546 text 0
483 539 533 539 533 546 483 546 text 0
264 561 311 561 311 568 264 568 text 0
108 561 190 561 190 568 108 568 text 0
320 561 413 561 413 568 320 568 text 0
201 561 253 561 253 568 201 568 text 0
419 561 463 561 463 568 419 568 text 0
473 561 551 561 551 568 473 568 text 0
559 561 589 561 589 568 559 568 text 0
192 574 252 574 252 581 192 581 text 0
349 574 464 574 464 581 349 581 text 0
317 574 341 574 341 581 317 581 text 0
258 574 304 574 304 581 258 581 text 0
60 574 182 574 182 581 60 581 text 0
470 574 605 574 605 581 470 581 text 0
260 587 367 587 367 594 260 594 text 0
100 607 175 607 175 614 100 614 text 0
183 607 230 607 230 614 183 614 text 0
240 607 360 607 360 614 240 614 text 0
369 607 567 607 567 616 369 616 text 0