324 103 383 103 383 115 324 115 text 0
164 102 261 102 261 115 164 115 text 0
275 103 310 103 310 115 275 115 text 0
201 119 334 119 334 131 201 131 text 0
178 135 237 135 237 148 178 148 text 0
386 135 441 135 441 148 386 148 text 0
106 136 161 136 161 149 106 149 text 0
251 135 370 135 370 149 251 149 text 0
299 151 382 151 382 164 299 164 text 0
213 151 285 151 285 164 213 164 text 0
396 151 476 151 476 165 396 165 text 0
178 152 197 152 197 165 178 165 text 0
81 152 164 152 164 166 81 166 text 0
141 167 200 167 200 179 141 179 text 0
214 167 295 167 295 180 214 180 text 0
312 166 407 166 407 181 312 181 text 0
177 183 212 183 212 195 177 195 text 0
275 183 419 183 419 196 275 196 text 0
128 183 162 183 162 196 128 196 text 0
228 183 257 183 257 196 228 196 text 0
229 216 392 216 392 228 229 228 text 0
132 216 198 216 198 229 132 229 text 0
360 247 442 247 442 260 360 260 text 0
82 248 125 248 125 260 82 260 text 0
144 248 225 248 225 260 144 260 text 0
251 248 342 248 342 260 251 260 text 0
34 248 67 248 67 261 34 261 text 0
277 264 370 264 370 276 277 276 text 0
141 264 261 264 261 276 141 276 text 0
33 265 79 265 79 277 33 277 text 0
407 295 466 295 466 308 407 308 text 0
480 295 516 295 516 308 480 308 text 0
212 295 250 295 250 309 212 309 text 0
297 295 383 295 383 310 297 310 text 0
31 295 164 295 164 310 31 310 text 0
33 328 79 328 79 341 33 341 text 0
94 329 125 329 125 342 94 342 text 0
309 344 358 344 358 356 309 356 text 0
420 345 467 345 467 357 420 357 text 0
200 344 212 344 212 357 200 357 text 0
491 345 516 345 516 357 491 357 text 0
225 347 236 347 236 356 225 356 text 0
33 359 78 359 78 371 33 371 text 0
93 360 138 360 138 373 93 373 text 0
202 376 213 376 213 388 202 388 text 0
310 376 358 376 358 388 310 388 text 0
493 376 515 376 515 388 493 388 text 0
421 376 467 376 467 388 421 388 text 0
227 379 236 379 236 387 227 387 text 0
32 408 89 408 89 421 32 421 text 0
104 408 149 408 149 421 104 421 text 0
166 408 176 408 176 420 166 420 text 0
32 423 89 423 89 436 32 436 text 0
468 424 515 424 515 436 468 436 text 0
238 424 295 424 295 437 238 437 text 0
107 423 225 423 225 437 107 437 text 0
33 440 68 440 68 452 33 452 text 0
468 439 515 439 515 452 468 452 text 0
180 439 234 439 234 453 180 453 text 0
81 439 164 439 164 453 81 453 text 0
32 455 89 455 89 468 32 468 text 0
238 455 260 455 260 468 238 468 text 0
468 456 515 456 515 468 468 468 text 0
107 455 225 455 225 469 107 469 text 0
274 455 331 455 331 469 274 469 text 0
33 471 168 471 168 484 33 484 text 0
421 472 514 472 514 485 421 485 text 0
32 503 80 503 80 515 32 515 text 0
468 504 516 504 516 516 468 516 text 0
33 551 68 551 68 563 33 563 text 0
276 550 392 550 392 564 276 564 text 0
81 551 164 551 164 564 81 564 text 0
433 551 514 551 514 565 433 565 text 0
32 566 55 566 55 579 32 579 text 0
156 567 176 567 176 579 156 579 text 0
190 567 223 567 223 580 190 580 text 0
348 567 394 567 394 579 348 579 text 0
469 567 516 567 516 580 469 580 text 0