446 66 498 66 498 77 446 77 text 0
510 66 572 66 572 77 510 77 text 0
232 66 435 66 435 77 232 77 text 0
67 66 222 66 222 77 67 77 text 0
268 84 371 84 371 94 268 94 text 0
342 98 378 98 378 107 342 107 text 0
171 98 203 98 203 107 171 107 text 0
263 98 333 98 333 107 263 107 text 0
388 98 467 98 467 107 388 107 text 0
212 99 254 99 254 108 212 108 text 0
266 112 373 112 373 121 266 121 text 0
349 127 451 127 451 135 349 135 text 0
267 127 342 127 342 136 267 136 text 0
189 127 257 127 257 136 189 136 text 0
281 141 419 141 419 149 281 149 text 0
221 141 261 141 261 150 221 150 text 0
194 159 240 159 240 167 194 167 text 0
249 159 270 159 270 167 249 167 text 0
289 159 446 159 446 167 289 167 text 0
315 175 361 175 361 183 315 183 text 0
165 175 306 175 306 183 165 183 text 0
372 175 473 175 473 183 372 183 text 0
35 197 98 197 98 205 35 205 text 0
461 214 576 214 576 222 461 222 text 0
207 214 342 214 342 223 207 223 text 0
389 214 441 214 441 223 389 223 text 0
86 214 118 214 118 223 86 223 text 0
37 214 76 214 76 223 37 223 text 0
388 229 441 229 441 237 388 237 text 0
463 229 549 229 549 237 463 237 text 0
207 230 268 230 268 237 207 237 text 0
35 229 116 229 116 238 35 238 text 0
387 244 440 244 440 252 387 252 text 0
36 244 162 244 162 255 36 255 text 0
326 271 403 271 403 280 326 280 text 0
552 271 591 271 591 280 552 280 text 0
436 271 525 271 525 280 436 280 text 0
34 272 80 272 80 280 34 280 text 0
239 271 276 271 276 282 239 282 text 0
468 286 524 286 524 294 468 294 text 0
336 286 392 286 392 294 336 294 text 0
558 286 587 286 587 294 558 294 text 0
253 287 264 287 264 294 253 294 text 0
36 287 85 287 85 295 36 295 text 0
326 301 378 301 378 309 326 309 text 0
215 301 317 301 317 310 215 310 text 0
111 301 207 301 207 309 111 309 text 0
35 301 99 301 99 311 35 311 text 0
558 317 587 317 587 325 558 325 text 0
342 318 386 318 386 326 342 326 text 0
468 318 524 318 524 326 468 326 text 0
248 317 269 317 269 326 248 326 text 0
36 317 87 317 87 326 36 326 text 0
217 332 292 332 292 341 217 341 text 0
147 332 207 332 207 341 147 341 text 0
63 332 136 332 136 341 63 341 text 0
36 333 55 333 55 341 36 341 text 0
337 349 393 349 393 358 337 358 text 0
469 349 523 349 523 357 469 357 text 0
558 349 587 349 587 357 558 357 text 0
38 349 86 349 86 357 38 357 text 0
255 349 263 349 263 358 255 358 text 0
187 364 265 364 265 372 187 372 text 0
80 364 177 364 177 372 80 372 text 0
38 364 73 364 73 372 38 372 text 0
272 364 369 364 369 374 272 374 text 0
455 378 524 378 524 387 455 387 text 0
96 379 146 379 146 387 96 387 text 0
244 379 268 379 268 387 244 387 text 0
153 379 192 379 192 389 153 389 text 0
466 401 522 401 522 409 466 409 text 0
155 400 209 400 209 409 155 409 text 0
97 401 147 401 147 409 97 409 text 0
328 400 382 400 382 410 328 410 text 0
218 400 320 400 320 411 218 411 text 0
293 417 382 417 382 426 293 426 text 0
478 417 522 417 522 426 478 426 text 0
281 433 382 433 382 442 281 442 text 0
480 433 522 433 522 442 480 442 text 0
480 451 524 451 524 459 480 459 text 0
288 451 381 451 381 461 288 461 text 0
300 470 320 470 320 478 300 478 text 0
457 470 524 470 524 478 457 478 text 0
117 470 176 470 176 478 117 478 text 0
53 470 108 470 108 478 53 478 text 0
327 470 382 470 382 480 327 480 text 0
184 470 291 470 291 480 184 480 text 0
454 487 523 487 523 495 454 495 text 0
318 487 382 487 382 495 318 495 text 0
480 503 524 503 524 510 480 510 text 0
296 503 382 503 382 513 296 513 text 0
77 532 127 532 127 541 77 541 text 0
137 532 264 532 264 541 137 541 text 0
467 551 506 551 506 559 467 559 text 0
85 552 122 552 122 560 85 560 text 0
130 552 186 552 186 560 130 560 text 0
321 551 363 551 363 560 321 560 text 0
513 552 565 552 565 560 513 560 text 0
371 552 423 552 423 560 371 560 text 0
246 552 264 552 264 562 246 562 text 0
516 565 564 565 564 573 516 573 text 0
85 565 117 565 117 573 85 573 text 0
250 565 261 565 261 573 250 573 text 0
360 565 422 565 422 573 360 573 text 0
360 583 422 583 422 591 360 591 text 0
516 583 564 583 564 591 516 591 text 0
209 583 266 583 266 592 209 592 text 0
451 613 515 613 515 620 451 620 text 0
522 613 563 613 563 620 522 620 text 0
73 613 147 613 147 620 73 620 text 0
155 613 208 613 208 620 155 620 text 0
214 613 252 613 252 620 214 620 text 0
261 613 301 613 301 620 261 620 text 0
309 613 442 613 442 620 309 620 text 0