55 60 116 60 116 71 55 71 text 0
125 60 227 60 227 71 125 71 text 0
345 61 383 61 383 72 345 72 text 0
393 62 430 62 430 73 393 73 text 0
237 61 335 61 335 75 237 75 text 0
439 61 557 61 557 75 439 75 text 0
224 77 315 77 315 88 224 88 text 0
325 77 342 77 342 90 325 90 text 0
351 78 389 78 389 89 351 89 text 0
163 93 205 93 205 104 163 104 text 0
260 94 284 94 284 104 260 104 text 0
293 94 448 94 448 105 293 105 text 0
213 94 249 94 249 108 213 108 text 0
157 110 188 110 188 121 157 121 text 0
196 110 236 110 236 121 196 121 text 0
249 110 301 110 301 121 249 121 text 0
308 110 371 110 371 122 308 122 text 0
379 111 447 111 447 124 379 124 text 0
232 126 259 126 259 137 232 137 text 0
140 125 223 125 223 139 140 139 text 0
275 127 340 127 340 138 275 138 text 0
347 127 398 127 398 138 347 138 text 0
407 126 462 126 462 140 407 140 text 0
240 142 294 142 294 155 240 155 text 0
141 142 229 142 229 156 141 156 text 0
303 143 368 143 368 156 303 156 text 0
378 143 463 143 463 156 378 156 text 0
53 158 89 158 89 169 53 169 text 0
183 159 229 159 229 170 183 170 text 0
241 159 293 159 293 170 241 170 text 0
323 159 357 159 357 170 323 170 text 0
101 158 172 158 172 173 101 173 text 0
446 160 496 160 496 171 446 171 text 0
508 161 557 161 557 172 508 172 text 0
367 159 437 159 437 174 367 174 text 0
30 190 252 190 252 203 30 203 text 0
339 193 434 193 434 204 339 204 text 0
451 193 543 193 543 205 451 205 text 0
554 196 582 196 582 206 554 206 text 0
139 212 184 212 184 223 139 223 text 0
30 213 111 213 111 224 30 224 text 0
193 214 232 214 232 224 193 224 text 0
340 214 433 214 433 226 340 226 text 0
521 215 544 215 544 226 521 226 text 0
450 215 508 215 508 226 450 226 text 0
553 218 582 218 582 229 553 229 text 0
29 249 119 249 119 260 29 260 text 0
129 249 167 249 167 260 129 260 text 0
179 250 225 250 225 263 179 263 text 0
235 250 333 250 333 264 235 264 text 0
45 266 214 266 214 277 45 277 text 0
397 268 465 268 465 279 397 279 text 0
570 268 582 268 582 279 570 279 text 0
510 268 554 268 554 279 510 279 text 0
30 288 85 288 85 299 30 299 text 0
93 290 132 290 132 300 93 300 text 0
262 289 298 289 298 300 262 300 text 0
139 289 197 289 197 300 139 300 text 0
213 290 244 290 244 302 213 302 text 0
46 305 135 305 135 315 46 315 text 0
349 307 467 307 467 318 349 318 text 0
510 308 555 308 555 318 510 318 text 0
571 308 582 308 582 319 571 319 text 0
30 342 80 342 80 353 30 353 text 0
105 343 117 343 117 354 105 354 text 0
216 343 268 343 268 354 216 354 text 0
276 343 318 343 318 354 276 354 text 0
326 344 370 344 370 355 326 355 text 0
377 344 395 344 395 356 377 356 text 0
403 344 436 344 436 356 403 356 text 0
538 346 582 346 582 356 538 356 text 0
104 363 116 363 116 373 104 373 text 0
30 363 76 363 76 375 30 375 text 0
323 363 439 363 439 375 323 375 text 0
538 365 583 365 583 376 538 376 text 0
29 383 93 383 93 394 29 394 text 0
103 383 189 383 189 394 103 394 text 0
222 384 268 384 268 395 222 395 text 0
371 385 439 385 439 396 371 396 text 0
538 386 583 386 583 397 538 397 text 0
354 416 437 416 437 427 354 427 text 0
390 438 438 438 438 449 390 449 text 0
528 438 586 438 586 450 528 450 text 0
351 459 438 459 438 470 351 470 text 0
529 459 586 459 586 471 529 471 text 0
57 475 98 475 98 486 57 486 text 0
105 475 189 475 189 489 105 489 text 0
243 477 305 477 305 488 243 488 text 0
337 477 374 477 374 488 337 488 text 0
383 477 461 477 461 488 383 488 text 0
80 497 92 497 92 509 80 509 text 0
124 498 158 498 158 508 124 508 text 0
261 499 306 499 306 509 261 509 text 0
414 500 461 500 461 511 414 511 text 0
80 522 91 522 91 533 80 533 text 0
125 522 157 522 157 533 125 533 text 0
261 524 306 524 306 535 261 535 text 0
415 525 460 525 460 536 415 536 text 0
33 552 119 552 119 564 33 564 text 0
129 553 173 553 173 563 129 563 text 0
183 554 195 554 195 565 183 565 text 0
72 568 135 568 135 579 72 579 text 0
144 569 214 569 214 580 144 580 text 0
275 570 370 570 370 582 275 582 text 0
378 571 413 571 413 581 378 581 text 0
467 571 491 571 491 582 467 582 text 0
424 571 459 571 459 582 424 582 text 0
221 572 265 572 265 581 221 581 text 0
497 571 554 571 554 584 497 584 text 0
334 586 357 586 357 597 334 597 text 0
184 585 284 585 284 598 184 598 text 0
366 586 442 586 442 597 366 597 text 0
294 588 325 588 325 597 294 597 text 0
154 601 224 601 224 612 154 612 text 0
232 602 276 602 276 613 232 613 text 0
297 602 338 602 338 613 297 613 text 0
345 602 387 602 387 613 345 613 text 0
396 603 469 603 469 614 396 614 text 0
103 617 134 617 134 628 103 628 text 0
142 618 225 618 225 629 142 629 text 0
234 618 262 618 262 629 234 629 text 0
271 617 385 617 385 629 271 629 text 0
394 619 414 619 414 630 394 630 text 0
423 619 521 619 521 630 423 630 text 0