434 37 485 37 485 46 434 46 text 0
584 36 610 36 610 47 584 47 text 0
179 38 309 38 309 47 179 47 text 0
378 38 425 38 425 46 378 46 text 0
495 37 576 37 576 47 495 47 text 0
32 39 171 39 171 47 32 47 text 0
319 38 369 38 369 48 319 48 text 0
319 50 401 50 401 59 319 59 text 0
408 49 457 49 457 60 408 60 text 0
180 50 214 50 214 59 180 59 text 0
252 50 309 50 309 60 252 60 text 0
222 50 241 50 241 61 222 61 text 0
163 63 225 63 225 72 163 72 text 0
232 63 285 63 285 72 232 72 text 0
295 63 359 63 359 73 295 73 text 0
371 62 472 62 472 75 371 75 text 0
421 75 519 75 519 84 421 84 text 0
331 75 410 75 410 85 331 85 text 0
171 76 203 76 203 85 171 85 text 0
214 76 312 76 312 85 214 85 text 0
124 77 164 77 164 86 124 86 text 0
298 88 445 88 445 97 298 97 text 0
254 89 288 89 288 98 254 98 text 0
197 89 243 89 243 97 197 97 text 0
292 110 302 110 302 126 292 126 text 0
452 110 500 110 500 126 452 126 text 0
316 110 439 110 439 127 316 127 text 0
193 111 276 111 276 127 193 127 text 0
142 111 178 111 178 127 142 127 text 0
430 142 528 142 528 158 430 158 text 0
255 142 305 142 305 159 255 159 text 0
320 143 354 143 354 158 320 158 text 0
369 143 412 143 412 158 369 158 text 0
412 164 532 164 532 172 412 172 text 0
28 163 108 163 108 173 28 173 text 0
335 164 391 164 391 173 335 173 text 0
300 180 334 180 334 195 300 195 text 0
348 180 384 180 384 195 348 195 text 0
137 181 197 181 197 197 137 197 text 0
211 181 283 181 283 197 211 197 text 0
25 180 123 180 123 197 25 197 text 0
299 203 309 203 309 211 299 211 text 0
272 203 282 203 282 211 272 211 text 0
248 204 260 204 260 211 248 211 text 0
200 204 232 204 232 211 200 211 text 0
24 204 99 204 99 212 24 212 text 0
113 203 181 203 181 213 113 213 text 0
102 217 123 217 123 224 102 224 text 0
139 216 206 216 206 226 139 226 text 0
28 217 87 217 87 225 28 225 text 0
261 228 359 228 359 235 261 235 text 0
101 228 174 228 174 236 101 236 text 0
189 228 246 228 246 237 189 237 text 0
23 229 85 229 85 237 23 237 text 0
28 239 92 239 92 249 28 249 text 0
102 239 192 239 192 249 102 249 text 0
200 239 277 239 277 250 200 250 text 0
458 251 510 251 510 259 458 259 text 0
316 250 427 250 427 261 316 261 text 0
266 251 307 251 307 260 266 260 text 0
371 267 417 267 417 275 371 275 text 0
281 267 319 267 319 275 281 275 text 0
444 267 528 267 528 276 444 276 text 0
344 268 356 268 356 275 344 275 text 0
234 268 266 268 266 275 234 275 text 0
181 268 219 268 219 276 181 276 text 0
20 268 157 268 157 277 20 277 text 0
474 287 530 287 530 296 474 296 text 0
342 287 355 287 355 296 342 296 text 0
258 288 267 288 267 296 258 296 text 0
170 288 218 288 218 296 170 296 text 0
83 288 142 288 142 297 83 297 text 0
22 289 66 289 66 297 22 297 text 0
470 299 528 299 528 307 470 307 text 0
311 301 317 301 317 308 311 308 text 0
408 300 417 300 417 308 408 308 text 0
344 301 356 301 356 309 344 309 text 0
257 301 268 301 268 309 257 309 text 0
171 301 217 301 217 309 171 309 text 0
21 301 131 301 131 310 21 310 text 0
459 316 529 316 529 333 459 333 text 0
194 317 255 317 255 334 194 334 text 0
269 319 296 319 296 334 269 334 text 0
308 317 414 317 414 338 308 338 text 0
483 343 531 343 531 352 483 352 text 0
343 344 356 344 356 352 343 352 text 0
407 344 418 344 418 352 407 352 text 0
249 344 269 344 269 353 249 353 text 0
170 346 218 346 218 354 170 354 text 0
22 346 110 346 110 354 22 354 text 0
484 357 530 357 530 365 484 365 text 0
343 358 356 358 356 365 343 365 text 0
408 358 420 358 420 365 408 365 text 0
308 358 320 358 320 365 308 365 text 0
258 358 270 358 270 366 258 366 text 0
172 359 220 359 220 366 172 366 text 0
23 359 145 359 145 367 23 367 text 0
471 375 530 375 530 391 471 391 text 0
48 375 107 375 107 393 48 393 text 0
123 377 149 377 149 393 123 393 text 0
359 374 416 374 416 395 359 395 text 0
273 375 341 375 341 396 273 396 text 0
159 375 258 375 258 396 159 396 text 0
481 399 531 399 531 415 481 415 text 0
373 400 416 400 416 417 373 417 text 0
472 426 531 426 531 444 472 444 text 0
60 428 120 428 120 445 60 445 text 0
136 428 161 428 161 445 136 445 text 0
358 426 416 426 416 448 358 448 text 0
174 426 272 426 272 448 174 448 text 0
286 427 342 427 342 448 286 448 text 0
459 452 533 452 533 468 459 468 text 0
197 453 257 453 257 470 197 470 text 0
271 454 297 454 297 470 271 470 text 0
311 452 417 452 417 474 311 474 text 0
485 480 532 480 532 496 485 496 text 0
250 480 308 480 308 497 250 497 text 0
323 480 417 480 417 501 323 501 text 0
30 516 124 516 124 524 30 524 text 0
465 527 583 527 583 534 465 534 text 0
392 527 452 527 452 535 392 535 text 0
142 527 203 527 203 536 142 536 text 0
31 528 127 528 127 537 31 537 text 0
218 528 274 528 274 538 218 538 text 0
294 530 314 530 314 536 294 536 text 0
328 529 377 529 377 537 328 537 text 0
239 540 361 540 361 548 239 548 text 0
206 540 227 540 227 548 206 548 text 0
493 542 513 542 513 548 493 548 text 0
379 540 475 540 475 550 379 550 text 0
32 542 65 542 65 550 32 550 text 0
81 542 191 542 191 551 81 551 text 0
553 551 587 551 587 561 553 561 text 0
516 554 539 554 539 560 516 560 text 0
365 553 500 553 500 563 365 563 text 0
180 555 228 555 228 562 180 562 text 0
143 556 165 556 165 562 143 562 text 0
32 555 129 555 129 566 32 566 text 0
239 556 352 556 352 564 239 564 text 0
416 566 441 566 441 574 416 574 text 0
454 566 488 566 488 574 454 574 text 0
341 567 401 567 401 574 341 574 text 0
294 568 325 568 325 575 294 575 text 0
157 568 237 568 237 577 157 577 text 0
254 569 280 569 280 575 254 575 text 0
105 569 140 569 140 576 105 576 text 0
34 569 92 569 92 578 34 578 text 0
503 578 514 578 514 587 503 587 text 0
407 580 488 580 488 588 407 588 text 0
296 579 339 579 339 588 296 588 text 0
354 579 388 579 388 588 354 588 text 0
181 580 242 580 242 588 181 588 text 0
259 583 278 583 278 588 259 588 text 0
32 581 165 581 165 592 32 592 text 0
168 594 217 594 217 601 168 601 text 0
31 593 152 593 152 603 31 603 text 0
382 605 452 605 452 615 382 615 text 0
206 605 374 605 374 616 206 616 text 0