52 58 177 58 177 71 52 71 text 0
185 58 424 58 424 72 185 72 text 0
431 59 531 59 531 72 431 72 text 0
52 79 86 79 86 86 52 86 text 0
209 80 272 80 272 87 209 87 text 0
282 80 345 80 345 87 282 87 text 0
351 80 421 80 421 88 351 88 text 0
429 80 442 80 442 87 429 87 text 0
96 79 200 79 200 89 96 89 text 0
451 80 520 80 520 89 451 89 text 0
49 89 114 89 114 97 49 97 text 0
123 90 186 90 186 97 123 97 text 0
192 90 248 90 248 97 192 97 text 0
51 101 115 101 115 108 51 108 text 0
268 101 384 101 384 108 268 108 text 0
394 102 440 102 440 110 394 110 text 0
122 101 246 101 246 111 122 111 text 0
49 114 86 114 86 122 49 122 text 0
95 115 211 115 211 123 95 123 text 0
220 115 272 115 272 123 220 123 text 0
51 127 91 127 91 134 51 134 text 0
99 126 123 126 123 134 99 134 text 0
132 126 165 126 165 134 132 134 text 0
177 126 331 126 331 134 177 134 text 0
428 132 485 132 485 142 428 142 text 0
495 132 611 132 611 141 495 141 text 0
41 140 103 140 103 147 41 147 text 0
109 140 141 140 141 149 109 149 text 0
112 150 184 150 184 157 112 157 text 0
40 150 105 150 105 157 40 157 text 0
237 151 275 151 275 157 237 157 text 0
191 151 231 151 231 157 191 157 text 0
283 151 387 151 387 159 283 159 text 0
45 173 107 173 107 181 45 181 text 0
117 174 190 174 190 182 117 182 text 0
198 174 307 174 307 182 198 182 text 0
83 201 194 201 194 208 83 208 text 0
57 201 73 201 73 208 57 208 text 0
285 201 412 201 412 208 285 208 text 0
421 201 524 201 524 209 421 209 text 0
548 202 577 202 577 209 548 209 text 0
283 212 330 212 330 219 283 219 text 0
85 227 110 227 110 234 85 234 text 0
118 227 129 227 129 234 118 234 text 0
138 226 210 226 210 234 138 234 text 0
498 227 543 227 543 235 498 235 text 0
576 227 603 227 603 234 576 234 text 0
91 241 144 241 144 248 91 248 text 0
30 241 82 241 82 248 30 248 text 0
151 241 239 241 239 249 151 249 text 0
248 241 290 241 290 249 248 249 text 0
297 242 352 242 352 250 297 250 text 0
498 243 545 243 545 251 498 251 text 0
253 255 340 255 340 263 253 263 text 0
496 256 543 256 543 265 496 265 text 0
249 273 300 273 300 281 249 281 text 0
500 275 545 275 545 283 500 283 text 0
253 287 316 287 316 294 253 294 text 0
325 287 357 287 357 297 325 297 text 0
500 289 547 289 547 296 500 296 text 0
304 305 355 305 355 313 304 313 text 0
253 305 298 305 298 313 253 313 text 0
500 306 545 306 545 314 500 314 text 0
252 330 307 330 307 337 252 337 text 0
478 331 545 331 545 339 478 339 text 0
251 343 337 343 337 350 251 350 text 0
488 344 546 344 546 352 488 352 text 0
34 361 75 361 75 368 34 368 text 0
83 362 178 362 178 371 83 371 text 0
267 362 397 362 397 372 267 372 text 0
497 362 584 362 584 371 497 371 text 0
33 375 58 375 58 382 33 382 text 0
96 375 129 375 129 382 96 382 text 0
352 375 396 375 396 383 352 383 text 0
540 375 584 375 584 383 540 383 text 0
67 375 87 375 87 383 67 383 text 0
34 410 70 410 70 418 34 418 text 0
81 410 115 410 115 418 81 418 text 0
332 410 393 410 393 417 332 417 text 0
137 410 296 410 296 417 137 417 text 0
417 410 535 410 535 419 417 419 text 0
151 472 197 472 197 480 151 480 text 0
72 472 146 472 146 480 72 480 text 0
455 472 587 472 587 480 455 480 text 0
431 472 448 472 448 480 431 480 text 0
294 472 422 472 422 480 294 480 text 0
251 473 288 473 288 480 251 480 text 0
205 473 241 473 241 479 205 479 text 0
120 495 204 495 204 501 120 501 text 0
268 495 312 495 312 501 268 501 text 0
210 495 260 495 260 502 210 502 text 0
321 495 387 495 387 502 321 502 text 0
394 495 540 495 540 502 394 502 text 0
205 507 288 507 288 515 205 515 text 0
296 507 367 507 367 515 296 515 text 0
373 508 456 508 456 515 373 515 text 0
316 531 365 531 365 538 316 538 text 0
123 531 216 531 216 538 123 538 text 0
226 531 292 531 292 538 226 538 text 0
376 531 473 531 473 538 376 538 text 0
484 531 534 531 534 538 484 538 text 0
198 553 253 553 253 561 198 561 text 0
106 553 188 553 188 561 106 561 text 0
260 553 310 553 310 561 260 561 text 0
319 553 412 553 412 561 319 561 text 0
420 554 464 554 464 561 420 561 text 0
560 554 588 554 588 561 560 561 text 0
473 554 552 554 552 561 473 561 text 0
316 568 341 568 341 575 316 575 text 0
256 568 303 568 303 575 256 575 text 0
189 568 250 568 250 575 189 575 text 0
57 568 180 568 180 575 57 575 text 0
350 568 462 568 462 575 350 575 text 0
469 567 606 567 606 575 469 575 text 0
256 581 366 581 366 588 256 588 text 0
238 603 347 603 347 610 238 610 text 0
96 603 172 603 172 610 96 610 text 0
180 603 229 603 229 610 180 610 text 0
367 603 567 603 567 613 367 613 text 0