408 79 473 79 473 90 408 90 text 0
486 79 551 79 551 90 486 90 text 0
90 79 246 79 246 90 90 90 text 0
257 79 398 79 398 90 257 90 text 0
250 93 390 93 390 103 250 103 text 0
444 109 516 109 516 118 444 118 text 0
323 109 436 109 436 118 323 118 text 0
232 109 316 109 316 118 232 118 text 0
526 109 548 109 548 118 526 118 text 0
85 109 142 109 142 118 85 118 text 0
152 109 223 109 223 118 152 118 text 0
449 125 516 125 516 134 449 134 text 0
232 125 441 125 441 134 232 134 text 0
123 125 223 125 223 134 123 134 text 0
202 140 246 140 246 149 202 149 text 0
254 140 325 140 325 149 254 149 text 0
334 140 439 140 439 149 334 149 text 0
262 155 339 155 339 163 262 163 text 0
347 155 446 155 446 163 347 163 text 0
189 155 254 155 254 164 189 164 text 0
387 171 542 171 542 180 387 180 text 0
326 171 369 171 369 180 326 180 text 0
160 171 292 171 292 180 160 180 text 0
98 171 139 171 139 180 98 180 text 0
290 187 449 187 449 196 290 196 text 0
193 187 240 187 240 196 193 196 text 0
249 187 271 187 271 196 249 196 text 0
241 206 290 206 290 215 241 215 text 0
299 206 403 206 403 215 299 215 text 0
493 224 611 224 611 233 493 233 text 0
421 225 475 225 475 233 421 233 text 0
33 225 72 225 72 233 33 233 text 0
201 225 337 225 337 234 201 234 text 0
83 226 117 226 117 235 83 235 text 0
495 241 584 241 584 250 495 250 text 0
418 241 472 241 472 250 418 250 text 0
203 241 265 241 265 250 203 250 text 0
30 242 114 242 114 251 30 251 text 0
428 259 475 259 475 268 428 268 text 0
34 259 162 259 162 270 34 270 text 0
370 281 426 281 426 291 370 291 text 0
490 281 547 281 547 291 490 291 text 0
474 293 548 293 548 301 474 301 text 0
574 293 609 293 609 301 574 301 text 0
365 293 433 293 433 301 365 301 text 0
271 293 339 293 339 301 271 301 text 0
33 295 72 295 72 302 33 302 text 0
201 294 235 294 235 303 201 303 text 0
284 307 331 307 331 315 284 315 text 0
194 307 243 307 243 315 194 315 text 0
33 307 87 307 87 315 33 315 text 0
376 307 424 307 424 315 376 315 text 0
571 307 608 307 608 315 571 315 text 0
472 307 549 307 549 316 472 316 text 0
138 320 227 320 227 329 138 329 text 0
238 320 332 320 332 329 238 329 text 0
189 350 248 350 248 359 189 359 text 0
62 351 111 351 111 360 62 360 text 0
464 350 552 350 552 361 464 361 text 0
118 351 157 351 157 362 118 362 text 0
175 372 232 372 232 380 175 380 text 0
117 372 168 372 168 381 117 381 text 0
351 371 406 371 406 382 351 382 text 0
464 372 552 372 552 381 464 381 text 0
240 371 345 371 345 382 240 382 text 0
507 391 551 391 551 400 507 400 text 0
318 391 408 391 408 400 318 400 text 0
507 410 552 410 552 419 507 419 text 0
306 411 354 411 354 420 306 420 text 0
362 411 407 411 407 420 362 420 text 0
507 431 552 431 552 439 507 439 text 0
313 431 407 431 407 442 313 442 text 0
325 450 348 450 348 460 325 460 text 0
72 451 131 451 131 460 72 460 text 0
138 451 200 451 200 460 138 460 text 0
353 451 408 451 408 461 353 461 text 0
463 451 553 451 553 461 463 461 text 0
206 451 318 451 318 462 206 462 text 0
342 470 408 470 408 478 342 478 text 0
463 469 553 469 553 480 463 480 text 0
494 485 552 485 552 494 494 494 text 0
321 485 408 485 408 496 321 496 text 0
76 521 124 521 124 529 76 529 text 0
131 521 253 521 253 529 131 529 text 0
335 540 380 540 380 548 335 548 text 0
493 540 532 540 532 548 493 548 text 0
127 540 183 540 183 548 127 548 text 0
81 540 119 540 119 549 81 549 text 0
540 539 592 539 592 550 540 550 text 0
387 539 439 539 439 550 387 550 text 0
253 539 272 539 272 550 253 550 text 0
547 555 591 555 591 564 547 564 text 0
255 555 268 555 268 563 255 563 text 0
81 555 125 555 125 563 81 563 text 0
349 554 439 554 439 564 349 564 text 0
547 571 591 571 591 580 547 580 text 0
213 572 270 572 270 581 213 581 text 0
346 571 436 571 436 581 346 581 text 0
528 601 575 601 575 608 528 608 text 0
215 601 256 601 256 608 215 608 text 0
263 601 305 601 305 608 263 608 text 0
455 601 521 601 521 608 455 608 text 0
71 601 147 601 147 608 71 608 text 0
154 601 209 601 209 608 154 608 text 0
312 601 446 601 446 609 312 609 text 0