131 119 152 119 152 129 131 129 text 0
169 119 229 119 229 130 169 130 text 0
246 119 294 119 294 130 246 130 text 0
309 119 344 119 344 130 309 130 text 0
363 119 482 119 482 130 363 130 text 0
169 135 205 135 205 146 169 146 text 0
220 135 265 135 265 146 220 146 text 0
375 135 421 135 421 146 375 146 text 0
437 137 447 137 447 145 437 145 text 0
285 136 355 136 355 149 285 149 text 0
399 153 460 153 460 163 399 163 text 0
322 153 383 153 383 163 322 163 text 0
157 154 218 154 218 164 157 164 text 0
232 154 302 154 302 165 232 165 text 0
350 171 445 171 445 181 350 181 text 0
181 171 243 171 243 181 181 181 text 0
259 171 330 171 330 184 259 184 text 0
296 189 357 189 357 199 296 199 text 0
375 189 448 189 448 199 375 199 text 0
183 189 282 189 282 200 183 200 text 0
324 206 474 206 474 217 324 217 text 0
156 207 192 207 192 217 156 217 text 0
259 207 282 207 282 216 259 216 text 0
209 206 240 206 240 217 209 217 text 0
145 242 231 242 231 252 145 252 text 0
246 242 269 242 269 252 246 252 text 0
311 241 498 241 498 252 311 252 text 0
69 275 154 275 154 286 69 286 text 0
285 276 359 276 359 286 285 286 text 0
478 276 576 276 576 286 478 286 text 0
131 311 232 311 232 322 131 322 text 0
68 311 117 311 117 322 68 322 text 0
285 312 334 312 334 322 285 322 text 0
247 312 268 312 268 322 247 322 text 0
351 312 371 312 371 322 351 322 text 0
465 312 550 312 550 322 465 322 text 0
567 315 577 315 577 322 567 322 text 0
132 330 142 330 142 340 132 340 text 0
94 330 117 330 117 340 94 340 text 0
158 330 182 330 182 340 158 340 text 0
196 329 245 329 245 340 196 340 text 0
67 346 102 346 102 357 67 357 text 0
198 347 243 347 243 358 198 358 text 0
261 347 333 347 333 358 261 358 text 0
464 347 550 347 550 358 464 358 text 0
120 347 181 347 181 358 120 358 text 0
350 348 410 348 410 358 350 358 text 0
566 350 577 350 577 358 566 358 text 0
67 382 127 382 127 392 67 392 text 0
145 382 205 382 205 391 145 391 text 0
225 382 347 382 347 391 225 391 text 0
363 382 408 382 408 391 363 391 text 0
426 382 449 382 449 391 426 391 text 0
490 382 550 382 550 392 490 392 text 0
427 399 450 399 450 409 427 409 text 0
519 399 553 399 553 409 519 409 text 0
286 400 410 400 410 411 286 411 text 0
171 398 271 398 271 412 171 412 text 0
490 415 552 415 552 426 490 426 text 0
426 416 449 416 449 426 426 426 text 0
311 416 410 416 410 429 311 429 text 0
491 433 552 433 552 444 491 444 text 0
363 434 410 434 410 444 363 444 text 0
427 434 450 434 450 444 427 444 text 0
427 451 448 451 448 461 427 461 text 0
517 451 551 451 551 461 517 461 text 0
337 451 411 451 411 462 337 462 text 0
274 485 395 485 395 496 274 496 text 0
477 486 562 486 562 496 477 496 text 0
67 485 104 485 104 496 67 496 text 0
118 486 207 486 207 500 118 500 text 0
120 504 141 504 141 513 120 513 text 0
337 503 399 503 399 514 337 514 text 0
517 503 566 503 566 514 517 514 text 0
68 506 79 506 79 513 68 513 text 0
131 555 193 555 193 566 131 566 text 0
273 556 346 556 346 566 273 566 text 0
209 556 253 556 253 565 209 565 text 0
363 559 411 559 411 566 363 566 text 0
429 558 488 558 488 569 429 569 text 0
286 573 322 573 322 584 286 584 text 0
185 573 270 573 270 583 185 583 text 0
135 573 168 573 168 584 135 584 text 0
339 573 463 573 463 584 339 584 text 0
67 572 116 572 116 586 67 586 text 0
479 575 565 575 565 583 479 583 text 0