26 103 215 103 215 110 26 110 text 0
246 104 380 104 380 110 246 110 text 0
411 104 572 104 572 110 411 110 text 0
55 113 93 113 93 119 55 119 text 0
110 113 162 113 162 119 110 119 text 0
302 113 341 113 341 119 302 119 text 0
178 113 286 113 286 120 178 120 text 0
357 113 396 113 396 119 357 119 text 0
414 113 545 113 545 120 414 120 text 0
232 122 267 122 267 128 232 128 text 0
288 122 364 122 364 129 288 129 text 0
192 132 241 132 241 138 192 138 text 0
373 132 422 132 422 138 373 138 text 0
261 132 354 132 354 138 261 138 text 0
217 151 283 151 283 158 217 158 text 0
299 151 365 151 365 158 299 158 text 0
137 159 216 159 216 166 137 166 text 0
234 161 256 161 256 167 234 167 text 0
275 161 311 161 311 166 275 166 text 0
328 161 340 161 340 166 328 166 text 0
356 161 478 161 478 167 356 167 text 0
163 170 203 170 203 176 163 176 text 0
221 170 422 170 422 177 221 177 text 0
26 198 36 198 36 204 26 204 text 0
53 198 160 198 160 204 53 204 text 0
452 199 503 199 503 206 452 206 text 0
520 200 573 200 573 206 520 206 text 0
25 217 173 217 173 223 25 223 text 0
479 218 570 218 570 224 479 224 text 0
204 227 242 227 242 233 204 233 text 0
261 227 283 227 283 233 261 233 text 0
303 227 406 227 406 233 303 233 text 0
162 227 186 227 186 233 162 233 text 0
423 228 448 228 448 234 423 234 text 0
24 237 212 237 212 249 24 249 text 0
306 237 316 237 316 249 306 249 text 0
246 236 266 236 266 251 246 251 text 0
230 262 282 262 282 268 230 268 text 0
302 262 325 262 325 268 302 268 text 0
26 270 34 270 34 277 26 277 text 0
79 271 131 271 131 277 79 277 text 0
453 272 516 272 516 278 453 278 text 0
531 273 544 273 544 279 531 279 text 0
27 280 33 280 33 286 27 286 text 0
161 280 200 280 200 286 161 286 text 0
93 280 146 280 146 286 93 286 text 0
312 281 325 281 325 287 312 287 text 0
216 280 296 280 296 288 216 288 text 0
531 281 544 281 544 288 531 288 text 0
29 290 33 290 33 295 29 295 text 0
94 290 132 290 132 296 94 296 text 0
151 290 185 290 185 296 151 296 text 0
204 290 242 290 242 296 204 296 text 0
258 290 323 290 323 296 258 296 text 0
531 292 544 292 544 298 531 298 text 0
27 299 31 299 31 305 27 305 text 0
77 300 116 300 116 306 77 306 text 0
453 300 516 300 516 307 453 307 text 0
531 301 544 301 544 307 531 307 text 0
92 308 130 308 130 314 92 314 text 0
27 308 33 308 33 314 27 314 text 0
229 309 268 309 268 315 229 315 text 0
148 309 214 309 214 316 148 316 text 0
531 310 544 310 544 316 531 316 text 0
26 318 32 318 32 324 26 324 text 0
92 318 130 318 130 324 92 324 text 0
149 318 183 318 183 325 149 325 text 0
203 319 268 319 268 324 203 324 text 0
284 319 296 319 296 324 284 324 text 0
530 320 542 320 542 326 530 326 text 0
62 336 181 336 181 343 62 343 text 0
448 338 515 338 515 344 448 344 text 0
68 346 103 346 103 353 68 353 text 0
119 346 158 346 158 353 119 353 text 0
173 347 222 347 222 354 173 354 text 0
461 348 514 348 514 354 461 354 text 0
63 357 102 357 102 363 63 363 text 0
118 356 157 356 157 363 118 363 text 0
465 358 510 358 510 364 465 364 text 0
63 365 139 365 139 372 63 372 text 0
447 367 514 367 514 373 447 373 text 0
61 375 181 375 181 383 61 383 text 0
461 377 511 377 511 383 461 383 text 0
62 386 219 386 219 398 62 398 text 0
253 387 331 387 331 399 253 399 text 0
365 387 497 387 497 399 365 399 text 0
65 400 183 400 183 407 65 407 text 0
459 401 512 401 512 408 459 408 text 0
21 419 126 419 126 426 21 426 text 0
145 419 224 419 224 426 145 426 text 0
240 420 265 420 265 426 240 426 text 0
281 420 320 420 320 426 281 426 text 0
340 420 362 420 362 426 340 426 text 0
377 420 485 420 485 427 377 427 text 0
500 421 567 421 567 427 500 427 text 0
241 439 306 439 306 446 241 446 text 0
322 439 361 439 361 446 322 446 text 0
183 449 265 449 265 456 183 456 text 0
280 449 334 449 334 456 280 456 text 0
349 450 416 450 416 455 349 455 text 0
243 459 347 459 347 465 243 465 text 0
129 460 169 460 169 466 129 466 text 0
184 460 223 460 223 466 184 466 text 0
406 460 465 460 465 466 406 466 text 0
366 461 387 461 387 465 366 465 text 0
224 478 356 478 356 485 224 485 text 0
390 478 481 478 481 485 390 485 text 0
59 479 193 479 193 486 59 486 text 0
394 488 439 488 439 494 394 494 text 0
226 488 292 488 292 495 226 495 text 0
61 489 126 489 126 495 61 495 text 0
144 489 192 489 192 495 144 495 text 0
391 498 442 498 442 504 391 504 text 0
226 498 278 498 278 504 226 504 text 0
61 498 126 498 126 504 61 504 text 0
144 498 192 498 192 504 144 504 text 0