140 25 212 25 212 37 140 37 text 0
233 23 338 23 338 42 233 42 text 0
350 27 427 27 427 42 350 42 text 0
402 60 584 60 584 69 402 69 text 0
218 59 391 59 391 68 218 68 text 0
41 60 121 60 121 70 41 70 text 0
133 60 210 60 210 70 133 70 text 0
231 71 395 71 395 81 231 81 text 0
341 86 418 86 418 93 341 93 text 0
185 86 251 86 251 93 185 93 text 0
259 86 329 86 329 93 259 93 text 0
427 87 441 87 441 95 427 95 text 0
338 99 422 99 422 107 338 107 text 0
291 99 329 99 329 107 291 107 text 0
203 100 283 100 283 107 203 107 text 0
264 111 345 111 345 120 264 120 text 0
356 111 434 111 434 120 356 120 text 0
192 112 256 112 256 119 192 119 text 0
271 125 355 125 355 132 271 132 text 0
472 137 601 137 601 146 472 146 text 0
86 138 373 138 373 146 86 146 text 0
409 138 454 138 454 146 409 146 text 0
28 139 69 139 69 147 28 147 text 0
125 151 501 151 501 161 125 161 text 0
285 164 443 164 443 171 285 171 text 0
241 166 262 166 262 173 241 173 text 0
188 166 233 166 233 173 188 173 text 0
313 180 397 180 397 189 313 189 text 0
233 181 301 181 301 189 233 189 text 0
489 197 604 197 604 204 489 204 text 0
415 197 467 197 467 204 415 204 text 0
195 197 333 197 333 205 195 205 text 0
22 198 66 198 66 205 22 205 text 0
74 198 108 198 108 205 74 205 text 0
486 210 577 210 577 217 486 217 text 0
413 210 466 210 466 217 413 217 text 0
196 211 256 211 256 218 196 218 text 0
25 211 105 211 105 218 25 218 text 0
422 225 469 225 469 232 422 232 text 0
24 226 154 226 154 236 24 236 text 0
359 248 426 248 426 255 359 255 text 0
264 248 331 248 331 255 264 255 text 0
569 249 600 249 600 255 569 255 text 0
468 249 539 249 539 255 468 255 text 0
22 250 66 250 66 257 22 257 text 0
192 250 228 250 228 258 192 258 text 0
364 261 415 261 415 268 364 268 text 0
493 260 541 260 541 267 493 267 text 0
206 261 216 261 216 268 206 268 text 0
273 261 322 261 322 268 273 268 text 0
28 262 70 262 70 269 28 269 text 0
273 275 367 275 367 281 273 281 text 0
191 274 265 274 265 281 191 281 text 0
376 274 446 274 446 282 376 282 text 0
105 275 181 275 181 281 105 281 text 0
25 275 98 275 98 282 25 282 text 0
171 288 231 288 231 294 171 294 text 0
151 289 161 289 161 295 151 295 text 0
25 289 140 289 140 296 25 296 text 0
486 300 543 300 543 307 486 307 text 0
364 300 424 300 424 307 364 307 text 0
270 300 329 300 329 307 270 307 text 0
209 302 214 302 214 308 209 308 text 0
25 302 80 302 80 308 25 308 text 0
256 313 308 313 308 319 256 319 text 0
132 314 249 314 249 320 132 320 text 0
96 315 128 315 128 321 96 321 text 0
27 315 87 315 87 321 27 321 text 0
496 328 542 328 542 334 496 334 text 0
279 328 325 328 325 334 279 334 text 0
367 328 419 328 419 334 367 334 text 0
207 328 216 328 216 334 207 334 text 0
30 330 69 330 69 336 30 336 text 0
28 342 101 342 101 348 28 348 text 0
110 342 142 342 142 348 110 348 text 0
497 356 545 356 545 362 497 362 text 0
207 357 216 357 216 363 207 363 text 0
279 357 325 357 325 363 279 363 text 0
371 357 417 357 417 363 371 363 text 0
27 357 79 357 79 364 27 364 text 0
242 370 293 370 293 376 242 376 text 0
168 370 237 370 237 376 168 376 text 0
118 370 158 370 158 376 118 376 text 0
301 369 385 369 385 377 301 377 text 0
27 371 109 371 109 378 27 378 text 0
506 384 544 384 544 390 506 390 text 0
375 384 413 384 413 390 375 390 text 0
283 384 322 384 322 390 283 390 text 0
210 385 216 385 216 391 210 391 text 0
25 385 80 385 80 391 25 391 text 0
144 398 251 398 251 404 144 404 text 0
28 399 76 399 76 405 28 405 text 0
86 399 138 399 138 405 86 405 text 0
506 412 545 412 545 418 506 418 text 0
375 412 413 412 413 418 375 418 text 0
283 412 322 412 322 418 283 418 text 0
210 413 216 413 216 419 210 419 text 0
28 413 71 413 71 420 28 420 text 0
28 426 120 426 120 432 28 432 text 0
133 426 174 426 174 432 133 432 text 0
499 439 546 439 546 446 499 446 text 0
280 439 326 439 326 446 280 446 text 0
371 439 417 439 417 446 371 446 text 0
209 439 217 439 217 446 209 446 text 0
30 441 83 441 83 447 30 447 text 0
187 453 264 453 264 460 187 460 text 0
87 453 178 453 178 460 87 460 text 0
29 454 77 454 77 461 29 461 text 0
371 468 419 468 419 474 371 474 text 0
497 468 546 468 546 474 497 474 text 0
280 467 326 467 326 474 280 474 text 0
212 468 222 468 222 474 212 474 text 0
27 469 80 469 80 476 27 476 text 0
113 481 175 481 175 488 113 488 text 0
28 481 77 481 77 488 28 488 text 0
88 481 105 481 105 488 88 488 text 0
479 493 549 493 549 501 479 501 text 0
206 493 220 493 220 501 206 501 text 0
55 495 107 495 107 501 55 501 text 0
115 495 154 495 154 504 115 504 text 0
479 515 550 515 550 523 479 523 text 0
346 515 402 515 402 524 346 524 text 0
290 516 340 516 340 523 290 523 text 0
313 531 404 531 404 539 313 539 text 0
503 531 549 531 549 538 503 538 text 0
353 547 406 547 406 555 353 555 text 0
503 548 549 548 549 555 503 555 text 0
503 563 549 563 549 571 503 571 text 0
307 563 405 563 405 573 307 573 text 0
481 581 551 581 551 589 481 589 text 0
347 581 406 581 406 588 347 588 text 0
282 582 338 582 338 589 282 589 text 0
338 597 405 597 405 605 338 605 text 0
481 597 551 597 551 605 481 605 text 0
507 609 550 609 550 616 507 616 text 0
319 609 405 609 405 619 319 619 text 0
524 624 573 624 573 631 524 631 text 0
451 624 518 624 518 631 451 631 text 0
258 624 301 624 301 631 258 631 text 0
308 625 444 625 444 632 308 632 text 0
213 625 251 625 251 631 213 631 text 0
152 625 205 625 205 631 152 631 text 0
66 625 141 625 141 631 66 631 text 0