242 117 290 117 290 124 242 124 text 0
360 117 481 117 481 124 360 124 text 0
307 117 342 117 342 124 307 124 text 0
127 118 151 118 151 125 127 125 text 0
166 117 227 117 227 125 166 125 text 0
373 129 421 129 421 137 373 137 text 0
434 130 447 130 447 137 434 137 text 0
166 130 202 130 202 137 166 137 text 0
217 130 262 130 262 137 217 137 text 0
283 129 353 129 353 139 283 139 text 0
396 141 458 141 458 149 396 149 text 0
320 141 382 141 382 149 320 149 text 0
154 142 216 142 216 149 154 149 text 0
230 141 301 141 301 151 230 151 text 0
347 153 445 153 445 161 347 161 text 0
180 154 241 154 241 161 180 161 text 0
256 154 327 154 327 164 256 164 text 0
348 166 433 166 433 173 348 173 text 0
295 166 329 166 329 173 295 173 text 0
182 166 279 166 279 174 182 174 text 0
208 179 237 179 237 186 208 186 text 0
321 179 472 179 472 186 321 186 text 0
257 178 282 178 282 186 257 186 text 0
154 178 191 178 191 186 154 186 text 0
309 203 498 203 498 211 309 211 text 0
143 203 229 203 229 211 143 211 text 0
245 203 268 203 268 211 245 211 text 0
68 227 155 227 155 235 68 235 text 0
477 228 574 228 574 235 477 235 text 0
283 228 358 228 358 235 283 235 text 0
208 252 281 252 281 260 208 260 text 0
64 252 103 252 103 260 64 260 text 0
116 252 192 252 192 260 116 260 text 0
463 252 550 252 550 260 463 260 text 0
298 252 343 252 343 260 298 260 text 0
361 252 398 252 398 260 361 260 text 0
566 255 576 255 576 259 566 259 text 0
92 264 115 264 115 272 92 272 text 0
156 264 179 264 179 272 156 272 text 0
132 265 141 265 141 272 132 272 text 0
195 265 243 265 243 272 195 272 text 0
118 277 167 277 167 284 118 284 text 0
66 277 102 277 102 284 66 284 text 0
181 277 243 277 243 284 181 284 text 0
310 277 359 277 359 284 310 284 text 0
259 277 295 277 295 284 259 284 text 0
463 277 550 277 550 284 463 284 text 0
376 277 411 277 411 284 376 284 text 0
566 280 576 280 576 285 566 285 text 0
91 289 128 289 128 297 91 297 text 0
144 290 154 290 154 296 144 296 text 0
169 289 192 289 192 297 169 297 text 0
208 290 254 290 254 297 208 297 text 0
66 301 111 301 111 308 66 308 text 0
309 302 345 302 345 309 309 309 text 0
130 301 229 301 229 309 130 309 text 0
463 302 550 302 550 309 463 309 text 0
245 302 294 302 294 309 245 309 text 0
360 302 409 302 409 309 360 309 text 0
564 303 575 303 575 309 564 309 text 0
67 313 115 313 115 321 67 321 text 0
130 314 215 314 215 322 130 322 text 0
233 314 293 314 293 321 233 321 text 0
309 314 398 314 398 321 309 321 text 0
463 314 550 314 550 322 463 322 text 0
566 317 576 317 576 322 566 322 text 0
92 326 115 326 115 333 92 333 text 0
195 326 243 326 243 333 195 333 text 0
156 326 180 326 180 333 156 333 text 0
132 327 141 327 141 334 132 334 text 0
66 338 102 338 102 345 66 345 text 0
118 338 153 338 153 345 118 345 text 0
170 339 206 339 206 346 170 346 text 0
220 339 256 339 256 346 220 346 text 0
271 338 307 338 307 346 271 346 text 0
324 338 385 338 385 346 324 346 text 0
463 338 550 338 550 346 463 346 text 0
399 339 409 339 409 346 399 346 text 0
566 341 576 341 576 346 566 346 text 0
131 350 141 350 141 358 131 358 text 0
93 350 115 350 115 358 93 358 text 0
157 350 180 350 180 358 157 358 text 0
195 351 243 351 243 358 195 358 text 0
68 363 102 363 102 370 68 370 text 0
117 363 193 363 193 371 117 371 text 0
208 363 255 363 255 370 208 370 text 0
271 363 306 363 306 370 271 370 text 0
321 363 409 363 409 371 321 371 text 0
476 363 550 363 550 371 476 371 text 0
566 366 576 366 576 370 566 370 text 0
67 375 115 375 115 382 67 382 text 0
129 375 205 375 205 383 129 383 text 0
220 375 295 375 295 383 220 383 text 0
308 375 370 375 370 383 308 383 text 0
388 375 411 375 411 383 388 383 text 0
476 376 550 376 550 383 476 383 text 0
564 378 576 378 576 384 564 384 text 0
132 388 141 388 141 395 132 395 text 0
92 387 114 387 114 395 92 395 text 0
156 387 179 387 179 395 156 395 text 0
195 388 243 388 243 395 195 395 text 0
65 400 115 400 115 407 65 407 text 0
130 400 231 400 231 407 130 407 text 0
245 400 266 400 266 407 245 407 text 0
283 400 332 400 332 408 283 408 text 0
350 400 369 400 369 408 350 408 text 0
463 400 550 400 550 408 463 408 text 0
566 403 576 403 576 408 566 408 text 0
130 412 140 412 140 419 130 419 text 0
92 412 115 412 115 419 92 419 text 0
157 412 180 412 180 419 157 419 text 0
194 412 243 412 243 420 194 420 text 0
66 425 102 425 102 432 66 432 text 0
118 424 204 424 204 432 118 432 text 0
220 424 295 424 295 432 220 432 text 0
309 424 383 424 383 432 309 432 text 0
399 425 409 425 409 432 399 432 text 0
475 425 549 425 549 432 475 432 text 0
566 429 576 429 576 432 566 432 text 0
129 437 217 437 217 445 129 445 text 0
67 437 115 437 115 445 67 445 text 0
232 437 321 437 321 445 232 445 text 0
334 437 409 437 409 445 334 445 text 0
462 437 549 437 549 445 462 445 text 0
565 440 574 440 574 445 565 445 text 0
65 448 115 448 115 456 65 456 text 0
131 449 243 449 243 457 131 457 text 0
258 449 331 449 331 456 258 456 text 0
348 450 409 450 409 457 348 457 text 0
463 450 550 450 550 457 463 457 text 0
566 452 576 452 576 456 566 456 text 0
91 461 114 461 114 468 91 468 text 0
156 461 179 461 179 468 156 468 text 0
131 461 141 461 141 468 131 468 text 0
194 461 243 461 243 469 194 469 text 0
65 485 125 485 125 493 65 493 text 0
143 486 203 486 203 493 143 493 text 0
222 485 343 485 343 493 222 493 text 0
360 486 407 486 407 493 360 493 text 0
424 486 447 486 447 493 424 493 text 0
477 486 549 486 549 493 477 493 text 0
501 498 549 498 549 505 501 505 text 0
424 498 446 498 446 505 424 505 text 0
169 497 268 497 268 507 169 507 text 0
283 498 406 498 406 506 283 506 text 0
425 510 448 510 448 518 425 518 text 0
476 510 549 510 549 518 476 518 text 0
308 510 408 510 408 520 308 520 text 0
334 522 405 522 405 530 334 530 text 0
423 522 446 522 446 530 423 530 text 0
476 523 549 523 549 530 476 530 text 0
333 535 408 535 408 542 333 542 text 0
424 535 446 535 446 542 424 542 text 0
513 535 549 535 549 542 513 542 text 0
64 559 100 559 100 566 64 566 text 0
269 559 343 559 343 566 269 566 text 0
352 559 393 559 393 566 352 566 text 0
517 560 560 560 560 567 517 567 text 0
474 560 508 560 508 567 474 567 text 0
116 559 203 559 203 568 116 568 text 0
116 571 137 571 137 578 116 578 text 0
322 571 395 571 395 579 322 579 text 0
502 572 561 572 561 579 502 579 text 0
65 573 75 573 75 578 65 578 text 0
130 607 189 607 189 615 130 615 text 0
206 608 251 608 251 615 206 615 text 0
269 608 344 608 344 615 269 615 text 0
360 610 408 610 408 615 360 615 text 0
423 610 484 610 484 617 423 617 text 0
130 620 164 620 164 627 130 627 text 0
64 620 113 620 113 629 64 629 text 0
284 621 317 621 317 627 284 627 text 0
183 622 267 622 267 627 183 627 text 0
476 622 560 622 560 627 476 627 text 0
334 620 459 620 459 629 334 629 text 0