330 93 532 93 532 108 330 108 text 0
112 93 178 93 178 108 112 108 text 0
191 94 319 94 319 114 191 114 text 0
240 119 402 119 402 133 240 133 text 0
250 141 396 141 396 152 250 152 text 0
267 160 323 160 323 173 267 173 text 0
335 161 374 161 374 173 335 173 text 0
388 160 445 160 445 176 388 176 text 0
199 161 255 161 255 176 199 176 text 0
117 180 206 180 206 193 117 193 text 0
326 180 376 180 376 192 326 192 text 0
216 180 313 180 313 196 216 196 text 0
389 180 525 180 525 196 389 196 text 0
139 200 219 200 219 215 139 215 text 0
231 200 323 200 323 215 231 215 text 0
402 200 504 200 504 215 402 215 text 0
333 200 389 200 389 216 333 216 text 0
370 220 427 220 427 232 370 232 text 0
215 220 359 220 359 232 215 232 text 0
233 240 284 240 284 252 233 252 text 0
293 240 408 240 408 252 293 252 text 0
152 258 198 258 198 270 152 270 text 0
263 259 302 259 302 271 263 271 text 0
313 259 489 259 489 271 313 271 text 0
210 258 252 258 252 274 210 274 text 0
38 286 115 286 115 298 38 298 text 0
125 287 153 287 153 297 125 297 text 0
207 287 346 287 346 298 207 298 text 0
41 307 92 307 92 319 41 319 text 0
357 307 449 307 449 319 357 319 text 0
213 306 348 306 348 320 213 320 text 0
461 308 493 308 493 320 461 320 text 0
481 346 573 346 573 359 481 359 text 0
397 346 453 346 453 359 397 359 text 0
74 345 204 345 204 360 74 360 text 0
309 344 349 344 349 361 309 361 text 0
400 365 454 365 454 378 400 378 text 0
49 366 57 366 57 377 49 377 text 0
71 366 171 366 171 377 71 377 text 0
182 366 224 366 224 378 182 378 text 0
584 365 630 365 630 379 584 379 text 0
336 366 346 366 346 378 336 378 text 0
518 366 571 366 571 378 518 378 text 0
68 384 157 384 157 395 68 395 text 0
167 384 247 384 247 395 167 395 text 0
70 401 144 401 144 412 70 412 text 0
315 430 383 430 383 443 315 443 text 0
264 430 308 430 308 443 264 443 text 0
519 431 572 431 572 444 519 444 text 0
246 450 320 450 320 462 246 462 text 0
520 450 573 450 573 461 520 461 text 0
330 450 384 450 384 461 330 461 text 0
162 470 231 470 231 486 162 486 text 0
244 471 361 471 361 487 244 487 text 0
507 473 587 473 587 488 507 488 text 0
518 495 576 495 576 512 518 512 text 0
244 498 349 498 349 511 244 511 text 0
181 498 235 498 235 511 181 511 text 0
75 526 123 526 123 539 75 539 text 0
132 527 242 527 242 542 132 542 text 0
286 527 435 527 435 543 286 543 text 0
469 527 572 527 572 543 469 543 text 0
75 546 203 546 203 559 75 559 text 0
369 547 420 547 420 560 369 560 text 0
521 548 572 548 572 561 521 561 text 0
201 590 329 590 329 603 201 603 text 0
339 591 447 591 447 604 339 604 text 0
209 609 281 609 281 622 209 622 text 0
290 610 356 610 356 622 290 622 text 0
365 610 437 610 437 625 365 625 text 0