154 36 286 36 286 49 154 49 text 0
295 39 428 39 428 53 295 53 text 0
110 51 224 51 224 68 110 68 text 0
296 54 332 54 332 67 296 67 text 0
232 53 284 53 284 68 232 68 text 0
359 55 470 55 470 68 359 68 text 0
85 72 122 72 122 84 85 84 text 0
194 72 255 72 255 85 194 85 text 0
131 71 183 71 183 86 131 86 text 0
373 75 454 75 454 88 373 88 text 0
264 73 361 73 361 90 264 90 text 0
464 77 495 77 495 91 464 91 text 0
118 91 218 91 218 106 118 106 text 0
228 93 280 93 280 107 228 107 text 0
292 93 390 93 390 109 292 109 text 0
399 94 459 94 459 109 399 109 text 0
170 110 242 110 242 124 170 124 text 0
252 111 316 111 316 124 252 124 text 0
327 112 416 112 416 127 327 127 text 0
213 131 370 131 370 145 213 145 text 0
154 153 201 153 201 165 154 165 text 0
269 154 426 154 426 167 269 167 text 0
208 154 261 154 261 168 208 168 text 0
200 176 256 176 256 189 200 189 text 0
267 176 385 176 385 190 267 190 text 0
61 199 118 199 118 211 61 211 text 0
136 200 213 200 213 212 136 212 text 0
339 201 536 201 536 214 339 214 text 0
61 220 105 220 105 232 61 232 text 0
138 220 203 220 203 232 138 232 text 0
60 243 154 243 154 255 60 255 text 0
179 244 257 244 257 256 179 256 text 0
361 265 414 265 414 278 361 278 text 0
126 264 245 264 245 279 126 279 text 0
70 264 106 264 106 279 70 279 text 0
487 267 539 267 539 279 487 279 text 0
63 293 149 293 149 304 63 304 text 0
159 293 259 293 259 305 159 305 text 0
264 294 319 294 319 305 264 305 text 0
326 294 403 294 403 306 326 306 text 0
410 294 474 294 474 306 410 306 text 0
493 295 521 295 521 306 493 306 text 0
121 314 185 314 185 325 121 325 text 0
96 316 104 316 104 326 96 326 text 0
355 316 412 316 412 328 355 328 text 0
480 317 536 317 536 329 480 329 text 0
220 341 231 341 231 354 220 354 text 0
281 342 337 342 337 355 281 355 text 0
480 343 539 343 539 355 480 355 text 0
126 343 183 343 183 357 126 357 text 0
494 366 537 366 537 378 494 378 text 0
180 365 216 365 216 379 180 379 text 0
69 364 174 364 174 381 69 381 text 0
245 389 301 389 301 402 245 402 text 0
480 388 536 388 536 401 480 401 text 0
72 389 128 389 128 400 72 400 text 0
136 389 239 389 239 400 136 400 text 0
480 412 536 412 536 424 480 424 text 0
71 412 138 412 138 425 71 425 text 0
479 431 537 431 537 444 479 444 text 0
71 433 158 433 158 447 71 447 text 0
71 459 126 459 126 472 71 472 text 0
136 458 256 458 256 472 136 472 text 0
488 479 541 479 541 491 488 491 text 0
387 479 436 479 436 492 387 492 text 0
277 480 319 480 319 491 277 491 text 0
163 480 183 480 183 493 163 493 text 0
230 481 270 481 270 493 230 493 text 0
71 481 128 481 128 493 71 493 text 0
481 504 540 504 540 516 481 516 text 0
392 503 435 503 435 516 392 516 text 0
259 504 317 504 317 517 259 517 text 0
149 504 184 504 184 517 149 517 text 0
72 504 103 504 103 518 72 518 text 0
481 527 540 527 540 539 481 539 text 0
393 527 436 527 436 540 393 540 text 0
259 527 319 527 319 540 259 540 text 0
67 528 122 528 122 541 67 541 text 0
252 557 343 557 343 572 252 572 text 0
215 558 236 558 236 572 215 572 text 0
448 556 530 556 530 575 448 575 text 0
358 560 435 560 435 571 358 571 text 0
52 558 142 558 142 573 52 573 text 0
155 562 204 562 204 578 155 578 text 0
425 584 489 584 489 596 425 596 text 0
388 584 416 584 416 596 388 596 text 0
498 586 518 586 518 595 498 595 text 0
279 585 382 585 382 597 279 597 text 0
239 586 272 586 272 597 239 597 text 0
148 586 190 586 190 598 148 598 text 0
68 587 139 587 139 599 68 599 text 0
197 588 231 588 231 597 197 597 text 0
345 602 356 602 356 614 345 614 text 0
233 603 332 603 332 617 233 617 text 0