164 58 395 58 395 76 164 76 text 0
116 81 149 81 149 88 116 88 text 0
162 81 221 81 221 88 162 88 text 0
234 82 269 82 269 89 234 89 text 0
281 82 315 82 315 89 281 89 text 0
328 82 440 82 440 91 328 91 text 0
173 91 231 91 231 97 173 97 text 0
243 91 289 91 289 98 243 98 text 0
302 92 336 92 336 99 302 99 text 0
350 92 395 92 395 99 350 99 text 0
66 99 121 99 121 107 66 107 text 0
137 100 195 100 195 107 137 107 text 0
207 100 241 100 241 106 207 106 text 0
255 100 312 100 312 108 255 108 text 0
325 101 382 101 382 108 325 108 text 0
395 102 426 102 426 108 395 108 text 0
441 102 487 102 487 109 441 109 text 0
65 108 147 108 147 116 65 116 text 0
160 109 191 109 191 116 160 116 text 0
208 109 265 109 265 116 208 116 text 0
279 110 324 110 324 117 279 117 text 0
337 110 382 110 382 117 337 117 text 0
395 110 487 110 487 118 395 118 text 0
66 117 96 117 96 124 66 124 text 0
136 117 263 117 263 125 136 125 text 0
290 119 321 119 321 125 290 125 text 0
360 119 487 119 487 126 360 126 text 0
158 127 193 127 193 134 158 134 text 0
208 127 238 127 238 134 208 134 text 0
253 128 393 128 393 135 253 135 text 0
240 146 322 146 322 153 240 153 text 0
27 163 128 163 128 170 27 170 text 0
147 164 179 164 179 170 147 170 text 0
216 164 329 164 329 171 216 171 text 0
34 172 84 172 84 178 34 178 text 0
97 173 107 173 107 179 97 179 text 0
145 172 213 172 213 179 145 179 text 0
27 180 72 180 72 187 27 187 text 0
146 181 260 181 260 189 146 189 text 0
274 182 390 182 390 188 274 188 text 0
24 190 105 190 105 196 24 196 text 0
144 190 237 190 237 197 144 197 text 0
143 200 176 200 176 206 143 206 text 0
214 200 295 200 295 206 214 206 text 0
501 217 519 217 519 223 501 223 text 0
25 217 106 217 106 223 25 223 text 0
342 217 400 217 400 223 342 223 text 0
202 217 329 217 329 223 202 223 text 0
413 217 435 217 435 223 413 223 text 0
120 217 187 217 187 224 120 224 text 0
308 227 317 227 317 231 308 231 text 0
473 226 519 226 519 232 473 232 text 0
25 226 175 226 175 232 25 232 text 0
366 226 410 226 410 232 366 232 text 0
260 226 271 226 271 232 260 232 text 0
501 235 519 235 519 241 501 241 text 0
24 235 105 235 105 241 24 241 text 0
118 235 152 235 152 241 118 241 text 0
414 235 434 235 434 241 414 241 text 0
165 235 234 235 234 241 165 241 text 0
471 243 518 243 518 249 471 249 text 0
306 244 318 244 318 249 306 249 text 0
24 244 176 244 176 250 24 250 text 0
366 244 411 244 411 250 366 250 text 0
262 244 268 244 268 249 262 249 text 0
501 252 519 252 519 258 501 258 text 0
413 253 434 253 434 259 413 259 text 0
178 253 281 253 281 259 178 259 text 0
24 253 56 253 56 259 24 259 text 0
71 253 81 253 81 259 71 259 text 0
295 252 387 252 387 259 295 259 text 0
95 252 163 252 163 260 95 260 text 0
471 260 518 260 518 267 471 267 text 0
307 262 316 262 316 266 307 266 text 0
366 261 411 261 411 267 366 267 text 0
259 262 270 262 270 268 259 268 text 0
23 261 174 261 174 267 23 267 text 0
499 270 518 270 518 276 499 276 text 0
412 270 434 270 434 276 412 276 text 0
23 271 68 271 68 277 23 277 text 0
259 270 316 270 316 277 259 277 text 0
144 270 243 270 243 277 144 277 text 0
82 270 127 270 127 277 82 277 text 0
471 278 518 278 518 284 471 284 text 0
363 278 410 278 410 284 363 284 text 0
305 279 316 279 316 284 305 284 text 0
260 279 267 279 267 284 260 284 text 0
23 279 174 279 174 285 23 285 text 0
501 287 519 287 519 293 501 293 text 0
413 287 434 287 434 293 413 293 text 0
144 287 241 287 241 294 144 294 text 0
259 287 316 287 316 294 259 294 text 0
23 288 68 288 68 294 23 294 text 0
82 288 127 288 127 295 82 295 text 0
471 296 518 296 518 302 471 302 text 0
306 297 316 297 316 301 306 301 text 0
365 296 411 296 411 302 365 302 text 0
22 296 174 296 174 303 22 303 text 0
260 297 267 297 267 303 260 303 text 0
500 305 520 305 520 310 500 310 text 0
413 305 434 305 434 311 413 311 text 0
248 305 304 305 304 312 248 312 text 0
22 306 67 306 67 312 22 312 text 0
139 305 230 305 230 312 139 312 text 0
81 305 127 305 127 312 81 312 text 0
471 313 518 313 518 319 471 319 text 0
305 314 316 314 316 319 305 319 text 0
364 314 409 314 409 320 364 320 text 0
261 314 266 314 266 320 261 320 text 0
21 314 170 314 170 320 21 320 text 0
499 321 519 321 519 328 499 328 text 0
413 322 434 322 434 328 413 328 text 0
79 322 228 322 228 329 79 329 text 0
20 323 67 323 67 329 20 329 text 0
247 322 315 322 315 329 247 329 text 0
471 331 518 331 518 337 471 337 text 0
305 332 315 332 315 336 305 336 text 0
364 331 410 331 410 337 364 337 text 0
258 331 266 331 266 337 258 337 text 0
21 331 173 331 173 337 21 337 text 0
508 348 519 348 519 354 508 354 text 0
80 348 136 348 136 355 80 355 text 0
22 349 67 349 67 355 22 355 text 0
460 357 520 357 520 363 460 363 text 0
22 357 77 357 77 364 22 364 text 0
472 366 520 366 520 372 472 372 text 0
21 366 113 366 113 373 21 373 text 0
127 366 242 366 242 373 127 373 text 0
461 375 521 375 521 381 461 381 text 0
25 375 75 375 75 381 25 381 text 0
91 375 149 375 149 381 91 381 text 0
161 375 257 375 257 382 161 382 text 0
461 393 521 393 521 399 461 399 text 0
20 393 65 393 65 399 20 399 text 0
461 410 521 410 521 417 461 417 text 0
19 411 88 411 88 417 19 417 text 0
19 429 52 429 52 435 19 435 text 0
172 429 206 429 206 435 172 435 text 0
66 429 112 429 112 435 66 435 text 0
221 428 265 428 265 435 221 435 text 0
281 428 362 428 362 435 281 435 text 0
426 429 508 429 508 436 426 436 text 0
19 438 30 438 30 444 19 444 text 0
73 438 89 438 89 444 73 444 text 0
303 437 362 437 362 444 303 444 text 0
465 438 506 438 506 445 465 445 text 0
20 447 29 447 29 453 20 453 text 0
66 447 88 447 88 453 66 453 text 0
316 447 363 447 363 453 316 453 text 0
462 447 511 447 511 454 462 454 text 0
18 482 87 482 87 488 18 488 text 0
101 482 179 482 179 489 101 489 text 0
219 482 243 482 243 489 219 489 text 0
30 491 76 491 76 497 30 497 text 0
136 491 205 491 205 498 136 498 text 0
88 492 122 492 122 497 88 497 text 0
220 492 302 492 302 500 220 500 text 0
315 492 423 492 423 500 315 500 text 0
438 493 508 493 508 501 438 501 text 0
350 501 423 501 423 515 350 515 text 0
65 513 479 513 479 522 65 522 text 0
15 529 72 529 72 536 15 536 text 0
86 529 141 529 141 536 86 536 text 0
160 530 276 530 276 538 160 538 text 0
291 532 413 532 413 540 291 540 text 0
38 538 73 538 73 546 38 546 text 0
88 539 167 539 167 547 88 547 text 0
181 539 216 539 216 547 181 547 text 0
230 540 350 540 350 548 230 548 text 0
364 542 386 542 386 549 364 549 text 0
401 541 446 541 446 549 401 549 text 0
464 543 501 543 501 550 464 550 text 0
41 548 120 548 120 555 41 555 text 0
171 549 253 549 253 556 171 556 text 0
133 550 154 550 154 555 133 555 text 0
267 550 350 550 350 558 267 558 text 0
367 551 501 551 501 559 367 559 text 0
37 556 93 556 93 564 37 564 text 0
122 558 144 558 144 565 122 565 text 0
157 558 204 558 204 565 157 565 text 0
217 559 289 559 289 566 217 566 text 0
302 560 313 560 313 567 302 567 text 0
327 560 399 560 399 568 327 568 text 0
415 561 463 561 463 568 415 568 text 0
477 561 513 561 513 569 477 569 text 0
26 565 72 565 72 573 26 573 text 0
85 566 105 566 105 573 85 573 text 0
120 567 223 567 223 576 120 576 text 0
242 568 326 568 326 577 242 577 text 0
339 570 400 570 400 578 339 578 text 0
414 571 474 571 474 578 414 578 text 0
490 572 513 572 513 579 490 579 text 0
38 576 70 576 70 583 38 583 text 0
85 576 179 576 179 584 85 584 text 0
192 577 314 577 314 586 192 586 text 0
365 580 413 580 413 588 365 588 text 0
328 581 350 581 350 586 328 586 text 0
429 580 462 580 462 588 429 588 text 0
477 583 514 583 514 590 477 590 text 0
63 585 129 585 129 593 63 593 text 0
182 587 252 587 252 594 182 594 text 0
144 588 167 588 167 593 144 593 text 0
266 588 289 588 289 595 266 595 text 0
303 589 413 589 413 597 303 597 text 0
426 590 476 590 476 598 426 598 text 0
230 598 312 598 312 606 230 606 text 0
84 604 142 604 142 612 84 612 text 0
154 606 190 606 190 613 154 613 text 0
203 607 239 607 239 614 203 614 text 0
253 607 326 607 326 615 253 615 text 0
340 609 389 609 389 616 340 616 text 0
402 610 464 610 464 618 402 618 text 0