435 47 485 47 485 56 435 56 text 0
493 47 573 47 573 56 493 56 text 0
583 48 607 48 607 57 583 57 text 0
184 48 312 48 312 57 184 57 text 0
378 48 424 48 424 57 378 57 text 0
320 48 370 48 370 57 320 57 text 0
39 49 172 49 172 57 39 57 text 0
319 59 395 59 395 68 319 68 text 0
259 60 310 60 310 68 259 68 text 0
409 59 456 59 456 68 409 68 text 0
184 60 218 60 218 68 184 68 text 0
226 60 242 60 242 69 226 69 text 0
168 71 226 71 226 79 168 79 text 0
235 71 287 71 287 80 235 80 text 0
299 70 360 70 360 80 299 80 text 0
371 71 470 71 470 81 371 81 text 0
218 82 312 82 312 90 218 90 text 0
421 82 515 82 515 90 421 90 text 0
331 82 411 82 411 90 331 90 text 0
126 81 167 81 167 91 126 91 text 0
175 82 207 82 207 90 175 90 text 0
298 93 444 93 444 102 298 102 text 0
200 94 245 94 245 102 200 102 text 0
257 93 291 93 291 103 257 103 text 0
316 115 438 115 438 129 316 129 text 0
450 115 496 115 496 129 450 129 text 0
292 114 302 114 302 129 292 129 text 0
144 114 178 114 178 129 144 129 text 0
196 114 277 114 277 129 196 129 text 0
429 142 524 142 524 157 429 157 text 0
257 142 305 142 305 157 257 157 text 0
320 142 353 142 353 157 320 157 text 0
368 144 411 144 411 157 368 157 text 0
412 162 526 162 526 170 412 170 text 0
105 163 112 163 112 170 105 170 text 0
31 162 55 162 55 171 31 171 text 0
335 163 389 163 389 170 335 170 text 0
348 177 383 177 383 191 348 191 text 0
141 177 200 177 200 191 141 191 text 0
213 177 285 177 285 191 213 191 text 0
300 177 333 177 333 191 300 191 text 0
30 177 127 177 127 192 30 192 text 0
297 197 308 197 308 205 297 205 text 0
250 197 262 197 262 204 250 204 text 0
273 197 284 197 284 205 273 205 text 0
199 197 225 197 225 205 199 205 text 0
115 197 173 197 173 205 115 205 text 0
31 198 101 198 101 206 31 206 text 0
105 209 127 209 127 216 105 216 text 0
146 209 199 209 199 216 146 216 text 0
32 209 91 209 91 217 32 217 text 0
264 220 357 220 357 227 264 227 text 0
106 221 176 221 176 228 106 228 text 0
191 221 236 221 236 229 191 229 text 0
35 222 90 222 90 228 35 228 text 0
107 231 273 231 273 239 107 239 text 0
32 231 96 231 96 239 32 239 text 0
452 242 505 242 505 250 452 250 text 0
316 242 424 242 424 250 316 250 text 0
266 241 307 241 307 251 266 251 text 0
343 256 379 256 379 264 343 264 text 0
245 256 280 256 280 264 245 264 text 0
429 256 475 256 475 264 429 264 text 0
403 256 415 256 415 264 403 264 text 0
297 256 330 256 330 264 297 264 text 0
501 255 584 255 584 265 501 265 text 0
26 257 159 257 159 265 26 265 text 0
404 276 414 276 414 280 404 280 text 0
536 274 585 274 585 282 536 282 text 0
319 274 329 274 329 282 319 282 text 0
464 274 475 274 475 283 464 283 text 0
369 275 376 275 376 282 369 282 text 0
26 275 70 275 70 283 26 283 text 0
89 276 141 276 141 282 89 282 text 0
232 275 279 275 279 283 232 283 text 0
538 285 584 285 584 294 538 294 text 0
319 286 329 286 329 293 319 293 text 0
464 285 475 285 475 294 464 294 text 0
369 286 376 286 376 293 369 293 text 0
404 286 414 286 414 293 404 293 text 0
234 286 279 286 279 293 234 293 text 0
25 287 132 287 132 294 25 294 text 0
537 297 584 297 584 304 537 304 text 0
231 298 280 298 280 306 231 306 text 0
26 298 61 298 61 305 26 305 text 0
463 297 476 297 476 306 463 306 text 0
367 298 377 298 377 305 367 305 text 0
402 297 416 297 416 306 402 306 text 0
76 297 135 297 135 306 76 306 text 0
320 298 328 298 328 305 320 305 text 0
466 313 524 313 524 327 466 327 text 0
270 313 295 313 295 327 270 327 text 0
196 313 256 313 256 327 196 327 text 0
306 313 409 313 409 331 306 331 text 0
401 337 413 337 413 345 401 345 text 0
369 337 376 337 376 346 369 346 text 0
26 338 220 338 220 345 26 345 text 0
320 338 328 338 328 345 320 345 text 0
536 337 585 337 585 346 536 346 text 0
233 338 280 338 280 346 233 346 text 0
464 338 474 338 474 346 464 346 text 0
454 349 476 349 476 357 454 357 text 0
231 349 280 349 280 356 231 356 text 0
538 349 586 349 586 357 538 357 text 0
27 349 130 349 130 357 27 357 text 0
404 350 414 350 414 356 404 356 text 0
365 350 379 350 379 358 365 358 text 0
311 351 328 351 328 357 311 357 text 0
367 361 377 361 377 368 367 368 text 0
26 361 74 361 74 369 26 369 text 0
536 361 583 361 583 369 536 369 text 0
466 361 475 361 475 369 466 369 text 0
311 361 328 361 328 368 311 368 text 0
231 361 280 361 280 368 231 368 text 0
88 361 158 361 158 368 88 368 text 0
404 363 414 363 414 369 404 369 text 0
319 373 327 373 327 380 319 380 text 0
364 373 378 373 378 380 364 380 text 0
537 372 584 372 584 380 537 380 text 0
231 373 280 373 280 380 231 380 text 0
87 373 144 373 144 380 87 380 text 0
464 372 475 372 475 381 464 381 text 0
404 374 414 374 414 380 404 380 text 0
28 373 74 373 74 382 28 382 text 0
231 384 280 384 280 392 231 392 text 0
360 384 378 384 378 392 360 392 text 0
25 384 146 384 146 392 25 392 text 0
318 384 330 384 330 392 318 392 text 0
530 385 585 385 585 392 530 392 text 0
442 384 475 384 475 392 442 392 text 0
404 385 414 385 414 391 404 391 text 0
50 400 108 400 108 414 50 414 text 0
465 400 523 400 523 414 465 414 text 0
123 400 149 400 149 414 123 414 text 0
355 400 410 400 410 417 355 417 text 0
270 400 338 400 338 418 270 418 text 0
160 400 253 400 253 418 160 418 text 0
475 422 523 422 523 437 475 437 text 0
367 422 410 422 410 437 367 437 text 0
466 447 524 447 524 462 466 462 text 0
137 447 159 447 159 462 137 462 text 0
62 447 118 447 118 462 62 462 text 0
353 447 410 447 410 465 353 465 text 0
173 446 266 446 266 465 173 465 text 0
282 447 336 447 336 466 282 466 text 0
195 470 254 470 254 486 195 486 text 0
465 470 525 470 525 486 465 486 text 0
269 470 294 470 294 486 269 486 text 0
308 471 410 471 410 489 308 489 text 0
244 494 302 494 302 509 244 509 text 0
464 496 524 496 524 510 464 510 text 0
318 495 408 495 408 514 318 514 text 0
29 527 109 527 109 534 29 534 text 0
397 537 443 537 443 545 397 545 text 0
456 538 565 538 565 546 456 546 text 0
31 538 127 538 127 546 31 546 text 0
140 539 199 539 199 545 140 545 text 0
323 538 371 538 371 546 323 546 text 0
213 538 272 538 272 548 213 548 text 0
290 541 309 541 309 545 290 545 text 0
199 549 223 549 223 557 199 557 text 0
29 549 64 549 64 557 29 557 text 0
369 549 466 549 466 559 369 559 text 0
238 550 356 550 356 558 238 558 text 0
483 551 502 551 502 557 483 557 text 0
77 552 182 552 182 559 77 559 text 0
175 561 224 561 224 569 175 569 text 0
506 562 526 562 526 568 506 568 text 0
358 562 488 562 488 569 358 569 text 0
545 563 572 563 572 569 545 569 text 0
143 563 163 563 163 569 143 569 text 0
239 564 342 564 342 568 239 568 text 0
31 562 127 562 127 570 31 570 text 0
334 572 391 572 391 581 334 581 text 0
288 573 319 573 319 580 288 580 text 0
105 573 138 573 138 580 105 580 text 0
153 572 219 572 219 581 153 581 text 0
447 574 479 574 479 579 447 579 text 0
407 575 429 575 429 581 407 581 text 0
257 575 273 575 273 581 257 581 text 0
34 573 89 573 89 582 34 582 text 0
345 584 379 584 379 592 345 592 text 0
287 584 332 584 332 592 287 592 text 0
398 585 479 585 479 592 398 592 text 0
177 584 237 584 237 593 177 593 text 0
31 585 163 585 163 594 31 594 text 0
253 587 271 587 271 592 253 592 text 0
163 597 211 597 211 603 163 603 text 0
31 598 147 598 147 605 31 605 text 0
201 608 366 608 366 616 201 616 text 0
374 608 442 608 442 616 374 616 text 0