17 10 207 10 207 31 17 31 text 0
173 68 328 68 328 83 173 83 text 0
356 69 509 69 509 82 356 82 text 0
130 88 348 88 348 101 130 101 text 0
380 89 455 89 455 102 380 102 text 0
468 89 532 89 532 103 468 103 text 0
106 108 145 108 145 120 106 120 text 0
173 108 234 108 234 120 173 120 text 0
261 109 305 109 305 121 261 121 text 0
379 108 551 108 551 122 379 122 text 0
107 127 163 127 163 140 107 140 text 0
198 127 234 127 234 140 198 140 text 0
308 127 574 127 574 141 308 141 text 0
58 166 179 166 179 179 58 179 text 0
308 166 439 166 439 180 308 180 text 0
218 167 279 167 279 179 218 179 text 0
468 169 575 169 575 181 468 181 text 0
169 186 280 186 280 198 169 198 text 0
309 185 416 185 416 199 309 199 text 0
60 185 145 185 145 200 60 200 text 0
445 188 574 188 574 200 445 200 text 0
133 204 173 204 173 217 133 217 text 0
262 204 416 204 416 218 262 218 text 0
445 206 529 206 529 218 445 218 text 0
104 223 224 223 224 236 104 236 text 0
272 224 566 224 566 238 272 238 text 0
58 261 120 261 120 273 58 273 text 0
169 262 390 262 390 275 169 275 text 0
425 264 527 264 527 276 425 276 text 0
53 280 136 280 136 293 53 293 text 0
257 281 298 281 298 294 257 294 text 0
325 282 386 282 386 294 325 294 text 0
464 282 591 282 591 296 464 296 text 0
146 320 207 320 207 333 146 333 text 0
55 320 118 320 118 334 55 334 text 0
235 321 341 321 341 335 235 335 text 0
237 342 253 342 253 354 237 354 text 0
459 342 591 342 591 357 459 357 text 0
395 360 434 360 434 372 395 372 text 0
354 361 363 361 363 373 354 373 text 0
122 398 181 398 181 408 122 408 text 0
211 398 251 398 251 409 211 409 text 0
282 399 340 399 340 409 282 409 text 0
462 400 591 400 591 411 462 411 text 0
120 415 180 415 180 427 120 427 text 0
213 414 252 414 252 428 213 428 text 0
461 416 589 416 589 429 461 429 text 0
128 453 226 453 226 465 128 465 text 0
324 453 477 453 477 467 324 467 text 0
506 454 584 454 584 467 506 467 text 0
120 473 296 473 296 485 120 485 text 0
458 473 589 473 589 485 458 485 text 0
120 491 205 491 205 503 120 503 text 0
458 492 602 492 602 505 458 505 text 0
97 528 157 528 157 540 97 540 text 0
367 529 406 529 406 542 367 542 text 0
192 529 338 529 338 543 192 543 text 0
434 530 499 530 499 543 434 543 text 0
94 567 199 567 199 579 94 579 text 0
232 568 317 568 317 580 232 580 text 0
345 567 406 567 406 580 345 580 text 0
434 568 496 568 496 581 434 581 text 0
185 585 406 585 406 598 185 598 text 0