257 52 393 52 393 64 257 64 text 0
201 55 241 55 241 65 201 65 text 0
206 69 374 69 374 82 206 82 text 0
369 85 393 85 393 95 369 95 text 0
284 85 352 85 352 96 284 96 text 0
411 85 484 85 484 96 411 96 text 0
203 86 269 86 269 97 203 97 text 0
105 87 136 87 136 97 105 97 text 0
147 86 186 86 186 97 147 97 text 0
369 100 449 100 449 111 369 111 text 0
231 101 352 101 352 113 231 113 text 0
133 102 214 102 214 113 133 113 text 0
327 116 353 116 353 127 327 127 text 0
216 117 311 117 311 128 216 128 text 0
355 132 463 132 463 143 355 143 text 0
269 133 331 133 331 144 269 144 text 0
202 133 255 133 255 143 202 143 text 0
118 133 186 133 186 144 118 144 text 0
395 147 528 147 528 158 395 158 text 0
367 147 380 147 380 159 367 159 text 0
216 148 348 148 348 159 216 159 text 0
51 149 88 149 88 160 51 160 text 0
133 149 172 149 172 160 133 160 text 0
104 148 117 148 117 160 104 160 text 0
173 163 519 163 519 176 173 176 text 0
78 165 154 165 154 176 78 176 text 0
355 178 489 178 489 189 355 189 text 0
326 178 338 178 338 190 326 190 text 0
174 180 308 180 308 191 174 191 text 0
107 180 154 180 154 191 107 191 text 0
258 194 392 194 392 205 258 205 text 0
188 195 236 195 236 206 188 206 text 0
174 210 532 210 532 223 174 223 text 0
64 211 155 211 155 221 64 221 text 0
299 226 471 226 471 237 299 237 text 0
230 226 255 226 255 237 230 237 text 0
175 226 215 226 215 238 175 238 text 0
111 227 158 227 158 238 111 238 text 0
396 257 533 257 533 268 396 268 text 0
328 258 352 258 352 268 328 268 text 0
274 258 311 258 311 269 274 269 text 0
107 258 173 258 173 268 107 268 text 0
24 258 63 258 63 270 24 270 text 0
189 273 296 273 296 284 189 284 text 0
314 273 341 273 341 284 314 284 text 0
23 274 173 274 173 285 23 285 text 0
246 304 340 304 340 315 246 315 text 0
535 334 575 334 575 345 535 345 text 0
24 336 55 336 55 346 24 346 text 0
65 336 215 336 215 347 65 347 text 0
509 350 568 350 568 361 509 361 text 0
439 350 502 350 502 361 439 361 text 0
285 351 380 351 380 362 285 362 text 0
230 351 269 351 269 362 230 362 text 0
23 351 76 351 76 362 23 362 text 0
534 381 574 381 574 392 534 392 text 0
300 381 366 381 366 392 300 392 text 0
479 381 519 381 519 392 479 392 text 0
258 382 284 382 284 393 258 393 text 0
381 382 462 382 462 393 381 393 text 0
188 382 242 382 242 393 188 393 text 0
64 382 171 382 171 393 64 393 text 0
25 383 34 383 34 393 25 393 text 0
549 397 574 397 574 408 549 408 text 0
327 397 381 397 381 407 327 407 text 0
467 397 519 397 519 408 467 408 text 0
216 397 229 397 229 408 216 408 text 0
24 398 158 398 158 409 24 409 text 0
341 444 406 444 406 454 341 454 text 0
563 444 573 444 573 454 563 454 text 0
274 444 324 444 324 455 274 455 text 0
522 459 574 459 574 470 522 470 text 0
314 459 353 459 353 470 314 470 text 0
367 460 407 460 407 469 367 469 text 0
233 459 290 459 290 470 233 470 text 0
147 459 215 459 215 470 147 470 text 0
66 460 127 460 127 471 66 471 text 0
522 475 574 475 574 485 522 485 text 0
312 475 408 475 408 486 312 486 text 0
134 475 197 475 197 486 134 486 text 0
215 476 294 476 294 486 215 486 text 0
508 490 575 490 575 500 508 500 text 0
230 491 284 491 284 501 230 501 text 0
299 491 408 491 408 501 299 501 text 0
506 506 573 506 573 515 506 515 text 0
327 506 409 506 409 518 327 518 text 0
450 537 490 537 490 548 450 548 text 0
511 537 568 537 568 548 511 548 text 0
24 538 62 538 62 548 24 548 text 0
317 537 374 537 374 548 317 548 text 0
215 538 294 538 294 548 215 548 text 0
78 538 173 538 173 549 78 549 text 0
522 552 575 552 575 563 522 563 text 0
328 552 379 552 379 563 328 563 text 0
93 553 120 553 120 563 93 563 text 0
24 553 50 553 50 564 24 564 text 0
106 583 159 583 159 594 106 594 text 0
284 583 573 583 573 594 284 594 text 0
174 583 213 583 213 594 174 594 text 0
231 583 270 583 270 594 231 594 text 0
24 584 91 584 91 595 24 595 text 0