170 96 265 96 265 107 170 107 text 0
279 96 315 96 315 107 279 107 text 0
329 96 388 96 388 108 329 108 text 0
205 111 339 111 339 123 205 123 text 0
181 126 240 126 240 138 181 138 text 0
392 127 436 127 436 138 392 138 text 0
110 127 165 127 165 139 110 139 text 0
255 127 375 127 375 140 255 140 text 0
301 142 388 142 388 153 301 153 text 0
219 142 290 142 290 153 219 153 text 0
84 142 168 142 168 153 84 153 text 0
182 142 201 142 201 154 182 154 text 0
399 141 480 141 480 155 399 155 text 0
146 157 203 157 203 169 146 169 text 0
316 157 411 157 411 171 316 171 text 0
217 157 298 157 298 170 217 170 text 0
230 172 262 172 262 185 230 185 text 0
280 173 422 173 422 185 280 185 text 0
181 173 217 173 217 185 181 185 text 0
133 173 166 173 166 185 133 185 text 0
135 203 202 203 202 215 135 215 text 0
236 205 398 205 398 216 236 216 text 0
38 234 70 234 70 245 38 245 text 0
148 235 228 235 228 245 148 245 text 0
86 235 129 235 129 246 86 246 text 0
253 235 348 235 348 246 253 246 text 0
364 235 448 235 448 247 364 247 text 0
282 249 376 249 376 261 282 261 text 0
37 250 84 250 84 261 37 261 text 0
146 250 265 250 265 261 146 261 text 0
34 279 167 279 167 292 34 292 text 0
413 281 470 281 470 292 413 292 text 0
487 281 520 281 520 292 487 292 text 0
303 281 387 281 387 293 303 293 text 0
218 281 253 281 253 293 218 293 text 0
37 311 84 311 84 323 37 323 text 0
100 311 130 311 130 323 100 323 text 0
317 326 364 326 364 339 317 339 text 0
426 327 473 327 473 339 426 339 text 0
497 327 520 327 520 339 497 339 text 0
209 328 216 328 216 339 209 339 text 0
230 330 240 330 240 338 230 338 text 0
36 342 117 342 117 354 36 354 text 0
415 358 472 358 472 369 415 369 text 0
306 358 362 358 362 369 306 369 text 0
210 359 216 359 216 369 210 369 text 0
497 359 520 359 520 369 497 369 text 0
230 361 240 361 240 368 230 368 text 0
37 373 84 373 84 384 37 384 text 0
97 373 143 373 143 385 97 385 text 0
314 388 362 388 362 399 314 399 text 0
207 388 216 388 216 399 207 399 text 0
497 388 520 388 520 400 497 400 text 0
426 388 473 388 473 400 426 400 text 0
230 391 240 391 240 398 230 398 text 0
37 417 93 417 93 429 37 429 text 0
169 418 180 418 180 429 169 429 text 0
108 418 153 418 153 429 108 429 text 0
37 432 92 432 92 445 37 445 text 0
244 433 299 433 299 446 244 446 text 0
464 434 517 434 517 445 464 445 text 0
112 433 229 433 229 447 112 447 text 0
37 449 70 449 70 460 37 460 text 0
184 449 238 449 238 461 184 461 text 0
476 449 520 449 520 461 476 461 text 0
84 448 168 448 168 461 84 461 text 0
37 463 92 463 92 475 37 475 text 0
243 463 265 463 265 475 243 475 text 0
464 464 521 464 521 475 464 475 text 0
112 463 229 463 229 476 112 476 text 0
280 464 335 464 335 476 280 476 text 0
37 478 172 478 172 491 37 491 text 0
405 480 519 480 519 491 405 491 text 0
37 509 84 509 84 520 37 520 text 0
465 509 520 509 520 521 465 521 text 0
37 554 71 554 71 566 37 566 text 0
278 554 397 554 397 566 278 566 text 0
84 554 168 554 168 567 84 567 text 0
438 554 519 554 519 567 438 567 text 0
195 569 228 569 228 582 195 582 text 0
38 569 61 569 61 581 38 581 text 0
343 570 397 570 397 581 343 581 text 0
475 569 520 569 520 581 475 581 text 0
160 569 182 569 182 582 160 582 text 0