352 130 474 130 474 144 352 144 text 0
299 132 335 132 335 145 299 145 text 0
234 131 283 131 283 144 234 144 text 0
157 132 221 132 221 146 157 146 text 0
120 133 143 133 143 146 120 146 text 0
326 150 388 150 388 162 326 162 text 0
404 148 476 148 476 163 404 163 text 0
135 150 171 150 171 162 135 162 text 0
186 150 231 150 231 162 186 162 text 0
250 150 308 150 308 164 250 164 text 0
290 168 389 168 389 180 290 180 text 0
212 169 273 169 273 181 212 181 text 0
341 187 442 187 442 200 341 200 text 0
174 188 238 188 238 200 174 200 text 0
251 188 322 188 322 202 251 202 text 0
354 206 443 206 443 218 354 218 text 0
163 207 263 207 263 220 163 220 text 0
277 207 339 207 339 220 277 220 text 0
150 225 187 225 187 238 150 238 text 0
316 226 469 226 469 239 316 239 text 0
203 226 235 226 235 238 203 238 text 0
253 226 277 226 277 238 253 238 text 0
139 245 227 245 227 258 139 258 text 0
304 245 494 245 494 258 304 258 text 0
239 245 264 245 264 258 239 258 text 0
63 283 151 283 151 296 63 296 text 0
279 284 354 284 354 296 279 296 text 0
470 284 572 284 572 296 470 296 text 0
61 321 111 321 111 334 61 334 text 0
202 322 291 322 291 334 202 334 text 0
126 322 188 322 188 334 126 334 text 0
305 322 367 322 367 334 305 334 text 0
383 322 406 322 406 334 383 334 text 0
446 322 546 322 546 334 446 334 text 0
561 327 572 327 572 335 561 335 text 0
127 340 138 340 138 352 127 352 text 0
150 340 175 340 175 352 150 352 text 0
87 340 112 340 112 353 87 353 text 0
189 340 252 340 252 353 189 353 text 0
61 358 111 358 111 372 61 372 text 0
126 360 227 360 227 373 126 373 text 0
242 360 342 360 342 373 242 373 text 0
356 361 405 361 405 374 356 374 text 0
470 361 545 361 545 374 470 374 text 0
560 364 572 364 572 374 560 374 text 0
61 398 121 398 121 410 61 410 text 0
138 398 200 398 200 411 138 411 text 0
216 398 340 398 340 411 216 411 text 0
355 399 402 399 402 411 355 411 text 0
472 399 544 399 544 412 472 412 text 0
419 400 445 400 445 411 419 411 text 0
355 419 406 419 406 431 355 431 text 0
418 419 444 419 444 431 418 431 text 0
472 419 547 419 547 431 472 431 text 0
328 437 406 437 406 450 328 450 text 0
419 437 443 437 443 450 419 450 text 0
484 438 546 438 546 451 484 451 text 0
60 474 97 474 97 487 60 487 text 0
264 475 389 475 389 487 264 487 text 0
469 476 555 476 555 488 469 488 text 0
111 475 200 475 200 490 111 490 text 0
112 492 137 492 137 505 112 505 text 0
317 493 391 493 391 506 317 506 text 0
61 496 74 496 74 505 61 505 text 0
509 494 560 494 560 507 509 507 text 0
110 512 136 512 136 525 110 525 text 0
341 513 392 513 392 525 341 525 text 0
59 515 72 515 72 524 59 524 text 0
523 514 559 514 559 525 523 525 text 0
125 570 186 570 186 582 125 582 text 0
200 570 248 570 248 583 200 583 text 0
264 571 340 571 340 583 264 583 text 0
355 574 404 574 404 583 355 583 text 0
418 572 482 572 482 587 418 587 text 0
126 589 162 589 162 601 126 601 text 0
177 589 264 589 264 601 177 601 text 0
60 588 111 588 111 603 60 603 text 0
280 590 313 590 313 602 280 602 text 0
471 592 557 592 557 602 471 602 text 0
329 590 455 590 455 605 329 605 text 0