209 52 279 52 279 77 209 77 text 0
297 49 400 49 400 86 297 86 text 0
416 58 492 58 492 84 416 84 text 0
184 96 236 96 236 111 184 111 text 0
246 96 288 96 288 111 246 111 text 0
296 96 420 96 420 111 296 111 text 0
304 123 401 123 401 138 304 138 text 0
152 123 296 123 296 138 152 138 text 0
412 123 448 123 448 140 412 140 text 0
177 147 246 147 246 160 177 160 text 0
257 148 313 148 313 162 257 162 text 0
322 148 419 148 419 162 322 162 text 0
155 172 216 172 216 187 155 187 text 0
303 172 449 172 449 187 303 187 text 0
224 172 293 172 293 187 224 187 text 0
239 197 307 197 307 211 239 211 text 0
317 197 364 197 364 211 317 211 text 0
39 256 87 256 87 272 39 272 text 0
96 256 125 256 125 272 96 272 text 0
169 259 278 259 278 273 169 273 text 0
39 283 87 283 87 298 39 298 text 0
293 283 372 283 372 298 293 298 text 0
169 283 285 283 285 301 169 301 text 0
387 285 408 285 408 299 387 299 text 0
38 308 110 308 110 322 38 322 text 0
169 308 192 308 192 322 169 322 text 0
379 332 433 332 433 347 379 347 text 0
459 332 549 332 549 347 459 347 text 0
296 332 336 332 336 349 296 349 text 0
57 332 185 332 185 351 57 351 text 0
387 360 423 360 423 380 387 380 text 0
488 360 524 360 524 380 488 380 text 0
36 382 105 382 105 398 36 398 text 0
365 383 419 383 419 397 365 397 text 0
323 383 336 383 336 399 323 399 text 0
456 384 521 384 521 400 456 400 text 0
290 419 340 419 340 432 290 432 text 0
510 419 565 419 565 434 510 434 text 0
263 444 351 444 351 458 263 458 text 0
204 444 255 444 255 458 204 458 text 0
483 444 563 444 563 463 483 463 text 0
248 468 339 468 339 483 248 483 text 0
191 470 239 470 239 482 191 482 text 0
496 469 564 469 564 484 496 484 text 0
509 494 565 494 565 508 509 508 text 0
257 494 337 494 337 510 257 510 text 0
123 532 200 532 200 548 123 548 text 0
213 534 258 534 258 548 213 548 text 0
318 532 485 532 485 550 318 550 text 0
272 538 307 538 307 549 272 549 text 0
214 558 317 558 317 573 214 573 text 0
329 558 404 558 404 573 329 573 text 0
285 582 341 582 341 596 285 596 text 0
169 583 272 583 272 597 169 597 text 0
354 582 451 582 451 600 354 600 text 0