53 79 122 79 122 92 53 92 text 0
137 80 187 80 187 92 137 92 text 0
198 82 358 82 358 95 198 95 text 0
51 96 72 96 72 109 51 109 text 0
81 96 160 96 160 109 81 109 text 0
170 98 277 98 277 111 170 111 text 0
286 100 347 100 347 112 286 112 text 0
354 99 375 99 375 113 354 113 text 0
51 112 120 112 120 125 51 125 text 0
133 114 199 114 199 126 133 126 text 0
296 115 435 115 435 128 296 128 text 0
208 114 284 114 284 129 208 129 text 0
116 129 266 129 266 143 116 143 text 0
114 145 157 145 157 158 114 158 text 0
168 147 334 147 334 161 168 161 text 0
53 177 121 177 121 189 53 189 text 0
52 210 162 210 162 223 52 223 text 0
168 212 189 212 189 225 168 225 text 0
202 213 349 213 349 226 202 226 text 0
440 214 570 214 570 225 440 225 text 0
357 214 428 214 428 226 357 226 text 0
53 226 255 226 255 241 53 241 text 0
327 230 394 230 394 242 327 242 text 0
406 230 506 230 506 242 406 242 text 0
52 243 190 243 190 256 52 256 text 0
52 277 111 277 111 289 52 289 text 0
224 279 277 279 277 291 224 291 text 0
314 279 356 279 356 291 314 291 text 0
378 280 490 280 490 291 378 291 text 0
54 292 192 292 192 306 54 306 text 0
258 295 297 295 297 308 258 308 text 0
413 296 476 296 476 309 413 309 text 0
330 296 379 296 379 309 330 309 text 0
51 309 166 309 166 323 51 323 text 0
177 311 237 311 237 324 177 324 text 0
249 312 334 312 334 324 249 324 text 0
342 313 387 313 387 325 342 325 text 0
398 313 446 313 446 325 398 325 text 0
51 325 206 325 206 339 51 339 text 0
265 328 273 328 273 339 265 339 text 0
413 328 476 328 476 341 413 341 text 0
316 328 379 328 379 341 316 341 text 0
53 342 202 342 202 356 53 356 text 0
210 344 316 344 316 357 210 357 text 0
325 345 375 345 375 357 325 357 text 0
507 345 573 345 573 357 507 357 text 0
386 345 497 345 497 358 386 358 text 0
52 358 191 358 191 372 52 372 text 0
258 361 265 361 265 371 258 371 text 0
308 360 372 360 372 373 308 373 text 0
405 360 469 360 469 373 405 373 text 0
52 375 219 375 219 388 52 388 text 0
227 377 332 377 332 390 227 390 text 0
51 408 132 408 132 420 51 420 text 0
140 409 270 409 270 421 140 421 text 0
342 411 382 411 382 422 342 422 text 0
54 440 192 440 192 453 54 453 text 0
232 442 297 442 297 455 232 455 text 0
53 457 113 457 113 470 53 470 text 0
199 458 248 458 248 470 199 470 text 0
52 474 106 474 106 486 52 486 text 0
200 474 248 474 248 487 200 487 text 0
52 489 99 489 99 501 52 501 text 0
193 491 243 491 243 503 193 503 text 0
52 506 94 506 94 519 52 519 text 0
104 507 190 507 190 520 104 520 text 0
247 508 296 508 296 521 247 521 text 0
51 522 66 522 66 534 51 534 text 0
118 523 132 523 132 536 118 536 text 0
202 523 266 523 266 536 202 536 text 0
52 539 120 539 120 552 52 552 text 0
200 540 264 540 264 552 200 552 text 0
52 555 160 555 160 569 52 569 text 0
232 557 282 557 282 569 232 569 text 0
51 589 148 589 148 601 51 601 text 0
156 590 226 590 226 602 156 602 text 0
233 590 284 590 284 602 233 602 text 0
294 590 348 590 348 602 294 602 text 0
358 590 532 590 532 604 358 604 text 0
51 604 137 604 137 617 51 617 text 0
147 605 205 605 205 618 147 618 text 0