62 74 190 74 190 86 62 86 text 0
202 74 372 74 372 86 202 86 text 0
386 75 564 75 564 87 386 87 text 0
257 89 373 89 373 101 257 101 text 0
206 108 248 108 248 117 206 117 text 0
323 108 364 108 364 117 323 117 text 0
376 108 422 108 422 117 376 117 text 0
259 108 315 108 315 117 259 117 text 0
206 123 313 123 313 132 206 132 text 0
321 124 423 124 423 133 321 133 text 0
214 139 257 139 257 147 214 147 text 0
314 139 416 139 416 147 314 147 text 0
267 139 306 139 306 148 267 148 text 0
261 155 334 155 334 165 261 165 text 0
189 155 253 155 253 165 189 165 text 0
343 155 440 155 440 165 343 165 text 0
392 171 529 171 529 180 392 180 text 0
160 171 297 171 297 180 160 180 text 0
331 171 372 171 372 180 331 180 text 0
99 171 139 171 139 180 99 180 text 0
140 186 192 186 192 195 140 195 text 0
435 187 487 187 487 196 435 196 text 0
207 186 424 186 424 198 207 198 text 0
244 203 263 203 263 211 244 211 text 0
189 203 232 203 232 211 189 211 text 0
284 203 439 203 439 211 284 211 text 0
291 223 393 223 393 233 291 233 text 0
234 223 280 223 280 232 234 232 text 0
79 242 107 242 107 251 79 251 text 0
195 242 331 242 331 251 195 251 text 0
30 242 69 242 69 252 30 252 text 0
413 242 465 242 465 252 413 252 text 0
482 242 598 242 598 252 482 252 text 0
29 258 110 258 110 268 29 268 text 0
197 258 257 258 257 268 197 268 text 0
411 258 464 258 464 268 411 268 text 0
485 259 572 259 572 268 485 268 text 0
419 276 455 276 455 286 419 286 text 0
32 276 156 276 156 288 32 288 text 0
362 300 417 300 417 310 362 310 text 0
481 300 535 300 535 310 481 310 text 0
357 311 421 311 421 319 357 319 text 0
466 312 535 312 535 319 466 319 text 0
265 312 330 312 330 319 265 319 text 0
562 312 597 312 597 319 562 319 text 0
27 312 68 312 68 321 27 321 text 0
195 311 228 311 228 322 195 322 text 0
394 327 413 327 413 335 394 335 text 0
28 327 71 327 71 335 28 335 text 0
209 327 218 327 218 335 209 335 text 0
274 327 294 327 294 335 274 335 text 0
489 327 509 327 509 335 489 335 text 0
366 327 383 327 383 335 366 335 text 0
570 327 595 327 595 335 570 335 text 0
303 327 322 327 322 335 303 335 text 0
30 342 39 342 39 351 30 351 text 0
47 343 85 343 85 351 47 351 text 0
93 343 155 343 155 351 93 351 text 0
164 343 276 343 276 351 164 351 text 0
483 359 540 359 540 368 483 368 text 0
56 359 107 359 107 368 56 368 text 0
206 359 219 359 219 368 206 368 text 0
112 359 152 359 152 371 112 371 text 0
114 385 161 385 161 394 114 394 text 0
169 385 225 385 225 394 169 394 text 0
483 385 540 385 540 394 483 394 text 0
344 385 397 385 397 396 344 396 text 0
235 385 278 385 278 396 235 396 text 0
321 387 336 387 336 396 321 396 text 0
496 405 540 405 540 414 496 414 text 0
309 405 397 405 397 414 309 414 text 0
352 425 397 425 397 433 352 433 text 0
296 425 344 425 344 433 296 433 text 0
497 425 540 425 540 433 497 433 text 0
497 444 541 444 541 454 497 454 text 0
305 445 398 445 398 456 305 456 text 0
133 465 191 465 191 474 133 474 text 0
315 465 337 465 337 474 315 474 text 0
69 465 124 465 124 474 69 474 text 0
485 466 542 466 542 474 485 474 text 0
200 465 308 465 308 476 200 476 text 0
344 466 399 466 399 477 344 477 text 0
483 485 541 485 541 494 483 494 text 0
332 485 397 485 397 494 332 494 text 0
496 500 541 500 541 509 496 509 text 0
313 501 398 501 398 511 313 511 text 0
70 536 116 536 116 544 70 544 text 0
125 536 245 536 245 545 125 545 text 0
74 554 114 554 114 563 74 563 text 0
480 554 517 554 517 564 480 564 text 0
324 555 367 555 367 564 324 564 text 0
527 554 578 554 578 564 527 564 text 0
246 554 262 554 262 565 246 565 text 0
376 555 426 555 426 566 376 566 text 0
125 553 179 553 179 568 125 568 text 0
405 569 424 569 424 577 405 577 text 0
248 569 258 569 258 577 248 577 text 0
76 569 105 569 105 578 76 578 text 0
369 569 393 569 393 578 369 578 text 0
536 569 577 569 577 578 536 578 text 0
368 585 425 585 425 594 368 594 text 0
207 585 265 585 265 594 207 594 text 0
536 586 577 586 577 594 536 594 text 0
302 615 430 615 430 623 302 623 text 0
254 615 291 615 291 622 254 622 text 0
517 615 557 615 557 623 517 623 text 0
209 615 245 615 245 623 209 623 text 0
150 615 201 615 201 623 150 623 text 0
65 615 139 615 139 623 65 623 text 0
447 615 505 615 505 623 447 623 text 0