114 76 205 76 205 87 114 87 text 0
219 76 321 76 321 87 219 87 text 0
332 77 401 77 401 88 332 88 text 0
412 77 521 77 521 88 412 88 text 0
232 89 403 89 403 99 232 99 text 0
179 104 222 104 222 112 179 112 text 0
230 104 267 104 267 112 230 112 text 0
274 104 345 104 345 112 274 112 text 0
355 104 455 104 455 113 355 113 text 0
160 118 224 118 224 126 160 126 text 0
233 118 338 118 338 127 233 127 text 0
346 118 479 118 479 127 346 127 text 0
100 140 141 140 141 148 100 148 text 0
161 141 299 141 299 149 161 149 text 0
333 142 375 142 375 150 333 150 text 0
384 141 533 141 533 150 384 150 text 0
191 156 237 156 237 164 191 164 text 0
245 156 266 156 266 164 245 164 text 0
285 156 443 156 443 164 285 164 text 0
237 173 283 173 283 181 237 181 text 0
293 173 396 173 396 182 293 182 text 0
31 186 57 186 57 194 31 194 text 0
66 186 91 186 91 194 66 194 text 0
30 201 83 201 83 209 30 209 text 0
90 202 156 202 156 210 90 210 text 0
164 202 227 202 227 210 164 210 text 0
234 202 380 202 380 211 234 211 text 0
31 214 63 214 63 222 31 222 text 0
92 215 161 215 161 223 92 223 text 0
74 214 83 214 83 223 74 223 text 0
169 215 235 215 235 223 169 223 text 0
244 215 255 215 255 223 244 223 text 0
30 226 109 226 109 235 30 235 text 0
117 228 179 228 179 236 117 236 text 0
186 228 251 228 251 236 186 236 text 0
31 241 131 241 131 250 31 250 text 0
140 242 267 242 267 250 140 250 text 0
30 255 168 255 168 264 30 264 text 0
79 268 108 268 108 277 79 277 text 0
31 268 71 268 71 277 31 277 text 0
198 270 333 270 333 278 198 278 text 0
415 270 468 270 468 278 415 278 text 0
485 271 601 271 601 279 485 279 text 0
29 283 110 283 110 293 29 293 text 0
199 284 259 284 259 293 199 293 text 0
412 285 466 285 466 293 412 293 text 0
487 286 574 286 574 294 487 294 text 0
30 298 157 298 157 309 30 309 text 0
420 301 466 301 466 309 420 309 text 0
362 320 417 320 417 330 362 330 text 0
483 321 537 321 537 330 483 330 text 0
29 330 69 330 69 338 29 338 text 0
265 331 332 331 332 339 265 339 text 0
357 331 424 331 424 339 357 339 text 0
464 332 537 332 537 340 464 340 text 0
194 331 229 331 229 340 194 340 text 0
572 333 605 333 605 340 572 340 text 0
32 343 95 343 95 350 32 350 text 0
275 343 323 343 323 351 275 351 text 0
208 343 219 343 219 351 208 351 text 0
366 344 415 344 415 352 366 352 text 0
479 344 539 344 539 352 479 352 text 0
580 345 605 345 605 352 580 352 text 0
30 357 93 357 93 364 30 364 text 0
103 358 164 358 164 365 103 365 text 0
173 358 207 358 207 365 173 365 text 0
213 358 239 358 239 366 213 366 text 0
56 371 107 371 107 380 56 380 text 0
206 371 217 371 217 379 206 379 text 0
113 371 153 371 153 382 113 382 text 0
474 372 543 372 543 381 474 381 text 0
173 395 224 395 224 403 173 403 text 0
112 395 161 395 161 403 112 403 text 0
233 395 336 395 336 406 233 406 text 0
474 397 541 397 541 405 474 405 text 0
344 396 399 396 399 406 344 406 text 0
311 414 400 414 400 422 311 422 text 0
498 414 541 414 541 422 498 422 text 0
353 431 399 431 399 439 353 439 text 0
296 430 347 430 347 439 296 439 text 0
498 431 542 431 542 439 498 439 text 0
498 448 542 448 542 456 498 456 text 0
304 448 399 448 399 458 304 458 text 0
68 464 123 464 123 472 68 472 text 0
132 465 192 465 192 473 132 473 text 0
316 465 337 465 337 473 316 473 text 0
199 465 309 465 309 475 199 475 text 0
472 466 541 466 541 474 472 474 text 0
346 466 401 466 401 476 346 476 text 0
334 483 399 483 399 491 334 491 text 0
472 483 541 483 541 491 472 491 text 0
497 497 540 497 540 505 497 505 text 0
312 496 399 496 399 506 312 506 text 0
71 525 118 525 118 533 71 533 text 0
126 525 244 525 244 534 126 534 text 0
74 542 112 542 112 550 74 550 text 0
120 542 178 542 178 550 120 550 text 0
481 543 519 543 519 552 481 552 text 0
244 543 263 543 263 553 244 553 text 0
324 543 429 543 429 553 324 553 text 0
528 544 579 544 579 553 528 553 text 0
75 555 105 555 105 563 75 563 text 0
248 556 259 556 259 564 248 564 text 0
359 556 428 556 428 564 359 564 text 0
535 557 579 557 579 565 535 565 text 0
205 570 274 570 274 579 205 579 text 0
355 571 426 571 426 579 355 579 text 0
534 571 578 571 578 579 534 579 text 0
64 596 139 596 139 603 64 603 text 0
147 596 200 596 200 603 147 603 text 0
206 596 246 596 246 603 206 603 text 0
255 596 295 596 295 603 255 603 text 0
444 597 508 597 508 604 444 604 text 0
304 596 437 596 437 605 304 605 text 0
516 597 559 597 559 604 516 604 text 0
247 612 382 612 382 622 247 622 text 0