342 25 424 25 424 35 342 35 text 0
263 27 331 27 331 36 263 36 text 0
263 36 419 36 419 46 263 46 text 0
415 44 523 44 523 54 415 54 text 0
331 49 407 49 407 57 331 57 text 0
296 50 323 50 323 57 296 57 text 0
159 51 222 51 222 57 159 57 text 0
229 51 286 51 286 57 229 57 text 0
436 53 561 53 561 65 436 65 text 0
350 59 429 59 429 67 350 67 text 0
279 62 341 62 341 69 279 69 text 0
118 62 186 62 186 69 118 69 text 0
194 63 272 63 272 70 194 70 text 0
310 78 461 78 461 88 310 88 text 0
218 81 263 81 263 88 218 88 text 0
272 81 292 81 292 88 272 88 text 0
316 93 414 93 414 102 316 102 text 0
261 96 309 96 309 103 261 103 text 0
501 99 602 99 602 112 501 112 text 0
433 107 484 107 484 114 433 114 text 0
65 108 103 108 103 115 65 115 text 0
223 109 355 109 355 116 223 116 text 0
111 109 139 109 139 116 111 116 text 0
498 114 581 114 581 125 498 125 text 0
431 119 482 119 482 126 431 126 text 0
64 121 139 121 139 127 64 127 text 0
225 122 275 122 275 128 225 128 text 0
438 132 483 132 483 139 438 139 text 0
64 133 185 133 185 142 64 142 text 0
225 134 275 134 275 141 225 141 text 0
495 147 546 147 546 155 495 155 text 0
382 149 434 149 434 157 382 157 text 0
567 154 597 154 597 161 567 161 text 0
478 156 544 156 544 163 478 163 text 0
376 158 441 158 441 164 376 164 text 0
61 158 98 158 98 164 61 164 text 0
286 160 351 160 351 166 286 166 text 0
220 160 253 160 253 167 220 167 text 0
575 164 597 164 597 170 575 170 text 0
501 165 547 165 547 173 501 173 text 0
62 168 195 168 195 175 62 175 text 0
387 168 425 168 425 175 387 175 text 0
300 169 336 169 336 175 300 175 text 0
227 169 245 169 245 175 227 175 text 0
61 180 134 180 134 186 61 186 text 0
139 180 257 180 257 186 139 186 text 0
263 181 312 181 312 188 263 188 text 0
561 190 593 190 593 197 561 197 text 0
509 191 543 191 543 198 509 198 text 0
60 192 191 192 191 198 60 198 text 0
386 193 423 193 423 198 386 198 text 0
232 194 237 194 237 199 232 199 text 0
299 194 335 194 335 199 299 199 text 0
59 203 156 203 156 210 59 210 text 0
162 205 254 205 254 210 162 210 text 0
349 205 414 205 414 210 349 210 text 0
421 204 479 204 479 212 421 212 text 0
261 205 341 205 341 211 261 211 text 0
571 215 593 215 593 222 571 222 text 0
510 216 543 216 543 223 510 223 text 0
58 216 191 216 191 224 58 224 text 0
385 218 422 218 422 223 385 223 text 0
229 218 236 218 236 224 229 224 text 0
300 218 332 218 332 225 300 225 text 0
57 228 80 228 80 233 57 233 text 0
130 229 147 229 147 234 130 234 text 0
155 229 199 229 199 234 155 234 text 0
206 229 240 229 240 235 206 235 text 0
56 241 189 241 189 248 56 248 text 0
569 242 590 242 590 248 569 248 text 0
507 242 539 242 539 248 507 248 text 0
227 242 232 242 232 248 227 248 text 0
384 243 417 243 417 249 384 249 text 0
297 242 332 242 332 249 297 249 text 0
56 252 154 252 154 259 56 259 text 0
160 252 235 252 235 259 160 259 text 0
242 254 279 254 279 259 242 259 text 0
288 254 322 254 322 260 288 260 text 0
55 265 188 265 188 272 55 272 text 0
224 266 231 266 231 273 224 273 text 0
567 267 587 267 587 273 567 273 text 0
505 267 538 267 538 273 505 273 text 0
295 267 330 267 330 273 295 273 text 0
383 267 415 267 415 273 383 273 text 0
56 276 152 276 152 282 56 282 text 0
158 277 233 277 233 283 158 283 text 0
240 278 277 278 277 284 240 284 text 0
286 278 320 278 320 284 286 284 text 0
53 289 186 289 186 296 53 296 text 0
224 291 230 291 230 297 224 297 text 0
292 291 327 291 327 297 292 297 text 0
381 292 415 292 415 297 381 297 text 0
502 293 538 293 538 298 502 298 text 0
566 292 585 292 585 299 566 299 text 0
55 301 121 301 121 306 55 306 text 0
131 301 177 301 177 307 131 307 text 0
182 302 244 302 244 308 182 308 text 0
252 302 317 302 317 310 252 310 text 0
323 303 393 303 393 311 323 311 text 0
53 313 103 313 103 319 53 319 text 0
223 315 228 315 228 321 223 321 text 0
290 314 326 314 326 324 290 324 text 0
379 316 415 316 415 322 379 322 text 0
500 318 535 318 535 323 500 323 text 0
565 318 584 318 584 324 565 324 text 0
53 325 118 325 118 330 53 330 text 0
240 327 314 327 314 333 240 333 text 0
322 328 391 328 391 336 322 336 text 0
222 340 227 340 227 345 222 345 text 0
291 341 296 341 296 346 291 346 text 0
378 341 414 341 414 347 378 347 text 0
501 343 534 343 534 349 501 349 text 0
563 344 582 344 582 350 563 350 text 0
134 350 179 350 179 355 134 355 text 0
186 351 241 351 241 356 186 356 text 0
251 352 308 352 308 358 251 358 text 0
49 362 160 362 160 368 49 368 text 0
287 365 323 365 323 370 287 370 text 0
376 366 412 366 412 372 376 372 text 0
497 367 533 367 533 374 497 374 text 0
561 369 580 369 580 376 561 376 text 0
49 373 77 373 77 379 49 379 text 0
84 373 150 373 150 380 84 380 text 0
161 374 186 374 186 380 161 380 text 0
71 384 119 384 119 392 71 392 text 0
126 385 159 385 159 393 126 393 text 0
207 386 232 386 232 393 207 393 text 0
480 391 535 391 535 399 480 399 text 0
125 400 171 400 171 406 125 406 text 0
178 400 232 400 232 408 178 408 text 0
239 401 338 401 338 410 239 410 text 0
345 403 398 403 398 412 345 412 text 0
480 405 533 405 533 413 480 413 text 0
312 416 397 416 397 424 312 424 text 0
491 421 533 421 533 429 491 429 text 0
297 430 345 430 345 437 297 437 text 0
352 431 396 431 396 439 352 439 text 0
492 436 530 436 530 443 492 443 text 0
304 444 396 444 396 454 304 454 text 0
488 449 530 449 530 457 488 457 text 0
79 456 130 456 130 463 79 463 text 0
140 457 196 457 196 463 140 463 text 0
203 457 308 457 308 465 203 465 text 0
314 459 337 459 337 466 314 466 text 0
342 459 396 459 396 469 342 469 text 0
476 464 528 464 528 472 476 472 text 0
331 473 394 473 394 482 331 482 text 0
474 478 528 478 528 487 474 487 text 0
310 484 393 484 393 494 310 494 text 0
487 490 528 490 528 498 487 498 text 0
76 507 121 507 121 513 76 513 text 0
129 508 243 508 243 516 129 516 text 0
79 520 115 520 115 526 79 526 text 0
125 521 178 521 178 528 125 528 text 0
242 522 259 522 259 530 242 530 text 0
319 524 361 524 361 533 319 533 text 0
370 525 419 525 419 535 370 535 text 0
468 530 504 530 504 538 468 538 text 0
85 530 107 530 107 537 85 537 text 0
244 532 255 532 255 539 244 539 text 0
510 531 557 531 557 542 510 542 text 0
362 536 417 536 417 544 362 544 text 0
78 542 119 542 119 549 78 549 text 0
244 544 254 544 254 550 244 550 text 0
520 543 556 543 556 552 520 552 text 0
375 548 417 548 417 556 375 556 text 0
202 555 256 555 256 563 202 563 text 0
517 555 555 555 555 564 517 564 text 0
359 559 413 559 413 568 359 568 text 0
517 567 555 567 555 576 517 576 text 0
66 575 138 575 138 581 66 581 text 0
145 575 196 575 196 582 145 582 text 0
202 577 240 577 240 584 202 584 text 0
246 577 288 577 288 584 246 584 text 0
292 578 419 578 419 589 292 589 text 0
430 583 491 583 491 593 430 593 text 0
497 588 536 588 536 597 497 597 text 0