53 57 179 57 179 70 53 70 text 0
187 57 425 57 425 70 187 70 text 0
432 58 529 58 529 70 432 70 text 0
54 77 89 77 89 84 54 84 text 0
211 77 273 77 273 84 211 84 text 0
283 78 343 78 343 85 283 85 text 0
355 78 420 78 420 85 355 85 text 0
98 77 202 77 202 86 98 86 text 0
429 78 518 78 518 87 429 87 text 0
51 87 117 87 117 94 51 94 text 0
125 87 186 87 186 94 125 94 text 0
194 87 249 87 249 94 194 94 text 0
270 99 444 99 444 106 270 106 text 0
52 99 246 99 246 109 52 109 text 0
52 112 88 112 88 119 52 119 text 0
221 113 273 113 273 120 221 120 text 0
100 113 213 113 213 120 100 120 text 0
101 123 123 123 123 131 101 131 text 0
54 123 93 123 93 131 54 131 text 0
180 124 333 124 333 130 180 130 text 0
135 124 167 124 167 131 135 131 text 0
495 129 610 129 610 138 495 138 text 0
428 129 484 129 484 138 428 138 text 0
43 136 104 136 104 143 43 143 text 0
110 136 132 136 132 144 110 144 text 0
43 147 104 147 104 153 43 153 text 0
193 147 231 147 231 153 193 153 text 0
113 147 186 147 186 153 113 153 text 0
240 147 278 147 278 153 240 153 text 0
284 147 388 147 388 155 284 155 text 0
47 169 109 169 109 176 47 176 text 0
118 169 191 169 191 176 118 176 text 0
202 169 310 169 310 176 202 176 text 0
62 195 70 195 70 202 62 202 text 0
89 195 197 195 197 203 89 203 text 0
285 195 414 195 414 203 285 203 text 0
421 196 525 196 525 203 421 203 text 0
549 196 573 196 573 203 549 203 text 0
89 219 226 219 226 227 89 227 text 0
488 220 545 220 545 227 488 227 text 0
574 220 602 220 602 228 574 228 text 0
57 232 71 232 71 240 57 240 text 0
89 232 199 232 199 240 89 240 text 0
284 232 379 232 379 240 284 240 text 0
386 233 484 233 484 241 386 241 text 0
89 246 98 246 98 252 89 252 text 0
127 246 200 246 200 254 127 254 text 0
107 246 120 246 120 253 107 253 text 0
575 247 601 247 601 253 575 253 text 0
498 246 544 246 544 254 498 254 text 0
32 260 85 260 85 268 32 268 text 0
93 261 146 261 146 268 93 268 text 0
153 261 244 261 244 269 153 269 text 0
250 261 290 261 290 269 250 269 text 0
299 261 352 261 352 270 299 270 text 0
487 263 544 263 544 270 487 270 text 0
254 274 340 274 340 282 254 282 text 0
498 276 544 276 544 284 498 284 text 0
252 292 304 292 304 299 252 299 text 0
489 293 545 293 545 301 489 301 text 0
253 305 318 305 318 313 253 313 text 0
326 305 359 305 359 315 326 315 text 0
501 307 546 307 546 315 501 315 text 0
253 322 299 322 299 330 253 330 text 0
305 322 357 322 357 330 305 330 text 0
488 324 546 324 546 331 488 331 text 0
251 347 310 347 310 354 251 354 text 0
489 348 545 348 545 355 489 355 text 0
252 359 340 359 340 367 252 367 text 0
500 360 546 360 546 368 500 368 text 0
36 376 77 376 77 384 36 384 text 0
83 377 179 377 179 387 83 387 text 0
269 378 398 378 398 387 269 387 text 0
496 377 584 377 584 387 496 387 text 0
36 390 63 390 63 398 36 398 text 0
99 390 134 390 134 398 99 398 text 0
343 391 397 391 397 398 343 398 text 0
70 391 89 391 89 399 70 399 text 0
540 391 585 391 585 399 540 399 text 0
36 424 74 424 74 432 36 432 text 0
81 424 119 424 119 432 81 432 text 0
139 424 299 424 299 431 139 431 text 0
333 424 380 424 380 431 333 431 text 0
415 424 535 424 535 433 415 433 text 0
153 484 199 484 199 491 153 491 text 0
431 484 447 484 447 491 431 491 text 0
75 484 148 484 148 491 75 491 text 0
296 484 422 484 422 491 296 491 text 0
251 484 287 484 287 491 251 491 text 0
457 484 587 484 587 492 457 492 text 0
206 485 244 485 244 491 206 491 text 0
124 506 205 506 205 513 124 513 text 0
269 506 313 506 313 513 269 513 text 0
323 506 387 506 387 513 323 513 text 0
213 506 262 506 262 513 213 513 text 0
397 506 540 506 540 513 397 513 text 0
374 519 449 519 449 526 374 526 text 0
299 519 368 519 368 526 299 526 text 0
208 519 289 519 289 526 208 526 text 0
127 541 218 541 218 548 127 548 text 0
376 542 416 542 416 548 376 548 text 0
228 541 294 541 294 548 228 548 text 0
321 542 366 542 366 548 321 548 text 0
427 542 473 542 473 549 427 549 text 0
483 542 533 542 533 549 483 549 text 0
319 563 411 563 411 570 319 570 text 0
264 564 311 564 311 570 264 570 text 0
202 564 256 564 256 570 202 570 text 0
108 564 190 564 190 570 108 570 text 0
422 564 466 564 466 571 422 571 text 0
473 564 551 564 551 571 473 571 text 0
559 564 589 564 589 571 559 571 text 0
60 577 182 577 182 583 60 583 text 0
317 577 337 577 337 583 317 583 text 0
258 577 304 577 304 583 258 583 text 0
192 577 252 577 252 583 192 583 text 0
351 577 464 577 464 584 351 584 text 0
471 577 604 577 604 584 471 584 text 0
260 590 367 590 367 596 260 596 text 0
240 611 350 611 350 618 240 618 text 0
100 611 175 611 175 618 100 618 text 0
213 611 231 611 231 618 213 618 text 0
182 613 205 613 205 619 182 619 text 0
369 612 567 612 567 621 369 621 text 0