265 48 398 48 398 59 265 59 text 0
210 49 248 49 248 60 210 60 text 0
215 62 381 62 381 77 215 77 text 0
376 77 402 77 402 88 376 88 text 0
294 78 360 78 360 90 294 90 text 0
418 78 491 78 491 90 418 90 text 0
212 80 278 80 278 91 212 91 text 0
112 81 194 81 194 94 112 94 text 0
378 93 464 93 464 105 378 105 text 0
239 94 361 94 361 107 239 107 text 0
138 96 225 96 225 108 138 108 text 0
335 110 367 110 367 120 335 120 text 0
226 111 320 111 320 122 226 122 text 0
364 125 471 125 471 136 364 136 text 0
279 126 340 126 340 137 279 137 text 0
212 128 263 128 263 138 212 138 text 0
127 128 193 128 193 139 127 139 text 0
404 140 537 140 537 151 404 151 text 0
377 140 388 140 388 152 377 152 text 0
224 142 356 142 356 154 224 154 text 0
141 144 179 144 179 154 141 154 text 0
62 145 96 145 96 155 62 155 text 0
114 145 124 145 124 155 114 155 text 0
184 156 528 156 528 170 184 170 text 0
87 160 160 160 160 170 87 170 text 0
363 171 496 171 496 182 363 182 text 0
334 174 344 174 344 184 334 184 text 0
182 173 314 173 314 185 182 185 text 0
116 175 160 175 160 186 116 186 text 0
265 188 398 188 398 199 265 199 text 0
198 190 245 190 245 200 198 200 text 0
183 202 541 202 541 217 183 217 text 0
73 206 161 206 161 216 73 216 text 0
307 217 481 217 481 229 307 229 text 0
237 221 263 221 263 231 237 231 text 0
184 221 220 221 220 232 184 232 text 0
118 221 165 221 165 232 118 232 text 0
404 248 540 248 540 260 404 260 text 0
335 250 361 250 361 261 335 261 text 0
282 251 317 251 317 261 282 261 text 0
31 251 68 251 68 262 31 262 text 0
113 251 179 251 179 262 113 262 text 0
321 266 345 266 345 276 321 276 text 0
196 266 304 266 304 277 196 277 text 0
30 266 179 266 179 277 30 277 text 0
255 296 347 296 347 307 255 307 text 0
543 325 582 325 582 336 543 336 text 0
31 328 56 328 56 337 31 337 text 0
71 327 221 327 221 338 71 338 text 0
446 342 508 342 508 353 446 353 text 0
521 341 581 341 581 353 521 353 text 0
30 342 82 342 82 353 30 353 text 0
293 343 386 343 386 354 293 354 text 0
237 343 275 343 275 353 237 353 text 0
542 372 581 372 581 382 542 382 text 0
141 373 192 373 192 383 141 383 text 0
362 373 413 373 413 383 362 383 text 0
210 373 248 373 248 382 210 382 text 0
33 374 39 374 39 383 33 383 text 0
72 373 125 373 125 383 72 383 text 0
266 373 346 373 346 383 266 383 text 0
555 387 581 387 581 397 555 397 text 0
458 388 525 388 525 398 458 398 text 0
336 387 389 387 389 399 336 399 text 0
223 388 248 388 248 398 223 398 text 0
73 387 110 387 110 399 73 399 text 0
31 387 68 387 68 400 31 400 text 0
461 402 526 402 526 413 461 413 text 0
154 404 193 404 193 413 154 413 text 0
209 404 249 404 249 413 209 413 text 0
31 404 133 404 133 414 31 414 text 0
556 448 580 448 580 458 556 458 text 0
346 449 412 449 412 459 346 459 text 0
280 449 332 449 332 459 280 459 text 0
512 463 580 463 580 474 512 474 text 0
156 464 219 464 219 474 156 474 text 0
240 464 295 464 295 474 240 474 text 0
374 464 415 464 415 474 374 474 text 0
321 464 358 464 358 474 321 474 text 0
72 465 133 465 133 474 72 474 text 0
515 479 580 479 580 489 515 489 text 0
141 480 202 480 202 490 141 490 text 0
222 480 300 480 300 489 222 489 text 0
320 479 413 479 413 490 320 490 text 0
499 492 580 492 580 504 499 504 text 0
307 494 414 494 414 504 307 504 text 0
237 494 289 494 289 504 237 504 text 0
516 508 583 508 583 520 516 520 text 0
334 510 416 510 416 520 334 520 text 0
515 538 580 538 580 550 515 550 text 0
459 539 495 539 495 550 459 550 text 0
31 540 66 540 66 550 31 550 text 0
321 540 383 540 383 550 321 550 text 0
221 541 301 541 301 550 221 550 text 0
85 541 178 541 178 552 85 552 text 0
319 555 385 555 385 565 319 565 text 0
31 555 56 555 56 565 31 565 text 0
73 559 81 559 81 563 73 563 text 0
100 555 126 555 126 565 100 565 text 0
527 555 581 555 581 566 527 566 text 0
114 585 166 585 166 595 114 595 text 0
182 585 219 585 219 595 182 595 text 0
238 585 272 585 272 595 238 595 text 0
30 586 96 586 96 596 30 596 text 0
292 585 580 585 580 596 292 596 text 0