157 56 250 56 250 65 157 65 text 0
279 57 356 57 356 65 279 65 text 0
411 58 462 58 462 66 411 66 text 0
473 58 524 58 524 66 473 66 text 0
92 56 148 56 148 67 92 67 text 0
259 59 269 59 269 65 259 65 text 0
367 57 401 57 401 67 367 67 text 0
186 73 215 73 215 79 186 79 text 0
322 73 405 73 405 80 322 80 text 0
275 73 297 73 297 80 275 80 text 0
226 72 260 72 260 81 226 81 text 0
165 84 205 84 205 91 165 91 text 0
320 84 451 84 451 91 320 91 text 0
258 84 292 84 292 91 258 91 text 0
213 84 252 84 252 93 213 93 text 0
247 96 274 96 274 104 247 104 text 0
162 96 189 96 189 104 162 104 text 0
348 96 390 96 390 104 348 104 text 0
203 96 237 96 237 104 203 104 text 0
283 96 299 96 299 104 283 104 text 0
314 97 339 97 339 104 314 104 text 0
399 96 449 96 449 105 399 105 text 0
187 108 221 108 221 115 187 115 text 0
363 108 424 108 424 116 363 116 text 0
231 108 349 108 349 116 231 116 text 0
364 121 416 121 416 127 364 127 text 0
425 120 487 120 487 128 425 128 text 0
119 119 196 119 196 129 119 129 text 0
212 120 257 120 257 129 212 129 text 0
268 119 356 119 356 130 268 130 text 0
110 143 142 143 142 151 110 151 text 0
163 143 247 143 247 151 163 151 text 0
256 144 305 144 305 151 256 151 text 0
332 144 411 144 411 151 332 151 text 0
422 145 470 145 470 152 422 152 text 0
66 158 181 158 181 166 66 166 text 0
258 159 298 159 298 167 258 167 text 0
308 160 394 160 394 168 308 168 text 0
376 172 404 172 404 179 376 179 text 0
423 173 559 173 559 180 423 180 text 0
328 173 335 173 335 180 328 180 text 0
67 187 126 187 126 196 67 196 text 0
133 187 187 187 187 197 133 197 text 0
195 188 243 188 243 198 195 198 text 0
254 188 337 188 337 199 254 199 text 0
67 208 100 208 100 216 67 216 text 0
122 208 214 208 214 216 122 216 text 0
223 208 279 208 279 216 223 216 text 0
68 221 108 221 108 229 68 229 text 0
125 221 216 221 216 229 125 229 text 0
224 221 279 221 279 229 224 229 text 0
67 234 107 234 107 242 67 242 text 0
317 235 390 235 390 243 317 243 text 0
513 239 516 239 516 240 513 240 text 0
251 236 285 236 285 244 251 244 text 0
66 250 139 250 139 258 66 258 text 0
337 250 391 250 391 258 337 258 text 0
254 251 295 251 295 259 254 259 text 0
492 251 577 251 577 259 492 259 text 0
101 265 156 265 156 271 101 271 text 0
67 265 92 265 92 274 67 274 text 0
165 265 201 265 201 274 165 274 text 0
210 265 252 265 252 274 210 274 text 0
65 286 143 286 143 294 65 294 text 0
352 286 393 286 393 295 352 295 text 0
505 287 577 287 577 295 505 295 text 0
255 287 298 287 298 296 255 296 text 0
66 301 131 301 131 308 66 308 text 0
64 322 141 322 141 330 64 330 text 0
253 323 293 323 293 329 253 329 text 0
335 323 392 323 392 329 335 329 text 0
489 322 545 322 545 330 489 330 text 0
553 323 575 323 575 329 553 329 text 0
66 335 116 335 116 342 66 342 text 0
132 336 246 336 246 342 132 342 text 0
365 336 398 336 398 344 365 344 text 0
254 336 344 336 344 344 254 344 text 0
68 356 143 356 143 364 68 364 text 0
554 357 576 357 576 364 554 364 text 0
253 357 293 357 293 364 253 364 text 0
502 357 545 357 545 365 502 365 text 0
347 357 392 357 392 365 347 365 text 0
67 370 122 370 122 378 67 378 text 0
131 371 168 371 168 377 131 377 text 0
489 401 545 401 545 409 489 409 text 0
249 399 296 399 296 409 249 409 text 0
83 401 138 401 138 409 83 409 text 0
198 401 241 401 241 408 198 408 text 0
333 400 347 400 347 410 333 410 text 0
354 400 370 400 370 411 354 411 text 0
150 401 193 401 193 410 150 410 text 0
305 401 325 401 325 411 305 411 text 0
502 414 545 414 545 421 502 421 text 0
166 414 259 414 259 424 166 424 text 0
267 414 371 414 371 424 267 424 text 0
234 428 276 428 276 436 234 436 text 0
170 428 224 428 224 436 170 436 text 0
489 428 545 428 545 436 489 436 text 0
285 428 369 428 369 438 285 438 text 0
202 440 249 440 249 448 202 448 text 0
300 440 371 440 371 448 300 448 text 0
534 441 546 441 546 448 534 448 text 0
257 441 290 441 290 451 257 451 text 0
74 461 121 461 121 470 74 470 text 0
129 462 222 462 222 472 129 472 text 0
257 462 391 462 391 471 257 471 text 0
432 462 541 462 541 472 432 472 text 0
119 475 175 475 175 483 119 483 text 0
74 475 103 475 103 483 74 483 text 0
498 476 541 476 541 483 498 483 text 0
335 475 393 475 393 485 335 485 text 0
204 496 271 496 271 504 204 504 text 0
296 497 339 497 339 503 296 503 text 0
158 515 205 515 205 523 158 523 text 0
298 515 413 515 413 523 298 523 text 0
256 516 290 516 290 523 256 523 text 0
76 516 153 516 153 524 76 524 text 0
213 516 247 516 247 523 213 523 text 0
161 533 226 533 226 541 161 541 text 0
285 533 309 533 309 541 285 541 text 0
432 533 452 533 452 541 432 541 text 0
321 534 423 534 423 543 321 543 text 0
235 536 275 536 275 544 235 544 text 0
97 546 157 546 157 554 97 554 text 0
281 546 354 546 354 554 281 554 text 0
410 546 452 546 452 554 410 554 text 0
165 546 272 546 272 554 165 554 text 0
469 546 513 546 513 554 469 554 text 0
364 547 399 547 399 557 364 557 text 0