133 115 170 115 170 125 133 125 text 0
188 114 266 114 266 125 188 125 text 0
404 114 441 114 441 125 404 125 text 0
458 115 498 115 498 126 458 126 text 0
286 115 387 115 387 128 286 128 text 0
214 132 306 132 306 143 214 143 text 0
316 132 414 132 414 143 316 143 text 0
93 150 131 150 131 160 93 160 text 0
150 149 226 149 226 161 150 161 text 0
376 150 443 150 443 161 376 161 text 0
242 150 254 150 254 161 242 161 text 0
459 150 497 150 497 161 459 161 text 0
270 150 358 150 358 163 270 163 text 0
513 151 536 151 536 164 513 164 text 0
107 168 199 168 199 178 107 178 text 0
216 168 389 168 389 178 216 178 text 0
405 168 521 168 521 182 405 182 text 0
119 185 186 185 186 196 119 196 text 0
201 185 252 185 252 196 201 196 text 0
418 186 525 186 525 197 418 197 text 0
270 185 400 185 400 198 270 198 text 0
217 203 240 203 240 214 217 214 text 0
256 203 280 203 280 214 256 214 text 0
148 203 199 203 199 215 148 215 text 0
298 203 481 203 481 216 298 216 text 0
271 220 373 220 373 234 271 234 text 0
229 237 280 237 280 249 229 249 text 0
298 238 402 238 402 249 298 249 text 0
52 274 144 274 144 284 52 284 text 0
162 274 199 274 199 285 162 285 text 0
229 274 292 274 292 285 229 285 text 0
566 274 590 274 590 285 566 285 text 0
230 291 254 291 254 302 230 302 text 0
54 291 185 291 185 303 54 303 text 0
201 297 212 297 212 299 201 299 text 0
53 309 227 309 227 321 53 321 text 0
351 310 389 310 389 320 351 320 text 0
406 309 470 309 470 321 406 321 text 0
499 309 564 309 564 321 499 321 text 0
190 345 197 345 197 356 190 356 text 0
581 346 590 346 590 356 581 356 text 0
53 345 142 345 142 359 53 359 text 0
162 348 169 348 169 356 162 356 text 0
459 345 533 345 533 359 459 359 text 0
555 349 561 349 561 357 555 357 text 0
53 380 117 380 117 391 53 391 text 0
136 380 196 380 196 391 136 391 text 0
216 381 294 381 294 391 216 391 text 0
485 381 510 381 510 391 485 391 text 0
528 380 591 380 591 392 528 392 text 0
54 398 105 398 105 408 54 408 text 0
485 398 510 398 510 408 485 408 text 0
528 398 591 398 591 409 528 409 text 0
52 415 130 415 130 426 52 426 text 0
499 415 523 415 523 426 499 426 text 0
541 416 591 416 591 426 541 426 text 0
108 451 144 451 144 461 108 461 text 0
53 451 90 451 90 461 53 461 text 0
160 451 267 451 267 461 160 461 text 0
283 451 308 451 308 461 283 461 text 0
321 451 387 451 387 461 321 461 text 0
457 451 482 451 482 461 457 461 text 0
499 451 551 451 551 462 499 462 text 0
175 485 241 485 241 496 175 496 text 0
321 485 375 485 375 496 321 496 text 0
53 485 159 485 159 496 53 496 text 0
255 485 305 485 305 496 255 496 text 0
458 485 591 485 591 496 458 496 text 0
417 485 440 485 440 496 417 496 text 0
271 503 335 503 335 513 271 513 text 0
51 503 157 503 157 514 51 514 text 0
175 503 226 503 226 514 175 514 text 0
244 508 254 508 254 510 244 510 text 0
350 503 428 503 428 514 350 514 text 0
446 503 497 503 497 514 446 514 text 0
133 538 240 538 240 549 133 549 text 0
417 538 497 538 497 549 417 549 text 0
309 538 402 538 402 549 309 549 text 0
256 538 292 538 292 549 256 549 text 0
216 556 254 556 254 567 216 567 text 0
187 556 199 556 199 566 187 566 text 0
271 556 322 556 322 567 271 567 text 0
337 556 439 556 439 567 337 567 text 0
283 574 308 574 308 584 283 584 text 0
160 574 267 574 267 585 160 585 text 0
322 574 375 574 375 585 322 585 text 0
390 574 481 574 481 585 390 585 text 0