248 81 337 81 337 98 248 98 text 0
90 81 233 81 233 99 90 99 text 0
251 109 336 109 336 117 251 117 text 0
168 110 221 110 221 118 168 118 text 0
89 109 97 109 97 117 89 117 text 0
346 108 448 108 448 118 346 118 text 0
104 109 160 109 160 119 104 119 text 0
228 109 244 109 244 118 228 118 text 0
323 123 405 123 405 131 323 131 text 0
258 123 314 123 314 131 258 131 text 0
149 124 191 124 191 132 149 132 text 0
87 124 141 124 141 132 87 132 text 0
198 124 250 124 250 133 198 133 text 0
183 156 315 156 315 164 183 164 text 0
88 156 123 156 123 164 88 164 text 0
131 156 174 156 174 166 131 166 text 0
89 194 179 194 179 202 89 202 text 0
186 194 213 194 213 202 186 202 text 0
244 194 343 194 343 202 244 202 text 0
441 209 465 209 465 216 441 216 text 0
355 209 434 209 434 217 355 217 text 0
89 209 130 209 130 217 89 217 text 0
244 208 348 208 348 218 244 218 text 0
244 226 276 226 276 234 244 234 text 0
88 226 164 226 164 234 88 234 text 0
88 240 153 240 153 248 88 248 text 0
244 240 345 240 345 248 244 248 text 0
251 265 266 265 266 273 251 273 text 0
276 265 329 265 329 273 276 273 text 0
387 265 420 265 420 273 387 273 text 0
446 265 524 265 524 273 446 273 text 0
89 265 139 265 139 275 89 275 text 0
497 279 526 279 526 289 497 289 text 0
302 281 330 281 330 289 302 289 text 0
112 281 149 281 149 291 112 291 text 0
274 304 330 304 330 312 274 312 text 0
233 304 267 304 267 312 233 312 text 0
138 305 225 305 225 313 138 313 text 0
89 305 130 305 130 313 89 313 text 0
338 303 426 303 426 314 338 314 text 0
478 319 525 319 525 327 478 327 text 0
302 320 349 320 349 328 302 328 text 0
387 320 424 320 424 328 387 328 text 0
169 320 213 320 213 328 169 328 text 0
152 321 158 321 158 328 152 328 text 0
484 346 530 346 530 354 484 354 text 0
151 346 196 346 196 354 151 354 text 0
112 345 146 345 146 354 112 354 text 0
296 345 338 345 338 355 296 355 text 0
203 346 289 346 289 356 203 356 text 0
489 362 530 362 530 370 489 370 text 0
310 363 339 363 339 371 310 371 text 0
269 363 304 363 304 371 269 371 text 0
490 378 531 378 531 388 490 388 text 0
240 379 339 379 339 390 240 390 text 0
150 379 232 379 232 390 150 390 text 0
467 399 532 399 532 410 467 410 text 0
216 399 278 399 278 409 216 409 text 0
102 400 208 400 208 410 102 410 text 0
288 398 345 398 345 412 288 412 text 0
496 430 546 430 546 438 496 438 text 0
128 431 170 431 170 439 128 439 text 0
473 454 547 454 547 464 473 464 text 0
288 453 400 453 400 464 288 464 text 0
110 455 145 455 145 463 110 463 text 0
152 455 235 455 235 465 152 465 text 0
508 474 546 474 546 484 508 484 text 0
352 473 402 473 402 485 352 485 text 0
164 477 195 477 195 485 164 485 text 0
110 477 132 477 132 485 110 485 text 0
141 477 157 477 157 486 141 486 text 0
471 495 541 495 541 504 471 504 text 0
299 495 387 495 387 505 299 505 text 0
395 496 464 496 464 505 395 505 text 0
242 496 292 496 292 506 242 506 text 0
182 497 232 497 232 507 182 507 text 0
90 497 171 497 171 507 90 507 text 0
509 511 538 511 538 519 509 519 text 0
395 511 413 511 413 519 395 519 text 0
307 510 386 510 386 520 307 520 text 0
280 511 300 511 300 520 280 520 text 0
159 512 200 512 200 522 159 522 text 0
208 513 272 513 272 521 208 521 text 0
420 512 498 512 498 522 420 522 text 0
89 512 152 512 152 522 89 522 text 0
91 527 197 527 197 537 91 537 text 0
262 550 303 550 303 560 262 560 text 0
311 553 337 553 337 559 311 559 text 0
93 550 154 550 154 563 93 563 text 0
163 550 256 550 256 563 163 563 text 0