370 53 421 53 421 61 370 61 text 0
431 52 559 52 559 62 431 62 text 0
301 54 352 54 352 61 301 61 text 0
191 55 203 55 203 62 191 62 text 0
123 55 176 55 176 63 123 63 text 0
220 55 286 55 286 63 220 63 text 0
54 56 108 56 108 65 54 65 text 0
426 64 479 64 479 71 426 71 text 0
356 65 409 65 409 72 356 72 text 0
248 66 287 66 287 73 248 73 text 0
303 65 340 65 340 74 303 74 text 0
138 66 231 66 231 74 138 74 text 0
313 75 478 75 478 83 313 83 text 0
245 77 272 77 272 84 245 84 text 0
290 79 298 79 298 84 290 84 text 0
136 78 175 78 175 85 136 85 text 0
192 78 231 78 231 86 192 86 text 0
246 110 312 110 312 117 246 117 text 0
150 111 178 111 178 118 150 118 text 0
43 111 135 111 135 119 43 119 text 0
411 120 507 120 507 128 411 128 text 0
341 121 395 121 395 129 341 129 text 0
287 122 326 122 326 129 287 129 text 0
247 122 271 122 271 129 247 129 text 0
221 123 227 123 227 129 221 129 text 0
40 123 93 123 93 130 40 130 text 0
246 133 272 133 272 140 246 140 text 0
40 134 135 134 135 141 40 141 text 0
222 135 230 135 230 140 222 140 text 0
288 156 328 156 328 163 288 163 text 0
234 156 273 156 273 163 234 163 text 0
122 156 218 156 218 164 122 164 text 0
42 156 108 156 108 164 42 164 text 0
575 166 587 166 587 173 575 173 text 0
495 166 563 166 563 173 495 173 text 0
97 168 164 168 164 175 97 175 text 0
43 169 53 169 53 175 43 175 text 0
69 170 81 170 81 175 69 175 text 0
288 179 341 179 341 186 288 186 text 0
205 179 272 179 272 186 205 186 text 0
151 179 190 179 190 186 151 186 text 0
96 180 134 180 134 187 96 187 text 0
41 180 80 180 80 187 41 187 text 0
575 189 587 189 587 195 575 195 text 0
508 189 562 189 562 196 508 196 text 0
96 191 150 191 150 198 96 198 text 0
45 191 56 191 56 199 45 199 text 0
70 193 83 193 83 199 70 199 text 0
357 201 424 201 424 208 357 208 text 0
302 201 341 201 341 208 302 208 text 0
219 202 287 202 287 208 219 208 text 0
123 202 205 202 205 209 123 209 text 0
41 202 109 202 109 210 41 210 text 0
575 211 587 211 587 218 575 218 text 0
496 211 562 211 562 218 496 218 text 0
98 213 163 213 163 220 98 220 text 0
43 214 53 214 53 220 43 220 text 0
69 215 81 215 81 221 69 221 text 0
247 224 312 224 312 231 247 231 text 0
178 224 231 224 231 231 178 231 text 0
96 225 163 225 163 232 96 232 text 0
44 225 81 225 81 232 44 232 text 0
576 233 587 233 587 240 576 240 text 0
496 234 562 234 562 241 496 241 text 0
98 235 163 235 163 242 98 242 text 0
45 236 53 236 53 243 45 243 text 0
69 238 81 238 81 243 69 243 text 0
250 247 313 247 313 254 250 254 text 0
178 246 231 246 231 254 178 254 text 0
96 247 163 247 163 254 96 254 text 0
44 247 81 247 81 255 44 255 text 0
575 257 587 257 587 264 575 264 text 0
496 257 562 257 562 264 496 264 text 0
98 259 163 259 163 266 98 266 text 0
44 259 81 259 81 266 44 266 text 0
250 269 313 269 313 276 250 276 text 0
178 269 231 269 231 276 178 276 text 0
97 269 164 269 164 277 97 277 text 0
45 270 80 270 80 277 45 277 text 0
576 279 587 279 587 286 576 286 text 0
497 279 561 279 561 287 497 287 text 0
99 281 163 281 163 288 99 288 text 0
45 281 53 281 53 288 45 288 text 0
69 284 82 284 82 289 69 289 text 0
178 292 231 292 231 299 178 299 text 0
249 292 313 292 313 299 249 299 text 0
98 293 163 293 163 300 98 300 text 0
44 292 81 292 81 300 44 300 text 0
576 301 587 301 587 308 576 308 text 0
497 301 561 301 561 309 497 309 text 0
99 304 163 304 163 311 99 311 text 0
44 304 54 304 54 311 44 311 text 0
70 305 81 305 81 312 70 312 text 0
250 314 313 314 313 321 250 321 text 0
178 314 231 314 231 321 178 321 text 0
98 314 163 314 163 321 98 321 text 0
44 315 81 315 81 322 44 322 text 0
575 323 587 323 587 330 575 330 text 0
496 324 562 324 562 331 496 331 text 0
98 325 163 325 163 332 98 332 text 0
45 325 57 325 57 332 45 332 text 0
70 327 83 327 83 333 70 333 text 0
249 335 313 335 313 343 249 343 text 0
42 336 79 336 79 344 42 344 text 0
178 336 231 336 231 342 178 342 text 0
96 336 163 336 163 343 96 343 text 0
496 346 562 346 562 353 496 353 text 0
577 346 589 346 589 353 577 353 text 0
99 347 162 347 162 354 99 354 text 0
68 348 83 348 83 355 68 355 text 0
45 348 53 348 53 356 45 356 text 0
250 358 313 358 313 365 250 365 text 0
178 358 231 358 231 366 178 366 text 0
96 359 163 359 163 366 96 366 text 0
42 358 79 358 79 366 42 366 text 0
577 368 589 368 589 375 577 375 text 0
499 369 563 369 563 376 499 376 text 0
99 370 162 370 162 377 99 377 text 0
42 370 51 370 51 377 42 377 text 0
70 372 80 372 80 377 70 377 text 0
250 380 313 380 313 388 250 388 text 0
178 381 231 381 231 389 178 389 text 0
95 382 163 382 163 389 95 389 text 0
42 381 79 381 79 389 42 389 text 0
577 391 589 391 589 398 577 398 text 0
499 391 563 391 563 398 499 398 text 0
99 393 162 393 162 400 99 400 text 0
41 393 51 393 51 400 41 400 text 0
67 395 80 395 80 400 67 400 text 0
250 404 313 404 313 411 250 411 text 0
178 404 231 404 231 411 178 411 text 0
95 404 163 404 163 411 95 411 text 0
42 404 79 404 79 411 42 411 text 0
499 414 563 414 563 421 499 421 text 0
578 414 589 414 589 421 578 421 text 0
99 415 162 415 162 422 99 422 text 0
42 416 51 416 51 423 42 423 text 0
67 418 80 418 80 423 67 423 text 0
223 438 245 438 245 444 223 444 text 0
123 438 201 438 201 445 123 445 text 0
84 438 108 438 108 445 84 445 text 0
42 438 67 438 67 445 42 445 text 0
509 447 590 447 590 455 509 455 text 0
371 448 452 448 452 455 371 455 text 0
289 448 353 448 353 456 289 456 text 0
163 448 273 448 273 456 163 456 text 0
536 459 586 459 586 466 536 466 text 0
301 459 452 459 452 468 301 468 text 0
509 470 589 470 589 477 509 477 text 0
370 471 451 471 451 478 370 478 text 0
290 471 351 471 351 478 290 478 text 0
207 471 272 471 272 478 207 478 text 0
510 481 587 481 587 488 510 488 text 0
386 482 449 482 449 489 386 489 text 0
123 483 205 483 205 489 123 489 text 0
537 492 588 492 588 499 537 499 text 0
415 493 450 493 450 500 415 500 text 0
329 494 408 494 408 502 329 502 text 0
317 505 354 505 354 511 317 511 text 0
138 505 205 505 205 512 138 512 text 0
41 506 122 506 122 513 41 513 text 0
220 505 298 505 298 513 220 513 text 0
248 516 353 516 353 522 248 522 text 0
178 516 231 516 231 523 178 523 text 0
41 516 122 516 122 523 41 523 text 0
137 517 163 517 163 525 137 525 text 0
249 539 286 539 286 546 249 546 text 0
301 538 397 538 397 547 301 547 text 0
494 549 585 549 585 557 494 557 text 0
328 549 462 549 462 558 328 558 text 0
96 550 150 550 150 557 96 557 text 0
41 551 80 551 80 558 41 558 text 0
534 560 587 560 587 566 534 566 text 0
387 560 465 560 465 567 387 567 text 0
68 561 136 561 136 569 68 569 text 0
40 562 53 562 53 569 40 569 text 0
537 571 588 571 588 578 537 578 text 0
400 572 464 572 464 579 400 579 text 0
67 573 134 573 134 580 67 580 text 0
40 573 53 573 53 580 40 580 text 0
246 606 478 606 478 613 246 613 text 0
191 606 228 606 228 613 191 613 text 0
136 607 175 607 175 613 136 613 text 0
510 617 532 617 532 623 510 623 text 0
343 617 490 617 490 624 343 624 text 0
288 617 328 617 328 624 288 624 text 0
234 618 273 618 273 624 234 624 text 0
82 618 149 618 149 625 82 625 text 0
164 618 218 618 218 625 164 625 text 0