109 60 170 60 170 70 109 70 text 0
181 60 226 60 226 70 181 70 text 0
238 60 273 60 273 70 238 70 text 0
284 60 346 60 346 70 284 70 text 0
358 61 540 61 540 70 358 70 text 0
167 77 357 77 357 87 167 87 text 0
368 77 423 77 423 86 368 86 text 0
437 77 493 77 493 87 437 87 text 0
261 91 394 91 394 100 261 100 text 0
241 104 260 104 260 112 241 112 text 0
270 104 298 104 298 112 270 112 text 0
178 104 231 104 231 113 178 113 text 0
317 104 481 104 481 114 317 114 text 0
262 117 328 117 328 125 262 125 text 0
339 117 422 117 422 125 339 125 text 0
227 115 256 115 256 129 227 129 text 0
228 128 306 128 306 137 228 137 text 0
315 128 430 128 430 137 315 137 text 0
172 140 283 140 283 149 172 149 text 0
291 140 479 140 479 149 291 149 text 0
220 153 291 153 291 162 220 162 text 0
356 153 438 153 438 162 356 162 text 0
446 154 477 154 477 162 446 162 text 0
300 153 346 153 346 163 300 163 text 0
180 153 205 153 205 164 180 164 text 0
77 178 164 178 164 190 77 190 text 0
189 178 220 178 220 190 189 190 text 0
76 196 157 196 157 205 76 205 text 0
76 208 123 208 123 216 76 216 text 0
205 208 294 208 294 217 205 217 text 0
316 209 402 209 402 217 316 217 text 0
412 209 442 209 442 217 412 217 text 0
309 228 359 228 359 236 309 236 text 0
77 229 117 229 117 236 77 236 text 0
447 229 521 229 521 237 447 237 text 0
214 227 247 227 247 240 214 240 text 0
76 244 105 244 105 254 76 254 text 0
213 245 292 245 292 255 213 255 text 0
76 261 156 261 156 269 76 269 text 0
166 261 236 261 236 269 166 269 text 0
244 261 306 261 306 269 244 269 text 0
77 277 114 277 114 285 77 285 text 0
238 278 243 278 243 286 238 286 text 0
468 278 521 278 521 286 468 286 text 0
552 278 580 278 580 286 552 286 text 0
304 278 359 278 359 286 304 286 text 0
75 292 104 292 104 301 75 301 text 0
213 291 292 291 292 301 213 301 text 0
76 324 113 324 113 332 76 332 text 0
238 324 244 324 244 331 238 331 text 0
305 324 358 324 358 332 305 332 text 0
468 324 521 324 521 332 468 332 text 0
552 325 580 325 580 333 552 333 text 0
75 339 107 339 107 348 75 348 text 0
116 339 169 339 169 348 116 348 text 0
277 338 357 338 357 349 277 349 text 0
76 354 188 354 188 363 76 363 text 0
196 355 282 355 282 363 196 363 text 0
291 355 350 355 350 363 291 363 text 0
77 371 114 371 114 379 77 379 text 0
238 372 243 372 243 379 238 379 text 0
304 372 358 372 358 379 304 379 text 0
467 372 521 372 521 380 467 380 text 0
551 372 579 372 579 380 551 380 text 0
75 386 137 386 137 395 75 395 text 0
220 386 290 386 290 395 220 395 text 0
102 401 166 401 166 410 102 410 text 0
76 402 92 402 92 410 76 410 text 0
175 402 210 402 210 410 175 410 text 0
220 401 262 401 262 410 220 410 text 0
76 417 113 417 113 425 76 425 text 0
237 418 244 418 244 426 237 426 text 0
314 418 358 418 358 426 314 426 text 0
477 418 521 418 521 426 477 426 text 0
552 419 580 419 580 427 552 427 text 0
75 432 104 432 104 442 75 442 text 0
165 432 233 432 233 443 165 443 text 0
76 448 139 448 139 456 76 456 text 0
149 448 202 448 202 456 149 456 text 0
235 464 246 464 246 472 235 472 text 0
76 464 113 464 113 473 76 473 text 0
477 465 521 465 521 473 477 473 text 0
552 466 580 466 580 473 552 473 text 0
317 463 357 463 357 476 317 476 text 0
277 483 339 483 339 492 277 492 text 0
347 484 385 484 385 492 347 492 text 0
524 484 581 484 581 493 524 493 text 0
308 495 340 495 340 503 308 503 text 0
348 495 385 495 385 503 348 503 text 0
539 496 580 496 580 503 539 503 text 0
282 507 327 507 327 515 282 515 text 0
337 507 385 507 385 516 337 516 text 0
538 508 580 508 580 515 538 515 text 0
232 525 283 525 283 537 232 537 text 0
295 525 358 525 358 537 295 537 text 0
497 525 580 525 580 537 497 537 text 0
378 528 382 528 382 536 378 536 text 0
77 555 118 555 118 562 77 562 text 0
258 555 337 555 337 563 258 563 text 0
346 555 381 555 381 563 346 563 text 0
126 556 211 556 211 565 126 565 text 0
432 556 515 556 515 564 432 564 text 0
111 571 139 571 139 578 111 578 text 0
303 570 338 570 338 580 303 580 text 0
82 570 102 570 102 581 82 581 text 0
455 572 494 572 494 579 455 579 text 0
78 586 103 586 103 594 78 594 text 0
139 587 168 587 168 594 139 594 text 0
299 586 344 586 344 594 299 594 text 0
458 587 493 587 493 594 458 594 text 0
112 586 130 586 130 595 112 595 text 0
262 607 340 607 340 614 262 614 text 0
348 607 394 607 394 615 348 615 text 0
210 619 296 619 296 627 210 627 text 0
304 619 370 619 370 627 304 627 text 0
378 619 448 619 448 627 378 627 text 0