91 110 148 110 148 123 91 123 text 0
163 110 359 110 359 124 163 124 text 0
369 111 560 111 560 125 369 125 text 0
252 130 399 130 399 141 252 141 text 0
232 144 254 144 254 155 232 155 text 0
262 144 293 144 293 155 262 155 text 0
166 143 223 143 223 157 166 157 text 0
315 144 485 144 485 158 315 158 text 0
264 159 340 159 340 170 264 170 text 0
203 158 257 158 257 171 203 171 text 0
347 159 448 159 448 172 347 172 text 0
199 173 354 173 354 184 199 184 text 0
361 174 453 174 453 187 361 187 text 0
188 187 257 187 257 198 188 198 text 0
265 188 386 188 386 199 265 199 text 0
395 188 461 188 461 202 395 202 text 0
255 202 397 202 397 213 255 213 text 0
228 218 271 218 271 228 228 228 text 0
301 218 374 218 374 229 301 229 text 0
381 219 426 219 426 228 381 228 text 0
272 221 296 221 296 228 272 228 text 0
228 243 288 243 288 258 228 258 text 0
301 244 425 244 425 259 301 259 text 0
55 268 127 268 127 279 55 279 text 0
192 269 318 269 318 281 192 281 text 0
193 284 286 284 286 295 193 295 text 0
56 282 107 282 107 298 56 298 text 0
308 285 388 285 388 296 308 296 text 0
396 285 434 285 434 295 396 295 text 0
54 298 140 298 140 309 54 309 text 0
192 298 271 298 271 309 192 309 text 0
193 313 248 313 248 323 193 323 text 0
54 312 152 312 152 325 54 325 text 0
54 335 103 335 103 347 54 347 text 0
446 338 530 338 530 348 446 348 text 0
303 338 357 338 357 348 303 348 text 0
200 335 242 335 242 351 200 351 text 0
53 359 116 359 116 370 53 370 text 0
126 359 224 359 224 371 126 371 text 0
233 360 294 360 294 371 233 371 text 0
304 360 367 360 367 372 304 372 text 0
374 361 446 361 446 374 374 374 text 0
55 373 154 373 154 385 55 385 text 0
227 374 239 374 239 385 227 385 text 0
311 375 357 375 357 387 311 387 text 0
484 376 529 376 529 386 484 386 text 0
561 376 594 376 594 387 561 387 text 0
52 393 138 393 138 404 52 404 text 0
148 394 196 394 196 404 148 404 text 0
205 394 286 394 286 405 205 405 text 0
295 394 355 394 355 405 295 405 text 0
364 395 449 395 449 407 364 407 text 0
55 405 165 405 165 418 55 418 text 0
227 408 239 408 239 419 227 419 text 0
298 408 357 408 357 419 298 419 text 0
469 409 529 409 529 420 469 420 text 0
561 410 595 410 595 420 561 420 text 0
324 432 387 432 387 443 324 443 text 0
533 433 594 433 594 444 533 444 text 0
394 433 441 433 441 445 394 445 text 0
331 447 381 447 381 458 331 458 text 0
388 447 440 447 440 460 388 460 text 0
549 449 594 449 594 459 549 459 text 0
237 468 295 468 295 483 237 483 text 0
304 468 380 468 380 484 304 484 text 0
503 470 594 470 594 485 503 485 text 0
532 496 593 496 593 506 532 506 text 0
334 494 439 494 439 509 334 509 text 0
549 511 593 511 593 521 549 521 text 0
355 509 439 509 439 523 355 523 text 0
317 532 393 532 393 545 317 545 text 0
397 532 437 532 437 546 397 546 text 0
548 534 595 534 595 545 548 545 text 0
54 555 106 555 106 566 54 566 text 0
113 555 217 555 217 569 113 569 text 0
249 556 389 556 389 570 249 570 text 0
433 558 523 558 523 571 433 571 text 0
54 575 89 575 89 585 54 585 text 0
290 576 348 576 348 586 290 586 text 0
102 575 162 575 162 588 102 588 text 0
456 577 499 577 499 587 456 587 text 0
251 595 340 595 340 605 251 605 text 0
343 596 398 596 398 606 343 606 text 0
199 610 289 610 289 620 199 620 text 0
293 610 367 610 367 620 293 620 text 0
372 610 451 610 451 620 372 620 text 0
162 623 231 623 231 633 162 633 text 0
287 624 320 624 320 633 287 633 text 0
234 623 281 623 281 634 234 634 text 0
329 624 365 624 365 634 329 634 text 0
371 624 482 624 482 635 371 635 text 0