257 36 305 36 305 46 257 46 text 0
162 36 187 36 187 46 162 46 text 0
106 36 145 36 145 47 106 47 text 0
205 36 239 36 239 49 205 49 text 0
368 36 496 36 496 49 368 49 text 0
313 35 359 35 359 51 313 51 text 0
215 54 281 54 281 64 215 64 text 0
297 54 363 54 363 64 297 64 text 0
379 54 431 54 431 63 379 63 text 0
132 53 197 53 197 66 132 66 text 0
446 54 469 54 469 67 446 67 text 0
175 71 241 71 241 81 175 81 text 0
257 71 293 71 293 81 257 81 text 0
311 70 429 70 429 84 311 84 text 0
339 88 427 88 427 99 339 99 text 0
175 88 240 88 240 99 175 99 text 0
258 88 322 88 322 99 258 99 text 0
149 106 187 106 187 116 149 116 text 0
202 106 241 106 241 116 202 116 text 0
259 106 294 106 294 116 259 116 text 0
301 106 471 106 471 116 301 116 text 0
147 140 172 140 172 151 147 151 text 0
243 140 309 140 309 151 243 151 text 0
40 140 131 140 131 151 40 151 text 0
40 157 90 157 90 168 40 168 text 0
340 157 392 157 392 168 340 168 text 0
285 158 322 158 322 168 285 168 text 0
246 158 270 158 270 168 246 168 text 0
408 158 499 158 499 171 408 171 text 0
38 174 131 174 131 185 38 185 text 0
244 176 279 176 279 186 244 186 text 0
39 210 215 210 215 220 39 220 text 0
231 210 351 210 351 220 231 220 text 0
503 210 555 210 555 219 503 219 text 0
568 210 580 210 580 219 568 219 text 0
40 226 214 226 214 237 40 237 text 0
231 227 350 227 350 237 231 237 text 0
501 227 552 227 552 237 501 237 text 0
570 227 580 227 580 237 570 237 text 0
41 244 215 244 215 254 41 254 text 0
571 245 581 245 581 254 571 254 text 0
232 245 309 245 309 255 232 255 text 0
327 245 417 245 417 255 327 255 text 0
503 245 555 245 555 255 503 255 text 0
40 261 214 261 214 272 40 272 text 0
230 261 350 261 350 272 230 272 text 0
502 261 553 261 553 272 502 272 text 0
570 262 580 262 580 272 570 272 text 0
39 278 215 278 215 288 39 288 text 0
231 278 351 278 351 288 231 288 text 0
503 279 555 279 555 288 503 288 text 0
571 279 581 279 581 288 571 288 text 0
39 313 65 313 65 322 39 322 text 0
80 313 105 313 105 322 80 322 text 0
121 313 198 313 198 323 121 323 text 0
217 313 229 313 229 323 217 323 text 0
203 330 267 330 267 340 203 340 text 0
365 330 444 330 444 340 365 340 text 0
516 330 581 330 581 340 516 340 text 0
286 331 346 331 346 341 286 341 text 0
353 347 446 347 446 358 353 358 text 0
518 347 581 347 581 358 518 358 text 0
532 364 581 364 581 375 532 375 text 0
326 365 445 365 445 377 326 377 text 0
40 382 118 382 118 392 40 392 text 0
176 382 241 382 241 392 176 392 text 0
259 382 364 382 364 392 259 392 text 0
136 382 159 382 159 394 136 394 text 0
243 415 280 415 280 426 243 426 text 0
298 416 390 416 390 429 298 429 text 0
39 433 78 433 78 443 39 443 text 0
95 433 146 433 146 443 95 443 text 0
327 433 456 433 456 446 327 446 text 0
490 433 579 433 579 446 490 446 text 0
40 450 51 450 51 460 40 460 text 0
65 450 131 450 131 460 65 460 text 0
393 450 458 450 458 460 393 460 text 0
529 450 581 450 581 460 529 460 text 0
134 501 172 501 172 511 134 511 text 0
190 501 225 501 225 511 190 511 text 0
243 501 472 501 472 512 243 512 text 0
121 518 228 518 228 528 121 528 text 0
244 518 282 518 282 528 244 528 text 0
406 517 484 517 484 528 406 528 text 0
298 517 391 517 391 529 298 529 text 0
176 535 186 535 186 544 176 544 text 0
326 534 427 534 427 545 326 545 text 0
257 535 309 535 309 544 257 544 text 0
202 535 240 535 240 545 202 545 text 0
148 552 254 552 254 562 148 562 text 0
272 552 296 552 296 562 272 562 text 0
311 552 363 552 363 563 311 563 text 0
379 552 468 552 468 563 379 563 text 0
244 570 308 570 308 580 244 580 text 0
324 570 372 570 372 580 324 580 text 0
217 586 309 586 309 597 217 597 text 0
326 587 401 587 401 597 326 597 text 0