111 232 124 232 124 246 111 246 text 0
137 230 223 230 223 245 137 245 text 0
235 230 324 230 324 244 235 244 text 0
111 252 124 252 124 265 111 265 text 0
137 250 197 250 197 264 137 264 text 0
208 250 252 250 252 263 208 263 text 0
266 249 322 249 322 264 266 264 text 0
111 273 124 273 124 286 111 286 text 0
134 269 214 269 214 285 134 285 text 0
228 271 295 271 295 284 228 284 text 0
109 294 122 294 122 307 109 307 text 0
134 291 237 291 237 306 134 306 text 0
249 290 297 290 297 303 249 303 text 0
308 290 323 290 323 302 308 302 text 0
133 312 225 312 225 326 133 326 text 0
106 335 119 335 119 348 106 348 text 0
132 332 202 332 202 348 132 348 text 0
213 331 325 331 325 347 213 347 text 0
133 354 226 354 226 368 133 368 text 0
469 225 554 225 554 243 469 243 text 0
470 243 555 243 555 262 470 262 text 0
471 265 557 265 557 283 471 283 text 0
471 285 558 285 558 304 471 304 text 0
473 326 559 326 559 345 473 345 text 0
456 390 559 390 559 409 456 409 text 0
428 416 560 416 560 436 428 436 text 0
428 438 560 438 560 458 428 458 text 0
439 458 563 458 563 480 439 480 text 0
250 396 353 396 353 412 250 412 text 0
273 421 353 421 353 436 273 436 text 0
266 444 352 444 352 460 266 460 text 0
128 466 202 466 202 483 128 483 text 0
215 465 352 465 352 483 215 483 text 0
220 486 283 486 283 502 220 502 text 0
296 486 353 486 353 501 296 501 text 0
236 508 301 508 301 524 236 524 text 0
312 508 355 508 355 525 312 525 text 0
537 503 565 503 565 518 537 518 text 0
549 480 565 480 565 496 549 496 text 0