45 338 64 338 64 355 45 355 text 0
63 340 108 340 108 353 63 353 text 0
122 338 169 338 169 351 122 351 text 0
180 335 249 335 249 349 180 349 text 0
55 358 101 358 101 372 55 372 text 0
55 378 76 378 76 389 55 389 text 0
53 393 135 393 135 408 53 408 text 0
520 335 589 335 589 343 520 343 text 0
40 428 135 428 135 446 40 446 text 0
45 448 104 448 104 462 45 462 text 0
524 420 596 420 596 433 524 433 text 0
524 436 598 436 598 451 524 451 text 0
49 485 95 485 95 514 49 514 text 0
51 508 161 508 161 544 51 544 text 0
526 470 604 470 604 499 526 499 text 0
541 499 604 499 604 528 541 528 text 0