34 181 584 181 584 193 34 193 text 0
49 266 62 266 62 276 49 276 text 0
77 265 143 265 143 277 77 277 text 0
160 267 212 267 212 278 160 278 text 0
227 267 266 267 266 278 227 278 text 0
283 267 306 267 306 278 283 278 text 0
52 281 62 281 62 291 52 291 text 0
78 281 117 281 117 292 78 292 text 0
132 281 211 281 211 292 132 292 text 0
229 281 263 281 263 292 229 292 text 0
55 296 60 296 60 304 55 304 text 0
79 295 141 295 141 306 79 306 text 0
161 296 225 296 225 307 161 307 text 0
56 309 73 309 73 321 56 321 text 0
78 310 117 310 117 321 78 321 text 0
132 310 152 310 152 320 132 320 text 0
174 310 198 310 198 320 174 320 text 0
214 310 250 310 250 321 214 321 text 0
267 311 301 311 301 322 267 322 text 0
511 269 587 269 587 280 511 280 text 0
507 298 583 298 583 308 507 308 text 0
76 339 178 339 178 350 76 350 text 0
75 354 100 354 100 364 75 364 text 0
119 354 126 354 126 364 119 364 text 0
493 341 581 341 581 352 493 352 text 0
507 356 583 356 583 367 507 367 text 0
22 370 43 370 43 390 22 390 text 0
76 369 204 369 204 392 76 392 text 0
402 371 581 371 581 393 402 393 text 0
71 422 138 422 138 436 71 436 text 0
495 426 583 426 583 437 495 437 text 0
70 463 158 463 158 474 70 474 text 0
518 464 581 464 581 477 518 477 text 0
573 284 587 284 587 296 573 296 text 0
569 312 583 312 583 324 569 324 text 0