16 364 171 364 171 397 16 397 text 0
189 366 248 366 248 393 189 393 text 0
265 355 453 355 453 389 265 389 text 0
471 353 509 353 509 379 471 379 text 0
527 350 564 350 564 377 527 377 text 0
582 349 605 349 605 373 582 373 text 0
15 404 35 404 35 432 15 432 text 0
147 431 219 431 219 468 147 468 text 0
266 423 411 423 411 460 266 460 text 0
471 413 608 413 608 451 471 451 text 0
471 478 611 478 611 510 471 510 text 0
475 510 611 510 611 543 475 543 text 0
555 541 613 541 613 572 555 572 text 0
266 491 349 491 349 519 266 519 text 0
265 524 350 524 350 556 265 556 text 0
236 553 349 553 349 583 236 583 text 0