46 298 148 298 148 318 46 318 text 0
163 299 273 299 273 318 163 318 text 0
323 296 364 296 364 314 323 314 text 0
380 294 439 294 439 313 380 313 text 0
53 325 83 325 83 342 53 342 text 0
138 325 148 325 148 341 138 341 text 0
54 349 85 349 85 367 54 367 text 0
103 347 164 347 164 365 103 365 text 0
184 346 244 346 244 363 184 363 text 0
294 345 304 345 304 361 294 361 text 0
449 319 537 319 537 338 449 338 text 0
447 344 537 344 537 360 447 360 text 0
55 394 133 394 133 414 55 414 text 0
445 389 534 389 534 405 445 405 text 0
445 435 534 435 534 451 445 451 text 0
58 439 168 439 168 459 58 459 text 0
60 462 166 462 166 482 60 482 text 0
226 507 252 507 252 520 226 520 text 0
365 504 391 504 391 515 365 515 text 0
521 455 535 455 535 474 521 474 text 0