3 241 41 241 41 266 3 266 text 0
57 241 119 241 119 263 57 263 text 0
163 239 262 239 262 261 163 261 text 0
72 273 77 273 77 292 72 292 text 0
174 268 248 268 248 292 174 292 text 0
440 262 515 262 515 289 440 289 text 0
2 331 66 331 66 353 2 353 text 0
82 330 173 330 173 353 82 353 text 0
1 361 107 361 107 384 1 384 text 0
0 391 54 391 54 416 0 416 text 0
0 423 52 423 52 445 0 445 text 0
67 420 158 420 158 444 67 444 text 0
444 322 518 322 518 348 444 348 text 0
447 382 522 382 522 409 447 409 text 0
447 413 524 413 524 440 447 440 text 0
508 351 522 351 522 377 508 377 text 0