159 258 215 258 215 275 159 275 text 0
76 281 232 281 232 298 76 298 text 0
256 284 310 284 310 298 256 298 text 0
374 262 485 262 485 276 374 276 text 0
160 304 213 304 213 321 160 321 text 0
74 326 134 326 134 343 74 343 text 0
159 329 214 329 214 345 159 345 text 0
397 284 546 284 546 302 397 302 text 0
378 308 465 308 465 322 378 322 text 0
416 330 547 330 547 347 416 347 text 0
374 353 463 353 463 367 374 367 text 0
162 351 211 351 211 365 162 365 text 0
78 374 152 374 152 387 78 387 text 0
413 375 543 375 543 391 413 391 text 0
396 420 542 420 542 435 396 435 text 0
416 441 540 441 540 458 416 458 text 0
266 457 381 457 381 477 266 477 text 0
429 464 537 464 537 477 429 477 text 0
397 486 545 486 545 505 397 505 text 0
415 509 544 509 544 525 415 525 text 0
141 419 187 419 187 431 141 431 text 0
138 438 184 438 184 450 138 450 text 0
128 455 166 455 166 473 128 473 text 0
124 479 203 479 203 495 124 495 text 0
120 502 158 502 158 519 120 519 text 0