543 272 602 272 602 291 543 291 text 0
527 294 600 294 600 313 527 313 text 0
527 317 599 317 599 335 527 335 text 0
540 340 598 340 598 358 540 358 text 0
144 275 197 275 197 291 144 291 text 0
211 275 264 275 264 292 211 292 text 0
50 297 61 297 61 317 50 317 text 0
144 297 210 297 210 314 144 314 text 0
226 298 278 298 278 313 226 313 text 0
292 299 328 299 328 314 292 314 text 0
102 319 183 319 183 335 102 335 text 0
101 340 139 340 139 358 101 358 text 0
159 342 196 342 196 357 159 357 text 0
101 385 236 385 236 421 101 421 text 0
448 386 598 386 598 421 448 421 text 0
99 422 183 422 183 458 99 458 text 0
207 423 286 423 286 457 207 457 text 0
315 423 445 423 445 455 315 455 text 0
449 458 600 458 600 498 449 498 text 0
49 273 59 273 59 290 49 290 text 0