254 351 322 351 322 361 254 361 text 0
527 351 602 351 602 362 527 362 text 0
26 376 159 376 159 387 26 387 text 0
169 376 220 376 220 387 169 387 text 0
230 376 318 376 318 387 230 387 text 0
327 376 394 376 394 387 327 387 text 0
50 434 184 434 184 444 50 444 text 0
532 435 548 435 548 445 532 445 text 0
556 434 612 434 612 446 556 446 text 0
327 462 362 462 362 473 327 473 text 0
528 463 605 463 605 474 528 474 text 0
173 489 300 489 300 500 173 500 text 0
328 489 359 489 359 499 328 499 text 0
178 517 303 517 303 528 178 528 text 0
327 517 360 517 360 528 327 528 text 0
244 547 300 547 300 558 244 558 text 0
527 547 603 547 603 559 527 559 text 0
230 576 300 576 300 586 230 586 text 0
325 575 357 575 357 586 325 586 text 0
527 575 602 575 602 585 527 585 text 0
195 605 300 605 300 616 195 616 text 0
326 605 360 605 360 616 326 616 text 0
29 343 141 343 141 361 29 361 text 0
122 403 133 403 133 415 122 415 text 0
313 402 331 402 331 416 313 416 text 0
593 403 608 403 608 416 593 416 text 0
588 490 605 490 605 502 588 502 text 0
589 517 605 517 605 530 589 530 text 0
589 604 604 604 604 616 589 616 text 0