77 132 125 132 125 142 77 142 text 0
141 131 230 131 230 144 141 144 text 0
243 131 319 131 319 142 243 142 text 0
76 147 125 147 125 157 76 157 text 0
141 146 217 146 217 159 141 159 text 0
228 146 268 146 268 159 228 159 text 0
282 147 293 147 293 156 282 156 text 0
308 146 331 146 331 156 308 156 text 0
78 162 127 162 127 172 78 172 text 0
141 162 165 162 165 172 141 172 text 0
180 162 234 162 234 174 180 174 text 0
239 162 298 162 298 175 239 175 text 0
78 178 127 178 127 188 78 188 text 0
141 177 219 177 219 190 141 190 text 0
230 176 272 176 272 188 230 188 text 0
78 194 127 194 127 203 78 203 text 0
144 191 215 191 215 202 144 202 text 0
235 190 340 190 340 204 235 204 text 0
78 208 127 208 127 218 78 218 text 0
144 206 184 206 184 218 144 218 text 0
196 207 232 207 232 220 196 220 text 0
243 207 326 207 326 220 243 220 text 0
247 223 316 223 316 234 247 234 text 0
79 238 127 238 127 248 79 248 text 0
144 238 232 238 232 248 144 248 text 0
242 236 327 236 327 249 242 249 text 0
79 254 128 254 128 264 79 264 text 0
145 253 182 253 182 262 145 262 text 0
196 253 221 253 221 262 196 262 text 0
238 252 273 252 273 264 238 264 text 0
288 253 340 253 340 262 288 262 text 0
81 269 130 269 130 279 81 279 text 0
145 269 223 269 223 278 145 278 text 0
237 269 300 269 300 280 237 280 text 0
315 269 325 269 325 277 315 277 text 0
75 282 129 282 129 293 75 293 text 0
137 283 222 283 222 293 137 293 text 0
239 283 274 283 274 293 239 293 text 0
290 284 338 284 338 291 290 291 text 0
81 298 129 298 129 307 81 307 text 0
146 297 168 297 168 307 146 307 text 0
184 298 234 298 234 309 184 309 text 0
252 297 273 297 273 307 252 307 text 0
292 297 315 297 315 307 292 307 text 0
463 128 537 128 537 142 463 142 text 0
463 143 540 143 540 157 463 157 text 0
466 160 541 160 541 172 466 172 text 0
467 174 543 174 543 187 467 187 text 0
468 190 543 190 543 202 468 202 text 0
468 205 544 205 544 217 468 217 text 0
468 219 544 219 544 232 468 232 text 0
469 235 546 235 546 247 469 247 text 0
470 250 547 250 547 263 470 263 text 0
470 266 547 266 547 278 470 278 text 0
465 279 547 279 547 292 465 292 text 0
475 295 552 295 552 306 475 306 text 0
477 308 554 308 554 321 477 321 text 0
480 323 559 323 559 335 480 335 text 0
482 339 559 339 559 352 482 352 text 0
484 354 562 354 562 367 484 367 text 0
489 370 566 370 566 383 489 383 text 0
79 223 127 223 127 233 79 233 text 0
145 224 182 224 182 232 145 232 text 0
196 223 233 223 233 232 196 232 text 0
79 313 128 313 128 323 79 323 text 0
145 312 185 312 185 322 145 322 text 0
198 312 262 312 262 322 198 322 text 0
280 312 315 312 315 321 280 321 text 0
79 328 131 328 131 339 79 339 text 0
145 328 157 328 157 337 145 337 text 0
172 328 212 328 212 339 172 339 text 0
224 327 302 327 302 337 224 337 text 0
321 325 342 325 342 335 321 335 text 0
81 344 133 344 133 354 81 354 text 0
147 343 239 343 239 354 147 354 text 0
256 342 294 342 294 352 256 352 text 0
81 359 133 359 133 370 81 370 text 0
148 359 185 359 185 369 148 369 text 0
202 358 266 358 266 368 202 368 text 0
281 357 318 357 318 367 281 367 text 0
82 376 134 376 134 386 82 386 text 0
148 374 241 374 241 385 148 385 text 0
257 373 321 373 321 384 257 384 text 0
475 401 571 401 571 416 475 416 text 0
491 418 573 418 573 433 491 433 text 0
493 436 575 436 575 448 493 448 text 0
480 452 576 452 576 466 480 466 text 0
273 405 378 405 378 415 273 415 text 0
191 422 283 422 283 434 191 434 text 0
300 421 378 421 378 434 300 434 text 0
328 438 353 438 353 448 328 448 text 0
371 438 378 438 378 448 371 448 text 0
317 453 381 453 381 464 317 464 text 0
270 471 385 471 385 494 270 494 text 0
469 465 587 465 587 494 469 494 text 0
251 499 319 499 319 510 251 510 text 0
333 499 388 499 388 510 333 510 text 0
559 499 581 499 581 509 559 509 text 0
267 516 334 516 334 528 267 528 text 0
348 517 388 517 388 529 348 529 text 0
559 516 584 516 584 526 559 526 text 0
284 176 324 176 324 187 284 187 text 0