56 307 111 307 111 319 56 319 text 0
122 306 206 306 206 318 122 318 text 0
217 304 279 304 279 314 217 314 text 0
56 323 111 323 111 335 56 335 text 0
119 321 197 321 197 333 119 333 text 0
207 320 259 320 259 331 207 331 text 0
57 338 120 338 120 350 57 350 text 0
56 352 119 352 119 364 56 364 text 0
129 350 193 350 193 362 129 362 text 0
511 294 588 294 588 308 511 308 text 0
511 309 588 309 588 321 511 321 text 0
517 324 592 324 592 339 517 339 text 0
517 338 595 338 595 354 517 354 text 0
232 413 286 413 286 425 232 425 text 0
296 410 368 410 368 423 296 423 text 0
493 405 582 405 582 419 493 419 text 0
165 431 317 431 317 448 165 448 text 0
328 428 372 428 372 443 328 443 text 0
511 426 586 426 586 438 511 438 text 0
223 475 307 475 307 488 223 488 text 0
318 472 393 472 393 485 318 485 text 0
183 493 267 493 267 505 183 505 text 0
291 488 378 488 378 504 291 504 text 0
448 479 593 479 593 502 448 502 text 0
418 567 557 567 557 591 418 591 text 0
448 297 460 297 460 310 448 310 text 0
450 313 460 313 460 324 450 324 text 0
449 327 461 327 461 339 449 339 text 0
452 344 463 344 463 355 452 355 text 0