60 218 146 218 146 238 60 238 text 0
251 218 338 218 338 236 251 236 text 0
352 218 453 218 453 236 352 236 text 0
468 218 490 218 490 235 468 235 text 0
481 244 569 244 569 267 481 267 text 0
252 247 296 247 296 269 252 269 text 0
302 246 338 246 338 265 302 265 text 0
252 274 325 274 325 292 252 292 text 0
342 272 391 272 391 291 342 291 text 0
405 274 453 274 453 291 405 291 text 0
62 249 70 249 70 265 62 265 text 0
62 275 110 275 110 292 62 292 text 0
63 305 71 305 71 321 63 321 text 0
280 303 339 303 339 324 280 324 text 0
508 300 569 300 569 323 508 323 text 0
63 359 111 359 111 377 63 377 text 0
202 360 216 360 216 378 202 378 text 0
228 360 266 360 266 384 228 384 text 0
356 360 365 360 365 376 356 376 text 0
482 383 570 383 570 409 482 409 text 0
483 412 570 412 570 439 483 439 text 0
482 441 573 441 573 465 482 465 text 0
63 388 164 388 164 406 63 406 text 0
63 417 127 417 127 434 63 434 text 0
61 445 112 445 112 463 61 463 text 0
60 471 149 471 149 490 60 490 text 0
560 469 573 469 573 488 560 488 text 0