101 503 208 503 208 521 101 521 text 0
275 498 486 498 486 513 275 513 text 0
68 215 83 215 83 226 68 226 text 0
102 214 288 214 288 227 102 227 text 0
200 234 242 234 242 245 200 245 text 0
260 234 274 234 274 245 260 245 text 0
71 251 83 251 83 260 71 260 text 0
137 249 226 249 226 262 137 262 text 0
420 218 495 218 495 227 420 227 text 0
420 234 494 234 494 245 420 245 text 0
102 268 175 268 175 277 102 277 text 0
197 268 242 268 242 277 197 277 text 0
263 269 319 269 319 278 263 278 text 0
401 268 491 268 491 279 401 279 text 0
69 284 87 284 87 297 69 297 text 0
102 284 271 284 271 297 102 297 text 0
98 300 208 300 208 314 98 314 text 0
228 301 272 301 272 311 228 311 text 0
102 317 285 317 285 329 102 329 text 0
102 332 258 332 258 347 102 347 text 0
101 349 346 349 346 363 101 363 text 0
101 367 208 367 208 380 101 380 text 0
225 364 240 364 240 377 225 377 text 0
101 386 146 386 146 397 101 397 text 0
163 383 225 383 225 394 163 394 text 0
242 381 288 381 288 393 242 393 text 0
415 286 492 286 492 297 415 297 text 0
409 316 492 316 492 328 409 328 text 0
401 334 492 334 492 343 401 343 text 0
399 383 505 383 505 394 399 394 text 0
105 420 145 420 145 432 105 432 text 0
163 417 225 417 225 429 163 429 text 0
102 438 145 438 145 450 102 450 text 0
162 435 222 435 222 447 162 447 text 0
104 453 225 453 225 468 104 468 text 0
244 448 316 448 316 461 244 461 text 0
101 469 208 469 208 484 101 484 text 0
225 464 318 464 318 481 225 481 text 0
398 416 491 416 491 428 398 428 text 0
395 434 491 434 491 446 395 446 text 0
403 450 507 450 507 462 403 462 text 0
412 466 491 466 491 479 412 479 text 0
399 483 489 483 489 495 399 495 text 0
102 490 146 490 146 502 102 502 text 0
102 516 285 516 285 538 102 538 text 0
382 549 486 549 486 564 382 564 text 0
109 560 167 560 167 573 109 573 text 0
187 555 227 555 227 570 187 570 text 0
82 628 203 628 203 639 82 639 text 0
71 232 83 232 83 243 71 243 text 0
103 232 183 232 183 245 103 245 text 0
417 301 495 301 495 313 417 313 text 0
74 302 85 302 85 312 74 312 text 0
72 319 85 319 85 331 72 331 text 0
74 336 85 336 85 346 74 346 text 0