16 228 48 228 48 247 16 247 text 0
66 231 123 231 123 250 66 250 text 0
138 230 146 230 146 252 138 252 text 0
165 229 256 229 256 251 165 251 text 0
80 259 87 259 87 279 80 279 text 0
175 258 244 258 244 281 175 281 text 0
280 258 323 258 323 277 280 277 text 0
422 258 491 258 491 281 422 281 text 0
15 315 75 315 75 334 15 334 text 0
90 315 171 315 171 334 90 334 text 0
14 342 112 342 112 361 14 361 text 0
12 371 62 371 62 390 12 390 text 0
14 401 61 401 61 420 14 420 text 0
77 400 157 400 157 420 77 420 text 0
422 314 491 314 491 337 422 337 text 0
422 369 491 369 491 392 422 392 text 0
482 341 493 341 493 363 482 363 text 0
482 397 493 397 493 422 482 422 text 0