482 139 544 139 544 158 482 158 text 0
105 306 117 306 117 326 105 326 text 0
132 307 219 307 219 324 132 324 text 0
235 308 309 308 309 324 235 324 text 0
325 308 386 308 386 324 325 324 text 0
500 309 569 309 569 327 500 327 text 0
130 354 255 354 255 389 130 389 text 0
411 354 569 354 569 395 411 395 text 0
482 395 573 395 573 415 482 415 text 0
130 394 179 394 179 410 130 410 text 0
129 418 280 418 280 453 129 453 text 0
129 457 177 457 177 476 129 476 text 0
221 457 258 457 258 474 221 474 text 0
415 418 572 418 572 463 415 463 text 0
508 459 575 459 575 479 508 479 text 0