422 271 575 271 575 293 422 293 text 0
372 299 503 299 503 320 372 320 text 0
422 325 451 325 451 350 422 350 text 0
452 324 570 324 570 350 452 350 text 0
265 353 571 353 571 377 265 377 text 0
403 382 573 382 573 403 403 403 text 0
419 410 571 410 571 434 419 434 text 0
33 271 251 271 251 290 33 290 text 0
144 300 183 300 183 318 144 318 text 0
29 327 160 327 160 345 29 345 text 0
189 327 296 327 296 346 189 346 text 0
98 355 138 355 138 375 98 375 text 0
97 384 183 384 183 402 97 402 text 0
97 410 138 410 138 430 97 430 text 0