0 270 8 270 8 290 0 290 text 0
30 267 171 267 171 287 30 287 text 0
193 265 327 265 327 286 193 286 text 0
356 266 455 266 455 284 356 284 text 0
485 266 522 266 522 286 485 286 text 0
546 265 638 265 638 284 546 284 text 0
30 293 83 293 83 318 30 318 text 0
23 321 142 321 142 348 23 348 text 0
168 321 225 321 225 342 168 342 text 0
534 319 635 319 635 342 534 342 text 0
0 376 136 376 136 402 0 402 text 0
0 405 66 405 66 432 0 432 text 0
0 436 47 436 47 462 0 462 text 0
0 471 87 471 87 496 0 496 text 0
109 469 173 469 173 493 109 493 text 0
531 377 639 377 639 401 531 401 text 0
534 407 639 407 639 432 534 432 text 0
535 438 639 438 639 462 535 462 text 0
561 469 639 469 639 493 561 493 text 0