44 272 56 272 56 290 44 290 text 0
134 274 183 274 183 289 134 289 text 0
201 273 274 273 274 289 201 289 text 0
288 272 350 272 350 287 288 287 text 0
95 294 170 294 170 311 95 311 text 0
96 316 130 316 130 331 96 331 text 0
151 316 184 316 184 330 151 330 text 0
507 270 584 270 584 288 507 288 text 0
508 290 584 290 584 306 508 306 text 0
523 312 586 312 586 329 523 329 text 0
95 357 226 357 226 390 95 390 text 0
95 390 171 390 171 425 95 425 text 0
198 390 328 390 328 423 198 423 text 0
436 384 594 384 594 424 436 424 text 0
434 354 590 354 590 392 434 392 text 0