37 107 594 107 594 119 37 119 text 0
61 133 80 133 80 145 61 145 text 0
93 133 145 133 145 145 93 145 text 0
162 133 229 133 229 145 162 145 text 0
67 147 82 147 82 159 67 159 text 0
97 147 147 147 147 159 97 159 text 0
164 147 244 147 244 159 164 159 text 0
60 160 75 160 75 172 60 172 text 0
90 160 154 160 154 171 90 171 text 0
173 160 223 160 223 171 173 171 text 0
62 175 76 175 76 184 62 184 text 0
92 175 188 175 188 185 92 185 text 0
204 175 283 175 283 185 204 185 text 0
58 189 71 189 71 198 58 198 text 0
86 187 182 187 182 198 86 198 text 0
198 187 263 187 263 198 198 198 text 0
63 200 75 200 75 212 63 212 text 0
91 201 186 201 186 210 91 210 text 0
201 201 281 201 281 211 201 211 text 0
54 213 70 213 70 225 54 225 text 0
97 212 159 212 159 225 97 225 text 0
168 214 222 214 222 223 168 223 text 0
60 226 72 226 72 237 60 237 text 0
85 225 170 225 170 238 85 238 text 0
182 227 255 227 255 240 182 240 text 0
54 239 67 239 67 252 54 252 text 0
81 240 151 240 151 251 81 251 text 0
168 240 222 240 222 251 168 251 text 0
57 254 72 254 72 266 57 266 text 0
85 254 141 254 141 264 85 264 text 0
158 254 225 254 225 264 158 264 text 0
51 266 66 266 66 279 51 279 text 0
81 267 166 267 166 278 81 278 text 0
180 267 217 267 217 278 180 278 text 0
237 267 304 267 304 278 237 278 text 0
57 279 72 279 72 291 57 291 text 0
82 281 152 281 152 291 82 291 text 0
171 281 237 281 237 291 171 291 text 0
52 294 67 294 67 307 52 307 text 0
79 294 140 294 140 307 79 307 text 0
151 294 233 294 233 305 151 305 text 0
51 308 69 308 69 319 51 319 text 0
82 309 138 309 138 318 82 318 text 0
153 308 241 308 241 319 153 319 text 0
46 321 63 321 63 334 46 334 text 0
74 321 134 321 134 331 74 331 text 0
147 321 192 321 192 332 147 332 text 0
51 336 63 336 63 346 51 346 text 0
81 336 151 336 151 347 81 347 text 0
167 335 263 335 263 346 167 346 text 0
45 348 61 348 61 361 45 361 text 0
76 350 116 350 116 360 76 360 text 0
49 363 64 363 64 376 49 376 text 0
80 364 164 364 164 376 80 376 text 0
180 362 281 362 281 375 180 375 text 0
43 378 60 378 60 391 43 391 text 0
75 379 116 379 116 389 75 389 text 0
134 378 202 378 202 389 134 389 text 0
48 393 66 393 66 406 48 406 text 0
77 392 164 392 164 404 77 404 text 0
509 135 591 135 591 146 509 146 text 0
514 149 596 149 596 159 514 159 text 0
506 161 591 161 591 171 506 171 text 0
508 174 593 174 593 185 508 185 text 0
506 187 591 187 591 198 506 198 text 0
510 198 597 198 597 211 510 211 text 0
506 214 591 214 591 224 506 224 text 0
509 226 592 226 592 237 509 237 text 0
503 240 591 240 591 252 503 252 text 0
511 254 596 254 596 267 511 267 text 0
508 266 593 266 593 278 508 278 text 0
509 281 598 281 598 292 509 292 text 0
507 294 594 294 594 304 507 304 text 0
511 308 602 308 602 319 511 319 text 0
510 321 597 321 597 331 510 331 text 0
516 335 603 335 603 346 516 346 text 0
515 349 601 349 601 360 515 360 text 0
519 363 609 363 609 375 519 375 text 0
518 379 606 379 606 389 518 389 text 0
521 392 610 392 610 405 521 405 text 0
73 422 193 422 193 435 73 435 text 0
70 437 177 437 177 449 70 449 text 0
192 437 234 437 234 449 192 449 text 0
30 453 55 453 55 464 30 464 text 0
76 452 147 452 147 464 76 464 text 0
506 421 616 421 616 436 506 436 text 0
522 438 612 438 612 449 522 449 text 0
512 453 619 453 619 465 512 465 text 0
15 483 132 483 132 496 15 496 text 0
409 484 621 484 621 496 409 496 text 0