83 339 95 339 95 356 83 356 text 0
107 341 141 341 141 354 107 354 text 0
80 361 92 361 92 375 80 375 text 0
105 360 212 360 212 378 105 378 text 0
226 364 298 364 298 379 226 379 text 0
105 382 212 382 212 398 105 398 text 0
226 384 335 384 335 400 226 400 text 0
104 402 139 402 139 416 104 416 text 0
152 403 223 403 223 418 152 418 text 0
103 423 162 423 162 438 103 438 text 0
104 442 150 442 150 457 104 457 text 0
164 444 174 444 174 457 164 457 text 0
189 443 332 443 332 458 189 458 text 0
103 462 136 462 136 476 103 476 text 0
152 462 173 462 173 476 152 476 text 0
189 463 198 463 198 476 189 476 text 0
103 481 135 481 135 495 103 495 text 0
152 483 186 483 186 498 152 498 text 0
199 481 234 481 234 495 199 495 text 0
248 481 259 481 259 495 248 495 text 0
428 341 500 341 500 359 428 359 text 0
104 519 220 519 220 531 104 531 text 0
105 537 196 537 196 549 105 549 text 0
348 518 504 518 504 534 348 534 text 0
348 536 502 536 502 550 348 550 text 0
81 380 92 380 92 395 81 395 text 0
80 401 91 401 91 417 80 417 text 0
81 421 90 421 90 435 81 435 text 0
81 441 90 441 90 457 81 457 text 0
78 462 89 462 89 476 78 476 text 0
80 481 87 481 87 496 80 496 text 0