33 97 89 97 89 113 33 113 text 0
33 248 60 248 60 265 33 265 text 0
78 246 190 246 190 265 78 265 text 0
207 248 221 248 221 265 207 265 text 0
223 273 252 273 252 290 223 290 text 0
339 248 346 248 346 264 339 264 text 0
31 275 98 275 98 291 31 291 text 0
33 299 163 299 163 316 33 316 text 0
180 298 249 298 249 317 180 317 text 0
169 325 252 325 252 342 169 342 text 0
338 298 356 298 356 318 338 318 text 0
395 297 466 297 466 315 395 315 text 0
528 295 609 295 609 314 528 314 text 0
33 325 102 325 102 342 33 342 text 0
36 374 102 374 102 393 36 393 text 0
125 376 181 376 181 393 125 393 text 0
256 375 268 375 268 392 256 392 text 0
38 402 103 402 103 418 38 418 text 0
127 401 192 401 192 418 127 418 text 0
38 427 103 427 103 443 38 443 text 0
125 425 227 425 227 445 125 445 text 0
40 452 110 452 110 471 40 471 text 0
127 451 212 451 212 469 127 469 text 0
38 478 167 478 167 498 38 498 text 0
40 506 80 506 80 525 40 525 text 0
111 505 123 505 123 526 111 526 text 0
218 502 299 502 299 524 218 524 text 0
530 371 610 371 610 390 530 390 text 0
546 397 611 397 611 414 546 414 text 0
546 422 615 422 615 440 546 440 text 0
548 447 618 447 618 466 548 466 text 0
38 563 83 563 83 583 38 583 text 0
452 246 463 246 463 265 452 265 text 0
595 244 606 244 606 265 595 265 text 0
602 473 622 473 622 494 602 494 text 0