47 361 59 361 59 380 47 380 text 0
89 364 170 364 170 377 89 377 text 0
187 363 225 363 225 381 187 381 text 0
243 364 337 364 337 377 243 377 text 0
508 363 593 363 593 383 508 383 text 0
257 411 376 411 376 426 257 426 text 0
494 412 578 412 578 432 494 432 text 0
325 436 375 436 375 450 325 450 text 0
507 436 588 436 588 455 507 455 text 0
249 485 349 485 349 515 249 515 text 0
484 485 589 485 589 524 484 524 text 0
334 528 398 528 398 543 334 543 text 0
517 528 602 528 602 549 517 549 text 0