71 278 84 278 84 297 71 297 text 0
114 281 197 281 197 297 114 297 text 0
71 306 83 306 83 322 71 322 text 0
112 306 199 306 199 325 112 325 text 0
228 307 336 307 336 323 228 323 text 0
69 331 78 331 78 347 69 347 text 0
110 329 376 329 376 352 110 352 text 0
68 357 81 357 81 375 68 375 text 0
115 358 198 358 198 374 115 374 text 0
226 358 313 358 313 375 226 375 text 0
479 282 589 282 589 300 479 300 text 0
458 308 590 308 590 326 458 326 text 0
466 333 591 333 591 351 466 351 text 0
480 359 592 359 592 377 480 377 text 0
480 385 592 385 592 404 480 404 text 0
481 411 593 411 593 432 481 432 text 0
481 438 593 438 593 457 481 457 text 0
319 463 586 463 586 481 319 481 text 0
440 489 590 489 590 507 440 507 text 0
457 515 590 515 590 531 457 531 text 0
68 384 78 384 78 401 68 401 text 0
116 385 197 385 197 400 116 400 text 0
225 385 336 385 336 401 225 401 text 0
67 410 78 410 78 428 67 428 text 0
113 410 173 410 173 426 113 426 text 0
202 411 310 411 310 427 202 427 text 0
68 436 79 436 79 454 68 454 text 0
109 435 259 435 259 454 109 454 text 0
295 437 358 437 358 457 295 457 text 0
109 461 148 461 148 480 109 480 text 0
109 486 197 486 197 503 109 503 text 0
111 510 153 510 153 526 111 526 text 0