68 292 119 292 119 311 68 311 text 0
139 293 204 293 204 311 139 311 text 0
502 284 608 284 608 307 502 307 text 0
253 318 315 318 315 337 253 337 text 0
335 316 419 316 419 334 335 334 text 0
68 342 330 342 330 368 68 368 text 0
69 376 124 376 124 396 69 396 text 0
146 373 193 373 193 394 146 394 text 0
70 402 159 402 159 426 70 426 text 0
66 425 211 425 211 456 66 456 text 0
66 456 180 456 180 485 66 485 text 0
508 335 614 335 614 358 508 358 text 0
527 363 616 363 616 383 527 383 text 0
513 388 622 388 622 410 513 410 text 0
514 416 623 416 623 437 514 437 text 0
521 443 628 443 628 465 521 465 text 0