37 259 85 259 85 274 37 274 text 0
94 258 228 258 228 277 94 277 text 0
308 265 371 265 371 280 308 280 text 0
34 282 84 282 84 295 34 295 text 0
94 281 102 281 102 295 94 295 text 0
114 281 178 281 178 296 114 296 text 0
33 332 76 332 76 348 33 348 text 0
86 332 137 332 137 348 86 348 text 0
312 341 375 341 375 355 312 355 text 0
24 368 132 368 132 384 24 384 text 0
140 366 161 366 161 384 140 384 text 0
170 366 198 366 198 384 170 384 text 0
30 401 93 401 93 414 30 414 text 0
315 404 379 404 379 421 315 421 text 0
29 454 153 454 153 474 29 474 text 0
368 448 383 448 383 467 368 467 text 0