52 342 64 342 64 353 52 353 text 0
86 343 221 343 221 359 86 359 text 0
240 346 287 346 287 358 240 358 text 0
488 344 585 344 585 358 488 358 text 0
69 365 171 365 171 379 69 379 text 0
190 369 206 369 206 380 190 380 text 0
53 416 186 416 186 429 53 429 text 0
488 417 586 417 586 429 488 429 text 0
50 441 134 441 134 454 50 454 text 0
489 440 586 440 586 453 489 453 text 0
48 491 116 491 116 504 48 504 text 0
489 488 587 488 587 502 489 502 text 0
49 514 202 514 202 530 49 530 text 0
571 511 588 511 588 525 571 525 text 0