20 278 43 278 43 294 20 294 text 0
59 277 105 277 105 294 59 294 text 0
122 279 173 279 173 294 122 294 text 0
212 280 224 280 224 295 212 295 text 0
330 280 416 280 416 295 330 295 text 0
19 301 43 301 43 317 19 317 text 0
57 302 107 302 107 318 57 318 text 0
122 303 197 303 197 319 122 319 text 0
239 304 250 304 250 320 239 320 text 0
340 303 417 303 417 318 340 318 text 0
18 345 80 345 80 362 18 362 text 0
327 346 415 346 415 362 327 362 text 0
15 392 79 392 79 409 15 409 text 0
15 413 105 413 105 430 15 430 text 0
326 391 412 391 412 407 326 407 text 0
400 414 417 414 417 429 400 429 text 0