31 242 113 242 113 253 31 253 text 0
32 267 37 267 37 275 32 275 text 0
119 265 175 265 175 277 119 277 text 0
185 265 298 265 298 276 185 276 text 0
309 264 341 264 341 275 309 275 text 0
389 278 503 278 503 290 389 290 text 0
118 299 157 299 157 307 118 307 text 0
169 299 220 299 220 309 169 309 text 0
230 297 252 297 252 306 230 306 text 0
261 299 351 299 351 306 261 306 text 0
115 312 147 312 147 323 115 323 text 0
391 326 506 326 506 337 391 337 text 0
116 348 155 348 155 355 116 355 text 0
170 345 236 345 236 355 170 355 text 0
245 344 280 344 280 356 245 356 text 0
394 358 509 358 509 370 394 370 text 0
27 380 38 380 38 390 27 390 text 0
119 379 216 379 216 389 119 389 text 0
226 379 272 379 272 388 226 388 text 0
436 393 513 393 513 403 436 403 text 0
136 419 239 419 239 431 136 431 text 0
389 419 520 419 520 430 389 430 text 0
140 470 240 470 240 480 140 480 text 0
471 467 527 467 527 478 471 478 text 0
139 494 216 494 216 506 139 506 text 0
357 493 528 493 528 505 357 505 text 0
397 532 531 532 531 544 397 544 text 0
86 534 190 534 190 546 86 546 text 0
86 552 175 552 175 562 86 562 text 0
482 549 533 549 533 558 482 558 text 0
132 577 146 577 146 586 132 586 text 0
161 573 248 573 248 588 161 588 text 0
256 573 331 573 331 584 256 584 text 0
29 299 38 299 38 309 29 309 text 0
25 346 36 346 36 356 25 356 text 0
226 151 290 151 290 158 226 158 text 0
313 150 433 150 433 156 313 156 text 0