69 422 113 422 113 439 69 439 text 0
131 420 210 420 210 439 131 439 text 0
230 421 307 421 307 442 230 442 text 0
329 420 402 420 402 441 329 441 text 0
488 420 583 420 583 438 488 438 text 0
73 449 83 449 83 467 73 467 text 0
101 448 179 448 179 469 101 469 text 0
197 448 259 448 259 467 197 467 text 0
278 448 323 448 323 467 278 467 text 0
491 446 580 446 580 466 491 466 text 0
75 500 194 500 194 519 75 519 text 0
77 526 151 526 151 545 77 545 text 0
487 502 581 502 581 521 487 521 text 0
486 528 579 528 579 545 486 545 text 0
81 578 168 578 168 600 81 600 text 0
188 579 277 579 277 598 188 598 text 0
295 580 325 580 325 600 295 600 text 0
485 581 577 581 577 599 485 599 text 0