63 224 73 224 73 240 63 240 text 0
85 225 112 225 112 240 85 240 text 0
123 225 148 225 148 239 123 239 text 0
166 224 224 224 224 238 166 238 text 0
237 224 292 224 292 238 237 238 text 0
302 222 313 222 313 238 302 238 text 0
467 222 542 222 542 238 467 238 text 0
88 294 189 294 189 309 88 309 text 0
89 311 125 311 125 326 89 326 text 0
467 292 542 292 542 309 467 309 text 0
478 308 542 308 542 325 478 325 text 0
91 346 211 346 211 361 91 361 text 0
88 362 139 362 139 378 88 378 text 0
90 380 163 380 163 396 90 396 text 0
394 345 542 345 542 361 394 361 text 0
468 362 545 362 545 378 468 378 text 0
468 379 544 379 544 396 468 396 text 0
143 588 240 588 240 604 143 604 text 0
252 587 281 587 281 605 252 605 text 0
317 589 445 589 445 605 317 605 text 0