136 51 485 51 485 109 136 109 text 0
55 372 132 372 132 385 55 385 text 0
137 373 171 373 171 384 137 384 text 0
386 372 464 372 464 385 386 385 text 0
501 373 582 373 582 386 501 386 text 0
328 417 409 417 409 429 328 429 text 0
423 418 533 418 533 432 423 432 text 0
303 439 336 439 336 449 303 449 text 0
343 438 419 438 419 450 343 450 text 0
432 439 534 439 534 451 432 451 text 0
302 458 377 458 377 471 302 471 text 0
352 474 395 474 395 486 352 486 text 0
329 491 407 491 407 506 329 506 text 0
433 459 534 459 534 470 433 470 text 0
449 475 535 475 535 487 449 487 text 0
462 489 537 489 537 504 462 504 text 0
35 373 47 373 47 384 35 384 text 0