104 268 117 268 117 283 104 283 text 0
129 265 201 265 201 283 129 283 text 0
215 265 274 265 274 281 215 281 text 0
290 264 361 264 361 279 290 279 text 0
377 263 436 263 436 278 377 278 text 0
478 262 548 262 548 279 478 279 text 0
107 286 117 286 117 300 107 300 text 0
129 286 178 286 178 301 129 301 text 0
190 285 213 285 213 299 190 299 text 0
228 283 337 283 337 298 228 298 text 0
109 307 115 307 115 320 109 320 text 0
130 305 214 305 214 320 130 320 text 0
231 303 288 303 288 319 231 319 text 0
478 281 548 281 548 298 478 298 text 0
491 300 548 300 548 317 491 317 text 0
131 346 252 346 252 374 131 374 text 0
132 376 184 376 184 391 132 391 text 0
403 341 553 341 553 374 403 374 text 0
480 373 553 373 553 390 480 390 text 0
132 396 274 396 274 427 132 427 text 0
405 392 556 392 556 426 405 426 text 0