54 288 118 288 118 300 54 300 text 0
134 288 166 288 166 300 134 300 text 0
37 303 82 303 82 315 37 315 text 0
41 319 60 319 60 329 41 329 text 0
496 290 567 290 567 300 496 300 text 0
50 347 118 347 118 364 50 364 text 0
34 366 84 366 84 380 34 380 text 0
501 354 574 354 574 364 501 364 text 0
501 371 574 371 574 383 501 383 text 0
22 398 69 398 69 421 22 421 text 0
19 421 127 421 127 445 19 445 text 0
498 405 578 405 578 428 498 428 text 0
501 430 576 430 576 454 501 454 text 0
28 288 41 288 41 300 28 300 text 0