5 412 166 412 166 426 5 426 text 0
184 412 240 412 240 426 184 426 text 0
120 436 237 436 237 454 120 454 text 0
301 435 327 435 327 450 301 450 text 0
444 432 557 432 557 450 444 450 text 0
0 481 69 481 69 495 0 495 text 0
90 480 163 480 163 495 90 495 text 0
0 528 85 528 85 546 0 546 text 0
424 524 539 524 539 544 424 544 text 0
0 572 129 572 129 589 0 589 text 0
0 593 102 593 102 612 0 612 text 0
468 570 599 570 599 588 468 588 text 0
516 594 599 594 599 610 516 610 text 0
316 480 330 480 330 497 316 497 text 0