38 184 131 184 131 204 38 204 text 0
138 185 239 185 239 202 138 202 text 0
249 184 260 184 260 203 249 203 text 0
37 207 111 207 111 225 37 225 text 0
39 229 111 229 111 245 39 245 text 0
118 228 207 228 207 247 118 247 text 0
220 230 230 230 230 245 220 245 text 0
39 252 107 252 107 267 39 267 text 0
39 274 111 274 111 289 39 289 text 0
120 273 254 273 254 293 120 293 text 0
40 296 102 296 102 310 40 310 text 0
112 297 119 297 119 311 112 311 text 0
128 296 196 296 196 312 128 312 text 0
318 196 390 196 390 210 318 210 text 0
320 239 388 239 388 257 320 257 text 0
320 285 388 285 388 301 320 301 text 0
39 351 83 351 83 365 39 365 text 0
93 351 143 351 143 365 93 365 text 0
306 362 388 362 388 378 306 378 text 0
41 383 138 383 138 400 41 400 text 0
146 383 206 383 206 403 146 403 text 0
43 414 102 414 102 431 43 431 text 0
307 426 387 426 387 442 307 442 text 0
42 471 159 471 159 485 42 485 text 0
372 469 387 469 387 485 372 485 text 0