37 224 105 224 105 243 37 243 text 0
124 223 191 223 191 244 124 244 text 0
40 249 56 249 56 264 40 264 text 0
87 248 189 248 189 265 87 265 text 0
31 271 98 271 98 288 31 288 text 0
124 272 203 272 203 289 124 289 text 0
226 272 292 272 292 289 226 289 text 0
313 272 393 272 393 289 313 289 text 0
19 297 49 297 49 317 19 317 text 0
84 293 171 293 171 317 84 317 text 0
483 247 584 247 584 267 483 267 text 0
502 295 587 295 587 316 502 316 text 0
20 343 165 343 165 365 20 365 text 0
12 369 161 369 161 389 12 389 text 0
16 396 66 396 66 415 16 415 text 0
9 424 159 424 159 445 9 445 text 0
488 343 596 343 596 364 488 364 text 0
5 481 96 481 96 519 5 519 text 0
495 477 605 477 605 515 495 515 text 0
2 526 303 526 303 553 2 553 text 0
7 551 117 551 117 572 7 572 text 0
491 524 600 524 600 542 491 542 text 0
488 547 596 547 596 566 488 566 text 0
583 395 604 395 604 417 583 417 text 0
582 424 605 424 605 444 582 444 text 0