37 280 156 280 156 303 37 303 text 0
171 281 229 281 229 301 171 301 text 0
244 280 299 280 299 298 244 298 text 0
39 308 157 308 157 330 39 330 text 0
169 308 252 308 252 325 169 325 text 0
268 306 322 306 322 325 268 325 text 0
39 337 97 337 97 353 39 353 text 0
113 336 145 336 145 352 113 352 text 0
160 334 204 334 204 352 160 352 text 0
505 279 612 279 612 296 505 296 text 0
505 305 612 305 612 324 505 324 text 0
505 332 612 332 612 351 505 351 text 0
506 360 611 360 611 376 506 376 text 0
42 364 181 364 181 383 42 383 text 0
195 362 253 362 253 381 195 381 text 0
39 389 119 389 119 406 39 406 text 0
135 390 192 390 192 406 135 406 text 0
199 388 285 388 285 407 199 407 text 0
40 417 123 417 123 433 40 433 text 0
137 416 206 416 206 435 137 435 text 0
518 386 610 386 610 402 518 402 text 0
508 412 611 412 611 429 508 429 text 0
496 466 618 466 618 485 496 485 text 0
500 490 612 490 612 508 500 508 text 0
40 469 96 469 96 486 40 486 text 0
39 498 72 498 72 514 39 514 text 0