452 289 533 289 533 307 452 307 text 0
59 292 88 292 88 309 59 309 text 0
110 291 174 291 174 309 110 309 text 0
59 315 192 315 192 332 59 332 text 0
62 338 91 338 91 356 62 356 text 0
112 338 193 338 193 356 112 356 text 0
61 361 195 361 195 379 61 379 text 0
65 386 93 386 93 403 65 403 text 0
114 384 195 384 195 403 114 403 text 0
63 407 193 407 193 426 63 426 text 0
64 433 147 433 147 450 64 450 text 0
451 336 534 336 534 354 451 354 text 0
452 384 534 384 534 402 452 402 text 0
368 431 533 431 533 449 368 449 text 0