38 178 83 178 83 197 38 197 text 0
132 179 248 179 248 197 132 197 text 0
39 201 124 201 124 221 39 221 text 0
38 225 90 225 90 245 38 245 text 0
130 226 246 226 246 243 130 243 text 0
34 248 121 248 121 272 34 272 text 0
30 273 78 273 78 293 30 293 text 0
129 273 245 273 245 291 129 291 text 0
27 297 119 297 119 315 27 315 text 0
27 320 218 320 218 339 27 339 text 0
418 201 545 201 545 220 418 220 text 0
421 248 548 248 548 266 421 266 text 0
413 297 552 297 552 315 413 315 text 0
419 321 552 321 552 341 419 341 text 0
25 368 146 368 146 391 25 391 text 0
96 396 220 396 220 418 96 418 text 0
27 448 221 448 221 470 27 470 text 0
31 472 171 472 171 494 31 494 text 0
273 418 565 418 565 444 273 444 text 0
408 445 566 445 566 467 408 467 text 0
425 472 573 472 573 496 425 496 text 0