213 56 343 56 343 68 213 68 text 0
237 112 368 112 368 122 237 122 text 0
345 153 356 153 356 165 345 165 text 0
424 153 531 153 531 165 424 165 text 0
422 169 533 169 533 182 422 182 text 0
15 158 97 158 97 170 15 170 text 0
105 155 232 155 232 167 105 167 text 0
13 173 160 173 160 187 13 187 text 0
13 192 99 192 99 206 13 206 text 0
109 190 197 190 197 204 109 204 text 0
9 209 150 209 150 223 9 223 text 0
158 207 278 207 278 221 158 221 text 0
7 227 66 227 66 239 7 239 text 0
76 227 165 227 165 239 76 239 text 0
10 243 149 243 149 258 10 258 text 0
159 243 265 243 265 256 159 256 text 0
6 262 110 262 110 275 6 275 text 0
121 261 203 261 203 276 121 276 text 0
210 261 251 261 251 272 210 272 text 0
262 260 286 260 286 272 262 272 text 0
5 280 88 280 88 292 5 292 text 0
101 278 227 278 227 292 101 292 text 0
437 186 534 186 534 200 437 200 text 0
416 202 532 202 532 216 416 216 text 0
343 188 357 188 357 199 343 199 text 0
431 236 531 236 531 251 431 251 text 0
419 254 533 254 533 271 419 271 text 0
342 278 356 278 356 289 342 289 text 0
392 273 535 273 535 290 392 290 text 0
344 241 357 241 357 254 344 254 text 0
343 259 356 259 356 271 343 271 text 0
6 299 111 299 111 310 6 310 text 0
0 314 149 314 149 327 0 327 text 0
0 333 185 333 185 343 0 343 text 0
417 311 534 311 534 326 417 326 text 0
0 350 139 350 139 363 0 363 text 0
0 368 74 368 74 380 0 380 text 0
87 369 169 369 169 380 87 380 text 0
178 370 233 370 233 382 178 382 text 0
0 385 86 385 86 402 0 402 text 0
91 386 199 386 199 400 91 400 text 0
0 405 107 405 107 422 0 422 text 0
0 425 166 425 166 439 0 439 text 0
338 369 353 369 353 383 338 383 text 0
418 369 535 369 535 384 418 384 text 0
420 388 535 388 535 402 420 402 text 0
419 409 535 409 535 423 419 423 text 0
337 389 347 389 347 401 337 401 text 0
335 408 349 408 349 421 335 421 text 0
0 452 44 452 44 469 0 469 text 0
49 455 112 455 112 468 49 468 text 0
0 475 84 475 84 488 0 488 text 0
0 492 38 492 38 505 0 505 text 0
0 508 107 508 107 526 0 526 text 0
391 457 536 457 536 472 391 472 text 0
419 480 536 480 536 495 419 495 text 0
422 497 536 497 536 512 422 512 text 0
419 516 535 516 535 531 419 531 text 0
0 537 97 537 97 550 0 550 text 0
1 551 69 551 69 563 1 563 text 0
395 541 534 541 534 556 395 556 text 0
394 560 531 560 531 574 394 574 text 0
5 572 163 572 163 591 5 591 text 0
342 169 359 169 359 183 342 183 text 0
343 205 356 205 356 217 343 217 text 0
339 313 356 313 356 326 339 326 text 0
511 587 531 587 531 599 511 599 text 0