366 365 443 365 443 379 366 379 text 0
365 386 445 386 445 399 365 399 text 0
51 406 83 406 83 424 51 424 text 0
96 410 155 410 155 424 96 424 text 0
168 408 270 408 270 422 168 422 text 0
366 408 446 408 446 422 366 422 text 0
518 365 601 365 601 380 518 380 text 0
518 383 604 383 604 400 518 400 text 0
521 406 604 406 604 424 521 424 text 0
521 430 604 430 604 447 521 447 text 0
57 365 128 365 128 378 57 378 text 0
141 365 226 365 226 379 141 379 text 0
57 386 128 386 128 399 57 399 text 0
142 386 209 386 209 400 142 400 text 0
51 432 121 432 121 446 51 446 text 0
538 475 611 475 611 491 538 491 text 0
525 499 614 499 614 517 525 517 text 0
513 523 618 523 618 540 513 540 text 0
532 546 614 546 614 565 532 565 text 0
45 479 89 479 89 493 45 493 text 0
106 477 178 477 178 494 106 494 text 0
193 478 212 478 212 493 193 493 text 0
41 503 115 503 115 517 41 517 text 0
133 502 203 502 203 517 133 517 text 0
38 527 115 527 115 544 38 544 text 0
34 552 139 552 139 568 34 568 text 0
337 365 350 365 350 380 337 380 text 0
336 387 352 387 352 402 336 402 text 0
337 408 351 408 351 424 337 424 text 0