45 264 73 264 73 280 45 280 text 0
89 262 204 262 204 280 89 280 text 0
220 263 232 263 232 277 220 277 text 0
46 287 115 287 115 306 46 306 text 0
238 285 263 285 263 305 238 305 text 0
48 312 134 312 134 331 48 331 text 0
153 311 193 311 193 328 153 328 text 0
208 310 263 310 263 328 208 328 text 0
50 337 167 337 167 355 50 355 text 0
183 335 238 335 238 352 183 352 text 0
254 336 266 336 266 351 254 351 text 0
352 332 370 332 370 352 352 352 text 0
398 334 480 334 480 352 398 352 text 0
540 334 626 334 626 352 540 352 text 0
50 362 138 362 138 380 50 380 text 0
154 360 225 360 225 377 154 377 text 0
240 359 268 359 268 376 240 376 text 0
394 308 483 308 483 326 394 326 text 0
545 309 627 309 627 327 545 327 text 0
353 360 370 360 370 376 353 376 text 0
397 358 481 358 481 375 397 375 text 0
543 359 628 359 628 376 543 376 text 0
530 407 623 407 623 423 530 423 text 0
57 410 124 410 124 427 57 427 text 0
148 409 198 409 198 426 148 426 text 0
272 408 284 408 284 424 272 424 text 0
56 435 125 435 125 453 56 453 text 0
144 432 209 432 209 450 144 450 text 0
58 460 125 460 125 477 58 477 text 0
146 457 245 457 245 475 146 475 text 0
64 483 125 483 125 500 64 500 text 0
62 507 192 507 192 525 62 525 text 0
534 455 630 455 630 474 534 474 text 0
534 481 631 481 631 499 534 499 text 0
564 507 633 507 633 524 564 524 text 0
63 533 104 533 104 548 63 548 text 0
224 530 302 530 302 549 224 549 text 0
80 628 367 628 367 639 80 639 text 0
392 628 447 628 447 639 392 639 text 0
463 619 604 619 604 635 463 635 text 0
352 310 365 310 365 328 352 328 text 0
352 260 364 260 364 276 352 276 text 0
467 259 479 259 479 279 467 279 text 0
615 258 626 258 626 278 615 278 text 0
615 430 627 430 627 449 615 449 text 0