41 331 54 331 54 343 41 343 text 0
108 332 146 332 146 343 108 343 text 0
160 333 233 333 233 345 160 345 text 0
249 332 297 332 297 343 249 343 text 0
466 333 535 333 535 344 466 344 text 0
107 352 156 352 156 362 107 362 text 0
173 351 258 351 258 362 173 362 text 0
477 353 536 353 536 363 477 363 text 0
106 370 194 370 194 380 106 380 text 0
211 370 259 370 259 380 211 380 text 0
275 368 296 368 296 378 275 378 text 0
465 372 537 372 537 382 465 382 text 0
105 390 156 390 156 402 105 402 text 0
170 389 207 389 207 400 170 400 text 0
223 388 295 388 295 400 223 400 text 0
474 391 535 391 535 401 474 401 text 0
105 408 203 408 203 420 105 420 text 0
474 410 535 410 535 420 474 420 text 0
105 429 179 429 179 439 105 439 text 0
195 427 257 427 257 438 195 438 text 0
465 429 534 429 534 439 465 439 text 0
246 465 281 465 281 475 246 475 text 0
297 464 355 464 355 476 297 476 text 0
461 467 535 467 535 478 461 478 text 0
232 521 353 521 353 533 232 533 text 0
509 524 529 524 529 533 509 533 text 0
219 540 291 540 291 551 219 551 text 0
308 540 329 540 329 550 308 550 text 0
346 541 355 541 355 550 346 550 text 0
470 542 531 542 531 552 470 552 text 0
292 591 349 591 349 601 292 601 text 0
458 580 530 580 530 601 458 601 text 0
304 610 353 610 353 622 304 622 text 0
445 609 529 609 529 621 445 621 text 0
43 352 51 352 51 364 43 364 text 0
41 371 50 371 50 381 41 381 text 0
40 392 49 392 49 404 40 404 text 0
41 410 47 410 47 422 41 422 text 0
39 429 50 429 50 440 39 440 text 0