121 210 194 210 194 226 121 226 text 0
206 209 242 209 242 228 206 228 text 0
256 213 287 213 287 226 256 226 text 0
302 214 345 214 345 227 302 227 text 0
120 230 170 230 170 246 120 246 text 0
181 230 234 230 234 247 181 247 text 0
239 230 315 230 315 249 239 249 text 0
424 216 527 216 527 233 424 233 text 0
434 237 535 237 535 254 434 254 text 0
106 269 215 269 215 285 106 285 text 0
400 269 517 269 517 286 400 286 text 0
103 311 179 311 179 328 103 328 text 0
190 312 231 312 231 328 190 328 text 0
405 307 525 307 525 328 405 328 text 0
106 356 142 356 142 368 106 368 text 0
157 353 193 353 193 371 157 371 text 0
431 348 559 348 559 368 431 368 text 0
96 422 188 422 188 440 96 440 text 0
420 419 472 419 472 433 420 433 text 0
82 209 97 209 97 223 82 223 text 0
83 229 97 229 97 243 83 243 text 0