102 221 111 221 111 236 102 236 text 0
127 221 214 221 214 237 127 237 text 0
229 223 289 223 289 238 229 238 text 0
101 240 112 240 112 254 101 254 text 0
127 240 163 240 163 255 127 255 text 0
179 241 292 241 292 259 179 259 text 0
100 259 111 259 111 272 100 272 text 0
126 260 216 260 216 276 126 276 text 0
100 279 112 279 112 293 100 293 text 0
126 279 203 279 203 295 126 295 text 0
219 282 295 282 295 297 219 297 text 0
104 298 112 298 112 312 104 312 text 0
128 299 245 299 245 315 128 315 text 0
259 301 297 301 297 315 259 315 text 0
310 302 359 302 359 316 310 316 text 0
104 319 112 319 112 334 104 334 text 0
128 318 194 318 194 333 128 333 text 0
209 320 272 320 272 334 209 334 text 0
478 224 547 224 547 239 478 239 text 0
478 244 547 244 547 260 478 260 text 0
478 263 548 263 548 280 478 280 text 0
480 283 551 283 551 299 480 299 text 0
484 302 555 302 555 317 484 317 text 0
487 321 559 321 559 337 487 337 text 0
130 360 262 360 262 390 130 390 text 0
395 359 566 359 566 392 395 392 text 0
130 393 184 393 184 408 130 408 text 0
129 414 184 414 184 430 129 430 text 0
484 392 576 392 576 408 484 408 text 0
491 410 576 410 576 428 491 428 text 0
129 436 295 436 295 468 129 468 text 0
427 431 585 431 585 468 427 468 text 0