63 289 165 289 165 316 63 316 text 0
177 286 293 286 293 320 177 320 text 0
308 289 408 289 408 318 308 318 text 0
122 323 236 323 236 351 122 351 text 0
61 356 119 356 119 384 61 384 text 0
522 290 592 290 592 316 522 316 text 0
524 324 595 324 595 352 524 352 text 0
525 355 595 355 595 385 525 385 text 0
558 393 597 393 597 420 558 420 text 0
175 392 267 392 267 425 175 425 text 0
282 391 325 391 325 418 282 418 text 0
118 422 192 422 192 453 118 453 text 0
208 426 264 426 264 454 208 454 text 0
281 425 353 425 353 452 281 452 text 0
123 462 193 462 193 491 123 491 text 0
210 462 352 462 352 491 210 491 text 0
372 462 383 462 383 490 372 490 text 0