96 238 122 238 122 255 96 255 text 0
142 237 233 237 233 255 142 255 text 0
443 232 535 232 535 251 443 251 text 0
95 260 140 260 140 279 95 279 text 0
158 261 171 261 171 277 158 277 text 0
188 260 298 260 298 276 188 276 text 0
96 311 171 311 171 332 96 332 text 0
192 311 218 311 218 329 192 329 text 0
144 336 220 336 220 354 144 354 text 0
95 361 178 361 178 382 95 382 text 0
350 333 538 333 538 352 350 352 text 0
433 358 542 358 542 376 433 376 text 0
448 383 544 383 544 401 448 401 text 0
96 384 192 384 192 405 96 405 text 0