10 273 57 273 57 291 10 291 text 0
73 274 122 274 122 292 73 292 text 0
135 274 206 274 206 292 135 292 text 0
221 275 277 275 277 290 221 290 text 0
296 275 325 275 325 293 296 293 text 0
368 275 377 275 377 293 368 293 text 0
10 296 71 296 71 312 10 312 text 0
85 297 133 297 133 314 85 314 text 0
147 296 219 296 219 314 147 314 text 0
231 296 293 296 293 315 231 315 text 0
306 297 315 297 315 317 306 317 text 0
328 298 343 298 343 317 328 317 text 0
357 298 364 298 364 317 357 317 text 0
404 298 414 298 414 317 404 317 text 0
10 319 54 319 54 334 10 334 text 0
72 319 132 319 132 334 72 334 text 0
170 319 184 319 184 337 170 337 text 0
7 343 45 343 45 361 7 361 text 0
57 342 121 342 121 360 57 360 text 0
160 343 169 343 169 359 160 359 text 0
513 276 584 276 584 291 513 291 text 0
513 298 584 298 584 314 513 314 text 0
515 321 585 321 585 338 515 338 text 0
517 344 588 344 588 362 517 362 text 0
4 387 102 387 102 405 4 405 text 0
5 413 28 413 28 428 5 428 text 0
46 412 56 412 56 430 46 430 text 0
72 411 127 411 127 430 72 430 text 0
514 390 587 390 587 407 514 407 text 0
528 413 587 413 587 430 528 430 text 0
5 458 66 458 66 476 5 476 text 0
514 459 588 459 588 477 514 477 text 0
2 505 62 505 62 524 2 524 text 0
0 526 89 526 89 549 0 549 text 0
504 506 589 506 589 525 504 525 text 0
515 530 591 530 591 551 515 551 text 0