74 292 171 292 171 307 74 307 text 0
177 294 257 294 257 308 177 308 text 0
265 295 360 295 360 310 265 310 text 0
160 318 227 318 227 331 160 331 text 0
492 315 563 315 563 328 492 328 text 0
48 351 94 351 94 363 48 363 text 0
103 352 173 352 173 363 103 363 text 0
493 346 562 346 562 360 493 360 text 0
50 399 132 399 132 411 50 411 text 0
137 398 207 398 207 412 137 412 text 0
494 395 564 395 564 409 494 409 text 0
47 433 107 433 107 446 47 446 text 0
116 434 156 434 156 448 116 448 text 0
483 432 565 432 565 446 483 446 text 0
44 469 145 469 145 484 44 484 text 0
150 469 198 469 198 484 150 484 text 0
495 468 567 468 567 482 495 482 text 0
128 320 141 320 141 333 128 333 text 0
72 317 86 317 86 329 72 329 text 0