48 317 142 317 142 341 48 341 text 0
153 315 243 315 243 336 153 336 text 0
324 316 335 316 335 335 324 335 text 0
449 315 534 315 534 333 449 333 text 0
48 349 148 349 148 365 48 365 text 0
160 348 205 348 205 364 160 364 text 0
434 344 533 344 533 364 434 364 text 0
50 378 112 378 112 393 50 393 text 0
326 373 336 373 336 391 326 391 text 0
446 369 539 369 539 393 446 393 text 0
435 416 536 416 536 436 435 436 text 0
470 444 539 444 539 465 470 465 text 0
453 473 541 473 541 495 453 495 text 0
457 501 544 501 544 522 457 522 text 0
50 420 99 420 99 435 50 435 text 0
109 418 166 418 166 434 109 434 text 0
45 448 135 448 135 464 45 464 text 0
44 476 85 476 85 492 44 492 text 0
40 502 152 502 152 520 40 520 text 0
36 548 151 548 151 571 36 571 text 0
422 546 548 546 548 575 422 575 text 0
325 343 334 343 334 363 325 363 text 0