129 306 136 306 136 319 129 319 text 0
150 305 211 305 211 319 150 319 text 0
224 303 309 303 309 318 224 318 text 0
322 302 394 302 394 316 322 316 text 0
129 326 138 326 138 339 129 339 text 0
151 324 236 324 236 339 151 339 text 0
249 323 292 323 292 337 249 337 text 0
298 323 332 323 332 336 298 336 text 0
499 299 571 299 571 315 499 315 text 0
510 319 571 319 571 335 510 335 text 0
152 363 271 363 271 390 152 390 text 0
419 359 571 359 571 390 419 390 text 0
425 410 573 410 573 442 425 442 text 0
152 393 201 393 201 407 152 407 text 0
499 388 572 388 572 406 499 406 text 0
151 411 296 411 296 442 151 442 text 0