23 133 568 133 568 154 23 154 text 0
24 268 33 268 33 281 24 281 text 0
45 269 95 269 95 281 45 281 text 0
107 270 166 270 166 281 107 281 text 0
178 271 249 271 249 283 178 283 text 0
23 288 33 288 33 300 23 300 text 0
45 288 95 288 95 300 45 300 text 0
107 290 156 290 156 301 107 301 text 0
168 291 217 291 217 302 168 302 text 0
22 307 32 307 32 319 22 319 text 0
44 308 83 308 83 319 44 319 text 0
95 309 135 309 135 320 95 320 text 0
147 310 186 310 186 321 147 321 text 0
22 325 30 325 30 340 22 340 text 0
44 328 103 328 103 339 44 339 text 0
116 329 175 329 175 340 116 340 text 0
22 345 31 345 31 360 22 360 text 0
44 347 72 347 72 358 44 358 text 0
84 347 133 347 133 359 84 359 text 0
514 276 571 276 571 287 514 287 text 0
513 296 570 296 570 307 513 307 text 0
511 315 569 315 569 326 511 326 text 0
511 334 569 334 569 345 511 345 text 0
511 354 568 354 568 364 511 364 text 0
55 386 160 386 160 402 55 402 text 0
54 406 92 406 92 419 54 419 text 0
113 406 149 406 149 420 113 420 text 0
54 425 93 425 93 439 54 439 text 0
122 426 149 426 149 439 122 439 text 0
479 391 566 391 566 405 479 405 text 0
491 410 566 410 566 424 491 424 text 0
500 428 564 428 564 443 500 443 text 0
23 445 41 445 41 474 23 474 text 0
55 445 116 445 116 472 55 472 text 0
476 449 563 449 563 475 476 475 text 0
50 554 131 554 131 582 50 582 text 0
470 555 559 555 559 581 470 581 text 0