36 343 61 343 61 354 36 354 text 0
70 344 142 344 142 355 70 355 text 0
150 344 265 344 265 356 150 356 text 0
276 345 285 345 285 355 276 355 text 0
327 344 402 344 402 356 327 356 text 0
457 346 548 346 548 358 457 358 text 0
52 370 127 370 127 382 52 382 text 0
134 371 251 371 251 382 134 382 text 0
260 370 270 370 270 382 260 382 text 0
312 369 389 369 389 383 312 383 text 0
455 371 548 371 548 383 455 383 text 0
52 396 78 396 78 409 52 409 text 0
84 396 158 396 158 410 84 410 text 0
473 398 550 398 550 410 473 410 text 0
50 423 76 423 76 437 50 437 text 0
83 424 129 424 129 435 83 435 text 0
137 424 227 424 227 435 137 435 text 0
486 424 549 424 549 437 486 437 text 0
59 450 111 450 111 466 59 466 text 0
112 451 190 451 190 463 112 463 text 0
486 452 550 452 550 466 486 466 text 0
48 477 75 477 75 491 48 491 text 0
83 478 146 478 146 490 83 490 text 0
487 479 549 479 549 492 487 492 text 0
32 517 77 517 77 530 32 530 text 0
112 515 128 515 128 531 112 531 text 0
176 514 235 514 235 526 176 526 text 0
434 516 548 516 548 530 434 530 text 0
22 543 75 543 75 562 22 562 text 0
100 541 139 541 139 559 100 559 text 0
179 557 242 557 242 569 179 569 text 0
437 558 551 558 551 573 437 573 text 0
180 588 271 588 271 601 180 601 text 0
470 590 551 590 551 606 470 606 text 0
31 370 45 370 45 381 31 381 text 0
32 396 45 396 45 409 32 409 text 0
31 423 44 423 44 437 31 437 text 0
30 450 41 450 41 464 30 464 text 0
27 478 41 478 41 490 27 490 text 0