16 374 28 374 28 391 16 391 text 0
72 374 144 374 144 389 72 389 text 0
161 374 201 374 201 389 161 389 text 0
223 372 268 372 268 389 223 389 text 0
11 395 24 395 24 411 11 411 text 0
70 393 145 393 145 412 70 412 text 0
157 394 232 394 232 411 157 411 text 0
245 393 343 393 343 411 245 411 text 0
512 374 599 374 599 388 512 388 text 0
529 394 602 394 602 409 529 409 text 0
308 451 380 451 380 468 308 468 text 0
520 437 610 437 610 467 520 467 text 0
4 497 65 497 65 514 4 514 text 0
5 519 109 519 109 536 5 536 text 0
508 498 613 498 613 514 508 514 text 0
525 519 612 519 612 534 525 534 text 0