63 283 128 283 128 304 63 304 text 0
217 277 286 277 286 298 217 298 text 0
301 277 322 277 322 295 301 295 text 0
129 319 143 319 143 336 129 336 text 0
261 309 322 309 322 330 261 330 text 0
453 306 511 306 511 327 453 327 text 0
218 380 270 380 270 400 218 400 text 0
282 376 322 376 322 398 282 398 text 0
335 379 345 379 345 396 335 396 text 0
447 376 514 376 514 398 447 398 text 0
318 411 344 411 344 432 318 432 text 0
466 412 515 412 515 432 466 432 text 0
264 446 343 446 343 467 264 467 text 0
64 487 171 487 171 508 64 508 text 0
204 484 280 484 280 503 204 503 text 0
308 478 389 478 389 499 308 499 text 0
414 482 537 482 537 503 414 503 text 0
455 446 518 446 518 470 455 470 text 0
86 555 119 555 119 580 86 580 text 0
131 555 173 555 173 577 131 577 text 0
189 553 240 553 240 573 189 573 text 0
254 552 280 552 280 570 254 570 text 0
299 551 360 551 360 570 299 570 text 0
469 549 533 549 533 573 469 573 text 0
70 626 153 626 153 639 70 639 text 0
169 626 209 626 209 636 169 636 text 0