88 315 106 315 106 337 88 337 text 0
120 318 217 318 217 339 120 339 text 0
234 320 285 320 285 341 234 341 text 0
302 322 353 322 353 343 302 343 text 0
389 323 477 323 477 345 389 345 text 0
65 347 100 347 100 368 65 368 text 0
115 347 211 347 211 370 115 370 text 0
226 350 277 350 277 372 226 372 text 0
296 351 349 351 349 374 296 374 text 0
368 354 474 354 474 377 368 377 text 0
112 378 162 378 162 401 112 401 text 0
178 380 261 380 261 404 178 404 text 0
114 410 159 410 159 431 114 431 text 0
113 441 208 441 208 462 113 462 text 0
225 444 278 444 278 468 225 468 text 0
369 386 475 386 475 410 369 410 text 0
381 419 468 419 468 441 381 441 text 0
366 451 470 451 470 474 366 474 text 0