417 216 564 216 564 237 417 237 text 0
64 219 79 219 79 238 64 238 text 0
116 219 222 219 222 236 116 236 text 0
64 243 130 243 130 260 64 260 text 0
153 242 203 242 203 258 153 258 text 0
225 242 275 242 275 258 225 258 text 0
296 241 347 241 347 258 296 258 text 0
66 266 76 266 76 283 66 283 text 0
120 265 204 265 204 282 120 282 text 0
64 289 95 289 95 306 64 306 text 0
119 289 168 289 168 305 119 305 text 0
190 288 274 288 274 305 190 305 text 0
440 263 562 263 562 280 440 280 text 0
61 338 205 338 205 357 61 357 text 0
278 336 561 336 561 355 278 355 text 0
59 363 150 363 150 381 59 381 text 0
61 387 167 387 167 405 61 405 text 0
424 360 567 360 567 379 424 379 text 0
426 385 567 385 567 404 426 404 text 0