31 261 89 261 89 275 31 275 text 0
108 261 163 261 163 275 108 275 text 0
31 279 102 279 102 291 31 291 text 0
125 278 180 278 180 294 125 294 text 0
200 277 255 277 255 291 200 291 text 0
275 276 361 276 361 288 275 288 text 0
383 276 400 276 400 286 383 286 text 0
32 299 100 299 100 307 32 307 text 0
32 314 46 314 46 326 32 326 text 0
131 312 254 312 254 324 131 324 text 0
511 305 621 305 621 319 511 319 text 0
26 339 158 339 158 349 26 349 text 0
28 356 80 356 80 368 28 368 text 0
104 355 196 355 196 368 104 368 text 0
23 376 44 376 44 388 23 388 text 0
119 373 232 373 232 389 119 389 text 0
536 367 625 367 625 380 536 380 text 0
21 399 196 399 196 414 21 414 text 0
18 421 55 421 55 432 18 432 text 0
79 419 154 419 154 434 79 434 text 0
172 418 227 418 227 431 172 431 text 0
20 440 34 440 34 453 20 453 text 0
113 436 251 436 251 450 113 450 text 0
515 430 631 430 631 444 515 444 text 0
12 475 165 475 165 492 12 492 text 0
443 471 482 471 482 486 443 486 text 0
506 467 632 467 632 483 506 483 text 0
9 516 103 516 103 532 9 532 text 0
444 511 483 511 483 526 444 526 text 0
508 508 638 508 638 524 508 524 text 0
443 551 484 551 484 568 443 568 text 0
511 549 637 549 637 564 511 564 text 0
565 570 602 570 602 587 565 587 text 0
635 568 639 568 639 587 635 587 text 0
3 558 81 558 81 572 3 572 text 0
0 581 119 581 119 596 0 596 text 0