57 267 104 267 104 288 57 288 text 0
124 267 187 267 187 288 124 288 text 0
55 297 135 297 135 319 55 319 text 0
157 297 220 297 220 318 157 318 text 0
477 263 568 263 568 286 477 286 text 0
477 291 569 291 569 316 477 316 text 0
236 325 303 325 303 349 236 349 text 0
320 324 399 324 399 348 320 348 text 0
479 353 571 353 571 378 479 378 text 0
494 383 571 383 571 409 494 409 text 0
479 415 573 415 573 440 479 440 text 0
479 446 572 446 572 470 479 470 text 0
58 356 315 356 315 382 58 382 text 0
57 391 105 391 105 414 57 414 text 0
126 390 171 390 171 412 126 412 text 0
57 421 138 421 138 446 57 446 text 0
58 452 172 452 172 477 58 477 text 0