34 330 49 330 49 344 34 344 text 0
100 330 150 330 150 345 100 345 text 0
159 330 209 330 209 348 159 348 text 0
220 332 279 332 279 347 220 347 text 0
291 332 336 332 336 347 291 347 text 0
32 349 50 349 50 364 32 364 text 0
100 350 172 350 172 365 100 365 text 0
184 351 240 351 240 366 184 366 text 0
33 369 51 369 51 383 33 383 text 0
93 369 208 369 208 387 93 387 text 0
218 371 281 371 281 385 218 385 text 0
469 333 564 333 564 350 469 350 text 0
468 354 563 354 563 371 468 371 text 0
469 371 561 371 561 389 469 389 text 0
449 393 561 393 561 409 449 409 text 0
468 412 563 412 563 428 468 428 text 0
467 432 563 432 563 450 467 450 text 0
468 451 564 451 564 469 468 469 text 0
466 472 562 472 562 490 466 490 text 0
468 494 564 494 564 511 468 511 text 0
32 389 49 389 49 403 32 403 text 0
99 390 134 390 134 404 99 404 text 0
142 390 194 390 194 404 142 404 text 0
205 391 269 391 269 404 205 404 text 0
278 392 349 392 349 405 278 405 text 0
90 408 132 408 132 424 90 424 text 0
142 409 202 409 202 424 142 424 text 0
212 410 277 410 277 427 212 427 text 0
88 429 150 429 150 444 88 444 text 0
162 431 209 431 209 444 162 444 text 0
24 447 43 447 43 464 24 464 text 0
94 448 168 448 168 465 94 465 text 0
178 449 219 449 219 465 178 465 text 0
229 451 279 451 279 468 229 468 text 0
24 469 41 469 41 485 24 485 text 0
93 469 183 469 183 486 93 486 text 0
193 470 253 470 253 489 193 489 text 0
21 489 39 489 39 506 21 506 text 0
91 490 252 490 252 507 91 507 text 0
31 408 45 408 45 423 31 423 text 0
19 531 159 531 159 547 19 547 text 0
16 552 118 552 118 569 16 569 text 0
125 552 223 552 223 573 125 573 text 0
449 535 564 535 564 552 449 552 text 0
468 556 564 556 564 572 468 572 text 0
466 576 566 576 566 595 466 595 text 0
409 593 562 593 562 620 409 620 text 0
18 574 68 574 68 589 18 589 text 0
12 593 117 593 117 612 12 612 text 0
28 429 44 429 44 444 28 444 text 0