76 306 178 306 178 325 76 325 text 0
186 308 250 308 250 327 186 327 text 0
262 311 299 311 299 332 262 332 text 0
309 314 330 314 330 334 309 334 text 0
343 317 381 317 381 334 343 334 text 0
393 318 452 318 452 336 393 336 text 0
466 318 503 318 503 340 466 340 text 0
513 322 525 322 525 338 513 338 text 0
538 323 589 323 589 340 538 340 text 0
82 331 109 331 109 345 82 345 text 0
109 350 121 350 121 366 109 366 text 0
131 349 171 349 171 365 131 365 text 0
85 371 167 371 167 387 85 387 text 0
182 372 236 372 236 390 182 390 text 0
80 390 158 390 158 407 80 407 text 0
168 391 214 391 214 408 168 408 text 0
224 394 275 394 275 410 224 410 text 0
284 397 302 397 302 410 284 410 text 0
319 398 375 398 375 411 319 411 text 0
134 411 172 411 172 425 134 425 text 0
388 357 496 357 496 375 388 375 text 0
389 379 496 379 496 396 389 396 text 0
270 354 352 354 352 371 270 371 text 0
262 417 351 417 351 433 262 433 text 0
407 418 490 418 490 434 407 434 text 0
408 437 491 437 491 453 408 453 text 0
84 452 181 452 181 470 84 470 text 0
192 453 250 453 250 471 192 471 text 0
260 456 293 456 293 472 260 472 text 0
306 458 329 458 329 474 306 474 text 0
338 458 375 458 375 475 338 475 text 0
386 459 464 459 464 474 386 474 text 0
479 462 512 462 512 476 479 476 text 0
524 462 537 462 537 478 524 478 text 0
545 461 569 461 569 477 545 477 text 0
82 476 122 476 122 492 82 492 text 0
109 497 123 497 123 514 109 514 text 0
128 497 168 497 168 514 128 514 text 0
82 519 161 519 161 536 82 536 text 0
179 523 230 523 230 541 179 541 text 0
406 503 491 503 491 520 406 520 text 0
406 526 491 526 491 542 406 542 text 0
268 501 356 501 356 519 268 519 text 0
84 560 143 560 143 577 84 577 text 0
154 562 198 562 198 579 154 579 text 0
86 581 145 581 145 599 86 599 text 0
151 584 191 584 191 601 151 601 text 0
85 606 142 606 142 622 85 622 text 0
151 607 223 607 223 624 151 624 text 0
233 609 277 609 277 626 233 626 text 0
391 609 498 609 498 627 391 627 text 0
111 411 123 411 123 426 111 426 text 0
88 433 166 433 166 447 88 447 text 0
182 433 236 433 236 449 182 449 text 0
484 567 501 567 501 583 484 583 text 0
476 590 498 590 498 604 476 604 text 0