86 269 174 269 174 278 86 278 text 0
190 267 289 267 289 278 190 278 text 0
90 281 203 281 203 293 90 293 text 0
219 280 338 280 338 292 219 292 text 0
93 297 140 297 140 308 93 308 text 0
158 295 228 295 228 308 158 308 text 0
242 295 303 295 303 305 242 305 text 0
92 310 143 310 143 320 92 320 text 0
157 311 220 311 220 320 157 320 text 0
93 324 128 324 128 333 93 333 text 0
143 321 255 321 255 333 143 333 text 0
266 320 392 320 392 332 266 332 text 0
92 336 179 336 179 347 92 347 text 0
193 334 253 334 253 345 193 345 text 0
270 335 332 335 332 344 270 344 text 0
90 348 177 348 177 360 90 360 text 0
193 348 256 348 256 359 193 359 text 0
90 361 176 361 176 374 90 374 text 0
193 363 256 363 256 373 193 373 text 0
89 374 394 374 394 388 89 388 text 0
87 390 177 390 177 402 87 402 text 0
194 389 296 389 296 402 194 402 text 0
474 262 573 262 573 275 474 275 text 0
475 276 571 276 571 288 475 288 text 0
475 291 575 291 575 303 475 303 text 0
477 304 576 304 576 316 477 316 text 0
479 317 577 317 577 326 479 326 text 0
481 329 578 329 578 340 481 340 text 0
486 341 582 341 582 353 486 353 text 0
486 356 582 356 582 366 486 366 text 0
485 369 586 369 586 380 485 380 text 0
487 383 589 383 589 393 487 393 text 0
86 416 186 416 186 430 86 430 text 0
84 434 176 434 176 445 84 445 text 0
193 431 268 431 268 444 193 444 text 0
284 432 306 432 306 441 284 441 text 0
325 434 334 434 334 439 325 439 text 0
476 411 595 411 595 424 476 424 text 0
494 426 598 426 598 438 494 438 text 0
192 463 257 463 257 484 192 484 text 0
480 450 606 450 606 471 480 471 text 0