117 113 225 113 225 173 117 173 text 0
54 386 69 386 69 400 54 400 text 0
81 386 118 386 118 397 81 397 text 0
156 385 232 385 232 397 156 397 text 0
247 384 293 384 293 396 247 396 text 0
81 402 118 402 118 413 81 413 text 0
131 400 156 400 156 413 131 413 text 0
168 400 180 400 180 412 168 412 text 0
79 417 105 417 105 429 79 429 text 0
118 416 205 416 205 428 118 428 text 0
458 385 567 385 567 399 458 399 text 0
38 447 149 447 149 461 38 461 text 0
38 463 99 463 99 476 38 476 text 0
116 462 152 462 152 474 116 474 text 0
167 458 275 458 275 474 167 474 text 0
430 444 568 444 568 460 430 460 text 0
442 460 567 460 567 475 442 475 text 0
429 490 569 490 569 505 429 505 text 0
37 494 110 494 110 509 37 509 text 0
34 525 137 525 137 539 34 539 text 0
148 521 200 521 200 534 148 534 text 0
211 519 273 519 273 533 211 533 text 0
32 540 135 540 135 556 32 556 text 0
149 535 235 535 235 551 149 551 text 0
427 520 570 520 570 536 427 536 text 0
440 536 569 536 569 551 440 551 text 0