41 242 165 242 165 263 41 263 text 0
188 241 259 241 259 259 188 259 text 0
279 239 402 239 402 260 279 260 text 0
425 240 527 240 527 259 425 259 text 0
553 239 564 239 564 256 553 256 text 0
585 238 619 238 619 255 585 255 text 0
43 269 107 269 107 287 43 287 text 0
43 294 69 294 69 311 43 311 text 0
283 292 370 292 370 310 283 310 text 0
540 288 624 288 624 306 540 306 text 0
35 319 113 319 113 339 35 339 text 0
132 318 181 318 181 335 132 335 text 0
207 317 274 317 274 336 207 336 text 0
337 314 477 314 477 337 337 337 text 0
506 315 556 315 556 334 506 334 text 0
576 314 627 314 627 331 576 331 text 0
35 373 69 373 69 390 35 390 text 0
267 371 372 371 372 389 267 389 text 0
526 367 634 367 634 385 526 385 text 0
532 421 637 421 637 440 532 440 text 0
32 425 184 425 184 448 32 448 text 0
29 454 126 454 126 478 29 478 text 0
32 482 122 482 122 503 32 503 text 0
538 476 637 476 637 496 538 496 text 0
29 568 225 568 225 593 29 593 text 0
546 563 638 563 638 584 546 584 text 0
41 344 52 344 52 368 41 368 text 0