29 196 54 196 54 206 29 206 text 0
22 210 103 210 103 223 22 223 text 0
121 213 183 213 183 223 121 223 text 0
20 225 87 225 87 236 20 236 text 0
110 225 168 225 168 237 110 237 text 0
20 237 114 237 114 251 20 251 text 0
25 253 49 253 49 262 25 262 text 0
18 267 83 267 83 278 18 278 text 0
132 268 199 268 199 277 132 277 text 0
18 281 80 281 80 290 18 290 text 0
105 281 166 281 166 293 105 293 text 0
16 296 112 296 112 306 16 306 text 0
16 310 47 310 47 319 16 319 text 0
11 324 114 324 114 336 11 336 text 0
9 339 74 339 74 348 9 348 text 0
99 339 161 339 161 348 99 348 text 0
7 353 112 353 112 364 7 364 text 0
9 368 36 368 36 377 9 377 text 0
2 383 72 383 72 392 2 392 text 0
96 383 199 383 199 395 96 395 text 0
289 201 345 201 345 210 289 210 text 0
461 214 537 214 537 223 461 223 text 0
412 228 533 228 533 237 412 237 text 0
446 242 542 242 542 251 446 251 text 0
285 256 343 256 343 265 285 265 text 0
461 270 537 270 537 281 461 281 text 0
412 284 542 284 542 293 412 293 text 0
448 296 542 296 542 309 448 309 text 0
284 312 349 312 349 324 284 324 text 0
450 328 546 328 546 339 450 339 text 0
416 341 537 341 537 352 416 352 text 0
450 355 548 355 548 367 450 367 text 0
9 398 36 398 36 408 9 408 text 0
0 414 119 414 119 424 0 424 text 0
146 414 231 414 231 426 146 426 text 0
5 429 32 429 32 441 5 441 text 0
0 446 47 446 47 457 0 457 text 0
70 446 155 446 155 457 70 457 text 0
284 430 349 430 349 441 284 441 text 0
477 446 555 446 555 459 477 459 text 0
197 463 260 463 260 474 197 474 text 0
289 463 369 463 369 474 289 474 text 0
0 478 135 478 135 491 0 491 text 0
0 494 164 494 164 507 0 507 text 0
0 511 135 511 135 526 0 526 text 0
461 480 564 480 564 494 461 494 text 0
461 497 564 497 564 509 461 509 text 0
461 513 564 513 564 525 461 525 text 0
280 369 302 369 302 381 280 381 text 0
282 400 300 400 300 412 282 412 text 0
540 385 558 385 558 395 540 395 text 0
542 418 562 418 562 427 542 427 text 0