81 233 206 233 206 249 81 249 text 0
108 287 120 287 120 301 108 301 text 0
137 287 178 287 178 302 137 302 text 0
196 289 242 289 242 301 196 301 text 0
256 289 338 289 338 301 256 301 text 0
352 289 397 289 397 301 352 301 text 0
474 287 542 287 542 301 474 301 text 0
109 306 119 306 119 318 109 318 text 0
138 306 181 306 181 318 138 318 text 0
195 306 253 306 253 318 195 318 text 0
268 306 350 306 350 318 268 318 text 0
364 306 421 306 421 318 364 318 text 0
110 324 120 324 120 336 110 336 text 0
137 324 218 324 218 336 137 336 text 0
232 324 313 324 313 336 232 336 text 0
471 304 543 304 543 318 471 318 text 0
470 321 543 321 543 336 470 336 text 0
138 359 252 359 252 383 138 383 text 0
399 356 542 356 542 385 399 385 text 0
456 383 544 383 544 398 456 398 text 0
139 387 182 387 182 399 139 399 text 0
137 404 277 404 277 429 137 429 text 0
399 403 543 403 543 430 399 430 text 0
86 486 128 486 128 499 86 499 text 0
139 488 146 488 146 497 139 497 text 0