23 246 38 246 38 256 23 256 text 0
73 247 154 247 154 256 73 256 text 0
174 247 204 247 204 256 174 256 text 0
242 247 351 247 351 259 242 259 text 0
371 247 483 247 483 259 371 259 text 0
21 262 37 262 37 272 21 272 text 0
87 262 252 262 252 272 87 272 text 0
72 279 120 279 120 288 72 288 text 0
138 279 169 279 169 288 138 288 text 0
190 279 237 279 237 288 190 288 text 0
257 278 319 278 319 287 257 287 text 0
368 279 480 279 480 291 368 291 text 0
88 294 252 294 252 303 88 303 text 0
22 310 33 310 33 321 22 321 text 0
70 310 135 310 135 319 70 319 text 0
158 310 187 310 187 318 158 318 text 0
206 310 319 310 319 318 206 318 text 0
373 309 481 309 481 321 373 321 text 0
87 323 252 323 252 335 87 335 text 0
19 341 33 341 33 350 19 350 text 0
71 340 150 340 150 350 71 350 text 0
171 341 185 341 185 350 171 350 text 0
243 340 352 340 352 352 243 352 text 0
370 340 481 340 481 352 370 352 text 0
87 356 252 356 252 365 87 365 text 0
373 369 481 369 481 384 373 384 text 0
75 370 164 370 164 383 75 383 text 0
188 372 285 372 285 381 188 381 text 0
305 372 319 372 319 381 305 381 text 0
86 389 151 389 151 398 86 398 text 0
171 388 251 388 251 400 171 400 text 0
19 404 30 404 30 415 19 415 text 0
68 403 150 403 150 414 68 414 text 0
170 403 269 403 269 413 170 413 text 0
286 403 316 403 316 413 286 413 text 0
84 419 249 419 249 430 84 430 text 0
22 373 33 373 33 382 22 382 text 0
372 403 482 403 482 416 372 416 text 0
387 434 485 434 485 447 387 447 text 0
19 437 30 437 30 445 19 445 text 0
70 436 132 436 132 446 70 446 text 0
153 436 200 436 200 446 153 446 text 0
239 435 335 435 335 449 239 449 text 0
17 452 29 452 29 461 17 461 text 0
67 452 129 452 129 461 67 461 text 0
152 452 232 452 232 461 152 461 text 0
273 452 367 452 367 464 273 464 text 0
388 452 487 452 487 464 388 464 text 0
340 483 487 483 487 499 340 499 text 0
388 499 487 499 487 512 388 512 text 0
388 516 486 516 486 528 388 528 text 0
338 532 485 532 485 545 338 545 text 0
386 548 486 548 486 560 386 560 text 0
371 563 487 563 487 577 371 577 text 0
66 484 132 484 132 496 66 496 text 0
65 499 215 499 215 510 65 510 text 0
64 516 163 516 163 525 64 525 text 0
65 531 197 531 197 541 65 541 text 0
64 548 182 548 182 558 64 558 text 0
201 548 300 548 300 557 201 557 text 0
63 564 110 564 110 573 63 573 text 0
134 564 179 564 179 573 134 573 text 0
66 580 128 580 128 598 66 598 text 0
171 579 466 579 466 604 171 604 text 0
21 278 34 278 34 290 21 290 text 0
16 356 35 356 35 367 16 367 text 0