17 284 161 284 161 305 17 305 text 0
179 291 217 291 217 306 179 306 text 0
159 314 245 314 245 331 159 331 text 0
7 334 184 334 184 356 7 356 text 0
201 340 241 340 241 360 201 360 text 0
259 340 329 340 329 358 259 358 text 0
225 365 239 365 239 382 225 382 text 0
298 366 325 366 325 382 298 382 text 0
301 317 325 317 325 331 301 331 text 0
475 321 561 321 561 338 475 338 text 0
0 413 67 413 67 434 0 434 text 0
84 415 152 415 152 433 84 433 text 0
310 419 323 419 323 435 310 435 text 0
0 469 71 469 71 489 0 489 text 0
0 496 41 496 41 515 0 515 text 0
0 524 109 524 109 546 0 546 text 0
440 479 538 479 538 498 440 498 text 0
507 537 597 537 597 555 507 555 text 0
549 371 564 371 564 391 549 391 text 0