23 284 127 284 127 295 23 295 text 0
26 302 55 302 55 315 26 315 text 0
112 302 232 302 232 315 112 315 text 0
482 302 582 302 582 312 482 312 text 0
22 329 94 329 94 340 22 340 text 0
109 328 181 328 181 339 109 339 text 0
22 347 53 347 53 358 22 358 text 0
112 346 232 346 232 359 112 359 text 0
479 345 584 345 584 357 479 357 text 0
432 383 464 383 464 396 432 396 text 0
484 382 589 382 589 395 484 395 text 0
448 402 482 402 482 415 448 415 text 0
504 400 589 400 589 414 504 414 text 0
20 383 156 383 156 395 20 395 text 0
20 403 67 403 67 414 20 414 text 0
98 402 208 402 208 416 98 416 text 0
435 439 470 439 470 455 435 455 text 0
486 438 598 438 598 452 486 452 text 0
433 460 466 460 466 474 433 474 text 0
490 458 595 458 595 471 490 471 text 0
20 440 101 440 101 454 20 454 text 0
16 460 105 460 105 473 16 473 text 0