78 259 186 259 186 273 78 273 text 0
195 259 228 259 228 273 195 273 text 0
235 257 289 257 289 271 235 271 text 0
79 283 89 283 89 299 79 299 text 0
168 283 233 283 233 297 168 297 text 0
500 278 567 278 567 295 500 295 text 0
51 320 98 320 98 334 51 334 text 0
109 320 179 320 179 334 109 334 text 0
501 314 570 314 570 328 501 328 text 0
47 373 133 373 133 386 47 386 text 0
138 371 211 371 211 385 138 385 text 0
504 368 575 368 575 381 504 381 text 0
44 409 108 409 108 425 44 425 text 0
118 411 155 411 155 424 118 424 text 0
504 407 579 407 579 421 504 421 text 0
42 451 145 451 145 466 42 466 text 0
151 451 199 451 199 464 151 464 text 0
508 447 582 447 582 461 508 461 text 0