30 243 546 243 546 269 30 269 text 0
29 273 46 273 46 285 29 285 text 0
70 273 152 273 152 288 70 288 text 0
180 277 238 277 238 294 180 294 text 0
250 279 283 279 283 291 250 291 text 0
30 289 39 289 39 300 30 300 text 0
70 289 151 289 151 303 70 303 text 0
178 292 303 292 303 311 178 311 text 0
25 304 43 304 43 320 25 320 text 0
68 305 152 305 152 319 68 319 text 0
171 304 236 304 236 324 171 324 text 0
27 320 35 320 35 331 27 331 text 0
66 321 210 321 210 334 66 334 text 0
237 324 275 324 275 335 237 335 text 0
416 284 541 284 541 299 416 299 text 0
434 300 537 300 537 315 434 315 text 0
410 315 534 315 534 330 410 330 text 0
411 329 531 329 531 344 411 344 text 0
24 333 37 333 37 347 24 347 text 0
64 334 186 334 186 349 64 349 text 0
212 338 315 338 315 352 212 352 text 0
337 341 422 341 422 356 337 356 text 0
445 345 484 345 484 358 445 358 text 0
406 358 523 358 523 373 406 373 text 0
403 373 520 373 520 387 403 387 text 0
19 379 34 379 34 392 19 392 text 0
63 380 144 380 144 392 63 392 text 0
165 380 261 380 261 392 165 392 text 0
290 383 373 383 373 397 290 397 text 0
392 388 515 388 515 401 392 401 text 0
398 402 513 402 513 415 398 415 text 0
411 416 510 416 510 429 411 429 text 0
407 429 508 429 508 444 407 444 text 0
403 444 505 444 505 460 403 460 text 0
23 365 30 365 30 376 23 376 text 0
58 364 205 364 205 378 58 378 text 0
229 367 310 367 310 381 229 381 text 0
20 395 28 395 28 406 20 406 text 0
61 395 157 395 157 407 61 407 text 0
182 393 280 393 280 409 182 409 text 0
18 410 26 410 26 421 18 421 text 0
60 409 116 409 116 421 60 421 text 0
139 408 178 408 178 420 139 420 text 0
16 424 25 424 25 436 16 436 text 0
57 424 114 424 114 435 57 435 text 0
137 422 237 422 237 435 137 435 text 0
15 440 23 440 23 451 15 451 text 0
54 439 92 439 92 450 54 450 text 0
114 436 193 436 193 448 114 448 text 0
8 464 163 464 163 480 8 480 text 0
4 479 105 479 105 494 4 494 text 0
128 478 204 478 204 493 128 493 text 0
236 481 290 481 290 495 236 495 text 0
6 498 42 498 42 520 6 520 text 0
69 493 157 493 157 518 69 518 text 0
361 470 500 470 500 488 361 488 text 0
376 485 496 485 496 502 376 502 text 0
352 498 493 498 493 527 352 527 text 0
352 526 489 526 489 543 352 543 text 0
1 537 57 537 57 550 1 550 text 0
83 533 220 533 220 549 83 549 text 0
362 541 486 541 486 558 362 558 text 0
0 565 76 565 76 589 0 589 text 0
338 568 479 568 479 597 338 597 text 0
83 519 221 519 221 534 83 534 text 0
1 523 61 523 61 536 1 536 text 0