58 317 66 317 66 331 58 331 text 0
93 319 169 319 169 335 93 335 text 0
179 320 290 320 290 337 179 337 text 0
452 316 544 316 544 334 452 334 text 0
54 343 68 343 68 359 54 359 text 0
88 344 189 344 189 360 88 360 text 0
53 367 65 367 65 384 53 384 text 0
88 368 148 368 148 382 88 382 text 0
159 369 206 369 206 383 159 383 text 0
217 369 285 369 285 384 217 384 text 0
299 365 325 365 325 386 299 386 text 0
327 365 349 365 349 386 327 386 text 0
48 390 63 390 63 407 48 407 text 0
87 392 141 392 141 406 87 406 text 0
459 341 548 341 548 359 459 359 text 0
458 364 551 364 551 381 458 381 text 0
464 387 557 387 557 405 464 405 text 0
203 422 252 422 252 437 203 437 text 0
263 422 334 422 334 439 263 439 text 0
449 419 560 419 560 438 449 438 text 0
202 451 275 451 275 469 202 469 text 0
292 452 363 452 363 467 292 467 text 0
485 448 565 448 565 467 485 467 text 0
473 475 570 475 570 494 473 494 text 0
458 501 571 501 571 521 458 521 text 0
202 479 252 479 252 495 202 495 text 0
277 479 363 479 363 495 277 495 text 0
203 503 285 503 285 521 203 521 text 0
297 502 368 502 368 520 297 520 text 0
7 535 56 535 56 549 7 549 text 0
201 533 311 533 311 550 201 550 text 0
325 533 394 533 394 550 325 550 text 0
460 530 574 530 574 551 460 551 text 0