46 340 59 340 59 355 46 355 text 0
83 335 202 335 202 355 83 355 text 0
72 357 106 357 106 370 72 370 text 0
334 324 401 324 401 342 334 342 text 0
451 316 525 316 525 334 451 334 text 0
277 379 321 379 321 393 277 393 text 0
219 395 328 395 328 412 219 412 text 0
257 412 329 412 329 429 257 429 text 0
271 430 332 430 332 446 271 446 text 0
475 368 540 368 540 386 475 386 text 0
468 384 539 384 539 401 468 401 text 0
469 402 545 402 545 420 469 420 text 0
462 419 548 419 548 438 462 438 text 0
251 467 335 467 335 485 251 485 text 0
480 457 555 457 555 475 480 475 text 0
200 598 234 598 234 615 200 615 text 0
251 595 286 595 286 613 251 613 text 0
303 590 409 590 409 610 303 610 text 0