55 309 94 309 94 332 55 332 text 0
115 308 255 308 255 335 115 335 text 0
214 334 294 334 294 359 214 359 text 0
50 365 120 365 120 386 50 386 text 0
148 365 201 365 201 386 148 386 text 0
61 394 115 394 115 417 61 417 text 0
139 395 193 395 193 417 139 417 text 0
51 421 144 421 144 448 51 448 text 0
53 454 131 454 131 477 53 477 text 0
444 309 548 309 548 333 444 333 text 0
456 365 547 365 547 387 456 387 text 0
502 396 559 396 559 423 502 423 text 0
449 423 550 423 550 452 449 452 text 0
451 455 561 455 561 478 451 478 text 0