37 293 89 293 89 310 37 310 text 0
99 293 118 293 118 310 99 310 text 0
134 294 200 294 200 311 134 311 text 0
216 295 306 295 306 314 216 314 text 0
362 296 373 296 373 317 362 317 text 0
414 297 463 297 463 316 414 316 text 0
532 300 597 300 597 319 532 319 text 0
34 323 88 323 88 341 34 341 text 0
106 322 307 322 307 344 106 344 text 0
362 326 373 326 373 347 362 347 text 0
415 327 465 327 465 345 415 345 text 0
534 330 599 330 599 348 534 348 text 0
30 352 113 352 113 370 30 370 text 0
130 354 169 354 169 370 130 370 text 0
184 353 253 353 253 372 184 372 text 0
267 354 294 354 294 373 267 373 text 0
362 354 373 354 373 376 362 376 text 0
406 357 467 357 467 373 406 373 text 0
526 358 602 358 602 379 526 379 text 0
304 415 372 415 372 435 304 435 text 0
388 417 441 417 441 436 388 436 text 0
525 418 606 418 606 439 525 439 text 0
373 479 441 479 441 500 373 500 text 0
525 481 609 481 609 504 525 504 text 0
528 514 610 514 610 535 528 535 text 0
372 512 440 512 440 532 372 532 text 0
331 546 386 546 386 566 331 566 text 0
402 544 472 544 472 567 402 567 text 0