41 284 86 284 86 298 41 298 text 0
104 284 148 284 148 301 104 301 text 0
165 282 233 282 233 299 165 299 text 0
246 284 303 284 303 301 246 301 text 0
316 282 322 282 322 305 316 305 text 0
338 283 369 283 369 301 338 301 text 0
410 284 416 284 416 299 410 299 text 0
38 305 89 305 89 325 38 325 text 0
102 307 150 307 150 326 102 326 text 0
162 302 210 302 210 328 162 328 text 0
223 304 280 304 280 324 223 324 text 0
293 305 322 305 322 324 293 324 text 0
362 306 368 306 368 323 362 323 text 0
41 329 86 329 86 346 41 346 text 0
103 327 162 327 162 344 103 344 text 0
200 328 210 328 210 344 200 344 text 0
40 353 88 353 88 370 40 370 text 0
102 351 161 351 161 369 102 369 text 0
176 351 245 351 245 368 176 368 text 0
527 282 598 282 598 298 527 298 text 0
528 305 599 305 599 322 528 322 text 0
528 327 598 327 598 344 528 344 text 0
528 351 597 351 597 366 528 366 text 0
293 350 304 350 304 370 293 370 text 0
527 395 598 395 598 411 527 411 text 0
540 419 597 419 597 435 540 435 text 0
39 398 134 398 134 418 39 418 text 0
39 423 62 423 62 440 39 440 text 0
79 422 87 422 87 442 79 442 text 0
116 422 150 422 150 439 116 439 text 0
40 469 99 469 99 488 40 488 text 0
527 465 598 465 598 480 527 480 text 0
528 510 598 510 598 527 528 527 text 0
39 518 101 518 101 536 39 536 text 0
37 539 121 539 121 560 37 560 text 0
587 533 600 533 600 550 587 550 text 0