152 32 379 32 379 65 152 65 text 0
253 70 302 70 302 79 253 79 text 0
495 285 565 285 565 304 495 304 text 0
485 311 568 311 568 331 485 331 text 0
121 288 128 288 128 301 121 301 text 0
144 287 243 287 243 302 144 302 text 0
252 285 291 285 291 301 252 301 text 0
303 287 336 287 336 302 303 302 text 0
121 309 128 309 128 328 121 328 text 0
142 312 244 312 244 326 142 326 text 0
256 312 310 312 310 329 256 329 text 0
318 311 332 311 332 326 318 326 text 0
270 359 362 359 362 377 270 377 text 0
484 361 562 361 562 379 484 379 text 0
498 384 566 384 566 406 498 406 text 0
465 415 562 415 562 434 465 434 text 0
465 440 564 440 564 459 465 459 text 0
471 464 565 464 565 484 471 484 text 0
319 385 360 385 360 401 319 401 text 0
288 413 361 413 361 432 288 432 text 0
281 438 360 438 360 457 281 457 text 0
163 464 228 464 228 481 163 481 text 0
240 463 361 463 361 482 240 482 text 0