54 287 118 287 118 298 54 298 text 0
138 288 200 288 200 297 138 297 text 0
54 305 69 305 69 315 54 315 text 0
157 304 248 304 248 315 157 315 text 0
478 303 573 303 573 314 478 314 text 0
54 329 188 329 188 343 54 343 text 0
204 327 298 327 298 340 204 340 text 0
159 346 250 346 250 358 159 358 text 0
57 346 70 346 70 357 57 357 text 0
479 344 575 344 575 355 479 355 text 0
433 381 463 381 463 394 433 394 text 0
482 379 579 379 579 392 482 392 text 0
449 399 479 399 479 412 449 412 text 0
499 398 579 398 579 410 499 410 text 0
56 382 180 382 180 394 56 394 text 0
56 401 100 401 100 411 56 411 text 0
127 399 229 399 229 412 127 412 text 0
56 436 133 436 133 448 56 448 text 0
437 434 469 434 469 447 437 447 text 0
485 432 584 432 584 446 485 446 text 0
422 470 453 470 453 483 422 483 text 0
475 470 584 470 584 482 475 482 text 0
438 488 469 488 469 502 438 502 text 0
487 487 586 487 586 501 487 501 text 0
55 473 119 473 119 484 55 484 text 0
55 491 154 491 154 504 55 504 text 0