72 318 130 318 130 332 72 332 text 0
141 318 315 318 315 336 141 336 text 0
76 340 185 340 185 358 76 358 text 0
66 363 154 363 154 378 66 378 text 0
73 385 181 385 181 401 73 401 text 0
65 407 295 407 295 429 65 429 text 0
70 431 180 431 180 448 70 448 text 0
58 454 133 454 133 471 58 471 text 0
64 479 192 479 192 497 64 497 text 0
56 502 186 502 186 520 56 520 text 0
194 501 421 501 421 522 194 522 text 0
63 526 176 526 176 545 63 545 text 0
513 339 583 339 583 355 513 355 text 0
515 387 584 387 584 402 515 402 text 0
516 433 586 433 586 449 516 449 text 0
504 482 588 482 588 499 504 499 text 0
521 531 591 531 591 547 521 547 text 0
346 578 413 578 413 597 346 597 text 0
453 580 496 580 496 604 453 604 text 0
503 581 596 581 596 600 503 600 text 0