38 347 92 347 92 361 38 361 text 0
111 346 163 346 163 360 111 360 text 0
179 345 221 345 221 359 179 359 text 0
233 344 274 344 274 361 233 361 text 0
137 367 146 367 146 380 137 380 text 0
291 366 367 366 367 381 291 381 text 0
479 363 559 363 559 380 479 380 text 0
36 410 120 410 120 425 36 425 text 0
137 410 191 410 191 424 137 424 text 0
377 406 402 406 402 423 377 423 text 0
38 432 79 432 79 446 38 446 text 0
94 431 162 431 162 445 94 445 text 0
34 454 105 454 105 472 34 472 text 0
119 452 190 452 190 467 119 467 text 0
37 476 106 476 106 490 37 490 text 0
124 475 191 475 191 489 124 489 text 0
482 426 561 426 561 443 482 443 text 0
495 448 559 448 559 465 495 465 text 0
479 468 563 468 563 486 479 486 text 0