93 246 185 246 185 260 93 260 text 0
201 247 248 247 248 262 201 262 text 0
259 248 307 248 307 262 259 262 text 0
319 266 384 266 384 280 319 280 text 0
95 282 175 282 175 297 95 297 text 0
191 283 268 283 268 295 191 295 text 0
283 284 348 284 348 297 283 297 text 0
318 301 382 301 382 314 318 314 text 0
446 267 511 267 511 282 446 282 text 0
442 301 507 301 507 314 442 314 text 0
180 335 289 335 289 360 180 360 text 0
175 362 223 362 223 376 175 376 text 0
371 334 510 334 510 364 371 364 text 0
440 363 509 363 509 378 440 378 text 0
98 346 108 346 108 360 98 360 text 0
177 382 311 382 311 406 177 406 text 0
188 264 200 264 200 278 188 278 text 0
192 299 202 299 202 312 192 312 text 0
485 382 508 382 508 407 485 407 text 0