437 268 524 268 524 288 437 288 text 0
41 272 111 272 111 292 41 292 text 0
122 272 217 272 217 288 122 288 text 0
40 296 103 296 103 314 40 314 text 0
110 296 185 296 185 311 110 311 text 0
195 296 210 296 210 310 195 310 text 0
40 319 111 319 111 340 40 340 text 0
119 317 217 317 217 336 119 336 text 0
40 343 92 343 92 362 40 362 text 0
94 341 171 341 171 360 94 360 text 0
181 343 196 343 196 357 181 357 text 0
38 367 111 367 111 388 38 388 text 0
119 365 203 365 203 384 119 384 text 0
39 391 97 391 97 407 39 407 text 0
312 272 323 272 323 287 312 287 text 0
314 318 324 318 324 335 314 335 text 0
424 315 528 315 528 334 424 334 text 0
314 365 323 365 323 383 314 383 text 0
439 365 526 365 526 384 439 384 text 0
37 428 88 428 88 444 37 444 text 0
97 426 154 426 154 443 97 443 text 0
427 425 532 425 532 443 427 443 text 0
37 454 127 454 127 470 37 470 text 0
515 454 530 454 530 471 515 471 text 0
441 479 532 479 532 499 441 499 text 0
35 479 80 479 80 496 35 496 text 0
35 501 144 501 144 520 35 520 text 0
33 541 147 541 147 562 33 562 text 0
407 544 535 544 535 573 407 573 text 0
516 504 533 504 533 523 516 523 text 0