81 255 92 255 92 271 81 271 text 0
110 257 152 257 152 271 110 271 text 0
167 255 270 255 270 269 167 269 text 0
82 273 93 273 93 289 82 289 text 0
109 274 210 274 210 289 109 289 text 0
226 272 296 272 296 290 226 290 text 0
314 270 384 270 384 287 314 287 text 0
79 291 90 291 90 305 79 305 text 0
108 290 167 290 167 305 108 305 text 0
180 290 237 290 237 306 180 306 text 0
256 288 295 288 295 302 256 302 text 0
78 307 91 307 91 323 78 323 text 0
109 307 155 307 155 322 109 322 text 0
169 307 210 307 210 321 169 321 text 0
546 247 638 247 638 265 546 265 text 0
550 266 639 266 639 282 550 282 text 0
550 281 639 281 639 300 550 300 text 0
555 299 638 299 638 318 555 318 text 0
106 341 223 341 223 356 106 356 text 0
105 359 206 359 206 374 105 374 text 0
106 378 146 378 146 392 106 392 text 0
543 335 638 335 638 354 543 354 text 0
557 353 636 353 636 372 557 372 text 0
563 372 638 372 638 390 563 390 text 0
103 413 250 413 250 429 103 429 text 0
437 408 628 408 628 430 437 430 text 0