10 351 20 351 20 368 10 368 text 0
56 349 163 349 163 366 56 366 text 0
178 350 270 350 270 365 178 365 text 0
507 345 600 345 600 365 507 365 text 0
494 396 587 396 587 417 494 417 text 0
509 420 569 420 569 437 509 437 text 0
240 397 370 397 370 415 240 415 text 0
485 467 596 467 596 507 485 507 text 0
524 511 615 511 615 533 524 533 text 0
507 538 600 538 600 558 507 558 text 0
232 473 338 473 338 506 232 506 text 0
323 515 395 515 395 533 323 533 text 0
279 543 383 543 383 563 279 563 text 0
313 422 371 422 371 438 313 438 text 0