110 215 270 215 270 232 110 232 text 0
58 249 69 249 69 265 58 265 text 0
83 249 164 249 164 266 83 266 text 0
177 249 246 249 246 266 177 266 text 0
56 268 71 268 71 285 56 285 text 0
84 268 165 268 165 285 84 285 text 0
179 268 258 268 258 286 179 286 text 0
58 285 69 285 69 302 58 302 text 0
84 285 138 285 138 301 84 301 text 0
487 250 561 250 561 267 487 267 text 0
485 267 562 267 562 285 485 285 text 0
498 284 558 284 558 301 498 301 text 0
82 319 190 319 190 335 82 335 text 0
81 336 120 336 120 354 81 354 text 0
485 319 563 319 563 337 485 337 text 0
497 336 565 336 565 354 497 354 text 0
82 371 215 371 215 390 82 390 text 0
79 388 132 388 132 407 79 407 text 0
79 407 157 407 157 426 79 426 text 0
407 373 565 373 565 392 407 392 text 0
473 390 566 390 566 407 473 407 text 0
485 408 568 408 568 426 485 426 text 0