17 416 32 416 32 435 17 435 text 0
44 416 351 416 351 441 44 441 text 0
20 440 34 440 34 457 20 457 text 0
49 440 122 440 122 462 49 462 text 0
135 441 211 441 211 462 135 462 text 0
28 462 41 462 41 479 28 479 text 0
53 461 111 461 111 480 53 480 text 0
123 464 169 464 169 482 123 482 text 0
515 421 619 421 619 446 515 446 text 0
517 446 618 446 618 470 517 470 text 0
518 468 620 468 620 492 518 492 text 0
63 503 176 503 176 526 63 526 text 0
64 523 164 523 164 545 64 545 text 0
69 545 109 545 109 563 69 563 text 0
504 511 619 511 619 534 504 534 text 0
536 534 617 534 617 556 536 556 text 0
522 551 620 551 620 576 522 576 text 0
75 586 215 586 215 610 75 610 text 0
78 607 150 607 150 625 78 625 text 0
164 608 222 608 222 627 164 627 text 0
249 613 263 613 263 628 249 628 text 0
401 594 615 594 615 619 401 619 text 0
428 617 507 617 507 633 428 633 text 0
524 615 568 615 568 634 524 634 text 0
602 613 616 613 616 628 602 628 text 0