257 71 315 71 315 86 257 86 text 0
74 353 86 353 86 372 74 372 text 0
106 353 156 353 156 370 106 370 text 0
177 351 223 351 223 367 177 367 text 0
244 349 300 349 300 366 244 366 text 0
320 349 421 349 421 366 320 366 text 0
144 374 158 374 158 394 144 394 text 0
179 374 226 374 226 392 179 392 text 0
523 350 624 350 624 367 523 367 text 0
537 373 627 373 627 391 537 391 text 0
68 419 209 419 209 446 68 446 text 0
74 448 158 448 158 468 74 468 text 0
68 472 145 472 145 497 68 497 text 0
70 500 181 500 181 522 70 522 text 0
198 493 247 493 247 513 198 513 text 0
516 421 632 421 632 439 516 439 text 0
519 445 634 445 634 465 519 465 text 0
520 469 636 469 636 491 520 491 text 0
524 495 635 495 635 515 524 515 text 0