14 225 29 225 29 236 14 236 text 0
68 224 130 224 130 234 68 234 text 0
149 224 251 224 251 233 149 233 text 0
271 224 319 224 319 233 271 233 text 0
80 239 130 239 130 248 80 248 text 0
153 239 217 239 217 248 153 248 text 0
14 255 29 255 29 265 14 265 text 0
65 255 133 255 133 265 65 265 text 0
154 254 185 254 185 263 154 263 text 0
205 253 305 253 305 263 205 263 text 0
83 269 254 269 254 279 83 279 text 0
376 222 492 222 492 234 376 234 text 0
366 251 488 251 488 264 366 264 text 0
16 286 30 286 30 296 16 296 text 0
67 284 132 284 132 294 67 294 text 0
146 284 186 284 186 294 146 294 text 0
206 283 308 283 308 294 206 294 text 0
380 281 492 281 492 293 380 293 text 0
86 299 257 299 257 309 86 309 text 0
71 314 153 314 153 324 71 324 text 0
174 313 210 313 210 325 174 325 text 0
225 313 255 313 255 323 225 323 text 0
277 313 326 313 326 322 277 322 text 0
381 310 495 310 495 324 381 324 text 0
87 329 258 329 258 340 87 340 text 0
18 347 29 347 29 356 18 356 text 0
68 344 152 344 152 355 68 355 text 0
174 343 227 343 227 355 174 355 text 0
244 342 328 342 328 354 244 354 text 0
397 340 499 340 499 353 397 353 text 0
86 359 261 359 261 369 86 369 text 0
69 374 175 374 175 385 69 385 text 0
191 373 243 373 243 384 191 384 text 0
263 372 327 372 327 382 263 382 text 0
388 369 502 369 502 383 388 383 text 0
18 377 29 377 29 386 18 386 text 0
88 389 262 389 262 401 88 401 text 0
16 408 34 408 34 418 16 418 text 0
69 406 141 406 141 416 69 416 text 0
156 402 244 402 244 414 156 414 text 0
284 402 383 402 383 414 284 414 text 0
403 401 503 401 503 413 403 413 text 0
69 419 121 419 121 432 69 432 text 0
143 420 192 420 192 430 143 430 text 0
232 420 328 420 328 432 232 432 text 0
403 416 507 416 507 430 403 430 text 0
404 432 510 432 510 445 404 445 text 0
407 447 511 447 511 462 407 462 text 0
411 463 511 463 511 477 411 477 text 0
18 438 29 438 29 448 18 448 text 0
69 437 137 437 137 447 69 447 text 0
16 454 31 454 31 463 16 463 text 0
72 452 140 452 140 463 72 463 text 0
160 451 210 451 210 461 160 461 text 0
250 450 349 450 349 463 250 463 text 0
73 469 141 469 141 479 73 479 text 0
160 467 210 467 210 478 160 478 text 0
392 496 514 496 514 509 392 509 text 0
411 512 515 512 515 526 411 526 text 0
413 528 520 528 520 541 413 541 text 0
396 544 518 544 518 559 396 559 text 0
415 561 521 561 521 574 415 574 text 0
415 576 521 576 521 590 415 590 text 0
71 501 140 501 140 511 71 511 text 0
71 515 229 515 229 528 71 528 text 0
72 533 176 533 176 543 72 543 text 0
72 549 218 549 218 560 72 560 text 0
73 566 197 566 197 577 73 577 text 0
216 563 323 563 323 574 216 574 text 0
73 582 125 582 125 592 73 592 text 0
148 581 198 581 198 591 148 591 text 0
75 597 141 597 141 615 75 615 text 0
190 592 504 592 504 619 190 619 text 0
16 422 34 422 34 433 16 433 text 0
18 315 29 315 29 326 18 326 text 0
19 470 31 470 31 481 19 481 text 0