49 273 63 273 63 288 49 288 text 0
82 274 144 274 144 287 82 287 text 0
166 274 231 274 231 288 166 288 text 0
66 294 179 294 179 308 66 308 text 0
50 314 61 314 61 328 50 328 text 0
81 315 144 315 144 328 81 328 text 0
165 315 230 315 230 328 165 328 text 0
484 275 576 275 576 288 484 288 text 0
483 315 577 315 577 329 483 329 text 0
67 334 178 334 178 346 67 346 text 0
48 352 59 352 59 366 48 366 text 0
82 353 143 353 143 365 82 365 text 0
163 352 263 352 263 366 163 366 text 0
64 371 190 371 190 384 64 384 text 0
47 392 58 392 58 405 47 405 text 0
78 392 176 392 176 405 78 405 text 0
196 392 326 392 326 405 196 405 text 0
479 353 576 353 576 365 479 365 text 0
495 392 575 392 575 405 495 405 text 0
41 432 172 432 172 446 41 446 text 0
478 432 576 432 576 445 478 445 text 0
41 453 117 453 117 467 41 467 text 0
478 453 576 453 576 465 478 465 text 0
37 492 103 492 103 505 37 505 text 0
483 491 576 491 576 504 483 504 text 0
36 513 190 513 190 527 36 527 text 0
495 512 575 512 575 525 495 525 text 0