86 328 99 328 99 345 86 345 text 0
119 325 310 325 310 343 119 343 text 0
489 320 581 320 581 339 489 339 text 0
478 345 584 345 584 366 478 366 text 0
86 353 96 353 96 367 86 367 text 0
120 351 239 351 239 367 120 367 text 0
119 399 260 399 260 416 119 416 text 0
477 395 585 395 585 415 477 415 text 0
477 419 588 419 588 440 477 440 text 0
482 445 587 445 587 463 482 463 text 0
118 425 168 425 168 441 118 441 text 0
115 450 188 450 188 466 115 466 text 0
119 475 227 475 227 507 119 507 text 0
483 470 590 470 590 507 483 507 text 0
12 570 104 570 104 586 12 586 text 0
121 570 173 570 173 585 121 585 text 0
248 568 269 568 269 585 248 585 text 0
289 567 357 567 357 582 289 582 text 0
412 566 433 566 433 582 412 582 text 0
450 565 506 565 506 581 450 581 text 0