34 258 44 258 44 274 34 274 text 0
462 251 519 251 519 266 462 266 text 0
453 270 522 270 522 286 453 286 text 0
453 290 525 290 525 306 453 306 text 0
467 308 527 308 527 325 467 325 text 0
114 257 160 257 160 271 114 271 text 0
114 276 160 276 160 291 114 291 text 0
174 275 240 275 240 290 174 290 text 0
254 274 308 274 308 289 254 289 text 0
34 278 40 278 40 292 34 292 text 0
79 296 148 296 148 311 79 311 text 0
77 316 108 316 108 331 77 331 text 0
128 316 158 316 158 330 128 330 text 0
75 356 190 356 190 387 75 387 text 0
71 391 142 391 142 422 71 422 text 0
162 389 288 389 288 421 162 421 text 0
386 385 535 385 535 420 386 420 text 0
386 351 534 351 534 385 386 385 text 0