0 336 53 336 53 351 0 351 text 0
69 335 84 335 84 346 69 346 text 0
0 355 49 355 49 365 0 365 text 0
70 355 79 355 79 364 70 364 text 0
0 371 49 371 49 382 0 382 text 0
69 371 126 371 126 381 69 381 text 0
144 371 217 371 217 381 144 381 text 0
239 371 281 371 281 381 239 381 text 0
535 338 606 338 606 348 535 348 text 0
518 352 611 352 611 367 518 367 text 0
527 368 616 368 616 383 527 383 text 0
0 403 90 403 90 420 0 420 text 0
26 424 101 424 101 437 26 437 text 0
531 404 624 404 624 419 531 419 text 0
552 423 631 423 631 438 552 438 text 0
0 463 35 463 35 478 0 478 text 0
31 483 66 483 66 495 31 495 text 0
84 483 162 483 162 496 84 496 text 0
546 479 637 479 637 497 546 497 text 0
551 520 636 520 636 537 551 537 text 0
0 567 35 567 35 584 0 584 text 0
582 561 633 561 633 575 582 575 text 0