66 384 80 384 80 397 66 397 text 0
99 384 203 384 203 397 99 397 text 0
219 384 271 384 271 395 219 395 text 0
67 402 79 402 79 415 67 415 text 0
100 401 199 401 199 414 100 414 text 0
217 400 280 400 280 412 217 412 text 0
449 384 532 384 532 398 449 398 text 0
435 402 531 402 531 414 435 414 text 0
96 433 228 433 228 448 96 448 text 0
430 434 530 434 530 447 430 447 text 0
93 467 207 467 207 483 93 483 text 0
228 466 293 466 293 479 228 479 text 0
90 485 158 485 158 499 90 499 text 0
464 469 528 469 528 482 464 482 text 0
415 485 529 485 529 499 415 499 text 0
85 502 194 502 194 530 85 530 text 0
427 504 527 504 527 529 427 529 text 0
0 570 70 570 70 584 0 584 text 0
88 566 140 566 140 579 88 579 text 0
205 563 223 563 223 574 205 574 text 0
237 560 307 560 307 574 237 574 text 0
591 619 638 619 638 635 591 635 text 0