22 310 94 310 94 323 22 323 text 0
111 310 181 310 181 323 111 323 text 0
25 330 55 330 55 345 25 345 text 0
129 330 232 330 232 344 129 344 text 0
473 330 569 330 569 343 473 343 text 0
19 372 156 372 156 387 19 387 text 0
474 372 570 372 570 384 474 384 text 0
21 394 67 394 67 407 21 407 text 0
95 393 206 393 206 407 95 407 text 0
493 392 573 392 573 407 493 407 text 0
20 436 102 436 102 449 20 449 text 0
476 435 576 435 576 449 476 449 text 0
18 456 103 456 103 470 18 470 text 0
477 457 573 457 573 470 477 470 text 0