49 269 60 269 60 285 49 285 text 0
92 269 163 269 163 288 92 288 text 0
168 272 194 272 194 290 168 290 text 0
204 274 251 274 251 288 204 288 text 0
480 276 541 276 541 291 480 291 text 0
93 294 140 294 140 308 93 308 text 0
153 296 199 296 199 308 153 308 text 0
213 298 256 298 256 311 213 311 text 0
491 300 540 300 540 313 491 313 text 0
93 341 117 341 117 355 93 355 text 0
131 342 150 342 150 356 131 356 text 0
90 365 139 365 139 378 90 378 text 0
151 366 188 366 188 378 151 378 text 0
7 411 36 411 36 425 7 425 text 0
47 412 98 412 98 425 47 425 text 0
481 416 540 416 540 431 481 431 text 0
7 435 45 435 45 448 7 448 text 0
58 436 126 436 126 450 58 450 text 0
481 438 540 438 540 452 481 452 text 0
481 484 538 484 538 499 481 499 text 0
8 481 55 481 55 495 8 495 text 0
69 481 115 481 115 496 69 496 text 0
8 502 55 502 55 516 8 516 text 0
70 505 114 505 114 520 70 520 text 0
11 522 68 522 68 537 11 537 text 0
78 526 117 526 117 541 78 541 text 0
15 541 71 541 71 558 15 558 text 0
488 531 535 531 535 543 488 543 text 0
478 552 534 552 534 564 478 564 text 0
529 345 543 345 543 360 529 360 text 0
529 369 543 369 543 384 529 384 text 0
529 509 537 509 537 522 529 522 text 0