61 241 141 241 141 250 61 250 text 0
163 241 192 241 192 250 163 250 text 0
229 239 342 239 342 252 229 252 text 0
360 239 471 239 471 252 360 252 text 0
12 255 28 255 28 266 12 266 text 0
12 271 28 271 28 282 12 282 text 0
13 240 27 240 27 249 13 249 text 0
80 257 241 257 241 266 80 266 text 0
59 271 109 271 109 282 59 282 text 0
127 271 158 271 158 282 127 282 text 0
179 271 223 271 223 282 179 282 text 0
244 272 307 272 307 281 244 281 text 0
355 270 470 270 470 284 355 284 text 0
80 289 241 289 241 298 80 298 text 0
363 302 471 302 471 316 363 316 text 0
61 304 124 304 124 314 61 314 text 0
147 304 175 304 175 313 147 313 text 0
195 304 307 304 307 314 195 314 text 0
77 318 239 318 239 330 77 330 text 0
12 336 26 336 26 345 12 345 text 0
58 336 138 336 138 345 58 345 text 0
160 335 176 335 176 345 160 345 text 0
228 335 340 335 340 347 228 347 text 0
349 333 470 333 470 346 349 346 text 0
77 351 239 351 239 362 77 362 text 0
58 367 158 367 158 377 58 377 text 0
178 367 274 367 274 378 178 378 text 0
292 367 307 367 307 376 292 376 text 0
76 383 140 383 140 392 76 392 text 0
159 381 241 381 241 392 159 392 text 0
57 399 139 399 139 408 57 408 text 0
158 397 256 397 256 410 158 410 text 0
276 398 304 398 304 409 276 409 text 0
11 351 24 351 24 361 11 361 text 0
361 366 473 366 473 380 361 380 text 0
360 399 474 399 474 412 360 412 text 0
10 399 23 399 23 411 10 411 text 0
74 414 237 414 237 425 74 425 text 0
59 432 121 432 121 441 59 441 text 0
143 433 186 433 186 442 143 442 text 0
228 432 322 432 322 445 228 445 text 0
375 432 473 432 473 445 375 445 text 0
4 449 19 449 19 459 4 459 text 0
56 449 118 449 118 459 56 459 text 0
141 449 221 449 221 459 141 459 text 0
261 448 357 448 357 462 261 462 text 0
375 448 475 448 475 462 375 462 text 0
326 482 480 482 480 496 326 496 text 0
376 500 478 500 478 513 376 513 text 0
377 516 477 516 477 529 377 529 text 0
329 532 479 532 479 547 329 547 text 0
378 549 483 549 483 563 378 563 text 0
361 567 481 567 481 581 361 581 text 0
52 582 115 582 115 602 52 602 text 0
158 583 459 583 459 609 158 609 text 0
55 481 119 481 119 492 55 492 text 0
52 498 201 498 201 509 52 509 text 0
50 514 152 514 152 525 50 525 text 0
54 532 186 532 186 542 54 542 text 0
51 548 167 548 167 559 51 559 text 0
189 549 287 549 287 559 189 559 text 0
52 565 100 565 100 575 52 575 text 0
121 564 167 564 167 576 121 576 text 0
15 304 25 304 25 314 15 314 text 0
11 368 24 368 24 379 11 379 text 0
6 431 22 431 22 443 6 443 text 0