71 360 84 360 84 378 71 378 text 0
100 356 208 356 208 375 100 375 text 0
223 354 289 354 289 371 223 371 text 0
70 385 83 385 83 402 70 402 text 0
97 382 153 382 153 401 97 401 text 0
171 381 209 381 209 396 171 396 text 0
69 409 84 409 84 426 69 426 text 0
101 406 170 406 170 424 101 424 text 0
183 405 223 405 223 420 183 420 text 0
239 401 277 401 277 417 239 417 text 0
451 352 532 352 532 370 451 370 text 0
466 376 531 376 531 394 466 394 text 0
456 399 536 399 536 419 456 419 text 0
240 447 345 447 345 464 240 464 text 0
306 471 345 471 345 487 306 487 text 0
456 447 538 447 538 465 456 465 text 0
471 471 539 471 539 489 471 489 text 0
100 527 234 527 234 561 100 561 text 0
376 516 541 516 541 555 376 555 text 0
408 630 558 630 558 638 408 638 text 0