43 163 133 163 133 185 43 185 text 0
149 165 236 165 236 187 149 187 text 0
43 189 148 189 148 212 43 212 text 0
484 194 564 194 564 219 484 219 text 0
43 216 74 216 74 238 43 238 text 0
90 216 179 216 179 240 90 240 text 0
42 243 69 243 69 264 42 264 text 0
89 244 161 244 161 266 89 266 text 0
178 245 204 245 204 266 178 266 text 0
222 245 304 245 304 266 222 266 text 0
41 270 75 270 75 292 41 292 text 0
90 271 179 271 179 292 90 292 text 0
39 298 71 298 71 320 39 320 text 0
87 298 180 298 180 320 87 320 text 0
190 298 236 298 236 319 190 319 text 0
42 325 131 325 131 347 42 347 text 0
147 324 234 324 234 345 147 345 text 0
38 352 102 352 102 374 38 374 text 0
115 351 233 351 233 374 115 374 text 0
249 350 305 350 305 372 249 372 text 0
37 380 131 380 131 402 37 402 text 0
147 377 233 377 233 399 147 399 text 0
36 406 113 406 113 428 36 428 text 0
129 404 206 404 206 426 129 426 text 0
487 247 567 247 567 267 487 267 text 0
484 298 566 298 566 320 484 320 text 0
38 433 114 433 114 458 38 458 text 0
128 431 218 431 218 455 128 455 text 0
33 460 113 460 113 484 33 484 text 0
127 459 203 459 203 483 127 483 text 0
36 490 129 490 129 513 36 513 text 0
143 485 249 485 249 510 143 510 text 0
501 455 574 455 574 477 501 477 text 0
486 510 573 510 573 532 486 532 text 0
34 545 156 545 156 570 34 570 text 0
506 534 589 534 589 559 506 559 text 0
493 563 576 563 576 587 493 587 text 0
490 617 577 617 577 638 490 638 text 0
65 630 127 630 127 640 65 640 text 0
498 349 568 349 568 373 498 373 text 0
499 401 569 401 569 425 499 425 text 0
33 518 96 518 96 543 33 543 text 0
111 515 206 515 206 540 111 540 text 0
62 572 197 572 197 598 62 598 text 0