10 284 66 284 66 303 10 303 text 0
87 288 125 288 125 305 87 305 text 0
146 287 238 287 238 306 146 306 text 0
259 289 313 289 313 307 259 307 text 0
505 289 616 289 616 309 505 309 text 0
225 313 296 313 296 332 225 332 text 0
309 315 407 315 407 332 309 332 text 0
0 335 309 335 309 359 0 359 text 0
0 362 55 362 55 382 0 382 text 0
84 363 135 363 135 382 84 382 text 0
0 385 94 385 94 413 0 413 text 0
0 416 147 416 147 441 0 441 text 0
507 339 621 339 621 360 507 360 text 0
526 367 624 367 624 387 526 387 text 0
508 393 626 393 626 414 508 414 text 0
510 421 627 421 627 441 510 441 text 0