74 310 84 310 84 324 74 324 text 0
96 310 134 310 134 326 96 326 text 0
148 311 195 311 195 325 148 325 text 0
70 328 86 328 86 344 70 344 text 0
99 329 146 329 146 343 99 343 text 0
85 348 281 348 281 363 85 363 text 0
74 368 84 368 84 382 74 382 text 0
99 368 133 368 133 382 99 382 text 0
148 367 219 367 219 382 148 382 text 0
236 367 271 367 271 382 236 382 text 0
73 387 84 387 84 403 73 403 text 0
98 387 144 387 144 401 98 401 text 0
161 387 220 387 220 401 161 401 text 0
72 407 85 407 85 422 72 422 text 0
98 406 182 406 182 422 98 422 text 0
199 407 284 407 284 421 199 421 text 0
298 407 357 407 357 421 298 421 text 0
372 407 432 407 432 423 372 423 text 0
486 406 571 406 571 422 486 422 text 0
89 427 182 427 182 441 89 441 text 0
99 446 171 446 171 461 99 461 text 0
100 465 185 465 185 481 100 481 text 0
200 465 274 465 274 482 200 482 text 0
100 485 135 485 135 500 100 500 text 0
500 310 571 310 571 324 500 324 text 0
497 330 571 330 571 345 497 345 text 0
411 348 485 348 485 363 411 363 text 0
499 367 571 367 571 383 499 383 text 0
499 386 572 386 572 402 499 402 text 0
399 427 484 427 484 441 399 441 text 0
486 446 571 446 571 461 486 461 text 0
499 465 571 465 571 479 499 479 text 0
499 484 571 484 571 499 499 499 text 0
99 522 220 522 220 537 99 537 text 0
399 523 570 523 570 538 399 538 text 0