45 288 179 288 179 302 45 302 text 0
197 288 295 288 295 300 197 300 text 0
51 307 80 307 80 318 51 318 text 0
152 306 246 306 246 316 152 316 text 0
484 306 576 306 576 316 484 316 text 0
43 329 110 329 110 340 43 340 text 0
130 330 195 330 195 339 130 339 text 0
46 346 72 346 72 356 46 356 text 0
147 346 243 346 243 356 147 356 text 0
488 343 584 343 584 354 488 354 text 0
437 378 470 378 470 391 437 391 text 0
488 376 592 376 592 389 488 389 text 0
457 396 489 396 489 410 457 410 text 0
508 395 595 395 595 408 508 408 text 0
36 380 170 380 170 392 36 392 text 0
35 399 83 399 83 410 35 410 text 0
109 398 220 398 220 410 109 410 text 0
32 436 110 436 110 448 32 448 text 0
440 434 476 434 476 448 440 448 text 0
493 433 601 433 601 446 493 446 text 0
442 453 475 453 475 467 442 467 text 0
497 451 603 451 603 465 497 465 text 0
27 456 115 456 115 468 27 468 text 0