130 282 137 282 137 296 130 296 text 0
154 281 241 281 241 296 154 296 text 0
255 282 314 282 314 296 255 296 text 0
130 302 137 302 137 316 130 316 text 0
155 300 266 300 266 316 155 316 text 0
280 300 364 300 364 315 280 315 text 0
377 300 424 300 424 313 377 313 text 0
508 276 569 276 569 293 508 293 text 0
500 296 570 296 570 312 500 312 text 0
157 341 279 341 279 369 157 369 text 0
427 334 568 334 568 367 427 367 text 0
501 365 574 365 574 381 501 381 text 0
156 372 207 372 207 387 156 387 text 0
157 391 304 391 304 422 157 422 text 0
431 385 575 385 575 418 431 418 text 0