82 331 106 331 106 352 82 352 text 0
133 328 265 328 265 350 133 350 text 0
476 331 611 331 611 352 476 352 text 0
361 357 378 357 378 376 361 376 text 0
407 359 446 359 446 378 407 378 text 0
130 384 302 384 302 408 130 408 text 0
130 415 192 415 192 435 130 435 text 0
132 441 240 441 240 463 132 463 text 0
130 469 219 469 219 491 130 491 text 0
130 499 263 499 263 520 130 520 text 0
475 388 612 388 612 410 475 410 text 0
499 416 610 416 610 438 499 438 text 0
336 442 604 442 604 467 336 467 text 0
455 471 608 471 608 495 455 495 text 0
474 500 607 500 607 519 474 519 text 0