488 263 569 263 569 276 488 276 text 0
488 279 568 279 568 292 488 292 text 0
487 294 569 294 569 308 487 308 text 0
491 311 569 311 569 324 491 324 text 0
491 327 571 327 571 340 491 340 text 0
491 343 571 343 571 356 491 356 text 0
36 264 75 264 75 274 36 274 text 0
119 265 282 265 282 275 119 275 text 0
34 281 74 281 74 291 34 291 text 0
120 281 241 281 241 291 120 291 text 0
259 280 324 280 324 290 259 290 text 0
37 297 76 297 76 307 37 307 text 0
120 297 200 297 200 307 120 307 text 0
220 297 256 297 256 307 220 307 text 0
272 296 339 296 339 306 272 306 text 0
34 312 74 312 74 323 34 323 text 0
120 313 200 313 200 322 120 322 text 0
216 312 283 312 283 321 216 321 text 0
34 328 74 328 74 339 34 339 text 0
119 328 215 328 215 338 119 338 text 0
229 328 297 328 297 338 229 338 text 0
36 346 75 346 75 355 36 355 text 0
119 345 284 345 284 356 119 356 text 0
478 376 572 376 572 387 478 387 text 0
491 392 572 392 572 405 491 405 text 0
160 376 200 376 200 387 160 387 text 0
218 377 284 377 284 386 218 386 text 0
160 394 200 394 200 404 160 404 text 0
160 427 228 427 228 447 160 447 text 0
480 426 576 426 576 451 480 451 text 0
31 506 102 506 102 527 31 527 text 0
117 506 174 506 174 526 117 526 text 0
481 530 576 530 576 556 481 556 text 0
48 583 101 583 101 592 48 592 text 0
120 582 129 582 129 591 120 591 text 0
162 580 254 580 254 593 162 593 text 0