44 229 93 229 93 244 44 244 text 0
114 228 196 228 196 245 114 245 text 0
217 229 368 229 368 248 217 248 text 0
252 251 354 251 354 269 252 269 text 0
46 274 146 274 146 289 46 289 text 0
166 274 230 274 230 291 166 291 text 0
248 273 336 273 336 291 248 291 text 0
253 295 353 295 353 311 253 311 text 0
44 252 62 252 62 268 44 268 text 0
495 252 595 252 595 266 495 266 text 0
51 296 62 296 62 311 51 311 text 0
494 296 594 296 594 310 494 310 text 0
50 318 131 318 131 335 50 335 text 0
153 318 204 318 204 335 153 335 text 0
51 340 63 340 63 355 51 355 text 0
273 339 352 339 352 354 273 354 text 0
498 339 594 339 594 354 498 354 text 0
52 362 80 362 80 377 52 377 text 0
101 360 198 360 198 380 101 380 text 0
219 361 302 361 302 376 219 376 text 0
258 382 354 382 354 397 258 397 text 0
52 403 149 403 149 422 52 422 text 0
171 405 231 405 231 420 171 420 text 0
255 403 370 403 370 422 255 422 text 0
258 426 355 426 355 440 258 440 text 0
53 385 63 385 63 399 53 399 text 0
498 383 595 383 595 397 498 397 text 0
494 425 594 425 594 439 494 439 text 0
483 469 595 469 595 485 483 485 text 0
52 468 182 468 182 486 52 486 text 0
51 493 131 493 131 512 51 512 text 0
51 514 130 514 130 534 51 534 text 0
485 514 600 514 600 530 485 530 text 0
50 563 127 563 127 579 50 579 text 0
48 583 203 583 203 602 48 602 text 0
488 561 603 561 603 577 488 577 text 0
505 583 603 583 603 599 505 599 text 0
56 426 67 426 67 443 56 443 text 0