59 209 141 209 141 218 59 218 text 0
161 209 242 209 242 218 161 218 text 0
266 209 307 209 307 219 266 219 text 0
356 209 481 209 481 219 356 219 text 0
75 223 241 223 241 231 75 231 text 0
9 236 17 236 17 243 9 243 text 0
59 236 141 236 141 245 59 245 text 0
161 236 192 236 192 244 161 244 text 0
212 236 243 236 243 245 212 245 text 0
262 236 309 236 309 245 262 245 text 0
364 236 478 236 478 247 364 247 text 0
75 250 242 250 242 258 75 258 text 0
59 264 124 264 124 272 59 272 text 0
144 263 175 263 175 272 144 272 text 0
196 261 293 261 293 271 196 271 text 0
365 262 478 262 478 274 365 274 text 0
75 277 239 277 239 286 75 286 text 0
57 291 140 291 140 298 57 298 text 0
160 291 257 291 257 300 160 300 text 0
277 292 308 292 308 300 277 300 text 0
8 292 16 292 16 300 8 300 text 0
379 291 477 291 477 302 379 302 text 0
73 305 240 305 240 313 73 313 text 0
56 318 122 318 122 327 56 327 text 0
142 319 241 319 241 327 142 327 text 0
260 318 326 318 326 326 260 326 text 0
73 332 240 332 240 340 73 340 text 0
379 318 477 318 477 328 379 328 text 0
377 345 477 345 477 356 377 356 text 0
364 359 479 359 479 370 364 370 text 0
55 345 103 345 103 354 55 354 text 0
126 346 172 346 172 354 126 354 text 0
213 345 311 345 311 356 213 356 text 0
4 360 12 360 12 368 4 368 text 0
57 360 121 360 121 368 57 368 text 0
140 360 240 360 240 368 140 368 text 0
259 360 307 360 307 368 259 368 text 0
70 373 122 373 122 382 70 382 text 0
141 373 207 373 207 381 141 381 text 0
51 387 117 387 117 395 51 395 text 0
138 387 171 387 171 395 138 395 text 0
188 386 291 386 291 396 188 396 text 0
363 386 477 386 477 398 363 398 text 0
68 401 240 401 240 410 68 410 text 0
50 416 98 416 98 424 50 424 text 0
117 414 220 414 220 424 117 424 text 0
240 415 306 415 306 424 240 424 text 0
377 414 482 414 482 426 377 426 text 0
379 429 478 429 478 440 379 440 text 0
378 444 480 444 480 456 378 456 text 0
0 416 10 416 10 425 0 425 text 0
51 430 116 430 116 438 51 438 text 0
137 430 185 430 185 438 137 438 text 0
48 443 168 443 168 453 48 453 text 0
187 444 235 444 235 452 187 452 text 0
60 457 135 457 135 468 60 468 text 0
155 458 183 458 183 466 155 466 text 0
0 472 10 472 10 481 0 481 text 0
47 472 110 472 110 481 47 481 text 0
135 472 218 472 218 481 135 481 text 0
260 472 358 472 358 484 260 484 text 0
378 473 480 473 480 484 378 484 text 0
46 501 112 501 112 509 46 509 text 0
360 501 481 501 481 513 360 513 text 0
377 515 480 515 480 527 377 527 text 0
377 531 479 531 479 542 377 542 text 0
327 544 480 544 480 556 327 556 text 0
377 559 479 559 479 570 377 570 text 0
361 574 479 574 479 584 361 584 text 0
46 514 200 514 200 524 46 524 text 0
45 529 147 529 147 538 45 538 text 0
45 542 180 542 180 553 45 553 text 0
44 557 165 557 165 567 44 567 text 0
183 557 287 557 287 568 183 568 text 0
45 571 92 571 92 580 45 580 text 0
118 571 164 571 164 581 118 581 text 0
44 586 109 586 109 604 44 604 text 0
152 586 459 586 459 609 152 609 text 0
9 209 21 209 21 217 9 217 text 0
7 264 20 264 20 272 7 272 text 0
5 318 17 318 17 328 5 328 text 0
4 345 20 345 20 354 4 354 text 0
2 386 13 386 13 396 2 396 text 0
0 429 8 429 8 439 0 439 text 0
0 444 10 444 10 452 0 452 text 0