36 216 48 216 48 229 36 229 text 0
65 218 179 218 179 230 65 230 text 0
192 218 289 218 289 230 192 230 text 0
39 232 52 232 52 245 39 245 text 0
64 231 152 231 152 246 64 246 text 0
169 231 205 231 205 246 169 246 text 0
223 231 267 231 267 243 223 243 text 0
36 246 48 246 48 258 36 258 text 0
64 246 119 246 119 260 64 260 text 0
134 245 162 245 162 258 134 258 text 0
180 245 221 245 221 258 180 258 text 0
235 245 275 245 275 259 235 259 text 0
39 259 51 259 51 274 39 274 text 0
67 259 209 259 209 275 67 275 text 0
225 260 248 260 248 273 225 273 text 0
484 217 566 217 566 231 484 231 text 0
487 228 569 228 569 244 487 244 text 0
485 243 568 243 568 257 485 257 text 0
488 256 570 256 570 270 488 270 text 0
68 288 182 288 182 300 68 300 text 0
64 301 161 301 161 314 64 314 text 0
68 313 109 313 109 326 68 326 text 0
477 284 574 284 574 300 477 300 text 0
489 298 575 298 575 314 489 314 text 0
492 312 575 312 575 327 492 327 text 0
66 344 207 344 207 357 66 357 text 0
65 358 134 358 134 371 65 371 text 0
149 358 207 358 207 371 149 371 text 0
238 359 245 359 245 369 238 369 text 0
380 341 574 341 574 357 380 357 text 0
408 356 477 356 477 370 408 370 text 0
494 355 534 355 534 370 494 370 text 0
564 355 579 355 579 367 564 367 text 0