430 175 529 175 529 186 430 186 text 0
431 190 528 190 528 201 431 201 text 0
50 176 161 176 161 187 50 187 text 0
172 176 294 176 294 185 172 185 text 0
360 176 372 176 372 185 360 185 text 0
49 191 130 191 130 200 49 200 text 0
143 191 224 191 224 200 143 200 text 0
50 206 161 206 161 215 50 215 text 0
176 206 243 206 243 216 176 216 text 0
360 190 372 190 372 200 360 200 text 0
49 220 98 220 98 229 49 229 text 0
110 220 183 220 183 229 110 229 text 0
193 220 266 220 266 230 193 230 text 0
360 221 372 221 372 230 360 230 text 0
431 219 528 219 528 230 431 230 text 0
49 235 113 235 113 244 49 244 text 0
123 235 155 235 155 246 123 246 text 0
51 249 183 249 183 260 51 260 text 0
192 249 290 249 290 260 192 260 text 0
444 249 529 249 529 261 444 261 text 0
431 264 528 264 528 276 431 276 text 0
360 251 372 251 372 261 360 261 text 0
50 263 82 263 82 273 50 273 text 0
93 263 165 263 165 273 93 273 text 0
360 263 373 263 373 273 360 273 text 0
50 278 205 278 205 287 50 287 text 0
48 293 320 293 320 306 48 306 text 0
51 308 105 308 105 316 51 316 text 0
116 306 194 306 194 317 116 317 text 0
204 308 296 308 296 317 204 317 text 0
429 308 528 308 528 318 429 318 text 0
431 323 526 323 526 332 431 332 text 0
49 322 124 322 124 331 49 331 text 0
137 322 231 322 231 331 137 331 text 0
243 322 298 322 298 331 243 331 text 0
361 322 371 322 371 333 361 333 text 0
50 336 145 336 145 346 50 346 text 0
157 336 208 336 208 346 157 346 text 0
51 350 173 350 173 360 51 360 text 0
49 365 222 365 222 374 49 374 text 0
361 352 371 352 371 361 361 361 text 0
429 351 526 351 526 362 429 362 text 0
48 380 180 380 180 389 48 389 text 0
48 394 173 394 173 404 48 404 text 0
187 394 260 394 260 403 187 403 text 0
360 394 368 394 368 403 360 403 text 0
429 394 526 394 526 405 429 405 text 0
46 409 148 409 148 420 46 420 text 0
157 409 202 409 202 418 157 418 text 0
48 423 160 423 160 433 48 433 text 0
173 422 299 422 299 433 173 433 text 0
47 437 137 437 137 448 47 448 text 0
361 423 371 423 371 434 361 434 text 0
445 423 526 423 526 434 445 434 text 0
407 460 525 460 525 471 407 471 text 0
429 475 525 475 525 486 429 486 text 0
432 488 527 488 527 501 432 501 text 0
51 461 101 461 101 471 51 471 text 0
112 460 167 460 167 470 112 470 text 0
51 476 139 476 139 486 51 486 text 0
51 490 94 490 94 500 51 500 text 0
51 505 158 505 158 516 51 516 text 0
49 530 140 530 140 542 49 542 text 0
48 546 112 546 112 558 48 558 text 0
407 526 525 526 525 538 407 538 text 0
408 542 525 542 525 554 408 554 text 0
51 568 194 568 194 585 51 585 text 0
515 204 529 204 529 214 515 214 text 0
358 205 374 205 374 215 358 215 text 0
359 308 374 308 374 319 359 319 text 0
510 504 527 504 527 515 510 515 text 0