13 359 61 359 61 374 13 374 text 0
77 358 150 358 150 375 77 375 text 0
190 358 201 358 201 374 190 374 text 0
12 380 58 380 58 396 12 396 text 0
75 379 137 379 137 395 75 395 text 0
179 379 188 379 188 395 179 395 text 0
11 403 47 403 47 418 11 418 text 0
63 403 123 403 123 418 63 418 text 0
140 402 211 402 211 418 140 418 text 0
255 402 264 402 264 417 255 417 text 0
523 355 596 355 596 371 523 371 text 0
535 377 596 377 596 393 535 393 text 0
535 399 596 399 596 414 535 414 text 0
9 446 110 446 110 464 9 464 text 0
8 469 41 469 41 486 8 486 text 0
60 469 119 469 119 489 60 489 text 0
6 492 134 492 134 510 6 510 text 0
526 443 597 443 597 458 526 458 text 0
539 466 599 466 599 480 539 480 text 0
592 487 599 487 599 503 592 503 text 0
6 538 70 538 70 556 6 556 text 0
531 533 602 533 602 549 531 549 text 0