5 394 163 394 163 412 5 412 text 0
182 394 238 394 238 408 182 408 text 0
122 419 244 419 244 441 122 441 text 0
300 418 328 418 328 435 300 435 text 0
450 419 566 419 566 437 450 437 text 0
7 473 74 473 74 490 7 490 text 0
91 473 160 473 160 490 91 490 text 0
424 525 537 525 537 542 424 542 text 0
7 525 87 525 87 542 7 542 text 0
9 552 65 552 65 567 9 567 text 0
12 574 136 574 136 595 12 595 text 0
470 577 599 577 599 596 470 596 text 0
510 603 599 603 599 621 510 621 text 0
12 601 113 601 113 618 12 618 text 0
316 471 329 471 329 490 316 490 text 0