22 374 35 374 35 393 22 393 text 0
67 371 154 371 154 389 67 389 text 0
169 371 209 371 209 386 169 386 text 0
225 373 235 373 235 383 225 383 text 0
252 369 318 369 318 383 252 383 text 0
486 367 571 367 571 386 486 386 text 0
239 416 357 416 357 434 239 434 text 0
476 418 560 418 560 436 476 436 text 0
309 443 358 443 358 457 309 457 text 0
489 444 561 444 561 461 489 461 text 0
234 492 329 492 329 528 234 528 text 0
469 495 574 495 574 534 469 534 text 0
318 540 383 540 383 554 318 554 text 0
504 541 589 541 589 559 504 559 text 0