117 318 128 318 128 336 117 336 text 0
139 318 205 318 205 336 139 336 text 0
210 316 297 316 297 335 210 335 text 0
469 318 546 318 546 340 469 340 text 0
263 371 350 371 350 388 263 388 text 0
470 373 545 373 545 393 470 393 text 0
484 400 545 400 545 421 484 421 text 0
308 399 348 399 348 416 308 416 text 0
280 429 347 429 347 450 280 450 text 0
254 456 348 456 348 474 254 474 text 0
450 432 545 432 545 455 450 455 text 0
450 459 546 459 546 482 450 482 text 0
304 316 318 316 318 335 304 335 text 0