23 378 35 378 35 388 23 388 text 0
56 378 128 378 128 389 56 389 text 0
145 378 249 378 249 390 145 390 text 0
269 377 376 377 376 389 269 389 text 0
485 378 591 378 591 388 485 388 text 0
20 394 32 394 32 406 20 406 text 0
54 395 158 395 158 406 54 406 text 0
178 395 286 395 286 408 178 408 text 0
485 395 588 395 588 405 485 405 text 0
16 428 156 428 156 439 16 439 text 0
485 429 591 429 591 439 485 439 text 0
15 445 100 445 100 458 15 458 text 0
12 461 99 461 99 474 12 474 text 0
504 445 591 445 591 456 504 456 text 0
485 463 592 463 592 475 485 475 text 0
12 496 99 496 99 508 12 508 text 0
120 496 191 496 191 508 120 508 text 0
486 498 592 498 592 510 486 510 text 0
10 513 173 513 173 525 10 525 text 0
577 515 597 515 597 528 577 528 text 0