0 293 7 293 7 312 0 312 text 0
48 291 75 291 75 307 48 307 text 0
84 287 131 287 131 306 84 306 text 0
142 282 233 282 233 304 142 304 text 0
47 309 127 309 127 332 47 332 text 0
136 307 179 307 179 324 136 324 text 0
48 328 142 328 142 348 48 348 text 0
152 322 284 322 284 345 152 345 text 0
47 351 75 351 75 369 47 369 text 0
87 348 169 348 169 366 87 366 text 0
180 345 231 345 231 362 180 362 text 0
243 343 276 343 276 361 243 361 text 0
46 368 162 368 162 388 46 388 text 0
178 367 211 367 211 385 178 385 text 0
223 363 284 363 284 383 223 383 text 0
46 388 185 388 185 410 46 410 text 0
194 388 248 388 248 406 194 406 text 0
263 386 314 386 314 403 263 403 text 0
451 273 545 273 545 294 451 294 text 0
468 293 543 293 543 316 468 316 text 0
454 313 549 313 549 335 454 335 text 0
455 335 551 335 551 359 455 359 text 0
453 358 552 358 552 381 453 381 text 0
456 379 552 379 552 405 456 405 text 0
0 432 66 432 66 456 0 456 text 0
75 435 95 435 95 451 75 451 text 0
0 453 36 453 36 476 0 476 text 0
44 454 97 454 97 470 44 470 text 0
445 428 558 428 558 451 445 451 text 0
464 448 558 448 558 470 464 470 text 0
3 494 94 494 94 522 3 522 text 0
0 519 113 519 113 539 0 539 text 0
0 540 56 540 56 561 0 561 text 0
66 541 137 541 137 561 66 561 text 0
534 494 560 494 560 514 534 514 text 0
451 519 565 519 565 540 451 540 text 0
452 542 566 542 566 565 452 565 text 0
140 620 165 620 165 637 140 637 text 0