456 276 542 276 542 292 456 292 text 0
441 300 543 300 543 318 441 318 text 0
457 325 543 325 543 343 457 343 text 0
49 277 137 277 137 292 49 292 text 0
146 276 235 276 235 292 146 292 text 0
331 277 341 277 341 291 331 291 text 0
48 302 88 302 88 315 48 315 text 0
101 302 178 302 178 315 101 315 text 0
47 327 166 327 166 341 47 341 text 0
331 325 344 325 344 340 331 340 text 0
48 348 183 348 183 364 48 364 text 0
45 371 143 371 143 387 45 387 text 0
48 393 274 393 274 410 48 410 text 0
331 393 344 393 344 409 331 409 text 0
458 393 546 393 546 411 458 411 text 0
444 450 548 450 548 468 444 468 text 0
461 476 549 476 549 493 461 493 text 0
460 501 549 501 549 518 460 518 text 0
43 454 93 454 93 468 43 468 text 0
105 453 168 453 168 469 105 469 text 0
42 479 138 479 138 495 42 495 text 0
42 503 89 503 89 519 42 519 text 0
43 525 155 525 155 539 43 539 text 0
43 561 158 561 158 581 43 581 text 0
428 561 551 561 551 584 428 584 text 0
329 301 343 301 343 316 329 316 text 0
44 417 65 417 65 435 44 435 text 0
534 522 550 522 550 539 534 539 text 0