449 276 530 276 530 293 449 293 text 0
436 300 530 300 530 316 436 316 text 0
76 280 156 280 156 294 76 294 text 0
164 280 246 280 246 294 164 294 text 0
331 280 343 280 343 293 331 293 text 0
78 305 113 305 113 318 78 318 text 0
124 304 197 304 197 318 124 318 text 0
331 303 342 303 342 317 331 317 text 0
79 327 185 327 185 340 79 340 text 0
332 326 343 326 343 340 332 340 text 0
449 323 532 323 532 339 449 339 text 0
79 348 199 348 199 362 79 362 text 0
78 369 164 369 164 382 78 382 text 0
78 388 280 388 280 404 78 404 text 0
333 388 340 388 340 401 333 401 text 0
454 385 538 385 538 403 454 403 text 0
442 442 544 442 544 459 442 459 text 0
458 466 545 466 545 484 458 484 text 0
461 492 548 492 548 509 461 509 text 0
535 514 548 514 548 528 535 528 text 0
70 445 117 445 117 458 70 458 text 0
126 443 180 443 180 458 126 458 text 0
68 467 153 467 153 482 68 482 text 0
68 491 110 491 110 506 68 506 text 0
65 512 170 512 170 528 65 528 text 0
62 549 171 549 171 570 62 570 text 0
427 553 554 553 554 578 427 578 text 0
74 410 92 410 92 427 74 427 text 0