63 229 77 229 77 249 63 249 text 0
99 231 130 231 130 248 99 248 text 0
154 232 215 232 215 248 154 248 text 0
238 233 306 233 306 250 238 250 text 0
63 256 77 256 77 275 63 275 text 0
99 257 162 257 162 274 99 274 text 0
186 257 275 257 275 276 186 276 text 0
62 281 76 281 76 298 62 298 text 0
95 281 197 281 197 298 95 298 text 0
222 283 306 283 306 300 222 300 text 0
327 283 376 283 376 299 327 299 text 0
60 306 72 306 72 322 60 322 text 0
97 306 181 306 181 322 97 322 text 0
202 306 268 306 268 322 202 322 text 0
57 330 72 330 72 349 57 349 text 0
94 332 143 332 143 349 94 349 text 0
166 332 250 332 250 349 166 349 text 0
491 229 592 229 592 249 491 249 text 0
505 256 591 256 591 273 505 273 text 0
506 281 592 281 592 296 506 296 text 0
490 305 596 305 596 322 490 322 text 0
506 331 596 331 596 348 506 348 text 0
18 382 82 382 82 401 18 401 text 0
109 384 123 384 123 399 109 399 text 0
180 383 313 383 313 399 180 399 text 0
281 409 321 409 321 428 281 428 text 0
160 435 209 435 209 452 160 452 text 0
231 436 313 436 313 453 231 453 text 0
490 384 596 384 596 400 490 400 text 0
510 411 597 411 597 427 510 427 text 0
509 437 599 437 599 454 509 454 text 0
118 486 207 486 207 524 118 524 text 0
228 487 313 487 313 526 228 526 text 0
487 491 599 491 599 531 487 531 text 0