486 328 577 328 577 347 486 347 text 0
59 338 75 338 75 353 59 353 text 0
98 337 151 337 151 352 98 352 text 0
165 336 202 336 202 350 165 350 text 0
217 336 231 336 231 348 217 348 text 0
245 334 283 334 283 350 245 350 text 0
114 358 154 358 154 378 114 378 text 0
166 356 218 356 218 372 166 372 text 0
116 382 154 382 154 398 116 398 text 0
166 379 219 379 219 395 166 395 text 0
120 404 158 404 158 422 120 422 text 0
169 399 247 399 247 415 169 415 text 0
264 438 381 438 381 457 264 457 text 0
331 459 379 459 379 473 331 473 text 0
492 439 572 439 572 457 492 457 text 0
505 461 571 461 571 480 505 480 text 0
258 504 354 504 354 535 258 535 text 0
487 507 584 507 584 542 487 542 text 0
516 547 584 547 584 566 516 566 text 0
343 543 404 543 404 556 343 556 text 0
551 350 566 350 566 365 551 365 text 0
551 372 566 372 566 386 551 386 text 0
551 394 566 394 566 409 551 409 text 0