126 283 141 283 141 299 126 299 text 0
154 284 215 284 215 298 154 298 text 0
231 283 303 283 303 297 231 297 text 0
318 283 379 283 379 297 318 297 text 0
394 283 455 283 455 297 394 297 text 0
127 304 140 304 140 319 127 319 text 0
155 303 265 303 265 317 155 317 text 0
281 303 340 303 340 317 281 317 text 0
129 323 139 323 139 337 129 337 text 0
153 323 202 323 202 337 153 337 text 0
217 322 328 322 328 336 217 336 text 0
345 322 394 322 394 336 345 336 text 0
128 344 140 344 140 358 128 358 text 0
154 341 266 341 266 357 154 357 text 0
281 341 356 341 356 356 281 356 text 0
512 283 592 283 592 299 512 299 text 0
513 304 593 304 593 320 513 320 text 0
514 324 592 324 592 340 514 340 text 0
512 344 593 344 593 361 512 361 text 0
154 382 277 382 277 410 154 410 text 0
433 383 594 383 594 416 433 416 text 0
502 417 595 417 595 435 502 435 text 0
154 414 205 414 205 429 154 429 text 0
154 432 302 432 302 461 154 461 text 0
463 438 594 438 594 471 463 471 text 0