52 319 62 319 62 330 52 330 text 0
78 317 158 317 158 329 78 329 text 0
175 317 229 317 229 328 175 328 text 0
245 316 290 316 290 327 245 327 text 0
494 313 580 313 580 323 494 323 text 0
53 339 64 339 64 351 53 351 text 0
78 338 166 338 166 352 78 352 text 0
182 337 236 337 236 348 182 348 text 0
253 337 307 337 307 348 253 348 text 0
323 335 367 335 367 346 323 346 text 0
495 334 581 334 581 344 495 344 text 0
54 359 64 359 64 371 54 371 text 0
79 359 175 359 175 373 79 373 text 0
191 356 318 356 318 369 191 369 text 0
334 355 400 355 400 367 334 367 text 0
496 352 582 352 582 363 496 363 text 0
80 379 172 379 172 391 80 391 text 0
187 378 239 378 239 389 187 389 text 0
254 375 391 375 391 388 254 388 text 0
56 388 65 388 65 399 56 399 text 0
497 381 583 381 583 392 497 392 text 0
79 394 210 394 210 409 79 409 text 0
82 414 181 414 181 430 82 430 text 0
196 413 287 413 287 428 196 428 text 0
303 411 398 411 398 425 303 425 text 0
57 426 67 426 67 438 57 438 text 0
83 432 209 432 209 445 83 445 text 0
497 416 585 416 585 427 497 427 text 0
58 475 107 475 107 487 58 487 text 0
122 474 190 474 190 485 122 485 text 0
483 464 587 464 587 476 483 476 text 0
60 495 178 495 178 508 60 508 text 0
554 485 586 485 586 498 554 498 text 0
60 515 161 515 161 527 60 527 text 0
501 504 589 504 589 516 501 516 text 0
62 536 154 536 154 548 62 548 text 0
501 524 589 524 589 536 501 536 text 0
552 544 590 544 590 554 552 554 text 0
64 554 187 554 187 571 64 571 text 0
202 552 242 552 242 564 202 564 text 0
486 581 590 581 590 594 486 594 text 0
67 595 166 595 166 606 67 606 text 0
180 593 268 593 268 604 180 604 text 0