217 136 376 136 376 157 217 157 text 0
78 257 156 257 156 268 78 268 text 0
166 256 245 256 245 268 166 268 text 0
78 276 115 276 115 290 78 290 text 0
80 297 183 297 183 310 80 310 text 0
195 296 313 296 313 310 195 310 text 0
79 316 165 316 165 330 79 330 text 0
80 335 299 335 299 350 80 350 text 0
453 254 531 254 531 268 453 268 text 0
373 276 384 276 384 288 373 288 text 0
437 274 531 274 531 290 437 290 text 0
453 294 531 294 531 310 453 310 text 0
373 295 384 295 384 308 373 308 text 0
454 335 533 335 533 350 454 350 text 0
80 367 126 367 126 380 80 380 text 0
136 367 192 367 192 381 136 381 text 0
438 365 534 365 534 381 438 381 text 0
78 389 161 389 161 401 78 401 text 0
76 408 115 408 115 420 76 420 text 0
455 388 539 388 539 403 455 403 text 0
454 406 540 406 540 423 454 423 text 0
69 427 175 427 175 443 69 443 text 0
62 462 149 462 149 475 62 475 text 0
54 483 116 483 116 498 54 498 text 0
443 460 545 460 545 475 443 475 text 0
443 483 550 483 550 500 443 500 text 0
39 519 194 519 194 539 39 539 text 0
372 254 383 254 383 269 372 269 text 0
373 335 384 335 384 350 373 350 text 0
125 276 198 276 198 289 125 289 text 0
526 428 543 428 543 443 526 443 text 0
533 520 555 520 555 539 533 539 text 0