70 251 165 251 165 266 70 266 text 0
183 252 277 252 277 267 183 267 text 0
291 253 312 253 312 265 291 265 text 0
70 272 132 272 132 285 70 285 text 0
256 273 276 273 276 285 256 285 text 0
361 274 429 274 429 287 361 287 text 0
479 275 543 275 543 291 479 291 text 0
72 292 165 292 165 306 72 306 text 0
183 293 275 293 275 305 183 305 text 0
290 293 311 293 311 304 290 304 text 0
70 311 127 311 127 323 70 323 text 0
255 313 273 313 273 324 255 324 text 0
360 313 428 313 428 326 360 326 text 0
476 315 542 315 542 330 476 330 text 0
70 330 163 330 163 345 70 345 text 0
182 331 274 331 274 344 182 344 text 0
287 332 309 332 309 343 287 343 text 0
67 351 125 351 125 363 67 363 text 0
255 352 271 352 271 361 255 361 text 0
357 352 425 352 425 366 357 366 text 0
474 355 544 355 544 369 474 369 text 0
65 370 162 370 162 386 65 386 text 0
178 370 272 370 272 385 178 385 text 0
285 370 306 370 306 381 285 381 text 0
65 392 125 392 125 406 65 406 text 0
253 391 269 391 269 402 253 402 text 0
356 390 425 390 425 404 356 404 text 0
471 395 542 395 542 409 471 409 text 0
59 434 84 434 84 448 59 448 text 0
98 433 122 433 122 447 98 447 text 0
137 431 245 431 245 449 137 449 text 0
284 428 376 428 376 445 284 445 text 0
78 475 217 475 217 491 78 491 text 0
413 473 557 473 557 493 413 493 text 0
55 540 142 540 142 553 55 553 text 0
467 537 540 537 540 551 467 551 text 0
46 631 82 631 82 639 46 639 text 0
98 632 182 632 182 639 98 639 text 0
276 634 308 634 308 639 276 639 text 0
324 635 358 635 358 639 324 639 text 0